1.00000002073
0.99924918205
0.996759788619
0.996342500107
0.995264594467
0.987209007163
0.991621125912
0.992834324019
0.989344980572
0.994575148592
1.01906020689
1.04368095687
1.0814411653
1.17395727442
1.24550286511
1.32362458691
1.55156936095
1.72280533551
1.91227172816
2.33571486071
2.66723773476
3.06164144997
3.58605121277
4.2212566963
5.10587443731
5.92524340598
7.17593309591
7.70006652407
9.97163166168
11.7271993255
13.3416842671
17.218185204
19.6979996494
22.7964077101
27.7350914243
33.5770695518
38.8387141903
46.6364691155
57.0132525083
65.9705854308
75.3771139934
95.8713075903
109.80802085
127.276443562
162.632561174
177.36098221
213.731083841
248.018780404
298.914438277
321.991255268
411.695373517
483.469986967
542.787019714
699.855226127
798.720819228
907.863990509
1105.05175719
1350.9754575
1569.93369415
1875.86850567
2293.49014218
2649.65608659
3069.12212777
3927.107999
4469.43450327
5171.6072794
6619.48343689
7258.68562366
8734.2405081
10166.8553709
12292.2820822
14648.2310169
17212.0665349
20110.8456075
22334.1385256
29218.4592999
32972.5379723
37842.5561804
46524.0492868
56376.488601
65446.1983491
78757.1234292
95675.7645224
110504.62048
133427.167967
165370.442405
188296.734074
218060.434556
279191.692443
306808.720092
369596.42669
431678.332048
516047.29163
626858.888178
729680.898236
869950.992308
941687.926705
1233867.74687
1425915.55389
1613375.00819
1974263.5238
2368345.56251
2763686.49666
3371659.06246
4039542.43966
4684613.6516
5659047.62055
6944214.39953
8043071.61587
9229066.62387
11794382.6951
13462347.2662
15805189.4624
18300428.7411
21833251.3591
26666939.2267
30923802.3391
37147889.6163
40180339.7855
51979644.2535
60554656.3965
68440009.1673
86521733.9379
100301904.586
116813859.598
142590526.481
171627630.131
199298512.433
238942737.127
293830774.749
339268770.249
390635898.803
497805166.367
573214797.797
667552273.638
832796919.322
931247792.043
1133528564.13
1318074148.81
1584692334.4
1686040465.66
2191873616.7
2575256807.97
2909233181.93
3761678944.19
4274386507.62
4916527383.18
5969459443.79
7294424738.39
8446159817.34
10141804421.3
12441195502.7
14391640844.1
16548714841.5
21226656605.8
24249742631.8
28224749191.3
36214877040.1
39583413392.3
47791239905.8
55689574911.1
67208073912.5
76390516126.9
93837222189.4
1.10071865632e+11
1.22605099303e+11
1.60157198227e+11
1.81074797479e+11
2.06586313554e+11
2.52970998174e+11
3.08216913968e+11
3.59171771838e+11
4.29784154728e+11
5.2535561243e+11
6.04964958506e+11
7.20795062578e+11
9.07229218731e+11
1.03111406666e+12
1.19630403381e+12
1.5305147959e+12
1.67361566216e+12
2.02324408102e+12
2.36442898403e+12
2.83891855821e+12
3.44659713091e+12
4.00381731045e+12
4.68945125463e+12
5.15760289255e+12
6.78747564787e+12
7.69026353029e+12
8.80440589383e+12
1.08324758298e+13
1.30057996688e+13
1.51778913175e+13
1.83473444376e+13
2.2134131374e+13
2.5547873611e+13
3.10144967721e+13
3.82202363239e+13
4.3801957871e+13
5.07582913959e+13
6.47428936756e+13
7.24376089919e+13
8.64975089219e+13
1.00691046331e+14
1.19654217239e+14
1.46274262938e+14
1.70038813655e+14
2.04080348817e+14
2.19196434157e+14
2.87025801252e+14
3.32866645061e+14
3.74594993946e+14
4.61459751289e+14
5.47421568155e+14
6.40550696551e+14
7.82844739627e+14
9.3897767559e+14
1.0883051453e+15
1.31025985432e+15
1.60977432024e+15
1.86000846608e+15
2.14391632278e+15
2.73055138191e+15
3.13925310951e+15
3.6709163464e+15
4.36134067914e+15
5.08339752183e+15
6.21889191298e+15
7.21259017633e+15
8.6355194369e+15
9.31047301776e+15
1.2042331808e+16
1.40663682488e+16
1.58833036328e+16
2.05333325688e+16
2.32327308507e+16
2.70473414891e+16
3.28179269991e+16
3.97528095326e+16
4.5991319531e+16
5.5302586829e+16
6.8015059958e+16
7.84710556452e+16
9.07638738546e+16
1.15411483276e+17
1.32562112152e+17
1.54678568554e+17
1.98443978382e+17
2.16131389885e+17
2.62702487042e+17
3.06073633588e+17
3.67579437105e+17
3.9610416227e+17
5.10830726029e+17
5.99925982877e+17
6.72331442731e+17
8.74000017925e+17
9.8940843604e+17
1.13110439299e+18
1.37690756142e+18
1.68307131828e+18
1.96189260399e+18
2.34272974839e+18
2.8755114395e+18
3.30651347976e+18
3.8601889867e+18
4.93748454439e+18
5.6128251673e+18
6.53873864165e+18
8.34862550435e+18
9.15398153162e+18
1.10647558044e+19
1.29159870469e+19
1.5519765958e+19
1.85421767169e+19
2.18362409502e+19
2.54721733051e+19
2.81861939935e+19
3.71357317887e+19
4.15522173113e+19
4.77237822105e+19
5.86988030293e+19
7.09466771847e+19
8.27420021394e+19
9.92404804124e+19
1.20810308485e+20
1.38784598393e+20
1.68493311202e+20
2.09152719082e+20
2.37640733123e+20
2.77077661777e+20
3.53180916681e+20
3.8749405938e+20
4.69142504438e+20
5.49597664181e+20
6.53407258998e+20
7.98058420436e+20
9.27647110296e+20
1.09960585285e+21
1.18886913442e+21
1.56929066905e+21
1.79944070164e+21
2.03490681443e+21
2.49631723615e+21
2.9775183245e+21
3.49417667719e+21
4.24757111716e+21
5.09063322423e+21
5.87860371501e+21
7.13610964062e+21
8.76628089087e+21
1.01197142899e+22
1.17056307156e+22
1.4877802492e+22
1.69443583392e+22
2.00180538625e+22
2.32752427255e+22
2.75681143387e+22
3.38558565797e+22
3.92371488492e+22
4.69387145041e+22
5.06212160829e+22
6.59933465649e+22
7.6526072038e+22
8.61153180189e+22
1.08841587537e+23
1.25534916796e+23
1.47131363258e+23
1.79202974717e+23
2.15735400871e+23
2.49831149238e+23
3.00153733119e+23
3.69634749524e+23
4.24722115488e+23
4.93406227269e+23
6.2592017007e+23
7.2073799884e+23
8.42665957379e+23
1.04912679551e+24
1.17132180748e+24
1.43346440945e+24
1.66680486362e+24
1.99186724273e+24
2.12559673048e+24
2.76976967115e+24
3.24422990179e+24
3.64932208932e+24
4.74854335729e+24
5.33149525293e+24
6.17537137186e+24
7.47472589339e+24
9.12456036137e+24
1.05556092769e+25
1.26729823374e+25
1.55855647064e+25
1.79366750287e+25
2.08383590059e+25
2.65864402929e+25
3.03592208425e+25
3.55078995908e+25
4.5546378075e+25
4.95884225803e+25
6.01746103992e+25
7.02639188242e+25
8.41911134158e+25
9.54536168099e+25
1.18019168886e+26
1.38186038731e+26
1.53313298567e+26
2.01420076341e+26
2.25687562453e+26
2.58044846434e+26
3.15567956734e+26
3.83469504725e+26
4.48780309961e+26
5.35105251293e+26
6.55897127516e+26
7.50517720509e+26
8.9965077318e+26
1.13286898485e+27
1.28471744183e+27
1.50025078022e+27
1.91117049962e+27
2.09057385873e+27
2.53644657901e+27
2.97062234197e+27
3.54395401407e+27
4.32847254921e+27
5.01827244157e+27
5.85104858164e+27
6.42052391453e+27
8.51092633991e+27
9.54205948641e+27
1.09395007974e+28
1.34802464882e+28
1.61216116407e+28
1.89023650577e+28
2.27553746252e+28
2.74993024272e+28
3.15607870165e+28
3.85254031282e+28
4.75450613827e+28
5.43033369333e+28
6.34377076782e+28
8.04765295305e+28
8.97514472095e+28
1.0789450129e+29
1.26152738229e+29
1.48841473919e+29
1.82940617194e+29
2.12499008808e+29
2.53951924819e+29
2.71724863126e+29
3.58706891264e+29
4.13659913217e+29
4.63991509157e+29
5.71726280655e+29
6.74820372582e+29
7.94709268973e+29
9.6847373656e+29
1.16092675973e+30
1.3406131608e+30
1.62163639107e+30
1.99356434489e+30
2.29621513228e+30
2.66809461756e+30
3.37911871589e+30
3.88195229014e+30
4.56293785737e+30
5.42053710162e+30
6.29552631028e+30
7.74599482074e+30
8.97470029359e+30
1.06872304395e+31
1.15286383996e+31
1.49952797352e+31
1.74373362472e+31
1.95998196875e+31
2.54418180121e+31
2.85038728043e+31
3.34241889837e+31
4.04447032017e+31
4.89776658165e+31
5.65492341013e+31
6.8054297761e+31
8.38798439413e+31
9.621992957e+31
1.12454349929e+32
1.42256910774e+32
1.63440072261e+32
1.91469884292e+32
2.45980514619e+32
2.66529054697e+32
3.25837704009e+32
3.79968158973e+32
4.53186504813e+32
4.87886221161e+32
6.32638329357e+32
7.4111858977e+32
8.27218350301e+32
1.08133811479e+33
1.21052065916e+33
1.39165195013e+33
1.68944160244e+33
2.06289561994e+33
2.40682613175e+33
2.86919955555e+33
3.53213522818e+33
4.03768467243e+33
4.75528127872e+33
6.06488816577e+33
6.88308823309e+33
8.06719769706e+33
1.02688843191e+34
1.12453392936e+34
1.36539441341e+34
1.59777132043e+34
1.9056710724e+34
2.28326290966e+34
2.69326871754e+34
3.13541069076e+34
3.45338761883e+34
4.58217714991e+34
5.07550528372e+34
5.83741863747e+34
7.17709889925e+34
8.6475686522e+34
1.0132231548e+35
1.21053110853e+35
1.47709022401e+35
1.68580676631e+35
2.06171082703e+35
2.55988407804e+35
2.90116295267e+35
3.40692815475e+35
4.32191982885e+35
4.73506459503e+35
5.76101151928e+35
6.76851164791e+35
7.99531668434e+35
9.82635496908e+35
1.13993615537e+36
1.34316453437e+36
1.44965026109e+36
1.92889161408e+36
2.19119093143e+36
2.47810990822e+36
3.04714211228e+36
3.61320974017e+36
4.26565274586e+36
5.16446219125e+36
6.19239023182e+36
7.11294092464e+36
8.68265785437e+36
1.06789431908e+37
1.2289547381e+37
1.43364001384e+37
1.81105023136e+37
2.05835455644e+37
2.44793790042e+37
2.85799555498e+37
3.35878271747e+37
4.15028414091e+37
4.8061486717e+37
5.72576272846e+37
6.14940671145e+37
8.08671255233e+37
9.32673755523e+37
1.04481447145e+38
1.3197186998e+38
1.51423333587e+38
1.787230245e+38
2.17149136362e+38
2.61407248481e+38
3.01703684907e+38
3.63625245151e+38
4.48381271449e+38
5.12604621437e+38
6.01273026034e+38
7.58568612069e+38
8.73478087441e+38
1.02593028732e+39
1.27667952234e+39
1.42082205057e+39
1.74926568865e+39
2.03294560673e+39
2.41396080942e+39
2.58123545097e+39
3.37656279349e+39
3.94049074794e+39
4.41134963548e+39
5.78172939426e+39
6.40298101335e+39
7.47696890324e+39
9.01527125718e+39
1.10023134221e+40
1.27004223408e+40
1.52580966554e+40
1.8813295542e+40
2.15298592757e+40
2.52989584782e+40
3.20847671217e+40
3.66312197583e+40
4.30550718431e+40
5.53132217753e+40
5.98629216066e+40
7.30638940819e+40
8.54748520662e+40
1.01626628372e+41
1.1493771719e+41
1.43137205611e+41
1.67232176687e+41
1.84673451234e+41
2.44142472633e+41
2.70650345233e+41
3.10482481174e+41
3.78981461655e+41
4.59394326491e+41
5.39882963612e+41
6.41306412232e+41
7.88801465283e+41
8.9595946218e+41
1.08326879902e+42
1.36284082517e+42
1.5415177611e+42
1.81274779379e+42
2.29890508242e+42
2.51500012122e+42
3.06441107714e+42
3.59802608348e+42
4.25994559554e+42
5.24356467346e+42
6.06120163908e+42
7.03621362519e+42
7.69399142588e+42
1.0283968037e+43
1.1387666044e+43
1.30856173536e+43
1.61444092307e+43
1.92271871632e+43
2.26574418179e+43
2.71537046203e+43
3.28807576152e+43
3.74799321684e+43
4.60906963706e+43
5.69325570448e+43
6.47979909267e+43
7.63780772984e+43
9.631324046e+43
1.07102109494e+44
1.29649172875e+44
1.52229990368e+44
1.78194771901e+44
2.20406737698e+44
2.55750042751e+44
3.0425684584e+44
3.2406792637e+44
4.31718259779e+44
4.94479039588e+44
5.52856559858e+44
6.81560874252e+44
7.99815587528e+44
9.4886868529e+44
1.15256035357e+45
1.38040177524e+45
1.58665384006e+45
1.93043023412e+45
2.37457570154e+45
2.72729572745e+45
3.19683767515e+45
4.02181463001e+45
4.61735873465e+45
5.45989461366e+45
6.49187971768e+45
7.50134107802e+45
9.29191749712e+45
1.07513392737e+46
1.27281564272e+46
1.37186048221e+46
1.7975703149e+46
2.07883019831e+46
2.32497461398e+46
3.03092192768e+46
3.35875351531e+46
3.97092044129e+46
4.78986471375e+46
5.80081164822e+46
6.67765061156e+46
8.05103161517e+46
9.94551988474e+46
1.13326293452e+47
1.34014006743e+47
1.68507064733e+47
1.93688405472e+47
2.27927118692e+47
2.9397987011e+47
3.16045843238e+47
3.88928361648e+47
4.53762057518e+47
5.37155458803e+47
5.77538421177e+47
7.53882453184e+47
8.80486227831e+47
9.77916634347e+47
1.28691420225e+48
1.42107324258e+48
1.6455515294e+48
1.99003834547e+48
2.42959875615e+48
2.83357294898e+48
3.37400951621e+48
4.16721531546e+48
4.73210924304e+48
5.63546298194e+48
7.15729446713e+48
8.109559401e+48
9.56579640415e+48
1.21467507369e+49
1.32676560376e+49
1.61983933025e+49
1.90073153881e+49
2.24750022526e+49
2.70457374876e+49
3.19421916128e+49
3.71000046477e+49
4.06207326172e+49
5.4347837313e+49
5.94563825048e+49
6.85542593526e+49
8.42170210762e+49
1.01093133045e+50
1.19080316328e+50
1.41638160968e+50
1.73370678002e+50
1.96257602796e+50
2.4262357971e+50
3.00833930518e+50
3.39885414063e+50
4.02445057361e+50
5.07845762926e+50
5.55673171823e+50
6.797663095e+50
8.01252812158e+50
9.38879696596e+50
1.16330987898e+51
1.34561671872e+51
1.57545909779e+51
1.69555288791e+51
2.27767311115e+51
2.55730724216e+51
2.89468839557e+51
3.56794193015e+51
4.20278731207e+51
4.99608049131e+51
6.02051021161e+51
7.22374607896e+51
8.24035200789e+51
1.01292867715e+52
1.24750402768e+52
1.43126801645e+52
1.68600535508e+52
2.11446502161e+52
2.39938582742e+52
2.87426781974e+52
3.37031470396e+52
3.92482074809e+52
4.88618915354e+52
5.65227907425e+52
6.70460776582e+52
7.15949365582e+52
9.51221674064e+52
1.08982592431e+53
1.2147087383e+53
1.53333619905e+53
1.74846868002e+53
2.08113454905e+53
2.52112881188e+53
3.03398029399e+53
3.48645741159e+53
4.22143157698e+53
5.2119336404e+53
5.92587873635e+53
7.02948533313e+53
8.80569199322e+53
1.01395673489e+54
1.19778987712e+54
1.49279611548e+54
1.6520394363e+54
2.04865361271e+54
2.37838162139e+54
2.80352637826e+54
3.00087059265e+54
3.94868471557e+54
4.58667854103e+54
5.10531864917e+54
6.75175028213e+54
7.3517586708e+54
8.66992147947e+54
1.04021621117e+55
1.27017965001e+55
1.46093325419e+55
1.75812120484e+55
2.17392734874e+55
2.47090284297e+55
2.94321161583e+55
3.70604126041e+55
4.23137383156e+55
5.00081298824e+55
6.45364340424e+55
6.91904496152e+55
8.50413097795e+55
9.96613438698e+55
1.17436012926e+56
1.32526303583e+56
1.66415437436e+56
1.93880674686e+56
2.12808373008e+56
2.83464113013e+56
3.099727821e+56
3.57352585413e+56
4.35006207103e+56
5.26134554989e+56
6.20866444504e+56
7.34404123801e+56
9.07292755761e+56
1.02117487874e+57
1.25013240353e+57
1.56861921142e+57
1.76868403668e+57
2.09662064118e+57
2.64533369336e+57
2.89321389684e+57
3.5446632397e+57
4.17509084696e+57
4.89567534607e+57
6.09412960894e+57
7.01008968916e+57
8.10041792606e+57
8.809237738e+57
1.18968610205e+58
1.29688174028e+58
1.49570553662e+58
1.8470390355e+58
2.18837310137e+58
2.59422332178e+58
3.09299322834e+58
3.75469541975e+58
4.24220686895e+58
5.27492743981e+58
6.51337567038e+58
7.38344689953e+58
8.79758405611e+58
1.10150929494e+59
1.2217147546e+59
1.49034574578e+59
1.75792925561e+59
2.03761417641e+59
2.54078510911e+59
2.94372400365e+59
3.48433578907e+59
3.68895952089e+59
4.96910625724e+59
5.64194582953e+59
6.28613774463e+59
7.75742925082e+59
9.03492109031e+59
1.08173318166e+60
1.30868181231e+60
1.56560668923e+60
1.78802850083e+60
2.1917812144e+60
2.69794556736e+60
3.09061812991e+60
3.66038834692e+60
4.56603916293e+60
5.24188033293e+60
6.24239617241e+60
7.43800910083e+60
8.53008508605e+60
1.06573062333e+61
1.23087855243e+61
1.44726741644e+61
1.55592886658e+61
2.05892097821e+61
2.36396707523e+61
2.62828441218e+61
3.44406211775e+61
2.53326543621e+53
4.49674509723e+61
5.40266316237e+61
6.5452595405e+61
7.50268437427e+61
9.07496172284e+61
1.12389380612e+62
5.90847912417e+53
1.52393386688e+62
1.90110207551e+62
2.18647559688e+62
2.58775980789e+62
3.36434596456e+62
3.57276290394e+62
4.43256938551e+62
5.17197692358e+62
6.06805904677e+62
6.512580931e+62
8.57466713819e+62
9.97511957805e+62
1.10058450042e+63
1.46146561599e+63
6.89943819705e+54
1.8528976423e+63
4.53796761662e+54
1.68465470546e+55
1.02286946702e+55
1.39533607308e+55
1.97463131623e+55
2.7645923795e+55
6.36821050883e+63
8.03947861697e+63
1.38762654159e+48
1.08059426204e+64
1.37028139566e+64
5.59026404553e+39
1.83156593965e+64
2.15612063749e+64
1.06669724907e+56
3.05683942907e+64
3.61197111642e+64
4.18224457188e+64
2.01040413707e+56
6.14210616624e+64
3.68614826539e+40
1.29967464639e+49
9.42250309437e+48
3.59908067924e+56
6.18510020293e+56
4.70615007562e+48
6.81221683776e+49
1.16383508024e+57
2.72157323551e+65
1.50092032967e+57
7.7114442138e+49
4.52454676024e+65
2.04550982308e+42
1.6926632516e+57
7.63530246317e+65
9.03733914716e+65
3.87126843659e+57
1.31327946273e+66
1.51179623125e+66
2.99758379467e+50
7.74777020594e+57
2.55982668983e+66
7.47657223753e+49
1.87281326515e+57
1.50489219002e+58
4.29458194266e+41
3.28016777666e+58
1.8109214255e+51
5.16348769918e+58
6.5690955766e+58
5.34580989616e+58
6.26379252125e+58
8.34124982895e+58
3.01436400441e+58
6.37350267226e+51
8.65740711069e+50
1.27393398801e+52
1.63808339167e+59
5.15914554217e+51
2.59232596543e+59
1.58186264155e+43
1.39496329211e+51
8.38661912234e+43
1.98518657537e+52
4.10129608266e+52
2.34075226093e+59
3.27409862429e+51
1.75779619062e+45
8.78624791059e+59
8.4862388669e+59
4.59883770444e+59
1.38901195248e+60
6.24959685868e+51
2.73092996368e+60
1.44991495426e+53
1.11810546551e+53
3.27941205636e+60
6.15359425291e+60
5.51615742844e+45
1.66054216923e+69
3.03026051523e+52
5.11748010997e+53
1.12602966353e+61
1.37430778638e+61
1.93196509065e+61
3.10634010788e+45
1.82094521117e+61
1.50114158366e+61
1.50171730811e+61
2.11591370789e+54
2.87812888644e+54
1.01308483091e+54
1.35665214734e+53
6.16555139768e+61
1.05728651763e+47
4.66299220916e+54
4.51375744662e+53
5.61558106494e+54
1.09052418407e+62
2.55595719352e+62
1.76364067298e+62
1.65220483158e+55
2.09751033629e+62
2.95268223584e+62
4.98418008266e+62
6.04332142733e+62
5.16890263583e+55
5.92124793207e+62
6.299886059e+62
5.5647110267e+54
2.12712918423e+55
4.67988408228e+54
1.12434218705e+56
2.58817155234e+63
1.75660278418e+63
3.34887442952e+63
1.8954770108e+47
5.1493687011e+63
3.31074414083e+56
9.69362779889e+63
1.76229586031e+56
9.73529430139e+63
1.04768467155e+64
1.19182142151e+64
8.14440319274e+56
1.56939272776e+64
1.99826746641e+64
2.73063142126e+64
1.92934334791e+64
2.64769304544e+64
3.85876638915e+64
1.92575191374e+57
2.86470579438e+49
6.57540193757e+64
7.19352195949e+64
1.03858528584e+65
7.36867973439e+64
1.30365808417e+65
1.7575030139e+65
1.44676499787e+65
1.11372424417e+57
3.46444892684e+65
1.06212310048e+58
3.33172885697e+65
1.07093543961e+58
3.47374233013e+65
8.0139771514e+65
1.12051875698e+66
6.4543465114e+58
4.8249366689e+58
1.79501557102e+66
7.54889653875e+58
