0.0
-0.000338511666636
-0.00221489084899
-0.00539703864156
-0.0096274402147
-0.0146299142971
-0.0201161536017
-0.0257926216048
-0.0313673000623
-0.0365563726863
-0.0410904545565
-0.0447205881014
-0.0472234752864
-0.0484059096669
-0.048108656768
-0.0462093627025
-0.0426242948229
-0.0373097054287
-0.0302618316615
-0.0215160580809
-0.0111454947653
0.000741292420537
0.0140036977966
0.028472290856
0.0439530040014
0.0602316777382
0.0770786409071
0.0942534830201
0.111510036598
0.128600842188
0.145281959101
0.161316947765
0.176480947858
0.190564062567
0.203374319035
0.214740362472
0.224513139893
0.232567612334
0.238803624639
0.243146256567
0.245545898897
0.245977784011
0.24444094615
0.240957214498
0.235569615925
0.228340513207
0.219349838407
0.20869291932
0.196478237038
0.182825362553
0.167862686142
0.151725170716
0.134552463739
0.116486780701
0.0976710975304
0.0782475400815
0.0583558183379
0.0381318546106
0.0177067587059
-0.00279427261439
-0.0232526782647
-0.0435571368153
-0.0636040454406
-0.0832978103417
-0.102550946979
-0.121284163384
-0.139426213883
-0.156913712966
-0.173690858005
-0.189709062283
-0.204926531818
-0.219307822141
-0.232823325575
-0.245448775351
-0.257164724627
-0.267956010603
-0.277811238055
-0.286722312963
-0.29468394491
-0.301693222391
-0.307749199543
-0.312852537624
-0.317005180109
-0.320210031848
-0.322470797087
-0.323791712625
-0.324177481628
-0.323633125934
-0.32216396941
-0.319775649047
-0.316474125443
-0.312265838276
-0.307157766908
-0.301157677756
-0.294274277762
-0.28651748821
-0.27789871363
-0.268431119562
-0.258129980234
-0.247012970624
-0.235100537648
-0.222416211074
-0.208986954112
-0.194843464342
-0.18002048958
-0.16455706299
-0.148496768969
-0.131887872883
-0.114783476429
-0.097241554332
-0.0793249216378
-0.0611011948546
-0.0426424577516
-0.0240251176148
-0.00532937257715
0.0133611830433
0.0319602370335
0.0503794838566
0.0685293737723
0.0863201749523
0.103662824076
0.120470193609
0.136658118292
0.152146697552
0.166861499071
0.180734815146
0.193706892561
0.205727121333
0.216755110872
0.226761708737
0.235729853694
0.243655188585
0.250546695201
0.256426678846
0.261331102872
0.265308921933
0.268421830112
0.270743188255
0.27235683724
0.273355805911
0.273840167126
0.27391546101
0.273689924176
0.27327242111
0.272769537231
0.272282975634
0.271906763565
0.271724495194
0.271806694905
0.272208389694
0.272966831511
0.274099599434
0.275603197209
0.277451649295
0.279596462724
0.281965837787
0.284466011158
0.286981611838
0.289377816049
0.291502481568
0.293188650812
0.29425841485
0.294525820332
0.293801736335
0.291897451445
0.288629631205
0.283824557568
0.277322751169
0.268983141386
0.258687283965
0.246342716412
0.231886411868
0.215287179563
0.196547538848
0.175705391294
0.152833716924
0.128041424535
0.101471085448
0.0732983079033
0.0437284814366
0.0129939753263
-0.0186493775962
-0.0509270191963
-0.0835494620196
-0.116217951765
-0.14862879453
-0.180478927162
-0.211470610748
-0.241316527094
-0.269744144688
-0.296500022459
-0.321353547268
-0.344100121925
-0.364563858972
-0.382599633677
-0.398094510214
-0.410968509544
-0.421174728999
-0.428698923757
-0.433558486689
-0.435800912627
-0.43550176194
-0.432762298155
-0.427706774376
-0.420479464964
-0.411241508663
-0.400167674686
-0.387443097107
-0.373260032392
-0.357814713999
-0.34130437597
-0.323924462193
-0.305866050656
-0.287313586548
-0.26844299932
-0.24941973036
-0.230397596896
-0.211517696781
-0.192907387305
-0.174680147029
-0.156935101328
-0.139757094136
-0.123217010943
-0.107372141584
-0.0922668220318
-0.0779331792576
-0.0643919848325
-0.0516535883548
-0.0397189534279
-0.028580650188
-0.0182239192846
-0.00862774394415
0.000234190931485
0.00839249919562
0.0158811459308
0.0227365754075
0.0289969611873
0.0347014242954
0.0398893996336
0.0446000629413
0.0488718221002
0.0527418819992
0.0562459005484
0.0594176904628
0.0622889806955
0.0648892644708
0.0672456714383
0.0693828950217
0.071323163732
0.0730862527252
0.074689520447
0.0761479715067
0.0774743403333
0.0786792056634
0.0797710971253
0.080756641277
0.0816406733646
0.0824264006975
0.0831155290856
0.0837084233079
0.0842042362035
0.0846010636312
0.0848960678625
0.0850856229415
0.0851654362162
0.0851306779166
0.0849760941508
0.0846961229011
0.0842849948299
0.0837368358571
0.0830457588404
0.0822059503862
0.0812117493645
0.0800577178152
0.0787386977284
0.0772498739301
0.0755868328781
0.0737455926117
0.0717226150335
0.0695148440148
0.0671197324828
0.0645352334367
0.0617597852706
0.0587923030701
0.0556321448982
0.0522790818377
0.0487332667224
0.044995170814
0.0410655146753
0.0369452189061
0.0326353550194
0.0281370489469
0.0234513875548
0.0185793703884
0.0135218709477
0.00827955004159
0.00285281167098
-0.00275823451514
-0.00855379376837
-0.0145343935452
-0.0207008510465
-0.0270542498976
-0.0335958701236
-0.0403270985467
-0.0472492984118
-0.0543636916658
-0.061671205359
-0.0691722562646
-0.0768665105098
-0.0847526894268
-0.0928283404201
-0.101089575066
-0.109530832453
-0.118144631433
-0.126921338684
-0.135848998547
-0.144913201407
-0.154096877553
-0.16338017144
-0.172740524119
-0.182152788518
-0.191589194301
-0.201019483618
-0.210411276275
-0.219730440748
-0.228941385034
-0.238007512777
-0.246891802196
-0.255557406592
-0.263968207394
-0.27208946263
-0.279888478109
-0.287335279107
-0.29440319475
-0.301069460976
-0.307315748984
-0.313128641709
-0.318499971066
-0.323427095198
-0.327913037586
-0.331966518456
-0.335601832579
-0.338838605735
-0.341701422548
-0.344219309071
-0.346425122481
-0.34835479176
-0.350046523671
-0.351539861606
-0.352874780321
-0.354090648273
-0.355225298203
-0.356313992122
-0.357388564344
-0.358476493366
-0.359600201902
-0.360776331347
-0.362015274202
-0.363320728029
-0.364689504325
-0.366111410655
-0.367569357087
-0.369039581315
-0.370492037248
-0.371890943046
-0.373195413085
-0.374360276094
-0.375336885028
-0.376074127155
-0.376519335075
-0.376619393787
-0.376321668108
-0.375575106554
-0.374331106013
-0.372544517193
-0.370174377415
-0.367184737401
-0.363545211437
-0.359231566866
-0.354226060735
-0.34851775945
-0.342102652902
-0.334983698334
-0.327170722381
-0.318680206506
-0.309534990846
-0.299763847088
-0.289401118821
-0.278486114947
-0.267062418051
-0.255177213189
-0.242880924206
-0.230226407549
-0.217268163077
-0.204061673212
-0.190662941904
-0.177127770116
-0.163511271858
-0.149867313707
-0.136248004453
-0.122703267649
-0.109280644219
-0.0960249177548
-0.0829777555479
-0.0701775700197
-0.057659518642
-0.0454553764143
-0.0335934534211
-0.0220986681959
-0.0109925764691
-0.000293492419659
0.00998334593392
0.0198256122252
0.0292238054275
0.0381709784122
0.0466624640604
0.0546956536873
0.0622698347224
0.0693858798249
0.0760459965957
0.0822534745803
0.0880124635845
0.0933277053103
0.0982043141522
0.102647534678
0.106662530714
0.110254169067
0.113426843329
0.116184275498
0.118529341067
0.120463913469
0.121988734449
0.12310327704
0.123805639426
0.124092449885
0.123958796804
0.123398169361
0.122402430844
0.120961801371
0.119064878847
0.116698670773
0.113848669302
0.110498939822
0.106632260239
0.102230273238
0.097273696015
0.0917425450317
0.0856164203445
0.0788748142925
0.0714974857487
0.0634648464777
0.0547584045456
0.0453612508699
0.0352585967445
0.0244383309513
0.0128916187233
0.000613535610394
-0.0123962924138
-0.0261329984442
-0.0405857981424
-0.055737303098
-0.0715628911164
-0.0880300075233
-0.105097559367
-0.122715351253
-0.140823657817
-0.159352743303
-0.178222585989
-0.197342665441
-0.216611968076
-0.235919023309
-0.255142217951
-0.274150203274
-0.292802587513
-0.310950730149
-0.328438837019
-0.345105183793
-0.360783620291
-0.375305222502
-0.388500193622
-0.400199877484
-0.41023896563
-0.418457824569
-0.424704925287
-0.428839314375
-0.430733101956
-0.430273945179
-0.427367427882
-0.421939332743
-0.413937703854
-0.403334722031
-0.39012825315
-0.374343108447
-0.356031885982
-0.335275457913
-0.312182958123
-0.28689136659
-0.259564549108
-0.230391897369
-0.199586406278
-0.167382399188
-0.134032712282
-0.0998056329847
-0.0649813512732
-0.0298483154409
0.00530081016938
0.0401730953215
0.0744795770373
0.107939200663
0.140282906323
0.171257233334
0.200627920377
0.228182872544
0.253734969963
0.277124153983
0.298219207116
0.316918801306
0.333152107613
0.346878752051
0.358088225977
0.366798803123
0.373055838114
0.376929797938
0.378513642623
0.377920204021
0.375278926623
0.370732877127
0.364435174943
0.356545932503
0.347228718679
0.336647712315
0.32496451715
0.312335763552
0.29891053516
0.28482858461
0.270218548741
0.25519686304
0.239866845468
0.224318312596
0.208627514438
0.192857382342
0.177058210521
0.161268409635
0.145515764317
0.12981853146
0.114187062929
0.0986250753228
0.0831314151895
0.0677013356368
0.0523281958905
0.0370046055922
0.02172388642
0.0064809816171
-0.00872644239576
-0.023897381798
-0.0390268192352
-0.0541054239994
-0.0691193114258
-0.0840500402088
-0.0988747694345
-0.113566507668
-0.128094593604
-0.142425133305
-0.156521708346
-0.170345929298
-0.183858267246
-0.197018652264
-0.209787328667
-0.222125434953
-0.233995797306
-0.245363440066
-0.256196252422
-0.266465393568
-0.276145790776
-0.285216418995
-0.293660610159
-0.301466193748
-0.308625625989
-0.31513604322
-0.320999208991
-0.326221387727
-0.330813177138
-0.334789340298
-0.338168507036
-0.3409729613
-0.343228278135
-0.344963015102
-0.3462083442
-0.346997781473
-0.347366778229
-0.347352386106
-0.346992905633
-0.346327631915
-0.345396506066
-0.344239872462
-0.342898192229
-0.341411780438
-0.339820595382
-0.338164096177
-0.336481024874
-0.334809204966
-0.33318542886
-0.33164534802
-0.330223338868
-0.328952371804
-0.327863931543
-0.326987903842
-0.326352486378
-0.325984068686
-0.325907140339
-0.326144155028
-0.326715416919
-0.327638917254
-0.328930190301
-0.330602119086
-0.3326647491
-0.335125055293
-0.337986708823
-0.341249798837
-0.344910559172
-0.348961068946
-0.353388927593
-0.358176919704
-0.363302674909
-0.368738336069
-0.374450206538
-0.38039844354
-0.386536729294
-0.392812014949
-0.399164267234
-0.4055263299
-0.411823764003
-0.417974839477
-0.423890580174
-0.429475002748
-0.434625336172
-0.439232470975
-0.443181530921
-0.446352682202
-0.448621971898
-0.449862448223
-0.449945418936
-0.448741953778
-0.446124481906
-0.441968633664
-0.436155211424
-0.42857234139
-0.419117715922
-0.40770095504
-0.394246036107
-0.378693741215
-0.3610041027
-0.341158757929
-0.319163226089
-0.295048964475
-0.268875243117
-0.240730669648
-0.210734426675
-0.179037031323
-0.145820701589
-0.111299134629
-0.0757168093228
-0.0393476148734
-0.00249295797422
0.0345208534413
0.0713457371327
0.107615694178
0.142951098299
0.176963675251
0.209261759528
0.239456151838
0.267166027855
0.292025311488
0.313688816273
0.331838673631
0.346190215244
0.356497931633
0.362560575998
0.364226111548
0.361395542185
0.35402634498
0.342134613477
0.32579656648
0.305148720688
0.280387213354
0.251765891131
0.219593369915
0.184229118226
0.146078384179
0.105586543279
0.0632322275054
0.0195203763283
-0.0250259174882
-0.0698730886323
-0.114485889662
-0.158335170477
-0.200906589364
-0.241707856079
-0.280276652453
-0.31618676751
-0.349054594274
-0.378543705622
-0.404369438243
-0.426301655123
-0.444166986689
-0.457849698243
-0.467291755948
-0.472491698221
-0.47350255016
-0.47042892503
-0.463423280895
-0.452681549168
-0.438438138279
-0.420960540335
-0.400543678303
-0.377503966042
-0.352173423173
-0.324893856846
-0.296011140518
-0.265869902971
-0.234808517112
-0.203154482223
-0.171220371292
-0.139300489445
-0.107667953438
-0.0765721162174
-0.0462370106489
-0.0168601960594
0.0113879661892
0.0383644037909
0.0639529503558
0.0880633725662
0.11063043776
0.131612649312
0.150990129354
0.168762912794
0.184949066766
0.199582319298
0.212709936009
0.224390657154
0.23469272626
0.243691789906
0.251468680645
0.258108069016
0.26369680807
0.268322236002
0.2720711033
0.275028447243
0.277276557105
0.278894293867
0.279956518564
0.280533612852
0.280691150294
0.280489685331
0.279984825881
0.279227155768
0.278262253791
0.277131115096
0.27587033098
0.27451230263
0.273085616509
0.271615399816
0.270123742282
0.268630003819
0.267151210802
0.265702468206
0.264297243126
0.262947698606
0.261665068173
0.260459906223
0.25934234325
0.258322281187
0.257409638843
0.256614542494
0.255947357125
0.255418848072
0.255040278571
0.254823378052
0.254780361768
0.254923900412
0.255267052173
0.255823156192
0.256605681148
0.257628066953
0.25890351584
0.260444750425
0.262263744961
0.264371417076
0.266777280335
0.269489092273
0.272512457256
0.275850374465
0.279502833369
0.283466363041
0.287733495204
0.29229230905
0.297125953817
0.30221217355
0.307522833083
0.313023462451
0.318672888963
0.324422863064
0.330217753857
0.335994369764
0.341681820856
0.347201486067
0.352467095354
0.357384966562
0.361854476227
0.36576848331
0.369014029898
0.371473350838
0.373024868128
0.373544456687
0.372906924785
0.370987659445
0.367664460556
0.362819444911
0.356341242667
0.348127303042
0.338086070911
0.326139442268
0.312225206666
0.296299297975
0.278338106523
0.258340617041
0.236330338153
0.212356984937
0.186497714654
0.158858212599
0.129573262969
0.0988067221423
0.0667511388381
0.0336267682423
-0.00031998655297
-0.0348187415416
-0.0695779107966
-0.104288014875
-0.138625473738
-0.172256915511
-0.204844148829
-0.236049240468
-0.265539859778
-0.292994901324
-0.318110166932
-0.340603965749
-0.360222463181
-0.376744848927
-0.38998794145
-0.399810276116
-0.40611557651
-0.408855327978
-0.408030587728
-0.403692846929
-0.395943845632
-0.384934476463
-0.370862621114
-0.353970021774
-0.334538242896
-0.312883729791
-0.289352186223
-0.264312237392
-0.238148611881
-0.211255051582
-0.184026892813
-0.156853732656
-0.130112253721
-0.104159261278
-0.079325376952
-0.0559090505651
-0.0341715261844
-0.0143331129696
0.00343074064055
0.0189916647881
0.0322686265795
0.0432290523837
0.0518880482765
0.058305635758
0.0625845882809
0.0648668844853
0.0653290216227
0.0641773344586
0.0616427093468
0.057974539293
0.0534349894745
0.0482933286355
0.0428198072172
0.0372801085025
0.0319302727557
0.0270118516395
0.0227476311223
0.0193380163395
0.0169580561722
0.0157551593186
0.0158476043476
0.0173234494282
0.0202403182209
0.0246261721824
0.030479952385
0.0377730246611
0.046451489777
0.0564384187634
0.0676365326511
0.079931021358
0.0931926742063
0.107281048178
0.122047463432
0.137338156447
0.152997236853
0.168869322297
0.184802200769
0.200649306292
0.216271450234
0.231538610913
0.246331612371
0.260543106746
0.274078446079
0.28685626439
0.2988088364
0.309882152516
0.32003564028
0.329241894037
0.33748616972
0.344765628188
0.351088558551
0.356473491432
0.360948253909
0.364548923885
0.367318768698
0.369307308642
0.370569245072
0.371163394932
0.371151796343
0.370598789189
0.369570194239
0.368132451002
0.366351886215
0.364294139455
0.3620235002
0.359602382805
0.357090891115
0.354546389842
0.352023153068
0.349572079872
0.347240437735
0.345071649941
0.343105103084
0.341376012538
0.339915311788
0.338749521417
0.337900672365
0.337386236006
0.337219044762
0.337407231224
0.337954163921
0.338858388821
0.340113569709
0.341708425995
0.343626677254
0.345846987018
0.348342911905
0.351082862741
0.354030074832
0.3571425944
0.360373292814
0.363669907863
0.366975116405
0.370226648668
0.373357453959
0.376295938692
0.378966246748
0.381288615795
0.383179834843
0.38455376685
0.385321971118
0.385394428677
0.384680368983
0.383089216002
0.380531591116
0.376920454656
0.372172397158
0.366208923236
0.35895786438
0.350354885625
0.340345013707
0.328884212146
0.315940917104
0.301497654077
0.285552593604
0.268120861606
0.249235941091
0.22895089873
0.207339259383
0.184495808801
0.160537094001
0.135601602968
0.10984961764
0.0834626108797
0.0566424282099
0.0296099487963
