0.0
0.00862344258843
0.0179626664358
0.027965710527
0.0385750701799
0.0497316370884
0.0613747558352
0.0734425189648
0.0858721745308
0.0986006362421
0.111564846689
0.124702096972
0.137950509853
0.151249450886
0.164539802818
0.177764415209
0.19086843588
0.203799512809
0.216508179218
0.228948082472
0.241076114166
0.252852673897
0.26424182961
0.27521138784
0.285732945097
0.295782019205
0.305337983946
0.314384075758
0.322907408431
0.330898773447
0.338352666253
0.345267073922
0.35164336738
0.357486125457
0.362802941389
0.36760423264
0.371903022791
0.375714730125
0.379056931959
0.381949115265
0.384412469638
0.386469635637
0.388144442688
0.389461732196
0.390447070737
0.391126565867
0.391526648832
0.391673862677
0.391594653944
0.391315236627
0.390861390152
0.390258290888
0.389530430212
0.388701423877
0.387793926624
0.386829556875
0.385828782372
0.384810863217
0.383793829208
0.382794394348
0.38182796547
0.380908638993
0.380049193944
0.379261102256
0.378554566488
0.377938557168
0.37742086984
0.377008156081
0.376706006666
0.376519024596
0.376450874163
0.376504382328
0.376681604579
0.376983915458
0.37741207232
0.377966320044
0.378646437186
0.37945184684
0.380381655869
0.381434757653
0.382609857891
0.383905559576
0.385320415562
0.386852961845
0.388501787358
0.390265536695
0.392142967336
0.394132954987
0.396234533279
0.39844686749
0.400769303774
0.403201318603
0.405742549015
0.408392742574
0.411151747848
0.414019475717
0.416995862553
0.420080820661
0.423274182939
0.426575644323
0.429984677707
0.433500497321
0.437121929002
0.44084737237
0.444674685977
0.448601102048
0.452623150896
0.456736536369
0.460936071624
0.465215591604
0.469567839475
0.473984421575
0.478455705914
0.482970792586
0.487517415517
0.492081948355
0.496649343178
0.501203146144
0.505725450392
0.510196992421
0.51459710457
0.518903850473
0.523094042704
0.527143356761
0.531026473614
0.534717151598
0.538188455681
0.541412867661
0.544362530625
0.547009412159
0.549325563483
0.5512833399
0.552855671294
0.554016360539
0.55474028273
0.555003766315
0.554784824396
0.554063511584
0.552822175875
0.551045829332
0.54872238654
0.545843032129
0.542402453402
0.538399180047
0.533835817369
0.528719294671
0.523061179021
0.516877735129
0.510190292032
0.503025189522
0.49541405055
0.487393739358
0.479006370711
0.470299296649
0.461324851562
0.452140248396
0.442807063402
0.433390894339
0.423960649316
0.414587786019
0.405345304336
0.396306620298
0.387544090738
0.379127601609
0.371122651448
0.363588646829
0.356576973465
0.350129060136
0.344274970908
0.339031679367
0.334402570932
0.330376656638
0.326929025103
0.324021532989
0.321604111261
0.319616762882
0.317991495175
0.316654933186
0.315530548305
0.314541142701
0.313610934356
0.312667596048
0.311643777378
0.310478670713
0.309118880841
0.307519506368
0.305644584074
0.303467598055
0.300971884768
0.298150603049
0.295006914717
0.291554000852
0.287814969803
0.283822743041
0.279619868717
0.2752582373
0.270798672781
0.266310387636
0.261870219096
0.257561581999
0.253473098539
0.249696791493
0.246325844064
0.243451916423
0.241162044254
0.239535321075
0.238639579605
0.238528308849
0.239238232441
0.240787748125
0.243176498294
0.246386043035
0.2503815765
0.255114426638
0.260525034245
0.266546097764
0.273105585715
0.280129411435
0.287543710274
0.295276646546
0.30325971546
0.311428679521
0.319724167102
0.328091989831
0.336483229339
0.34485420971
0.353166383323
0.361386030198
0.369484081229
0.377435778378
0.385220365807
0.392820841899
0.400223572461
0.407418083747
0.414396721642
0.421154410408
0.427688382239
0.433997943352
0.440084227885
0.445950005114
0.451599443391
0.457037931655
0.462271905323
0.467308657448
0.47215619299
0.476823078472
0.481318291189
0.485651100723
0.489830941104
0.493867304613
0.497769633696
0.50154723191
0.505209162445
0.508764194588
0.512220689219
0.515586567808
0.518869231414
0.522075518095
0.525211640235
0.528283145928
0.531294871891
0.534250921919
0.537154620959
0.540008478483
0.542814199354
0.545572620641
0.548283700234
0.550946535752
0.553559322108
0.556119340338
0.558622947364
0.56106559975
0.563441841416
0.565745279898
0.567968637181
0.570103702429
0.572141415194
0.574071813139
0.575884123082
0.57756670608
0.579107160571
0.580492323489
0.581708333374
0.582740668889
0.583574200696
0.584193249098
0.584581694919
0.584723019633
0.584600401557
0.584196832708
0.583495207035
0.58247844558
0.581129608281
0.579432077556
0.577369649344
0.574926728896
0.572088497763
0.568841121348
0.565171864522
0.561069416665
0.556524012294
0.551527746529
0.546074772889
0.540161601121
0.533787344652
0.526954081706
0.519667126982
0.511935386264
0.503771696612
0.495193234447
0.486221908178
0.476884800164
0.467214589791
0.457250033884
0.44703646947
0.436626308152
0.426079532345
0.415464122984
0.404856377227
0.394341283645
0.384012625292
0.373972669452
0.364331494432
0.355205942755
0.34671784678
0.33899130756
0.332149119691
0.326308461974
0.321575790247
0.318041352931
0.31577385353
0.314815938923
0.315181027391
0.316852016916
0.319782065622
0.32389731453
0.329101103436
0.335279154666
0.342305034472
0.350045331579
0.358364281763
0.367127518431
0.376204998075
0.38547305776
0.394815897636
0.404126367235
0.413306490733
0.422267542013
0.430930076228
0.439223664846
0.447086725091
0.454466115235
0.461316907105
0.467601975192
0.473291720504
0.478363694494
0.482802319103
0.486598535537
0.489749489905
0.49225824142
0.494133403614
0.495388842059
0.496043321779
0.496120183555
0.495646953595
0.494655019697
0.493179208162
0.491257391995
0.48893009949
0.48624005469
0.483231737022
0.479950959991
0.476444307845
0.472758764283
0.468941103828
0.465037474181
0.461092853731
0.457150572791
0.453251799698
0.449435153369
0.44573618324
0.442187047148
0.438816147894
0.43564786901
0.432702355662
0.429995396067
0.427538375418
0.425338256934
0.423397722242
0.421715433907
0.42028632394
0.419101719114
0.418149797037
0.417416126519
0.416884079195
0.416535098541
0.416349244058
0.416305628795
0.416382835827
0.416559220229
0.416813295614
0.417123953124
0.417470742058
0.417834156557
0.418195756426
0.418538212041
0.418845412211
0.419102645415
0.419296570585
0.419415172425
0.419447779407
0.419385073728
0.419219001683
0.418942769689
0.418550739163
0.41803837858
0.417402162009
0.416639577468
0.415749000947
0.414729618197
0.413581364138
0.412304879243
0.410901437503
0.409372878554
0.407721559304
0.40595030971
0.404062375421
0.402061401018
0.399951368726
0.397736584438
0.395421621856
0.393011331989
0.390510791754
0.387925301858
0.385260362771
0.382521648655
0.379714987586
0.376846367723
0.373921903002
0.37094781216
0.367930400405
0.364876033318
0.361791123505
0.358682089673
0.355555319995
0.352417149879
0.349273788363
0.346131317806
0.342995619577
0.339872313807
0.336766718346
0.333683781912
0.330628054739
0.327603601538
0.324613977388
0.321662158571
0.318750525086
0.315880843223
0.313054244821
0.310271234376
0.307531729104
0.304835104542
0.302180288522
0.299565842665
0.296990110186
0.294451418439
0.291948263592
0.289479558182
0.287044915602
0.284644918803
0.282281516101
0.279958379056
0.277681301707
0.275458572174
0.273301399323
0.271224310047
0.269245510754
0.267387227572
0.265675946551
0.264142540241
0.262822313636
0.26175481848
0.260983489866
0.260555036432
0.260518590438
0.260924577063
0.261823316946
0.263263469288
0.265290298909
0.267943900396
0.271257513606
0.275255989211
0.279954589837
0.285358103052
0.291460418315
0.298244496596
0.305682736802
0.313737653803
0.322362810437
0.331503875289
0.341099800379
0.351083964645
0.361385303767
0.371929366268
0.382639266463
0.393436554125
0.404242009501
0.414976316781
0.425560700532
0.43591750058
0.445970648401
0.455646172694
0.464872611213
0.473581439543
0.481707415421
0.489188986418
0.495968574531
0.501992946892
0.507213449973
0.511586363336
0.515073062227
0.517640323332
0.51926049173
0.519911685934
0.519577919234
0.518249294485
0.515922069079
0.512598772505
0.508288281973
0.503005871406
0.496773280352
0.489618750736
0.481577095448
0.472689718486
0.463004749264
0.452577087239
0.441468623198
0.429748364347
0.417492792039
0.404786090501
0.391720723338
0.378397785272
0.364927767871
0.351431042272
0.338038625766
0.324892540864
0.31214613728
0.299963578862
0.28851862924
0.27799183805
0.268566009737
0.26041936214
0.253716408638
0.248597158119
0.24516574947
0.243480702369
0.243548581538
0.245323077413
0.248709452395
0.253573890408
0.259755200545
0.267077249687
0.275359730734
0.284426839923
0.29411303236
0.304266670875
0.314751521799
0.325447163082
0.336248320126
0.347063911303
0.357815703552
0.36843698631
0.378871280984
0.389071109108
0.398996879919
0.408615910008
0.417901527037
0.426832329969
0.435391497987
0.443566193218
0.451347019278
0.458727537505
0.465703913173
0.472274481699
0.478439477613
0.484200686023
0.489561214799
0.494525248292
0.49909782797
0.50328466574
0.507091952478
0.510526190231
0.51359407125
0.516302353289
0.518657733602
0.520666732951
0.522335615454
0.523670288714
0.524676278066
0.525358618034
0.525721826111
0.5257698364
0.525505987839
0.524932986771
0.524052887547
0.522867105591
0.521376372014
0.51958078256
0.517479799268
0.515072268542
0.512356446374
0.509330055418
0.505990324846
0.502334056786
0.498357688709
0.494057365858
0.489429027605
0.48446851768
0.479171690655
0.473534539228
0.467553318559
0.461224702703
0.454545943619
0.447515085103
0.440131138213
0.432394303693
0.424306243868
0.415870343136
0.407092050952
0.397979234545
0.388542507387
0.378795772118
0.368756684838
0.358447277031
0.347894608618
0.337131564846
0.326197763787
0.315140564722
0.304016299611
0.292891563825
0.281844682391
0.270967236653
0.260365535376
0.250161881091
0.240495200142
0.231520662187
0.223407541142
0.216334611382
0.210482411881
0.206022144258
0.203101900456
0.201832004105
0.202272385898
0.204424961433
0.208233098695
0.213588131293
0.220341051549
0.228316364777
0.237325356794
0.247176907494
0.257685252149
0.268674784515
0.279982563438
0.291459187063
0.302968675047
0.314387764906
0.325605055786
0.33652003366
0.347042206585
0.357090346121
0.366591874228
0.375482365125
0.38370518427
0.391211210352
0.397958659862
0.403912969403
0.409046739348
0.41333967812
0.416778630811
0.419357548445
0.421077544293
0.421946846079
0.421980834133
0.421201975419
0.419639795792
0.417330792606
0.414318277207
0.410652247447
0.406389087162
0.401591348666
0.396327277683
0.390670421805
0.384698937092
0.378494970365
0.372143677398
0.365732246165
0.359348594879
0.353080001069
0.347011404894
0.341223694592
0.335791704693
0.330782334297
0.326252552292
0.322247700893
0.318799994187
0.315927520652
0.313633700335
0.311907382877
0.310723554192
0.310044582409
0.309821972798
0.309998398732
0.310509984306
0.311288610176
0.312264091098
0.31336623653
0.314526600631
0.315679953424
0.31676549322
0.317727717094
0.318517098985
0.319090524871
0.319411515235
0.31945028744
0.3191837308
0.318595331223
0.31767495638
0.316418577138
0.314828062822
0.312910845489
0.310679604632
0.30815186906
0.305349788349
0.302299835721
0.299032334775
0.29558115816
0.291983447774
0.28827910578
0.28451041786
0.280721628961
0.276958499118
0.273267747286
0.269696323478
0.266290916086
0.263097220387
0.260159079956
0.257517780023
0.255211189953
0.253272939859
0.251731715798
0.250610621897
0.249926621471
0.249690230784
0.249905313779
0.250569258037
0.251673146773
0.253202186649
0.255136435242
0.257451485248
0.260119199766
0.263108552754
0.266386407138
0.269918294363
0.273669023674
0.277603283521
0.281686136842
0.285883364062
0.290161781444
0.294489466755
0.298835920764
0.303172151606
0.307470677816
0.311705602333
0.315852605437
0.319888830906
0.323792908179
0.327544865466
0.331126115784
0.334519366551
0.337708515905
0.340678724908
0.343416341454
0.345908810383
0.348144698355
0.350113717746
0.351806755271
0.353215800957
0.35433399948
0.355155821412
0.355677032355
0.355894729217
0.355807528509
0.355415629868
0.35472095995
0.353727250708
0.352440234482
0.350867896868
0.349020476652
0.346910731356
0.344554194561
0.341969277916
0.339177500982
0.336203659181
0.333076030547
0.329826486612
0.326490543623
0.323107457333
0.319720191816
0.316375181709
0.313122112808
0.310013494843
0.307104024298
0.304449791974
0.302107252287
0.300132038288
0.298577530843
0.297493278466
0.296923479903
0.296905346649
0.297467577828
0.298629194573
0.300398544304
0.302772764864
0.305737656494
0.309267992041
0.313328229375
0.317873486347
0.322850799854
0.328200577822
0.33385799731
0.339754463448
0.345819012728
0.351979560173
0.358164059192
0.364301472112
0.370322714002
0.376161415496
0.381754569902
0.387043121239
0.391972445314
0.396492881144
0.400560082783
0.404135312806
0.407185848115
0.409685248414
0.411613594362
0.412957736834
0.41371150693
0.413875859537
0.41345901546
0.412476571785
0.410951499568
0.408914162826
0.406402200351
0.403460366747
0.400140240937
0.396499858807
0.392603144838
0.388519252794
0.384321673127
0.380087155134
0.375894442966
0.371822729959
0.367950004951
0.36435112241
0.361095830638
0.35824675281
0.355857345912
0.353970156894
0.352615314923
0.351809487993
0.351555295549
0.351841262016
0.352642425499
0.353921493099
0.355630213835
0.357711176389
0.360100024481
0.36272739423
0.365520933698
0.368407280108
0.371313694237
0.374169503804
0.376907419365
0.37946445184
0.381782622915
0.383809577205
0.385498940779
0.386810528418
0.387710420166
0.388170973837
0.388170764176
0.387694386406
0.38673222727
0.385280306383
0.383339948159
0.380917504988
0.378024021553
0.374674996365
0.370890070633
0.366692605243
0.362109479317
0.35717084621
0.351909676264
0.346361566402
0.340564498646
0.334558513247
0.328385458112
0.322088734672
0.315713059287
0.309304148717
0.30290839987
0.296572684551
0.290344022674
0.284269069988
0.278393823361
0.272763156246
0.267420268316
0.262406148007
0.257758940207
0.253513398024
0.249700178867
0.246345230589
0.24346933313
0.241087598679
0.23920913705
0.237836964959
0.236968044134
0.236593521117
0.236699080673
0.237265546417
0.238269646378
0.239684664116
0.241481256975
0.243628280606
0.246093503002
0.248844248966
0.251847963138
0.255072686277
0.258487420572
0.262062363959
0.265769134414
0.269580863751
0.27347222518
0.277419416649
0.281400136658
0.28539351141
0.289379979734
0.293341167018
0.297259808997
0.301119605938
0.304905087882
0.308601515769
0.312194774273
0.31567124518
0.319017727292
0.322221346161
0.325269472787
0.328149654022
0.330849570329
0.333356966448
0.335659646058
0.337745418917
0.339602121592
0.341217601667
0.342579706116
0.343676365026
0.344495598895
0.345025558799
0.345254627012
0.345171494934
0.344765253213
0.344025512909
0.342942544823
0.341507490303
0.339712452869
0.33755077779
0.335017258638
0.332108441239
0.328822876425
0.325161481955
0.321127946052
0.316729176388
0.311975747041
0.306882486036
0.301469145753
0.295761037176
0.289789847748
0.283594565842
0.277222422865
0.270729918032
0.264183800834
0.257662201317
0.251255473524
0.24506672327
0.239211936264
0.233819205106
0.229026784168
0.224979682435
0.22182449333
