0.5
0.500001308401
0.50000273036
0.500004265828
0.500005914464
0.500007675849
0.500009549517
0.500011534864
0.500013631306
0.500015838089
0.500018154405
0.500020579378
0.500023112059
0.500025751422
0.500028496367
0.500031345725
0.500034298252
0.500037352631
0.500040507481
0.500043761346
0.500047112703
0.500050559966
0.500054101477
0.500057735516
0.500061460302
0.500065273989
0.500069174671
0.500073160379
0.50007722909
0.500081378721
0.500085607135
0.500089912138
0.500094291483
0.500098742874
0.500103263965
0.500107852363
0.500112505627
0.500117221271
0.500121996762
0.500126829531
0.500131716967
0.500136656419
0.500141645199
0.500146680583
0.500151759816
0.500156880114
0.500162038661
0.500167232612
0.500172459098
0.500177715222
0.50018299807
0.500188304705
0.500193632171
0.500198977495
0.500204337688
0.500209709751
0.500215090671
0.500220477426
0.500225866987
0.500231256318
0.500236642382
0.500242022139
0.500247392551
0.500252750581
0.500258093195
0.500263417365
0.500268720067
0.500273998291
0.500279249034
0.500284469309
0.500289656141
0.500294806573
0.500299917668
0.500304986507
0.500310010193
0.500314985855
0.500319910642
0.500324781734
0.500329596336
0.500334351688
0.500339045059
0.50034367375
0.500348235094
0.500352726464
0.500357145269
0.500361488959
0.500365755025
0.500369940997
0.500374044452
0.500378063014
0.500381994351
0.500385836179
0.500389586255
0.500393242391
0.500396802451
0.50040026435
0.500403626056
0.500406885591
0.500410041031
0.500413090512
0.500416032226
0.500418864425
0.500421585415
0.500424193564
0.500426687301
0.500429065121
0.500431325577
0.500433467285
0.500435488917
0.500437389213
0.500439166981
0.500440821091
0.500442350479
0.500443754148
0.500445031167
0.500446180674
0.500447201874
0.500448094043
0.500448856507
0.500449488668
0.500449989996
0.500450360028
0.50045059837
0.500450704694
0.500450678741
0.500450520319
0.500450229306
0.50044980565
0.500449249357
0.500448560499
0.500447739215
0.500446785712
0.500445700266
0.500444483212
0.500443134952
0.500441655952
0.500440046743
0.500438307921
0.500436440143
0.500434444123
0.500432320638
0.500430070527
0.50042769469
0.500425194085
0.500422569724
0.500419822676
0.500416954068
0.500413965082
0.500410856956
0.500407630981
0.500404288499
0.500400830907
0.500397259653
0.500393576234
0.500389782196
0.50038587912
0.500381868642
0.50037775244
0.500373532236
0.500369209795
0.500364786923
0.500360265468
0.500355647314
0.500350934386
0.500346128644
0.50034123208
0.500336246719
0.500331174622
0.500326017878
0.500320778609
0.50031545896
0.500310061099
0.500304587222
0.50029903955
0.500293420323
0.500287731804
0.500281976283
0.500276156063
0.500270273467
0.500264330833
0.500258330513
0.500252274863
0.500246166255
0.500240007068
0.500233799689
0.500227546513
0.500221249943
0.500214912386
0.500208536252
0.50020212395
0.500195677892
0.500189200486
0.500182694143
0.500176161265
0.500169604254
0.500163025501
0.500156427391
0.500149812292
0.500143182565
0.500136540557
0.5001298886
0.500123229013
0.500116564115
0.500109896202
0.500103227551
0.500096560424
0.500089897063
0.50008323968
0.500076590469
0.500069951599
0.500063325214
0.500056713433
0.500050118352
0.500043542046
0.500036986556
0.500030453896
0.500023946047
0.500017464965
0.500011012576
0.500004590773
0.499998201415
0.49999184633
0.499985527309
0.499979246111
0.499973004456
0.499966804028
0.499960646475
0.499954533405
0.499948466401
0.499942447008
0.499936476729
0.499930557031
0.49992468934
0.499918875042
0.499913115482
0.499907411966
0.499901765757
0.499896178078
0.499890650112
0.499885183009
0.499879777872
0.499874435763
0.499869157702
0.499863944671
0.499858797617
0.499853717446
0.499848705021
0.499843761167
0.499838886668
0.49983408226
0.499829348641
0.499824686468
0.499820096355
0.499815578876
0.499811134577
0.499806763968
0.499802467519
0.499798245658
0.49979409878
0.49979002724
0.499786031353
0.499782111402
0.49977826763
0.499774500245
0.499770809423
0.499767195308
0.499763658011
0.499760197607
0.499756814139
0.49975350762
0.499750278035
0.49974712534
0.499744049463
0.4997410503
0.499738127721
0.499735281566
0.499732511644
0.49972981774
0.499727199613
0.499724656994
0.499722189599
0.499719797131
0.499717479265
0.499715235658
0.499713065948
0.499710969752
0.499708946664
0.499706996262
0.499705118109
0.499703311752
0.499701576723
0.499699912542
0.499698318718
0.499696794744
0.499695340104
0.499693954272
0.499692636716
0.499691386898
0.499690204272
0.499689088287
0.499688038389
0.499687054013
0.499686134586
0.499685279535
0.499684488285
0.499683760258
0.499683094877
0.499682491574
0.499681949781
0.499681468931
0.499681048461
0.499680687816
0.499680386435
0.499680143767
0.499679959269
0.499679832402
0.499679762638
0.499679749455
0.499679792339
0.499679890785
0.499680044299
0.4996802524
0.499680514618
0.499680830503
0.499681199613
0.499681621525
0.49968209583
0.499682622133
0.49968320004
0.499683829178
0.499684509192
0.499685239741
0.499686020503
0.499686851178
0.499687731486
0.499688661164
0.49968963997
0.499690667681
0.499691744086
0.499692868993
0.499694042231
0.499695263651
0.499696533122
0.499697850534
0.499699215796
0.499700628838
0.499702089609
0.499703598081
0.499705154247
0.49970675812
0.499708409735
0.499710109147
0.499711856437
0.499713651702
0.499715495052
0.499717386618
0.499719326554
0.499721315031
0.499723352241
0.499725438396
0.499727573728
0.499729758488
0.499731992944
0.499734277388
0.499736612121
0.499738997461
0.499741433747
0.499743921331
0.499746460584
0.499749051892
0.499751695651
0.499754392272
0.499757142181
0.499759945819
0.499762803636
0.499765716098
0.499768683682
0.499771706874
0.499774786175
0.499777922093
0.49978111514
0.499784365834
0.499787674702
0.499791042278
0.499794469102
0.499797955718
0.499801502678
0.499805110537
0.499808779853
0.499812511184
0.499816305093
0.499820162132
0.499824082857
0.499828067823
0.499832117582
0.499836232681
0.499840413663
0.499844661065
0.499848975418
0.499853357246
0.499857807064
0.499862325381
0.499866912699
0.499871569506
0.499876296282
0.499881093495
0.499885961594
0.499890901007
0.499895912152
0.499900995428
0.499906151215
0.499911379877
0.499916681769
0.499922057222
0.499927506545
0.499933030026
0.499938627935
0.499944300508
0.499950047962
0.499955870488
0.499961768252
0.499967741393
0.49997379002
0.499979914215
0.499986114031
0.499992389487
0.499998740574
0.500005167254
0.50001166946
0.500018247092
0.500024900016
0.500031628062
0.500038431029
0.500045308673
0.500052260718
0.500059286849
0.500066386712
0.500073559919
0.500080806047
0.500088124635
0.50009551518
0.500102977141
0.500110509935
0.500118112942
0.5001257855
0.500133526906
0.500141336416
0.500149213243
0.500157156558
0.500165165491
0.500173239129
0.500181376512
0.50018957664
0.500197838471
0.500206160927
0.500214542884
0.500222983177
0.500231480596
0.500240033887
0.500248641753
0.500257302853
0.500266015803
0.500274779175
0.500283591497
0.500292451262
0.500301356923
0.500310306888
0.500319299521
0.500328333147
0.500337406052
0.500346516485
0.500355662652
0.500364842719
0.500374054815
0.500383297028
0.500392567411
0.500401863976
0.500411184699
0.500420527517
0.500429890334
0.500439271029
0.500448667443
0.500458077384
0.500467498627
0.500476928918
0.500486365965
0.500495807449
0.500505251019
0.500514694297
0.500524134873
0.50053357032
0.500542998187
0.500552415999
0.500561821253
0.500571211427
0.500580583978
0.500589936344
0.500599265945
0.500608570181
0.500617846438
0.500627092084
0.500636304471
0.500645480936
0.500654618806
0.500663715394
0.500672768001
0.500681773935
0.500690730499
0.500699634986
0.500708484688
0.500717276894
0.500726008887
0.500734677943
0.500743281346
0.500751816377
0.500760280323
0.500768670475
0.500776984144
0.500785218639
0.500793371283
0.500801439408
0.500809420359
0.500817311496
0.500825110197
0.500832813855
0.500840419881
0.500847925709
0.500855328785
0.500862626576
0.500869816576
0.500876896299
0.500883863287
0.500890715117
0.500897449401
0.500904063777
0.500910555917
0.50091692353
0.500923164354
0.500929276154
0.500935256739
0.500941103954
0.500946815684
0.500952389856
0.500957824441
0.500963117455
0.500968266956
0.500973271049
0.500978127887
0.500982835672
0.500987392656
0.500991797143
0.50099604749
0.501000142108
0.501004079457
0.501007858043
0.501011476438
0.501014933264
0.501018227206
0.501021357004
0.501024321464
0.501027119451
0.501029749892
0.501032211777
0.501034504159
0.501036626144
0.501038576904
0.501040355681
0.501041961778
0.501043394566
0.501044653482
0.501045738031
0.501046647784
0.501047382383
0.501047941538
0.501048325028
0.501048532701
0.501048564475
0.501048420342
0.501048100365
0.501047604672
0.501046933448
0.501046086958
0.501045065532
0.501043869575
0.50104249956
0.50104095604
0.501039239636
0.501037351042
0.501035291023
0.501033060418
0.501030660119
0.50102809109
0.501025354368
0.501022451058
0.501019382335
0.501016149439
0.501012753678
0.501009196427
0.50100547913
0.501001603294
0.500997570494
0.500993382368
0.50098904062
0.500984547019
0.500979903398
0.50097511165
0.500970173717
0.500965091603
0.500959867375
0.500954503155
0.500949001122
0.50094336352
0.500937592645
0.500931690849
0.500925660539
0.500919504177
0.500913224263
0.500906823342
0.500900304011
0.500893668918
0.50088692075
0.500880062244
0.500873096176
0.500866025368
0.500858852678
0.500851581007
0.500844213291
0.500836752501
0.500829201645
0.500821563763
0.50081384193
0.50080603925
0.500798158843
0.500790203859
0.500782177471
0.500774082877
0.500765923295
0.500757701966
0.500749422157
0.500741087145
0.500732700227
0.500724264713
0.500715783922
0.500707261175
0.500698699806
0.500690103157
0.500681474573
0.500672817401
0.500664134988
0.500655430682
0.500646707827
0.500637969761
0.500629219817
0.50062046133
0.500611697623
0.500602932008
0.500594167786
0.500585408247
0.500576656653
0.500567916245
0.500559190247
0.500550481861
0.500541794262
0.500533130609
0.500524494042
0.50051588767
0.500507314571
0.500498777794
0.500490280355
0.50048182523
0.500473415362
0.500465053654
0.500456742974
0.500448486145
0.500440285955
0.500432145144
0.50042406641
0.5004160524
0.500408105716
0.500400228915
0.500392424511
0.500384694959
0.500377042666
0.500369469984
0.50036197921
0.500354572582
0.500347252282
0.500340020432
0.500332879096
0.500325830275
0.500318875923
0.500312017925
0.500305258104
0.500298598219
0.500292039963
0.500285584968
0.5002792348
0.500272990955
0.500266854863
0.500260827885
0.500254911317
0.500249106382
0.500243414235
0.500237835959
0.500232372562
0.500227024991
0.500221794129
0.500216680781
0.500211685683
0.500206809497
0.500202052816
0.500197416155
0.500192899957
0.500188504595
0.500184230364
0.500180077489
0.500176046134
0.500172136391
0.500168348274
0.500164681729
0.500161136629
0.500157712781
0.500154409921
0.500151227714
0.500148165757
0.500145223576
0.500142400628
0.500139696308
0.500137109939
0.500134640775
0.500132288006
0.500130050755
0.500127928097
0.500125919034
0.500124022507
0.500122237396
0.500120562519
0.500118996635
0.50011753844
0.500116186576
0.500114939624
0.500113796109
0.50011275451
0.500111813257
0.500110970722
0.500110225227
0.500109575045
0.500109018401
0.500108553474
0.500108178394
0.500107891249
0.500107690083
0.500107572898
0.500107537663
0.500107582305
0.500107704715
0.500107902745
0.500108174216
0.500108516922
0.500108928624
0.500109407057
0.500109949924
0.500110554907
0.500111219657
0.500111941803
0.500112718953
0.500113548693
0.500114428591
0.500115356205
0.500116329085
0.500117344763
0.500118400762
0.500119494596
0.500120623772
0.500121785787
0.500122978136
0.500124198311
0.500125443804
0.500126712108
0.500128000717
0.500129307131
0.500130628854
0.500131963397
0.500133308282
0.500134661045
0.500136019236
0.500137380417
0.500138742171
0.500140102097
0.500141457809
0.500142806936
0.500144147135
0.500145476084
0.500146791487
0.500148091075
0.500149372609
0.500150633882
0.500151872714
0.500153086962
0.500154274517
0.500155433297
0.500156561263
0.500157656412
0.500158716781
0.500159740449
0.500160725529
0.500161670176
0.50016257259
0.500163431016
0.500164243743
0.500165009112
0.500165725512
0.500166391382
0.500167005211
0.500167565543
0.500168070969
0.500168520121
0.500168911688
0.500169244418
0.50016951711
0.500169728618
0.500169877851
0.500169963775
0.500169985413
0.500169941847
0.500169832215
0.500169655713
0.500169411593
0.500169099171
0.500168717819
0.500168266975
0.500167746127
0.500167154816
0.500166492647
0.500165759286
0.500164954459
0.500164077951
0.500163129611
0.500162109347
0.500161017129
0.500159852987
0.500158617012
0.500157309335
0.500155930153
0.500154479721
0.500152958353
0.500151366417
0.500149704341
0.500147972605
0.500146171749
0.500144302365
0.500142365103
0.500140360665
0.500138289803
0.500136153326
0.500133952097
0.500131687029
0.500129359082
0.50012696925
0.500124518581
0.500122008169
0.500119439154
0.50011681272
0.500114130103
0.50011139258
0.500108601471
0.500105758137
0.500102863982
0.500099920432
0.500096928954
0.50009389105
0.500090808259
0.500087682151
0.500084514329
0.500081306426
0.500078060103
0.500074777052
0.500071458988
0.500068107654
0.500064724812
0.500061312248
0.500057871772
0.50005440521
0.500050914409
0.500047401219
0.50004386751
0.500040315163
0.50003674607
0.500033162134
0.50002956527
0.500025957402
0.50002234046
0.500018716375
0.500015087084
0.500011454523
0.500007820619
0.500004187305
0.500000556507
0.499996930145
0.499993310136
0.499989698386
0.499986096792
0.499982507242
0.499978931607
0.499975371747
0.49997182951
0.499968306727
0.499964805209
0.499961326748
0.499957873119
0.499954446066
0.499951047314
0.499947678558
0.499944341471
0.499941037693
0.499937768845
0.49993453652
0.499931342277
0.499928187644
0.499925074116
0.499922003153
0.49991897618
0.499915994583
0.499913059714
0.499910172882
0.49990733536
0.499904548383
0.499901813144
0.499899130794
0.499896502439
0.499893929141
0.499891411928
0.499888951782
0.499886549639
0.499884206388
0.499881922873
0.499879699889
0.499877538181
0.499875438445
0.499873401328
0.499871427425
0.499869517289
0.499867671434
0.499865890318
0.499864174349
0.499862523887
0.49986093924
0.499859420667
0.499857968375
0.499856582522
0.499855263214
0.499854010506
0.49985282441
0.499851704885
0.499850651843
0.49984966514
0.499848744585
0.499847889945
0.499847100945
0.499846377257
0.499845718505
0.499845124268
0.499844594078
0.499844127418
0.499843723727
0.499843382396
0.499843102772
0.49984288416
0.499842725837
0.499842627032
0.499842586936
0.499842604697
0.499842679425
0.499842810192
0.499842996031
0.499843235941
0.499843528882
0.499843873781
0.499844269537
0.499844715021
0.499845209069
0.499845750488
0.499846338055
0.499846970523
0.499847646622
0.499848365055
0.4998491245
0.499849923616
0.499850761039
0.499851635387
0.499852545261
0.499853489242
0.499854465895
0.499855473774
0.499856511423
0.499857577376
0.499858670157
0.499859788281
0.499860930256
0.499862094586
