0.0
0.00656582749971
0.0130649450146
0.0195654067434
0.0260628980269
0.0325555611985
0.0390422854923
0.0455213153018
0.0519919202703
0.0584524664243
0.0649016377342
0.0713381725202
0.0777608228185
0.0841683321188
0.0905594483681
0.096932941748
0.103287566272
0.109622084446
0.115935269653
0.122225889294
0.128492717331
0.134734542427
0.140950147087
0.147138315673
0.15329785657
0.159427573596
0.165526274013
0.171592773
0.177625890862
0.183624458334
0.189587314827
0.195513295104
0.201401248567
0.207250027547
0.213058506265
0.218825560093
0.224550069824
0.230230929538
0.235867028287
0.241457283178
0.247000610395
0.252495936065
0.257942198944
0.263338334359
0.268683302003
0.273976074502
0.279215627269
0.284400948708
0.289531033022
0.294604890441
0.299621548291
0.304580038579
0.309479405451
0.314318701383
0.319096994339
0.323813368798
0.328466917258
0.333056730444
0.337581943047
0.342041672358
0.346435068111
0.35076128708
0.355019502916
0.359208897284
0.363328673451
0.367378041823
0.371356225158
0.375262466027
0.379096015064
0.382856141166
0.38654212912
0.390153277879
0.393688892759
0.397148309557
0.400530873188
0.403835939039
0.407062884193
0.410211094434
0.413279976347
0.416268958588
0.419177479797
0.422004985887
0.42475094463
0.427414840818
0.429996179006
0.432494472049
0.434909254728
0.437240076534
0.439486509295
0.441648140623
0.443724575045
0.445715433601
0.447620340087
0.449438954683
0.451170941322
0.45281598945
0.454373802636
0.455844104311
0.457226622212
0.458521116081
0.459727355659
0.460845137177
0.461874267607
0.462814568557
0.463665883416
0.464428082158
0.465101045673
0.465684674774
0.46617886193
0.466583543295
0.466898669473
0.467124198709
0.467260115904
0.467306418658
0.467263133814
0.467130296189
0.466907966283
0.466596219884
0.466195142058
0.465704828969
0.465125411202
0.464457022322
0.463699831652
0.462854004449
0.461919735257
0.460897236943
0.459786734957
0.45858848631
0.457302748837
0.455929795203
0.454469918139
0.452923436505
0.451290675817
0.449571990375
0.447767732066
0.445878281532
0.443904038727
0.441845417779
0.439702850954
0.437476776275
0.435167655611
0.432775964404
0.430302201731
0.427746874158
0.425110506777
0.422393632844
0.419596813251
0.416720615065
0.413765622886
0.41073244284
0.407621684367
0.404433988107
0.401169992275
0.397830366409
0.394415784995
0.390926928498
0.387364507002
0.383729230079
0.380021825799
0.376243050145
0.372393653363
0.368474401748
0.364486091278
0.360429508872
0.356305477985
0.352114812146
0.347858358857
0.343536955755
0.339151471166
0.334702780398
0.330191766236
0.325619323842
0.32098635975
0.316293792433
0.311542551078
0.306733572276
0.301867818849
0.296946254284
0.291969856411
0.286939614535
0.281856530195
0.276721604579
0.271535852497
0.266300301593
0.261015986797
0.25568394816
0.250305243962
0.244880947032
0.239412128926
0.233899876022
0.228345280971
0.222749454893
0.217113514076
0.211438594008
0.205725831024
0.19997637779
0.194191394223
0.188372053043
0.182519533908
0.176635034844
0.170719754247
0.16477491007
0.158801775438
0.152801627093
0.146775771128
0.140725539987
0.134652303151
0.128557473468
0.122442513521
0.116308950475
0.110158389357
0.103992529199
0.0978132381616
0.0916225829693
0.0854228697748
0.0792167549869
0.0730073908024
0.0667986765875
0.0605956708578
0.0544051539342
0.0482367563561
0.04210500642
0.036033402082
0.0300632363004
0.0242741518695
0.0188382520552
0.0141717142105
0.0112760724028
0.0115674829944
0.0148571964318
0.0196927530075
0.0251955714963
0.0310083565617
0.0369810531204
0.043042880129
0.0491565133938
0.0553003633204
0.0614609233537
0.0676291767974
0.0737987639636
0.0799649126186
0.0861238895803
0.0922726539151
0.0984086533231
0.104529718265
0.110633899293
0.116719420978
0.122784648018
0.128828046467
0.134848182464
0.14084367762
0.146813208844
0.15275548857
0.158669270836
0.164553354218
0.170406571601
0.176227772187
0.182015820918
0.187769607031
0.193488034339
0.199170033629
0.20481454911
0.210420531446
0.215986944156
0.221512774958
0.226997023502
0.232438703088
0.237836831579
0.243190452474
0.248498604305
0.253760354219
0.258974784997
0.264140980326
0.26925804002
0.274325082583
0.279341222506
0.28430559569
0.289217348192
0.294075639413
0.298879635913
0.303628520695
0.308321506028
0.312957800826
0.317536634172
0.322057251426
0.326518907555
0.330920862229
0.335262398892
0.339542805888
0.343761396668
0.347917488933
0.352010411691
0.356039513303
0.360004157259
0.363903709208
0.367737565146
0.371505125616
0.375205808128
0.378839049206
0.382404305509
0.385901036203
0.389328723836
0.392686846829
0.39597491412
0.399192453994
0.402338992659
0.405414089112
0.408417306823
0.411348222632
0.414206442179
0.416991566137
0.419703236393
0.422341090598
0.42490478102
0.427393993006
0.429808412514
0.432147752227
0.43441172433
0.436600069199
0.438712530495
0.440748872668
0.442708881897
0.444592354285
0.446399110697
0.448128973957
0.449781801479
0.451357454248
0.45285582697
0.454276781554
0.455620244617
0.456886129779
0.45807438143
0.45918496315
0.460217830285
0.46117297496
0.462050401833
0.462850132523
0.46357219982
0.464216660526
0.464783571582
0.465273014911
0.465685084169
0.466019901419
0.466277589938
0.466458284986
0.466562143467
0.466589342385
0.466540059056
0.466414507
0.466212898491
0.46593546094
0.465582453821
0.465154126643
0.464650769471
0.464072667303
0.463420124576
0.462693452608
0.461892992684
0.46101909376
0.460072108263
0.459052420893
0.457960416572
0.456796494135
0.455561082181
0.454254601281
0.452877497328
0.451430226946
0.449913266195
0.448327093727
0.446672219103
0.444949136623
0.443158373816
0.441300454935
0.439375933243
0.437385364162
0.435329321072
0.433208388809
0.431023153177
0.428774232241
0.426462242243
0.42408781118
0.421651575903
0.41915418803
0.416596313453
0.413978615023
0.411301785126
0.408566510601
0.40577350987
0.402923480729
0.400017162468
0.397055288071
0.394038598456
0.390967837508
0.387843778384
0.384667189521
0.381438846131
0.37815953973
0.374830064231
0.371451228054
0.368023840845
0.364548717615
0.361026700954
0.35745862349
0.353845323672
0.350187666574
0.346486505066
0.342742710493
0.338957145306
0.335130692996
0.33126423095
0.327358642202
0.323414825072
0.319433683103
0.315416124263
0.311363067283
0.307275431611
0.303154134951
0.299000113027
0.294814289302
0.290597608362
0.286351002252
0.282075418066
0.277771799019
0.273441103191
0.269084284438
0.264702299594
0.260296100885
0.255866657753
0.251414934365
0.246941913658
0.242448557343
0.237935838482
0.233404737565
0.228856231325
0.224291306468
0.219710942262
0.215116117448
0.210507815331
0.205887027741
0.201254748202
0.196611964538
0.191959663342
0.187298834114
0.182630478142
0.17795560157
0.173275208538
0.168590301097
0.163901883997
0.159210970149
0.154518573325
0.149825706727
0.145133388306
0.140442632143
0.135754465163
0.131069957136
0.126390167939
0.121716173824
0.11704907047
0.112389968476
0.107740017114
0.103100390803
0.0984723069228
0.0938570249914
0.089255869454
0.0846702626863
0.080101734387
0.0755519418061
0.0710227188393
0.066516133062
0.0620346079515
0.0575810616818
0.0531590299965
0.0487729700574
0.044428694203
0.0401340481223
0.0359000306129
0.0317427733317
0.0276870450814
0.0237728371878
0.0200682161788
0.016694774559
0.0138727950681
0.0119702197579
0.0114247291352
0.0123879570617
0.0145385189795
0.0174211555326
0.0207141851862
0.0242347625687
0.0278824337218
0.0316002564506
0.0353543085885
0.0391232854233
0.0428931625899
0.0466542992919
0.0503998155025
0.0541246464363
0.0578249085576
0.0614975524786
0.0651401160208
0.0687505640527
0.0723271460262
0.0758683628581
0.0793729021795
0.0828395939835
0.0862673823002
0.0896553365394
0.093002603513
0.0963083872495
0.0995719462418
0.102792589752
0.105969657855
0.109102514047
0.112190567027
0.115233250957
0.118230028571
0.121180383276
0.124083813991
0.126939846152
0.129748021601
0.132507900807
0.135219064879
0.137881125218
0.140493711425
0.143056463668
0.145569050674
0.148031148269
0.150442430309
0.152802573702
0.155111286363
0.157368287387
0.159573303935
0.161726094332
0.163826433347
0.165874107925
0.167868923617
0.169810700207
0.171699267069
0.173534443672
0.175316079168
0.177044038782
0.178718192659
0.180338434213
0.18190465754
0.183416775949
0.184874715058
0.186278414875
0.187627831326
0.188922926793
0.190163686526
0.191350105364
0.19248219933
0.193559990345
0.194583511332
0.195552791825
0.196467880814
0.197328846441
0.198135760969
0.198888714496
0.199587812588
0.200233173093
0.200824926055
0.201363216358
0.201848200007
0.202280035747
0.202658890231
0.202984955913
0.203258431549
0.20347952413
0.203648457272
0.203765444141
0.20383073073
0.203844567223
0.203807213228
0.203718942359
0.203580049565
0.203390833553
0.203151613359
0.202862718805
0.202524480652
0.202137222477
0.201701286417
0.201217023727
0.200684796178
0.20010497582
0.199477951406
0.198804130047
0.19808391511
0.197317728352
0.196506006422
0.195649173034
0.194747668968
0.193801945472
0.192812462995
0.191779689218
0.19070410009
0.189586176546
0.188426411573
0.187225295295
0.18598333519
0.184701047755
0.183378957024
0.182017598774
0.180617517341
0.179179256001
0.177703379756
0.176190435483
0.174640982458
0.173055591255
0.171434832286
0.169779280698
0.168089533584
0.166366190987
0.164609856855
0.162821141997
0.16100066979
0.15914905478
0.157266914715
0.155354881928
0.15341358308
0.151443653868
0.149445735024
0.147420472427
0.145368510857
0.143290502827
0.141187096802
0.139058950493
0.136906738247
0.134731139593
0.132532828155
0.13031249014
0.128070816092
0.125808480625
0.123526159113
0.121224534329
0.118904282967
0.116566079469
0.114210620769
0.111838619147
0.109450775487
0.107047794292
0.104630385426
0.102199260999
0.0997551355573
0.0972987256375
0.0948307522371
0.0923519410416
0.0898630136256
0.0873646919881
0.0848576952435
0.0823427446287
0.0798205515439
0.0772918315233
0.0747573643554
0.0722179348847
0.0696743326412
0.0671273682438
0.0645778799512
0.0620266865448
0.0594746114932
0.0569225149552
0.0543712799302
0.0518218133521
0.0492750952031
0.04673224309
0.044194421793
0.0416629134191
0.0391391578128
0.0366248038482
0.0341217852716
0.0316324274962
0.0291596059061
0.0267069896161
0.024279414668
0.0218834824409
0.0195285691788
0.0172285508542
0.0150048708251
0.0128921409103
0.0109486571564
0.00927368024973
0.00802718720215
0.00741694157122
0.00758626156456
0.00847756159376
0.0098874909232
0.0116199138656
0.0135436137353
0.0155805763281
0.0176850095008
0.0198294221595
0.0219964443266
0.0241746632898
0.0263562803663
0.0285357587831
0.0307090027326
0.0328729077732
0.0350250504609
0.0371634841006
0.0392866048376
0.0413930449277
0.0434816198833
0.0455512977108
0.0476011553929
0.0496303571099
0.0516381751613
0.0536239988792
0.055587231301
0.0575273213674
0.0594437634335
0.0613360704473
0.0632037039725
0.0650461877726
0.0668630651088
0.0686538958907
0.0704182538136
0.0721557834362
0.0738661353872
0.0755489666346
0.0772039524628
0.0788307859396
0.0804291549169
0.0819987521069
0.0835392965169
0.0850505170946
0.0865321538552
0.0879839574735
0.0894056824871
0.0907970990851
0.092157985666
0.0934881308355
0.0947873401697
0.0960554338629
0.0972922455502
0.0984976188069
0.099671409953
0.100813489344
0.101923709672
0.103001946357
0.1040480808
0.105062008448
0.106043632202
0.106992870209
0.107909654917
0.108793923718
0.109645628388
0.110464731031
0.111251200385
0.112005010201
0.112726150414
0.113414620566
0.114070432991
0.114693604853
0.115284151225
0.115842104674
0.116367504566
0.116860395911
0.117320842178
0.117748919124
0.118144714602
0.11850832514
0.118839860864
0.119139444752
0.119407187679
0.119643208618
0.11984763972
0.120020620848
0.120162300428
0.120272840991
0.120352413626
0.12040119955
0.120419387778
0.120407178431
0.12036477784
0.120292397383
0.120190256531
0.120058586874
0.119897631541
0.119707639004
0.119488850204
0.119241521544
0.11896591393
0.118662295994
0.118330941482
0.117972144336
0.117586213947
0.117173456295
0.116734196683
0.116268767608
0.115777494292
0.115260696234
0.114718706531
0.114151863132
0.113560508823
0.112944994677
0.112305688588
0.111642958792
0.110957179912
0.110248729989
0.109517997143
0.108765379271
0.107991279701
0.107196108531
0.106380288388
0.105544243426
0.104688385029
0.103813118445
0.102918858195
0.102006020283
0.101075015967
0.100126283663
0.0991602936427
0.0981775085036
0.0971783927897
0.0961634280752
0.0951330916724
0.0940878240072
0.0930280858919
0.0919543424305
0.0908670546737
0.0897666828718
0.0886537213095
0.0875286563658
0.0863919752419
0.0852441653243
0.0840857184063
0.082917131807
0.0817389039714
0.0805515391588
0.0793555431632
0.078151424016
0.0769396869828
0.0757208280258
0.0744953477582
0.0732637420046
0.0720265042163
0.070784134998
0.0695371784615
0.0682861624455
0.0670316217568
0.0657740949496
0.064514128501
0.0632522290552
0.0619889157159
0.0607247082355
0.0594601187139
0.0581956552982
0.0569318573032
0.0556692663852
0.0544084139953
0.053149832559
0.0518940548743
0.0506416328705
0.0493931389638
0.0481491453318
0.0469102345286
0.0456770042764
0.0444500465828
0.043229898769
0.0420171252271
0.0408122853016
0.0396159270667
0.0384286012625
0.0372509888925
0.0360837557369
0.0349275780912
0.0337831674079
0.032651272109
0.0315325999694
0.0304278776685
0.0293378812505
0.0282634129859
0.0272053008627
0.0261644391186
0.0251417984783
0.0241383800568
0.0231552476146
0.0221935328382
0.0212544768087
0.0203395112273
0.0194501616108
0.0185881041472
0.017755190198
0.0169534335436
0.0161847760296
0.0154513541174
0.0147554404334
0.0140993821622
0.0134855641405
0.0129167419733
0.0123957059014
0.011925078268
0.0115073079039
0.0111445342075
0.0108381859819
0.0105887958797
0.0103961889529
0.0102592326498
0.010175811779
0.0101429373415
0.0101569774053
0.0102136135946
0.0103081165893
0.0104355533787
0.0105909703111
0.0107695525432
0.0109667222897
0.0111782167049
0.0114001317175
0.0116289335231
0.0118612927132
0.012094220776
0.0123250807648
0.0125515144287
0.0127714121066
0.0129829920358
0.0131847593518
0.0133753528313
0.0135535958953
0.0137184805649
0.0138690856785
0.0140044523305
0.0141238080662
0.0142264665681
0.0143118102535
0.0143792886131
0.0144284560501
0.0144589068454
0.0144702822773
0.0144622749319
0.0144346264566
0.0143871447853
0.0143196892263
0.0142321678682
0.0141245461729
0.0139968502554
0.0138489953777
0.0136808024026
0.0134921951907
0.0132830890947
0.0130533833715
0.0128030613181
0.0125323706774
0.012241481831
0.0119306309022
0.0116001456793
0.0112504082451
0.0108815245232
0.0104937581017
0.0100874512834
0.00966299011418
0.00922081935149
0.00876158540854
0.00828607564209
0.0077952459482
0.00729033051275
0.00677296294355
0.00624540659818
0.00571086789018
0.00517396819795
0.00464162288376
0.00412448985455
0.00363905542124
0.0032104615881
0.00287672822391
0.00268684348806
0.0026847794257
0.00288317297362
0.00325704713496
0.00376408127554
0.0043663738455
0.00503703457963
0.00575847933321
0.00651902864215
0.00731102888482
0.00812934686347
0.00897035671966
0.00983139502344
0.0107104881313
0.0116061075308
0.0125169776497
0.0134420266968
0.0143803284854
0.0153310891633
0.0162936453364
0.0172673573768
0.0182516306164
0.0192459073547
0.0202496358863
0.0212621633548
0.0222828971064
0.0233112563161
0.0243466561859
0.0253885143875
0.0264363826118
0.0274897973634
0.0285482700667
0.0296113198027
0.0306784723627
0.0317492046459
