0.0
0.0001438089763519737
0.0013672978256074678
0.001528570442106511
0.0016108378010410845
0.0025382723083441153
0.004549028305305944
0.004488699839691482
0.004116210406597286
0.005979008866668779
0.007627651833039324
0.007336595975239869
0.007783325021863775
0.012475697631142646
0.013634381771671339
0.013317088087794332
0.016005378174966
0.022524242482692386
0.02261570287910148
0.02320833110536908
0.02863300017401591
0.03260687875704945
0.03187572043657053
0.034094538789779444
0.039020578689798205
0.04057198375946565
0.039548224957974394
0.043099761035141015
0.05105093816133799
0.05107353588312639
0.0522199453572173
0.06773168736324191
0.06707534686108893
0.06810683423821344
0.07715215728350959
0.08366298112029566
0.08330261600280808
0.0841852779032696
0.09571999381134995
0.09753420403401705
0.09614648525615703
0.09942649389469554
0.11047767381615112
0.10930745602891617
0.1087990910482097
0.11940813178203129
0.13268207974277574
0.13052281953590344
0.13285873184058966
0.14657140812069505
0.15254829579791263
0.15269107222324513
0.16092386671097317
0.17097741618828108
0.16968200876284856
0.17111309279530199
0.18094209323587734
0.18716499036443818
0.1838422497157976
0.18525454681043996
0.2056798431259876
0.20649101110126145
0.20852505041928943
0.22761014296752866
0.23250264426085415
0.23374693277851907
0.23867742608391684
0.2529859710873213
0.25302460929517745
0.2512223223095519
0.2621865634171612
0.27243951085822044
0.2699672748367992
0.2714979629125204
0.2847800947247267
0.2907334352484395
0.2866828660722847
0.2905948192948483
0.3148526098980313
0.3171897136597447
0.3174500928799644
0.323282868041262
0.33475612514531244
0.3355779146956701
0.34398732302701907
0.3536947362172806
0.35774724034695143
0.3548022954220413
0.36237096155951865
0.3713595252138755
0.36904563839095716
0.37062794802841414
0.39772706483393155
0.3958793294096157
0.3976000095920914
0.39994737970168515
0.4125658108455278
0.41251912669532836
0.41516702481352047
0.4267323492770867
0.43244673389818905
0.43094575469514557
0.4369943243246245
0.44553066637131006
0.44443779538784484
0.44285639756104117
0.4469733487006535
0.46783134745837174
0.45961220016617815
0.4607798952765495
0.4671010353126068
0.4824254642512275
0.4811858507609199
0.48043434810539454
0.4860766990308052
0.48807914036341304
0.4907776434333065
0.5060563030387352
0.5063065882558715
0.5037627752457113
0.5031575707481157
0.5154780914873585
0.508982093052282
0.5083479527439451
0.5203538787376275
0.5324097142146245
0.5308225476189666
0.5267566384609618
0.5227729341073878
0.5253004797501305
0.5286517590994573
0.5344474354559777
0.5418180669588171
0.5405363641617528
0.544100731441596
0.542490019284059
0.5451124432532299
0.5382362020795171
0.5357314319115504
0.552973739861313
0.5578950322010008
0.5484535833561782
0.5404500414483888
0.5449654956294117
0.5518402183587932
0.5434967835565097
0.5455325942118212
0.5488579371191836
0.5484139827552743
0.5547127238874705
0.5567068656795683
0.5535320023878789
0.5505225887598043
0.5577823075203796
0.5540441393918861
0.55132699562603
0.5440823995236398
0.5526312545734834
0.5505855993416396
0.555426961714984
0.5342950440568994
0.5331352477084886
0.5341210559676833
0.5421875389156234
0.5412740735311907
0.5435473374993166
0.5422513366736712
0.5359710805289538
0.5369414652981445
0.5306287839849912
0.5256574795668172
0.5262739103529569
0.5367114930657232
0.5318765071424257
0.5046157588906767
0.5020428577720316
0.5064310660579291
0.506181874989054
0.5051227398199175
0.5064048271949144
0.5069911206941865
0.5027355245014359
0.5029059663436783
0.49660413577924895
0.4965226248193158
0.49314312544966066
0.49937740031331873
0.4891483895593345
0.487792456025539
0.4680856052002806
0.47048865019066005
0.47420549090549474
0.4649078940731131
0.4513113137696874
0.4534036508695896
0.45626775850978823
0.4569970377303811
0.4543648019133477
0.4526381212980655
0.44232603181934793
0.44202000908172606
0.44315534146552416
0.4313144230826692
0.4245852019184252
0.4275288568106535
0.4300053416554993
0.4110042125589547
0.3927403869315789
0.3946292663792848
0.3998567162262233
0.3966524645490571
0.4010661279665239
0.39959880159593947
0.3980598333056614
0.3899428294818197
0.3866204104985227
0.3815299948004778
0.38171123336758617
0.381991622582087
0.37803127783600904
0.3773624233534254
0.35818606513789114
0.3465162707105493
0.34951727812445615
0.3433481430167427
0.33960710021653573
0.3425183442086395
0.3419121989412776
0.3411576067532172
0.3382916617097317
0.33824652690899487
0.3310073713087825
0.3293620320263867
0.32838085034000614
0.3244609793352588
0.31477154725632484
0.31039504708254656
0.3099591204418456
0.31123936635148675
0.29146851779657734
0.29134190494315776
0.2930796968611585
0.2941858208568336
0.2970963832246757
0.2983225741844395
0.29748680123919835
0.29490939630401153
0.2896709922998553
0.28268824223473377
0.2847927802725516
0.2843748519611214
0.28407933194623186
0.2803445607595895
0.27081698220899786
0.25977694950161145
0.26266251931044926
0.26064109952689407
0.2651648679139066
0.267122439622394
0.2681335178054421
0.26532528096876307
0.2653600319482194
0.263838421461093
0.26371575916574297
0.2658162479242936
0.2646506708627549
0.2579869067303396
0.26176086343183025
0.2520318708934863
0.2523968643451929
0.25499505249131377
0.2514948626214145
0.2513525648585313
0.25192879509656696
0.25477409246357413
0.2612288653579151
0.25998265317732594
0.25793040282850127
0.26154175281500447
0.2601274305223341
0.2585678886046716
0.25322904240218763
0.26286483858335163
0.26111673962967347
0.2606868212918044
0.25850005542190263
0.25662333344682586
0.2576921753754658
0.25863212531861757
0.26507254032976635
0.2711404350571851
0.27037389094467973
0.2720496298172701
0.27411444190876083
0.2726705681088575
0.2705041717970953
0.2829809816261676
0.282244807188961
0.27964210447100096
0.2814212523805349
0.2857879064219524
0.2830563096806499
0.2836939641270335
0.28862467303101214
0.2957723405856
0.2958287369391094
0.29479775394206664
0.30388358686913775
0.3057363243242362
0.304240398821209
0.30511049922323547
0.3145833679654935
0.31437528418087307
0.3106389744233983
0.32017045790276616
0.32431542754558695
0.321679755173356
0.32682886874940714
0.3329069674040066
0.3345123895870019
0.3339200710730411
0.34023393767693927
0.3469875985888676
0.34760860343652944
0.3490450966282455
0.3570914916165206
0.3584185677948871
0.3538147531998107
0.3645394408022413
0.3710328886945635
0.37092166538866295
0.3678050463739949
0.37914213898995075
0.382599386607047
0.38252036107043963
0.38286816879220986
0.3953786661352122
0.3970038063653758
0.39544245540989
0.39948429567100724
0.4081049846480527
0.40828356128632165
0.4061246897131533
0.41775017020694655
0.41989569541503097
0.41794812619382576
0.43232390315004904
0.43435786639201635
0.43373146638348675
0.43382913479707824
0.4435498263497991
0.4475595924187885
0.4456821428799481
0.4490195160711165
0.4563841359558118
0.459472554228899
0.4576074435702105
0.46694841262418496
0.47005444637356764
0.46915322805385723
0.46968971003536353
0.48147517269331597
0.48213793807652705
0.48053296928281847
0.4837993302941233
0.4939393979451214
0.49405658877518377
0.49345873840829085
0.5008127185601497
0.5056785272752986
0.5038791033409985
0.5067329188975761
0.5130126596787125
0.5147225168993874
0.5142043988795258
0.5232734852492846
0.5245938518580829
0.5208259841707636
0.526601071877037
0.5329004762447194
0.5344590026631534
0.5313884486791316
0.5366850612742516
0.5410319308691047
0.5417691292364871
0.5411116334067363
0.5482316492585662
0.550911580075093
0.5483907125805811
0.5513718672031953
0.554766511230191
0.5565689393459493
0.5541082394290909
0.5592386756376011
0.5612558933993077
0.5620804868661068
0.5610388909824298
0.5683842003838544
0.5674630781454049
0.566088268598732
0.5694811110700178
0.5737453570700438
0.5728440335379643
0.5719844479587733
0.5765435884761991
0.576884782029685
0.5758021487528878
0.5775481435864875
0.5784650777609384
0.5784222522216609
0.578244508249234
0.5797114124671704
0.5809391540820837
0.5793871681068344
0.5803785079859859
0.5835281664884232
0.5840812527306455
0.5828456995848248
0.5840035803251953
0.5857653640237451
0.5845909646601636
0.5842393179299126
0.5835587187610876
0.5861013186593919
0.5843319430226754
0.5827766141979654
0.5830210237984037
0.5806156364354624
0.5817393933517896
0.5824135789451712
0.5831313292812317
0.581751502911778
0.5817478814137003
0.582578934534298
0.5821790176164463
0.5814550963020336
0.5794000255060038
0.5820623127485063
0.5788349709620698
0.5796512167805181
0.5740919044226571
0.5758981588799698
0.5750679076784115
0.5748402232206938
0.570886563736524
0.571126797651798
0.5715855352146144
0.5722129559868402
0.5719815216321228
0.5704651524796589
0.5700458589701131
0.5669741620195826
0.5681615105120814
0.5641635428060999
0.5647310706293968
0.5629480955955194
0.5648900200184301
0.5583091651766217
0.5531344172262459
0.553526151582195
0.5541998637582389
0.5541223111924557
0.5555025990238384
0.5546946694608396
0.5538553786757853
0.5504788785715178
0.5494058065077018
0.5467731161248377
0.5467991943002037
0.5473686422290738
0.5464480116413699
0.5467887958662894
0.5406093682088058
0.5359827202332151
0.5372469306791096
0.5404479857613622
0.5355814999402811
0.5346655697886382
0.5343991313206734
0.5355419708879465
0.5327983533837309
0.5318478853289224
0.5282346961717087
0.5263682808158907
0.5284642829750538
0.5252233293850255
0.5207963902162808
0.5227274308166495
0.5236982614346264
0.5249596162894893
0.5143625047647543
0.5137727984672306
0.5150033222190257
0.5179497470508792
0.5184946023906872
0.5183454615560544
0.5178661517378396
0.5139721534450166
0.5112321338934195
0.5065132847107653
0.508276111529665
0.5130239036460297
0.5128226535646148
0.5131224432364321
0.5126852366666981
0.5018057600158488
0.5009961048240147
0.5050272462204399
0.5064824049366423
0.5070584621822308
0.5067602998886608
0.5053171768832821
0.5015336168682545
0.5008811176838043
0.4962471973116637
0.49750776576828637
0.5030872406806697
0.5016033794991189
0.5028252078823016
0.49738737253856274
0.49755073895865565
0.5028738807562152
0.500395621984643
0.49626930311432915
0.49762354486797095
0.5001797101943226
0.5008548146294477
0.5003307266757455
0.49866740814225863
0.49884780880516777
0.49797673259959796
0.49506074263751426
0.4901859762204142
0.5039745950277665
0.5003616307152163
0.503138601565379
0.5056081304754259
0.49754038846966436
0.4943858582222575
0.4961934797407459
0.49959922599174644
0.505703084180788
0.5049344818050534
0.5031213399049597
0.4970871225528646
0.49608625968961956
0.4931007163318039
0.5009765731812511
0.5054549501931175
0.5057572517253753
0.5080737495901966
0.5059756137535947
0.4958008411927977
0.5031586258992081
0.5084621189508869
0.5069998501350995
0.5087385115476654
0.5078333188187598
0.5085530095197403
0.5060679903004066
0.5035479697983585
0.5021369001828736
0.5125370555629546
0.5080464483312628
0.5045245933525797
0.5122706095291992
0.5137795658297272
0.5106771424835689
0.514026118159726
0.5082704681276475
0.5099178480206528
0.511552081244633
0.5126180662431692
0.5156036713763391
0.5168978120244031
0.5161769553525426
0.5123743822460025
0.5107483762859396
0.5046961980157656
0.5190085053643085
0.5209984388459062
0.5189187151317085
0.5213683005833815
0.5250917844024481
0.5091969861850149
0.5120163184920323
0.5172585229908275
0.5229990080984785
0.5219638015390012
0.5227285574387612
0.5189411911192836
0.517481782456945
0.5122591950943881
0.5067255270845223
0.5216715164343951
0.5194281561506884
0.5202667873364741
0.5178427511810464
0.5142399870174033
0.5133590030534908
0.5161481973011606
0.515486291414942
0.5172330731626782
0.5177867149699302
0.5217309294147369
0.5140754160833418
0.51338539660988
0.511976126874318
0.5196181281830831
0.5117774829966981
0.5098253531264049
0.5098779765822569
0.5206148705405452
0.5043978416400147
0.5118902937971961
0.5151409448527398
0.5070703208166997
0.5011839983172849
0.5038961411063716
0.5082002479012678
0.507059972503355
0.5060423945218033
0.5020353427518984
0.5000160438551802
0.49428288864357883
0.4914863166779653
0.4961266248593904
0.49919753614065177
0.4950162306251066
0.49721215759427306
0.4844189323358942
0.4800003495697269
0.4833862332672143
0.4859814169855292
0.4825559737761034
0.4846704144694628
0.48596373418818906
0.4800123948980961
0.4717028915636794
0.46945212410619164
0.47459152584905384
0.472191154192321
0.4689001694677733
0.465619875837757
0.4740708275232398
0.4540679233980676
0.45483851181850576
0.4578483903458151
0.45884811515844803
0.44960037160540894
0.4511237581226345
0.4483261171781734
0.4465667595183542
0.4419066231670847
0.44100174344081994
0.43769550675719326
0.4324856267065732
0.43251115393971873
0.43016484181646664
0.4225480516618322
0.42198829905667057
0.42254404525589423
0.4188014452916768
0.4075939102289316
0.4097699680513936
0.41288655507209565
0.4056853281569802
0.4043065726624085
0.40417646161995746
0.40203042787110144
0.39239313555207495
0.3912918599300384
0.38992535170608666
0.3922775369788943
0.3802747653483203
0.38243439691660086
0.38347531329131596
0.37428934815934783
0.36495431465454686
0.3674314041250943
0.36671588905086394
0.36165831959721545
0.36129839271641784
0.35944432205009746
0.35204536907734657
0.34889622346363075
0.34905880576430753
0.34724870945150665
0.3418699299403229
0.3387504047171758
0.34051621017026706
0.3291047645414525
0.32538716773043075
0.32542492707844545
0.3264583065040849
0.3175741829916886
0.3178243192006587
0.3184764043572208
0.3149504947301314
0.3082325685640759
0.3085443257809604
0.3067505211031138
0.3009577617637985
0.2991357195274434
0.2983486154817649
0.3000588528335626
0.2891229343097478
0.2889557328283544
0.2884894467938605
0.2879662961815508
0.2808316939660096
0.2811597320849087
0.27907223099442735
0.27554107794935717
0.27368036042942673
0.27393031398776324
0.26948322733081986
0.2660272949045311
0.2662518813606949
0.2650847420644343
0.25870787831923925
0.25942378610551087
0.25879651549413835
0.2577230428358442
0.2545961524236796
0.2545996464095376
0.2546812757185361
0.25171264943413807
0.2502751059666901
0.2499655724698326
0.24755204298775918
0.24446760984141597
0.24468442298294757
0.24484816374261845
0.2431581658012224
0.23989905417556184
0.24119909501512932
0.2413899931623767
0.24075213679112037
0.24027788907528574
0.23969799787679175
0.2411404019921995
0.24244992679023808
0.24117875013394402
0.24076526990074332
0.23789146711944886
0.23778069335243113
0.23699665447970916
0.23785380008319923
0.2371952252269818
0.23753403254176442
0.23775016620103212
0.23885394476970936
0.23950096691866696
0.24013130422270762
0.2396535492488791
0.24641037841350055
0.24793468658176832
0.24679617799062264
0.24613027749877256
0.24833700651620216
0.2469626701142573
0.24729024279502804
0.24683331003304743
0.24935620742428377
0.24909231600682163
0.25168075621938246
0.25379418232971646
0.25414226617411717
0.25562416995413534
0.2627788299306762
0.2671961300183131
0.2667966832215482
0.26768556008923344
0.27487867905602925
0.274232200043522
0.27375608996423273
0.27625913836406507
0.27659077015239253
0.27529669779943305
0.27772952883701385
0.283096411650569
0.2843062840895821
0.28461923922049714
0.2895930921569067
0.29756801717643616
0.29744558367568136
0.2982065284519365
0.30490224393663
0.31425875182355045
0.3120718287818766
0.3112498096775608
0.316906498864419
0.31702022436577204
0.3163680011147338
0.32053700061272367
0.32412332221591705
0.3245940882374498
0.3250892828092842
0.33440499231657106
0.33883328469307594
0.34032808160898254
0.3516967895796265
0.357632616381891
0.3574472374972492
0.35798623261030765
0.36541388222857035
0.36869290606017074
0.36584169884056
0.37004826173618366
0.37341885120328244
0.37201023078857937
0.3722549521804839
0.38451336859407415
0.38557806291750535
0.38837298353266386
0.38893085530033356
0.4010582905731176
0.4014278600307458
0.404433753628745
0.40579999485639984
0.4193112591806061
0.4185001512511166
0.4172903161152944
0.421741772186862
0.42382670400660005
0.4212231507003439
0.4266301010163248
0.43402813139611385
0.4336019284677912
0.436424616424017
0.4464678008655716
0.44679615880143037
0.45028183624401996
0.45098330330942527
0.4609407406383399
0.4613988240699215
0.4622838997898463
0.4665161927277649
0.47198957608442255
0.4697302495075835
0.47006972120424184
0.4765379706554787
0.4746268759743857
0.47072942852729327
0.48410330258840095
0.48659105373188866
0.4881337717748745
0.4901561683981141
0.49221227541565116
0.4925191252585385
0.4935404105277968
0.4953440547008059
0.5066021401764876
0.505528647463678
0.5046207696669484
0.5043668155924952
0.5044275381843957
0.5032785412532722
0.5025515700344979
0.5133250355850356
0.5140094402104167
0.5139426045493046
0.5185319263045857
0.5093803030871529
0.5154952195827944
0.5164413884949935
0.5161731824502195
0.5202393279087465
0.5182387894867803
0.5191347698028661
0.5224460764187974
0.5207380378066115
0.518176895880149
0.5246768865536613
0.521060258795458
0.517766531116538
0.5222608770101018
0.526068063866091
0.5189262235668095
0.5246114374809034
0.5161695041524764
0.5096042118002275
0.5110864590403926
0.5106153505227294
0.5188835747179774
0.5183844721975532
0.5178222472402739
0.5120745994528484
0.5089216022808188
0.5059462497492371
0.5087565307923886
0.5127250098942107
0.5096380764159383
0.5089771130384825
0.5087663041099999
0.4855839979035155
0.48651197335777885
0.4916492760432157
0.4876421674462056
0.48936536463624447
0.4887437950383572
0.48597714137845677
0.4843183793589114
0.4794568391705487
0.4750580503834392
0.48096932077490484
0.47616790721783414
0.47509850318971575
0.47135012371989415
0.4702546842609735
0.45208679770972326
0.4563402581058257
0.44591768824774525
0.4351064483060767
0.43657511522628195
0.43726844947368637
0.4351144437575648
0.4357980875621201
0.434749368608055
0.432372479978863
0.4242010272148332
0.41922632322459974
0.4159422883513154
0.4204047393544561
0.40636986600537256
0.4079257745202047
0.4098556545518306
0.38299064474891725
0.3718517554533712
0.37539327431109304
0.3770684942114479
0.3738800435052333
0.37437482536050076
0.3710236638994808
0.36849521672378244
0.3570420306493187
0.3544624180276238
0.3519603402774225
0.3529205171462433
0.3487820918365563
0.3445271918294991
0.32865234207102473
0.30996110325295173
0.3129264400334102
0.309120936335501
0.2970077654155778
0.298306166939223
0.2996575258470188
0.2951184170498076
0.2916197019142939
0.2892140999950316
0.2907800743661283
0.2841388726217172
0.27862301896751274
0.2707014963325024
0.27588751492993
0.25599896622030993
0.25524991072719433
0.25623773865309785
0.24458619677172974
0.22419985723962021
0.22537534362929496
0.22768187507745807
0.2264095095658517
0.22478527680630422
0.22433707223589744
0.22068205469841762
0.21139761682099428
0.21030617816972638
0.2041896546226684
0.2043977899254601
0.19993469197169236
0.19701112697988846
0.18312861385806048
0.16620995545139267
0.16729886162083357
0.16992096410626834
0.1614162075648796
0.16271909319160405
0.16236771891208057
0.16235603323937806
0.15790285451614872
0.15671403844829324
0.1549473064480798
0.1547576470717614
0.15069355004542054
0.14503371201615725
0.14498698311124708
0.13570857874717684
0.13193791667823127
0.13021811212197318
0.1297166708238358
0.11597420848456297
0.11638502348748846
0.1165564689992856
0.12083588340460753
0.12021532966589547
0.12075063127340703
0.11695107179279846
0.11483682134815658
0.11539936989751998
0.11017063312955536
0.10824190598768303
0.11270655963621672
0.10649647415745875
0.10555937328160256
0.09591409741755026
0.09677887175499483
0.09792969067149881
0.09710334396504497
0.10135756282702575
0.10165545331514773
0.10267229650295377
0.1044072359022477
0.10567122169972118
0.10304220461243097
0.10346740867922685
0.10606772574934531
0.10748010446805344
0.10060800924800334
0.1014637102412885
0.1066641116358361
0.10678410170406287
0.10341509267484647
0.10408507873260661
0.10695240333736716
0.10665282797393497
0.11301613821458964
0.1208932288055625
0.1207640727442422
0.11951348839350583
0.12194908749385194
0.12482484355378985
0.12093189039869129
0.12297460519531245
0.14088897051535196
0.13572465811817594
0.13457038727470627
0.13440033610488256
0.1423544025053949
0.1407335705225853
0.14238549630376957
0.15325626346882518
0.15739630770340324
0.15762109020593307
0.1627864738432282
0.16918101608668837
0.16774128949861083
0.166729238700872
0.17186195154340092
0.18961118378227357
0.17983555562149645
0.17975201637808835
0.1979871380875186
0.20055331173236315
0.20038686123020338
0.20566795783208258
0.21285767103517214
0.21218557043414318
0.21760080205370874
0.23334790463118504
0.23475447589557352
0.23353640931273512
0.2403597476877525
0.2518208064965004
0.2460423646694312
0.2447060585002396
0.26783259920505675
0.27831126706119125
0.2717239749620121
0.27213820016479173
0.2877403628866285
0.2883163248090981
0.2913113570590037
0.3019539417920021
0.31259883012796097
0.3098961164346216
0.3144600357836194
0.3244992518175036
0.33004198692811804
0.32728056238181613
0.327191967648934
0.35410491653046394
0.3522372857645981
0.3540381608295379
0.3773485586433068
0.3762024736362627
0.37523173603130294
0.3830065196972488
0.3951368910885911
0.3933063383122485
0.39269786049168653
0.41085489470310954
0.41751255962723616
0.41691790592275707
0.41777012811908737
0.4374589301851534
0.43521359628824463
0.4327687545430155
0.4410547238430573
0.4676007713948033
0.4605063391014195
0.46016353358521866
0.47092111630276806
0.47969581892320046
0.4769986060113694
0.48656816848291207
0.49799627490498277
0.4999474523509742
0.5007487820643082
0.5098243045347063
0.5202526525076693
0.5163187479379002
0.5222452409063845
0.5410109251406306
0.535654155223245
0.5354089391276915
0.5491639691978359
0.5593963279349049
0.5549976094403356
0.5552885245200156
0.5705196323943813
0.5715200413646554
0.5694305511883624
0.5798529619867578
0.5917285460554561
0.590385944516192
0.5896790524408949
0.5961296879316776
0.6043370244372207
0.599277757171658
0.5987770542494579
0.6162015484528172
0.6207366775613392
0.6158079285476039
0.621088923231436
0.628764754053185
0.6261249600123044
0.631059103423265
0.6419456119802016
0.6446792380969844
0.6431429531358579
0.647295533562734
0.6514930108476077
0.6490920771132083
0.6503936299845051
0.6587709337897384
0.6586356890182139
0.6555718700764355
0.6552769262251871
0.6683339629524717
0.665167326482852
0.6627036482052159
0.6690790994609639
0.6751876489837826
0.6715668800948545
0.6788824018540538
0.6810077122557053
0.6825037672660379
0.6823610380167622
0.6763549930809387
0.6786407222556917
0.6759954824511348
0.6739930461908064
0.6734334697000209
0.6814560726510531
0.6774859353792081
0.6795255796091126
0.6808631647960905
0.6805992120481458
0.6797969020953522
0.6879252994218198
0.6884558571154034
0.6861450667495171
0.6876077485713731
0.6787689783003297
0.676251178629818
0.6755360879447718
0.6666719319204131
0.6727503642264273
0.6668593185036754
0.6637648599764742
0.6643983712630611
0.668483886052526
0.6656876437975628
0.6696910267127737
0.668569680853874
0.6667498081605272
0.6690062550456288
0.664103828285188
0.6618135415709566
0.6607384762039739
0.6577367837045093
0.641288536733906
0.6422671652872792
0.6391307913502222
0.6328974026231217
0.6347471067462492
0.6332759030644014
0.6309230976044945
0.6305992088183796
0.6290562743978055
0.6285408017832017
0.6304303684680919
0.6262116810228792
0.6223168510833824
0.6203240009755959
0.6034619056885966
0.6025413817734949
0.6013396517370055
0.5911453621976255
0.5859820963260359
0.5854589414933314
0.5831151676081565
0.5779361451034501
0.5805041502074128
0.5781301437007349
0.5826453959634539
0.5752263250173202
0.574989304868837
0.5723558622047337
0.5700971807480799
0.5571129168172684
0.5563916905092896
0.5551648545281841
0.5327811975129317
0.5318286032889812
0.5304396608188354
0.5210853969181437
0.5222840902324356
0.5211135183329636
0.5198649260472056
0.5180981564978682
0.5180467620442745
0.5164885746963221
0.5148364062649222
0.5060742181658316
0.501968145536855
0.5017896595914737
0.48808145199792885
0.4838873363336433
0.4811793802850052
0.4785235266500411
0.46374803346452226
0.466022130803869
0.463749204256438
0.46530599221620284
0.4623075292820943
0.463749650470494
0.4649766067153056
0.4601830521244046
0.45361387914667006
0.4506987930384523
0.451403598522845
0.43943554204627855
0.4379888303007307
0.43415600768309837
0.4173797050096154
0.4186733012725214
0.4192885170484933
0.41251757900972025
0.4116145887895235
0.41369939627472363
0.4154739744761747
0.41295290296696463
0.4134957344844775
0.41008986862256724
0.4114300809227648
0.4037263273099966
0.401714717543185
0.3961493619394185
0.39434852360633066
0.39079459876036976
0.3905189627284301
0.38940043361899124
0.38018867205508405
0.37828969703357124
0.3786099660181251
0.3824071649774782
0.3850502813079673
0.3862006707073222
0.3856297475763859
0.3832603619617508
0.3773506278928111
0.3736991299760083
0.3724667659666088
0.3734906663774036
0.37623496160905673
0.3742039379420614
0.363907478959578
0.3618978448648266
0.3635990022027879
0.3648440646256706
0.366093261918424
0.37324530519766064
0.3733897588650443
0.37392725478129274
0.3720404384151162
0.3692069693956228
0.36840536658898615
0.36986376640508845
0.3794464330133043
0.37022854836717217
0.36902007046511426
0.36987320846568694
0.3738602831389966
0.37373991606642276
0.36905655439972423
0.3724340961066514
0.3755798149815122
0.3781558411895307
0.3854232564209752
0.38542345169936143
0.3852322459868487
0.3837697547845402
0.38526117175952207
0.3834193770872124
0.3797665456433735
0.39595832682878085
0.4013443971821357
0.3996456364039191
0.3943905091704525
0.3922297758953035
0.39442681052820106
0.3972728059985661
0.4029205547074863
0.4144368560949897
0.414737555670262
0.4177089842875591
0.41492516585109296
0.41521152484168333
0.409840049674997
0.41112002423001337
0.4353074159996216
0.43455129702178985
0.4299897243300792
0.42777454161594913
0.4352951512452679
0.4378293786046397
0.4359708588861542
0.4438742392065189
0.45129987729558596
0.45127089261332043
0.4602786857666062
0.45998802409029865
0.4588921746033431
0.4575699097596103
0.476091920022908
0.4719772774207346
0.46765406590547554
0.4736528051202567
0.49044943541511954
0.48809151030265113
0.48837301286335494
0.4876404777115642
0.492857382173883
0.4940785143393031
0.5021322937456082
0.5096937755222906
0.5117406623950046
0.513677133019546
0.5108994976250893
0.5217365122272843
0.5129974975689322
0.5117353212499102
0.5270253913676761
0.544351007435018
0.537670456105913
0.5353905757279054
0.5401343762480457
0.5441241744019895
0.5449634321348314
0.5570684886864584
0.5609564087807818
0.5608932019034566
0.5632401927982356
0.5688582159854702
0.5652474117431162
0.5632188634502012
0.5776782650278902
0.589937153851535
0.5817089641021709
0.5797084585177081
0.5903287318762828
0.5929753323360809
0.5941626846394578
0.5951745236381947
0.6025868372315457
0.6019169694147831
0.6085355691559544
0.6100802868472116
0.6143295986585161
0.6133469436743787
0.6101279784008049
0.6211813655116938
0.6229728244047209
0.6175568994813944
0.6245088277116231
0.6351699981003408
0.6346307571051983
0.6317138641365859
0.6341879383814187
0.6376136128330923
0.6372244012254897
0.645344176343036
0.6495854435231314
0.64943332283096
0.6469382356225124
0.6542054146059367
0.6524279288326841
0.6514969665129302
0.6480173892824979
0.6654299279044903
0.6599833298679029
0.6584751836361631
0.6578550478170871
0.6639528152699185
0.6633629787813589
0.6652859623520494
0.6665628666095436
0.6692070392990516
0.6700781617335515
0.6709602742294655
0.6739721728838347
0.6724753990573337
0.6723939210524382
0.6700817636370372
0.6759105016668594
0.6715202166874177
0.6714282714210557
0.6773285562796063
0.6751191238551306
0.6738290739993152
0.6749414552946311
0.6755467274401182
0.6753302641968297
0.6753690194203943
0.6791907894419954
0.6788097165611594
0.6789325914920112
0.6744386023896921
0.6788017257928479
0.675533270259518
0.6726972024345835
0.6715376888385233
0.675411549423022
0.6704914398160795
0.6690849720621892
0.6708235069254499
0.6706585691414878
0.6715603551258849
0.6684452059942239
0.6695004461275429
0.6692724747064837
0.6703334438261401
0.6682036026913413
0.6685081233296926
0.668629483260848
0.660807845021697
0.6598375784823578
0.6564141927884127
0.6551077644084922
0.656843918129591
0.6560701398314854
0.6534339635262181
0.6499349810563337
0.6495603294493045
0.6490660508222849
0.6499433328970055
0.6479846193181757
0.648957561568354
0.6500580635957377
0.6432404966624969
0.6373580444324531
0.6376140829744051
0.6361585511359888
0.6320495852214412
0.6323408182317622
0.6290210726000143
0.6289294623694457
0.6251722648174644
0.6239449145393907
0.6238540168490389
0.6217524728895565
0.6200949035353099
0.6200258947739193
0.6226869152380476
0.6151009461788686
0.6120545117079705
0.6130009612070931
0.6039075282570303
0.6018763574231059
0.5987228229980259
0.597270360520735
0.5977464325326435
0.5978269704549659
0.5959548145093803
0.5931375678604276
0.5880976231100417
0.5879735969525309
0.5879523686753992
0.586427025838034
0.5845202949109389
0.5872296960309853
0.5860080591846969
0.5734791184578792
0.5706941818878538
0.5691367149676708
0.572888615295963
0.5705241819081464
0.5661589202797759
0.5668793601315334
0.5623573724822013
0.558837917145891
0.5592752162582102
0.5583847901840379
0.5574202673580816
0.5573306903259122
0.5587827786073977
0.547131871177876
0.5451642802644714
0.5455053703469007
0.5461104643131999
0.542644957325946
0.5424152533392866
0.537579994411146
0.5391813709588629
0.5368670273139646
0.5367082742840396
0.5347025947236196
0.5328645310635098
0.5321216729006546
0.5325086000539113
0.532791361113621
0.5259700579851491
0.5279623038682713
0.5292892103500635
0.5268965685147534
0.5185274930973378
0.5166660621889413
0.5243751148747738
0.5226679927497992
0.5203930195892766
0.5196618875975214
0.5145370898050974
0.5135455351169308
0.5133737950240449
0.5155591035216971
0.5126683438236246
0.5147428874555826
0.5154385209292748
0.5113323465229358
0.5032526224301971
0.505466277765777
0.5047822714693634
0.5117590385457703
0.5097938861388864
0.5079808182584973
0.5064347350499535
0.5053010508353573
0.5046850670513084
0.5034271876106275
0.5049877850861731
0.5050536565362412
0.5063615989186773
0.5086531380074341
0.502719611418602
0.49839802309379466
0.502353951479615
0.5062920476945387
0.5026064704092952
0.49966610042830895
0.5035254281065786
0.504820236677894
0.5034976743206316
0.5026850059667218
0.5012214758953784
0.5003690593598339
0.5014517061017764
0.5020331591027135
0.5014649443231269
0.5005723376529003
0.502371812454947
0.5024564373209246
0.4994815551169666
0.4992207355104171
0.49776589888665373
0.5039754422925712
0.5041580107180251
0.5043530852383659
0.5019440265754969
0.5030509133514134
0.5021724936890282
0.5024558201612905
0.5032878328176366
0.5035658403014184
0.503571206113168
0.5057161622812761
0.5042229129832148
0.5009050351836417
0.5012798360026578
0.5062516803882753
0.5033851666399993
0.5045121081972577
0.5032150503260909
0.5055469289177674
0.5052632453888419
0.5055652165057518
0.5056105680660279
0.5050427940080833
0.5048069606784636
0.5050149682548184
0.5050643642587969
0.5050120465406691
0.5054392154438332
0.505397930947241
0.505081992058472
0.5019706574014744
0.5033868358764202
0.5037375082034213
0.5058068244984932
0.5048108748872754
0.5051917644437172
0.5048797261172846
0.5044182961366452
0.5042325770476919
0.5049149662241341
0.5032245823516486
0.5039177519244965
0.5039931443614847
0.5022224101689818
0.500912777581225
0.5015439806501408
0.5017956912093093
0.49764212784688966
0.49725936550599453
0.4975481579608446
0.49829330467496846
0.49944463653110893
0.49956292011462344
0.49963423921288486
0.4977936011591415
0.4957161737735133
0.4950376317161532
0.49414830712516566
0.49527694786545395
0.49579208082259313
0.4957976725207458
0.49232897294001066
0.4837458551758676
0.4848710857739113
0.48492666592477485
0.48477709899145055
0.4863770364791244
0.48618113034594723
0.4849670349479997
0.481401585556852
0.4809461600300242
0.48048135381859447
0.4798228501157624
0.48067469769795373
0.480100419977938
0.4738108161969801
0.4680726400046943
0.4688160411998311
0.4696544444002089
0.46503146624059005
0.46094877440854964
0.4627877338688462
0.462101831647418
0.46123199801307835
0.46121786475577464
0.4613174660837299
0.45863244142281384
0.45704451313708877
0.4541492942821637
0.45426136539857137
0.4494976994217972
0.45092215132226393
0.449159121846608
0.44529400663301344
0.43259203739650187
0.4324729637698982
0.433418901045998
0.43299789859179266
0.43374939303869103
0.4344984059700671
0.4319593624803195
0.42608264752311414
0.42478613232208
0.4241101591522152
0.42272481647872734
0.42569157641229227
0.4213945304770205
0.41999697945923975
0.4048673118788205
0.4031364356310933
0.40365758211599323
0.4031823798727186
0.3990421764468491
0.3996090307212204
0.4003212436322691
0.39655553065491295
0.3942376225576625
0.3941487748803887
0.3929740296550829
0.39079483901540607
0.39090288334272416
0.38791960796129027
0.3845368441800001
0.37790380955515296
0.37751885571814436
0.37276719534150704
0.3620360265716561
0.363832197810776
0.36443415126457807
0.36447976989713854
0.3642665087481039
0.3645447487851319
0.3646208006099893
0.3606033911244563
0.35659947823877014
0.35572567741448236
0.35383961830511385
0.3543213676290592
0.35197860093942884
0.3502774063232131
0.3437315057717995
0.3343043266625288
0.33578561264811746
0.3360343348446065
0.3365943045955343
0.33552552580695966
0.3365432518166737
0.33537768089496045
0.33176664480759216
0.33089504368928624
0.3309726357112382
0.328385831837439
0.3301284634454639
0.32646812962248156
0.3233220959239411
0.319180835637186
0.317256771780577
0.317524537947421
0.3146048298150053
0.3129754835790605
0.3147869272314948
0.31553009782361385
0.31401551973091113
0.3157660257871225
0.3157706755431995
0.31618388777056006
0.313748219861182
0.31123683673700925
0.31197140462854916
0.31210833949229744
0.3118691009958343
0.3059749380208421
0.3098507654842466
0.30727173602649277
0.30576374630017045
0.30576350267621644
0.30799904773715847
0.30963135502141176
0.3099179538320966
0.3103157102583485
0.3106764519364039
0.3104620939277505
0.31118771773110715
0.31235981726041356
0.31235869385257353
0.3069013092814963
0.31314843619268856
0.31446777855956987
0.31416316955749607
0.310306445540996
0.31607677423934905
0.3142429546703755
0.31641787255494574
0.3180313149060361
0.3198120204675204
0.32243691601711694
0.32294795055796854
0.32516888491560886
0.3251503570044441
0.32406617311437796
0.3207201627367399
0.33186388699301383
0.33272021436812843
0.33032049632935134
0.32718038253426596
0.33972124039225515
0.3379602010808901
0.3382139494244689
0.3396967332663168
0.34599807260317667
0.34563940839494117
0.3503650845588745
0.3527582728952154
0.3517354152546021
0.3525637252379199
0.3601390429022871
0.3602187180209856
0.3566116399621859
0.3560457091138387
0.3760985803058045
0.37428337391127753
0.3722375617511277
0.37453843046211255
0.3768224182383449
0.37962394795545407
0.3795002011254135
0.3874720757260845
0.3921451634343301
0.3932295654882235
0.3938165343539134
0.39870344934783164
0.39484998334473576
0.39312681694708274
0.39962303176309744
0.4172488752101519
0.4132496288592472
0.41336837631346257
0.42481421058643154
0.4242630612534751
0.4233360182592482
0.42550051876122613
0.4328401940572979
0.43594876102785757
0.4378882074262398
0.44458623866844516
0.4427681626012163
0.44189340763202284
0.4514514528232878
0.4567616915355373
0.45686759919804093
0.4468331840355234
0.46762926089928236
0.47334861789942123
0.4731161184121508
0.470751211972431
0.4778966329217958
0.4788246043983148
0.4788013981981039
0.4821856747184125
0.493061986965537
0.4939074442166196
0.49494836355216093
0.5015001539103912
0.49538055554917315
0.49634920166469393
0.49735665295003983
0.5190003783084175
0.5156890972179364
0.51212804835817
0.5235906826887954
0.5235155090450063
0.5212414939303895
0.5248801770813111
0.5288075355314137
0.5354330884147859
0.535057682775658
0.5405458973881736
0.5360809496439117
0.5395042795659252
0.5389379661676663
0.5513579433429248
0.5480720037723964
0.543946172418699
0.5464734241544723
0.5600884794466011
0.5591201979738708
0.5561427417854922
0.5601454635361207
0.5644093826727811
0.5637785892298458
0.5629509938146235
0.5724094839062391
0.5723787137915043
0.5758182272151076
0.5774472066709303
0.5731660558527479
0.5650565721778792
0.5729570407714893
0.5841525135691676
0.5822123941659855
0.5749420465019144
0.5806713466235428
0.5794198075477377
0.5798829177118392
0.5798149488729575
0.5826741128131515
0.588457841842658
0.5901972567043945
0.5919590339332911
0.5832289027674024
0.5833041085009397
0.5806503351790843
0.5884303934629177
0.5815996214951342
0.582040838003937
0.574252455090978
0.5844942489985245
0.5820662799088747
0.5809023321409323
0.5805976626255507
0.5851206421588323
0.5841468656205717
0.5854266137581613
0.5878601657671715
0.5830766832378494
0.5855237761923178
0.5872562366723595
0.5737385528259445
0.5651815682978631
0.5624283994749099
0.5720740384805589
0.5685679124959891
0.5646061825819281
0.5621409172628975
0.5592424669968374
0.5606477318394794
0.5599604762093546
0.5622483767335319
0.5634729356095478
0.5653237819381123
0.5659406497716769
0.5527705449242867
0.5422193415994101
0.5428759493364744
0.543522527314579
0.5361343378931263
0.5319990451995888
0.5265660189601168
0.5303689436706353
0.5248791119592532
0.5238135371377296
0.5221733820755787
0.5242607840141823
0.5248894715335227
0.5249755706361765
0.5253335742539835
0.5138434244151975
0.5091743436954732
0.5109504042533238
0.48713436581288916
0.4865238525048013
0.47809863288329396
0.4830078382227978
0.4777188175106798
0.4765737720861754
0.474281683514594
0.47062115565434937
0.4699705814613383
0.47015144598238734
0.4702447177239107
0.46603119895827955
0.46738028666300846
0.4666032063563867
0.460089553101397
0.4352423289784926
0.4384289693395168
0.4316247319886053
0.43128283145178026
0.4194007562852793
0.41689003192946794
0.42078028826271807
0.414689321577226
0.411921165121915
0.41226191402344725
0.4086831734801528
0.41210063384320406
0.4124982462217772
0.40578420946271804
0.39029241117470476
0.3881796667695593
0.38716250412023445
0.3760931237602644
0.36654470091169805
0.36382474949477284
0.36120584775774145
0.35840868734769254
0.3552343592147166
0.35543244100336174
0.3580878006464036
0.35562078856711216
0.3568062379073433
0.3567554671656557
0.34780482191262985
0.34598281183443685
0.3430669682845597
0.34289891298922504
0.32648430252200344
0.3212866201705981
0.3171565165269923
0.31368416013499933
0.30696753574722613
0.306223070047933
