0.0
0.00468868933652
0.0261439676084
0.0262339942235
0.0306014871156
0.03595987104
0.0439652186967
0.0423412394471
0.0408325840913
0.0441049259386
0.0434155502004
0.0456310982693
0.040541606742
0.056997950892
0.0600802977999
0.0648924785577
0.0714121257403
0.0880730800015
0.0889449641755
0.0943248635991
0.104557960796
0.1056718606
0.107745751977
0.109129859638
0.109121708813
0.11144358644
0.111726533738
0.109448790817
0.120917297672
0.121407527724
0.123114032505
0.147887841588
0.151813208761
0.154904109042
0.16813665434
0.167633811053
0.17219627348
0.172344204218
0.183982553616
0.179011159309
0.180947871338
0.176992340631
0.182734838433
0.182561100586
0.181942014581
0.194378933084
0.206587039036
0.210819593406
0.212142798195
0.227280542784
0.224672974387
0.233169173496
0.240075663662
0.241287718045
0.241923515333
0.243811313058
0.242162783306
0.244190198504
0.242405629437
0.241067427743
0.257383016192
0.260347137015
0.262501710988
0.280929997903
0.280352653131
0.28781664491
0.291623186004
0.297137207333
0.295904977365
0.297559637277
0.302488836572
0.302606939808
0.302394560728
0.298535779983
0.302892747587
0.306673032392
0.307196568687
0.30992645655
0.329858071427
0.330341764315
0.335752048931
0.341516309402
0.339486287096
0.34466590525
0.351553956268
0.351594533235
0.354737161067
0.351986968355
0.351835541256
0.350728450094
0.349424474927
0.352001844571
0.370948217999
0.373335962819
0.373389823067
0.381744283165
0.377772135982
0.385331932583
0.387292630632
0.394376707961
0.393270255072
0.395448810519
0.394761263037
0.39208037983
0.392121804457
0.392079826032
0.391041286704
0.40378521328
0.40192677123
0.400688267923
0.413938050015
0.412683735365
0.422371571608
0.420121925596
0.418858271241
0.424007232479
0.425037304609
0.432126016767
0.429227542759
0.428588813264
0.426110487624
0.428361055785
0.424757821285
0.423287734372
0.441694988394
0.442676922151
0.447974699954
0.446769852365
0.440656794543
0.440316906857
0.447520171591
0.452936741395
0.453150315065
0.453453123002
0.455305215125
0.444852035522
0.446082177953
0.443051373306
0.441875466445
0.458517841782
0.456728586697
0.458355154204
0.452582021574
0.455526433118
0.462423289107
0.460809151532
0.460239267651
0.463424155374
0.462905733016
0.465028657941
0.463512518097
0.461852367243
0.459920878817
0.467328528172
0.462364228391
0.458302606139
0.465763543953
0.466690132903
0.471720353401
0.473383767287
0.465765454984
0.458401976694
0.463277781561
0.471353035816
0.468622942752
0.470654521419
0.470158579161
0.462611890043
0.460567026062
0.45701497304
0.453910718326
0.46429801783
0.469404042038
0.470362187757
0.457946305801
0.450658663156
0.459194381026
0.458605813855
0.460287013138
0.463481508527
0.464270798128
0.459339753979
0.458709356021
0.452187146695
0.451567014452
0.45712774532
0.460030875817
0.455943769615
0.454736379874
0.449601417072
0.446804223747
0.454589946211
0.451598543589
0.442047182917
0.443475058534
0.447480341814
0.447891453772
0.445038781212
0.443666195919
0.436065311991
0.437744167089
0.43535584306
0.433702968115
0.433919116338
0.437089405793
0.438584823615
0.428116314097
0.412852011562
0.417019185509
0.421635341685
0.418714330838
0.426733421525
0.425198975847
0.424508448277
0.416526578182
0.412504032499
0.406828920887
0.412166494623
0.417290340802
0.414852710162
0.412466704971
0.402121295026
0.390204661159
0.395024756823
0.393334982491
0.391697196357
0.394102669183
0.39349788094
0.393026637117
0.387545730451
0.387373452073
0.382737383386
0.384753219346
0.382571108281
0.376788405269
0.373951450635
0.368642051708
0.371181043149
0.369645604443
0.349983066842
0.35226332435
0.354783821769
0.355597620393
0.35780425489
0.358787065642
0.357569420822
0.353669248616
0.347363226361
0.340158406526
0.341113274624
0.344386737361
0.344154390759
0.340963049151
0.329525282024
0.313318092107
0.315791773337
0.312841150356
0.317426087533
0.319154133806
0.320721289724
0.313862327188
0.311978097039
0.308387065664
0.308843362254
0.31044848962
0.308665843746
0.300118290757
0.297313358785
0.283155606022
0.283206332802
0.28716858528
0.274109266561
0.272685022163
0.273522987647
0.276556481042
0.277572785453
0.275098614183
0.27232153684
0.275167169459
0.267872622515
0.264998803567
0.257358745486
0.261668512584
0.256875269428
0.252852528099
0.241795927918
0.228071867954
0.230087040113
0.231596014431
0.229146704208
0.235335212217
0.23518437076
0.235529471897
0.22920928917
0.225287233255
0.222175941316
0.226951441764
0.225159889501
0.216663573396
0.217116180952
0.200364310705
0.196920303164
0.196716694544
0.195545096854
0.191814690548
0.192191365239
0.190942360085
0.197071338995
0.190854889401
0.191011285574
0.189090525229
0.189834090687
0.188356645068
0.179056694605
0.184616535619
0.17261573972
0.168982839348
0.163530805443
0.150178935151
0.152273623373
0.153362956318
0.154228969776
0.154644956392
0.157101482971
0.159450890624
0.158044052241
0.154243604417
0.146699122088
0.155896602952
0.150085509709
0.148771495129
0.142233396412
0.139129646958
0.128071539496
0.127047039679
0.125654844943
0.123703929875
0.123933374374
0.124801331229
0.12695248068
0.127405526968
0.127200650377
0.125995894557
0.135236238578
0.126415837297
0.122659943286
0.125752764789
0.117731964014
0.113351177404
0.113729716683
0.106861828692
0.102058384309
0.101682555328
0.104633981102
0.105319140177
0.107677092919
0.106705736166
0.115728379931
0.110052603658
0.110836728885
0.111282743456
0.118144002014
0.111077230263
0.10739167327
0.110092582727
0.102135548541
0.100096438189
0.0985977147654
0.0924088357416
0.0956221017236
0.095461945278
0.100197841667
0.104221517767
0.102482311654
0.10710608236
0.113112143326
0.10934514251
0.107556050854
0.116111907497
0.1111887887
0.109378067472
0.105034849302
0.107931785527
0.101931316667
0.100528257379
0.0989957708575
0.100509948144
0.10290003567
0.106254553966
0.108195710628
0.115575427272
0.11370405255
0.116750685854
0.125456312023
0.117474524129
0.119071511296
0.119384808277
0.119014490019
0.116077966996
0.11460203897
0.115096992154
0.110754329444
0.110843883613
0.111457520405
0.118407080687
0.122019291165
0.124242258927
0.13421526418
0.126150857295
0.13223894062
0.13211601704
0.138295828945
0.131503516242
0.132229328586
0.132164183421
0.128338907976
0.127745816572
0.128550622583
0.124290476787
0.129348433679
0.130293065616
0.131123137234
0.142299272138
0.138770718784
0.147478998069
0.145042820508
0.146250598528
0.14402928971
0.148208665972
0.151147832542
0.147684200633
0.147316391202
0.143186036887
0.14286779187
0.141267381042
0.140572049672
0.151189748578
0.152982001422
0.158838919866
0.158357637477
0.1610617265
0.155942353944
0.163249275789
0.166112961882
0.162997369898
0.163569479632
0.165311226765
0.162691927324
0.15995885836
0.159703816816
0.158190236899
0.161911008019
0.162517094714
0.16386033927
0.165805091683
0.174287811922
0.175374022797
0.180004660412
0.172433122842
0.17550105714
0.176734563279
0.179836732455
0.182057568423
0.180793635622
0.178753311339
0.177338647537
0.174639244355
0.174009174424
0.177365819212
0.19001782198
0.190429416664
0.191379823819
0.192537165295
0.184673967714
0.192080916192
0.196637841009
0.199155463102
0.196298839486
0.19695008022
0.199436107301
0.193307995622
0.192959605163
0.189014367329
0.192189322595
0.201663992963
0.197936087596
0.203546728532
0.203488598371
0.210519943091
0.210203374681
0.206646658887
0.205885967203
0.20946230065
0.211584672326
0.213704969377
0.214766412616
0.215306443602
0.211751920079
0.212768859069
0.208778956723
0.208047513537
0.223365948681
0.224534190736
0.228078101524
0.225384713606
0.221303906968
0.219301241663
0.226052160602
0.231683208685
0.231877082375
0.232581962615
0.231893911423
0.229076132214
0.227764345711
0.22442431722
0.228979273203
0.239373027147
0.237227666499
0.238208434796
0.238884715452
0.239098590187
0.24407251938
0.241473472454
0.239802187783
0.243184334057
0.246324456237
0.246383002819
0.248726792484
0.247903312542
0.247463067913
0.250590797784
0.247287432144
0.243142614351
0.251603647135
0.260569593816
0.259256469256
0.260795731688
0.253938578418
0.252364277025
0.255022538639
0.259391693045
0.265929538765
0.265854252237
0.265109838629
0.260010902415
0.261692452057
0.258686063804
0.266526231215
0.276484922799
0.272206715751
0.270365224706
0.268326724181
0.265537245576
0.270676104017
0.272631853853
0.271379944652
0.274993193006
0.275617501487
0.279137175455
0.277385347183
0.276971756878
0.274984921769
0.281215198886
0.283862824548
0.275343726397
0.27869402337
0.28434118274
0.285778276772
0.285756169925
0.278569705154
0.279377002952
0.281643407698
0.28398987759
0.288845212841
0.29050306729
0.291508278471
0.289412438628
0.28924833278
0.283454751093
0.288529438776
0.297773195953
0.297198370717
0.294311632252
0.290686063558
0.285179576463
0.28669182547
0.29082650405
0.294060014822
0.295453518461
0.29623179409
0.296352335913
0.297101095557
0.295116805801
0.291198370078
0.29671790467
0.302920018175
0.298873506055
0.297364586057
0.297245641156
0.295948409115
0.296003876745
0.289360772499
0.292562347168
0.294336244608
0.298431461716
0.298347324513
0.300451280665
0.30007808084
0.303432238518
0.301928079586
0.296954130289
0.295538171159
0.300304164101
0.303251926104
0.298286096645
0.29862994542
0.290221382778
0.289748903848
0.292201925495
0.294979726943
0.298992193816
0.299139897224
0.297915202926
0.298864319611
0.296810344803
0.293685932992
0.296217347621
0.301493999194
0.299252847498
0.294343502519
0.288605655007
0.287243428506
0.288379523885
0.287800785325
0.287227073659
0.289602202752
0.29024997449
0.2924925147
0.29027241337
0.28989010224
0.292932194861
0.292603981557
0.292295912
0.283672221461
0.287980925001
0.283509234231
0.282851962114
0.282774147755
0.276291111103
0.275889892098
0.275918556497
0.276163951557
0.27992316106
0.280111600779
0.280773643656
0.280429985525
0.278166125192
0.277006729282
0.274976002239
0.277274802259
0.272432559788
0.271001466395
0.262456966293
0.261444589613
0.260812240377
0.262460217431
0.26263374827
0.263112830693
0.263129858818
0.265199848344
0.262515614053
0.262381018982
0.260282172765
0.263427426272
0.260023636488
0.254480656491
0.255493910646
0.246527705033
0.247783284617
0.245275527918
0.242685463403
0.241586490628
0.241761940053
0.242806159434
0.242193709398
0.242705542617
0.243343143908
0.243107370191
0.241445304939
0.236410294795
0.23761993069
0.229243102882
0.230454394552
0.225756593084
0.223794921878
0.219608255357
0.219402102481
0.219479588228
0.220086267233
0.219649513979
0.220092002163
0.219642705287
0.219404025765
0.218011196855
0.214748093483
0.218359077722
0.208843158104
0.209587553894
0.204954647856
0.201269670815
0.197719267705
0.197319318211
0.194806089622
0.19367993245
0.194733548431
0.195436094329
0.195933262966
0.194040892736
0.193550516044
0.19476874896
0.187428444264
0.186656101089
0.184750974189
0.179591645196
0.177543838998
0.17453364026
0.174540450049
0.170639474285
0.171122915222
0.170857583944
0.169493946536
0.170399288061
0.170365080029
0.170081010505
0.170468140902
0.165793175556
0.165838163803
0.16557346302
0.159055531523
0.156778775744
0.153997222333
0.15088722937
0.150657923007
0.150027612481
0.150052253016
0.148611547648
0.148666719459
0.148749339747
0.149762753285
0.147131428928
0.14685774899
0.147920809377
0.140884178879
0.140534513985
0.1374565581
0.137410720626
0.134286308552
0.135255372094
0.134228954316
0.132003294914
0.133265881725
0.133027071559
0.133137553283
0.133295487077
0.133625295478
0.133533878788
0.133807167436
0.128882173543
0.129284410609
0.127467906047
0.126288133443
0.125843849054
0.125582837194
0.124300991921
0.125360506561
0.125611469358
0.125891112093
0.126780492977
0.126801082985
0.126953864821
0.127160287055
0.124866884899
0.125214061816
0.125073429921
0.123202464121
0.124889587831
0.123783058373
0.123906025142
0.124064804251
0.126273380551
0.126413696099
0.126443553793
0.128480096106
0.128695582496
0.128907781332
0.128970987793
0.129359185579
0.129236656511
0.129061153818
0.128623124849
0.129797399974
0.128740537886
0.131064065801
0.133228258161
0.133743487145
0.133681809062
0.135423704888
0.13606779731
0.136550564795
0.137872960359
0.138217482066
0.139032412755
0.139054394611
0.138053518954
0.139780447977
0.138220099189
0.138342690501
0.142579103213
0.143909602877
0.144283119208
0.144197541155
0.146609472938
0.146932009441
0.147824207309
0.15009101389
0.151256784729
0.151415809314
0.150703117441
0.150804079813
0.151316736829
0.150246415036
0.154881847564
0.155803814177
0.155285367298
0.155014863105
0.157942911628
0.158157195221
0.159368060924
0.161521238675
0.161821474942
0.162691715084
0.163141774189
0.163025263125
0.163540685531
0.163241864803
0.163490584517
0.166695619701
0.165253820836
0.164690150559
0.165782598966
0.168998526072
0.168923569755
0.169933341069
0.170733242099
0.171584258546
0.171969988924
0.17270255834
0.174024285567
0.174056835216
0.173505444132
0.174559384315
0.174309967058
0.173426416369
0.175244120772
0.177945861085
0.176398097594
0.176164151145
0.176694376749
0.176629565185
0.178073333461
0.179834167003
0.180139764115
0.180602155212
0.180361213384
0.17994756041
0.180438066866
0.179680671077
0.179845825538
0.181609102701
0.18267070799
0.180039430652
0.180151856373
0.179947877057
0.180864223718
0.180810434749
0.182167621242
0.182726183341
0.182901972903
0.182828448562
0.18220233062
0.18265747621
0.183073617622
0.183407116278
0.183917336885
0.1811280274
0.181200279924
0.180608723474
0.180106899755
0.180773468983
0.179724410961
0.180146004876
0.180376497803
0.181361627055
0.180756207243
0.181008305582
0.181233396567
0.180353200868
0.180852424832
0.180771310001
0.178684979386
0.179783306583
0.178401780659
0.17685092977
0.1746055646
0.174715606334
0.1747052842
0.175242937027
0.17631398802
0.175415843272
0.175603572063
0.175766978914
0.173676133614
0.174587922843
0.173952446809
0.174671634138
0.173352724651
0.170961234754
0.170696201163
0.165827445005
0.16684782634
0.166534963627
0.166943903085
0.166335370266
0.166316649822
0.16717513662
0.165016251537
0.165032722297
0.165474556842
0.164240133732
0.165575256921
0.164404497719
0.162103600288
0.160289879226
0.158015763042
0.156645993246
0.154567204071
0.15538743431
0.154828199583
0.155678143855
0.155990190706
0.153892183567
0.154486345982
0.154540140767
0.15323464034
0.153229720771
0.151945240591
0.15306758305
0.148395395334
0.14820098652
0.14645536185
0.143308190396
0.142863189829
0.142489413733
0.144156117674
0.142565065611
0.142699045409
0.142838134195
0.141191748234
0.140852651317
0.141205191509
0.14019071554
0.140887346422
0.138784880955
0.137180119562
0.133774078951
0.132662935486
0.13143229892
0.13180529146
0.131513130611
0.131530284216
0.13181089131
0.132032291765
0.129972874951
0.130334971973
0.130147815671
0.130320733514
0.129185645634
0.129131210011
0.128679293412
0.125734034533
0.125040290882
0.123402130728
0.123389594877
0.122312007106
0.122856747224
0.123365118467
0.123558211657
0.122411240787
0.122615623571
0.121605539399
0.122005802014
0.12214676128
0.122062040434
0.12144240962
0.120647820364
0.119411183846
0.118714117415
0.118085555573
0.118274414886
0.118670357463
0.118838162366
0.118783438214
0.11890574559
0.119189007958
0.118471117345
0.11869138771
0.11904556081
0.119121675244
0.119168507592
0.119126331217
0.118467316905
0.118582146763
0.118850268571
0.118507197316
0.118872714118
0.119422197101
0.119461482981
0.119657167523
0.119928074242
0.12014938673
0.120220873322
0.120387930928
0.120574981933
0.121061824909
0.121050877289
0.121762340466
0.122800506481
0.122672977997
0.122524128669
0.123546487456
0.123568435497
0.123980970735
0.124530316176
0.124815093795
0.125065874094
0.125195077254
0.125574662286
0.125950143268
0.126092340548
0.126199376275
0.127278298953
0.128370331924
0.128244187786
0.128999985319
0.130318089663
0.130650113108
0.130868319215
0.131253249892
0.131587715596
0.1316635635
0.132071384016
0.132596822059
0.133004703427
0.133156224517
0.133865499825
0.13457786198
0.134712152713
0.134904010633
0.137481571997
0.137403065863
0.137826446562
0.13843124042
0.138392960338
0.138552080967
0.138687383823
0.139729233679
0.139858007834
0.140026401329
0.140167378804
0.14077535038
0.140809117533
0.14097888234
0.141675292955
0.14350747071
0.143672939896
0.144438166857
0.144513148273
0.144739908984
0.144811923137
0.145094955739
0.145400684279
0.145576913975
0.145795797225
0.146112482499
0.146306416529
0.14640105296
0.146817988927
0.147913828913
0.1478405191
0.14795738342
0.149000766709
0.148975133404
0.14930472442
0.149369051339
0.149556580954
0.149399406564
0.149458057814
0.149694794737
0.150096942696
0.150090865655
0.150171019466
0.150397193406
0.150673351645
0.15067841926
0.151237877628
0.15148462449
0.15161689408
0.151745673578
0.151498447222
0.151443444352
0.151487737403
0.151646998201
0.151593103566
0.151800422029
0.151829684477
0.152059963977
0.152009090042
0.151903272255
0.152075420045
0.152166788266
0.152209534874
0.152263438502
0.152355739719
0.152103148105
0.152168963321
0.152071977948
0.151878024396
0.152009974899
0.152036008225
0.151985555534
0.152145500646
0.152127148374
0.152145314656
0.152240895612
0.151911594571
0.152026829905
0.15197897051
0.151927683783
0.151940121839
0.151947768091
0.151936171641
0.15184173947
0.151878868952
0.151791680778
0.151882582696
0.151896196344
0.151865083688
0.152034824486
0.151813090923
0.151807252213
0.152045514695
0.151752724167
0.152003092195
0.152156064076
0.152153831776
0.152776506346
0.152962621488
0.152803694826
0.152251837362
0.152778906781
0.152725616271
0.153017295611
0.153421835368
0.153198333735
0.153397438576
0.152961245857
0.153397915447
0.153737853553
0.154038507682
0.156035548667
0.156229490397
0.156189710681
0.156145043858
0.156409237081
0.156416668964
0.156254412392
0.156963136199
0.157654786242
0.15746547045
0.157699916352
0.157246302321
0.157762470505
0.158760945085
0.15868684284
0.162171583865
0.162583302121
0.162898444866
0.164288186357
0.164599658397
0.164208757371
0.164069187432
0.165458151437
0.165652646875
0.16558626018
0.166355399679
0.166448904926
0.167475946776
0.166923025751
0.170931771495
0.171129147775
0.17223799063
0.175509964316
0.177002313869
0.177255030597
0.176219549483
0.1775960795
0.177669347293
0.177733339771
0.178230480681
0.180071096863
0.179715329392
0.18082751735
0.179430673976
0.182890100116
0.184006576092
0.185537179369
0.191902998097
0.192737045823
0.192865512691
0.194003974227
0.1940088973
0.194115423105
0.194086196556
0.196683269493
0.1963790315
0.196609263417
0.196201482089
0.198861257949
0.199395678331
0.200212969918
0.206030158468
0.207460521564
0.210025360839
0.210610466243
0.214496379831
0.213520683278
0.213008550778
0.2135518142
0.215292371689
0.214820731788
0.215239016996
0.216298051538
0.217269077354
0.217947808416
0.217531444164
0.223158487557
0.225316346868
0.227988992423
0.23375156458
0.233166004744
0.233034722881
0.234104808723
0.234479823324
0.234687750016
0.234117154223
0.236192422325
0.236599826103
0.236476988434
0.235513957459
0.239646725977
0.240042629904
0.243847752884
0.245983175367
0.250227351504
0.251236119426
0.251189037454
0.254440169893
0.253590609329
0.253637568603
0.252508055746
0.254599291365
0.254079352227
0.254347260354
0.254699176938
0.256141974419
0.256995490214
0.258244888787
0.2633372394
0.265229774563
0.267354225117
0.27160191561
0.269172840528
0.27019839802
0.269168717524
0.270747810124
0.270036198363
0.270010886887
0.269874084446
0.271612877917
0.270081737602
0.270893607975
0.272009234149
0.274344412823
0.278692051158
0.27918882091
0.282799361357
0.280634558773
0.282163412808
0.282207651545
0.282952908998
0.28223473783
0.281959895835
0.282014337231
0.28119688784
0.280182241897
0.280810933611
0.28248449933
0.284634657277
0.285851289163
0.287578190969
0.285901933693
0.289719814365
0.290935615254
0.290218703824
0.290416029442
0.289065397104
0.288912218133
0.288063724359
0.286947459186
0.286454921386
0.287076266111
0.287125459271
0.288686099277
0.287215832352
0.287905762033
0.289351092142
0.292987960743
0.292709687948
0.290311849592
0.290812148898
0.290285705373
0.289749024204
0.289417843637
0.288461562536
0.288211233582
0.28556517141
0.284955018075
0.284470770873
0.285211421109
0.286549578614
0.290185632961
0.287412952339
0.282584061366
0.28553516828
0.285509355469
0.285996815665
0.286117962673
0.285466262723
0.28273378446
0.280414211365
0.278739425666
0.278372474201
0.277396821131
0.278620554223
0.279946417703
0.28057118325
0.274923077466
0.27242764876
0.276837344205
0.274493676648
0.27425673602
0.274024359324
0.273542376367
0.271636556764
0.269161863205
0.268622846281
0.267665382286
0.26612558262
0.264781243251
0.264510818913
0.260020858884
0.258432841015
0.264128597991
0.261692669115
0.255704513312
0.25621925009
0.256356701926
0.255189824053
0.255585222467
0.255267025902
0.253337008706
0.248665085708
0.247435596378
0.245992993459
0.245600399722
0.24312449473
0.244114151702
0.246350618807
0.236644765263
0.23345780535
0.236533097291
0.23526903517
0.236382672613
0.236225481026
0.234912843688
0.232261648597
0.227844307967
0.226584649872
0.22609491647
0.224567615441
0.22401914657
0.225774633525
0.218275180246
0.211929399336
0.214905472466
0.216748208695
0.212534219171
0.213943609618
0.213456733995
0.211215995322
0.209141786413
0.208604650233
0.208070656719
0.204332958587
0.203622167879
0.203019893193
0.203184631618
0.196080007216
0.195314006306
0.198251175562
0.191374572142
0.191740289063
0.192629830831
0.191992831583
0.194057649991
0.192772516263
0.192548119786
0.190474267922
0.187321919389
0.185710871242
0.185656377699
0.18198818162
0.182226684781
0.185030851408
0.182524727906
0.177170401803
0.177874515453
0.179106245833
0.178765885678
0.183060263975
0.183003810711
0.182264208772
0.178792599978
0.178108302254
0.17759279914
0.17787206672
0.17727419921
0.178175530519
0.178522688322
0.174980047475
0.174822340812
0.177017690738
0.178677946782
0.185150643339
0.184375988137
0.182945225075
0.184686403398
0.182076679408
0.182114608187
0.181711114472
0.182690092282
0.18424728254
0.186735911755
0.183461625475
0.184147104161
0.185420641093
0.187298692422
0.192155728566
0.197442333831
0.196745139786
0.198151089726
0.200522203355
0.19960986365
0.199592875177
0.199563057355
0.201701450351
0.20162685423
0.203590969001
0.204468039398
0.206822663578
0.209287722147
0.215537772177
0.218012759016
0.218552770284
0.219433114642
0.230637513061
0.228723755407
0.227911698196
0.228259220152
0.227001468481
0.226992753666
0.227702793505
0.230440947234
0.234328555559
0.238444915739
0.237948380302
0.243155028884
0.242565087962
0.245818408611
0.25364120408
0.262477853943
0.260872267537
0.263231081577
0.260756353571
0.259727682899
0.258863371355
0.262283185098
0.264946786656
0.267169118223
0.267571698639
0.272514597703
0.272999810994
0.278313441415
0.284166209848
0.292462165757
0.292407429802
0.289886101967
0.298943020606
0.296038312188
0.296029322336
0.294136299687
0.294844563263
0.295578678487
0.297361595199
0.297800756123
0.304448927427
0.305638029004
0.310698162868
0.315229876116
0.316746980486
0.319825759143
0.328487695372
0.330854425241
0.329472079234
0.328697908977
0.328769266559
0.325148793605
0.324909783595
0.325748284121
0.331157965846
0.333749845531
0.335687711162
0.340053410829
0.338936878953
0.345845385779
0.346986226079
0.358421264292
0.354713806519
0.354721863485
0.355730639702
0.354339977337
0.353570996624
0.352392469886
0.350332667638
0.353241322344
0.353820723741
0.356148164951
0.361270748132
0.360186210243
0.368904708136
0.371137562984
0.371081312945
0.372456189434
0.378728173684
0.379002768239
0.377179574948
0.374308773923
0.373786040453
0.369536072481
0.368722555415
0.367854074898
0.374291746052
0.375173133809
0.381557011672
0.381675452718
0.380855605119
0.381111757047
0.385733931955
0.392416548365
0.387957363486
0.388715416187
0.385730989699
0.38286355077
0.380321869577
0.379988298979
0.377594533017
0.379613090632
0.379390621695
0.382974241404
0.384140317581
0.384419652183
0.392061292247
0.394336098157
0.384685196734
0.388437448228
0.388061984578
0.391949825673
0.38787882193
0.3862453894
0.382874405363
0.379207187454
0.374452973651
0.375102039292
0.377833343422
0.380786138948
0.386705334045
0.3881390514
0.384600380347
0.373242424233
0.382766086522
0.384392532698
0.383115865065
0.380691975518
0.379615271151
0.373268125046
0.366736342461
0.365756213321
0.363678698971
0.365295837827
0.366611020349
0.369676974743
0.366888967861
0.359747810802
0.370924895419
0.371371243148
0.36114466215
0.360108070806
0.359099868397
0.36027138191
0.356830628593
0.353733553473
0.351248749841
0.344019629102
0.341155648932
0.340954930013
0.341078239657
0.343708996144
0.343308277608
0.353612191279
0.346561174901
0.327909459221
0.331598801353
0.333709053418
0.333575228532
0.331094149443
0.329682100983
0.323921730292
0.312153561336
0.311077447532
0.308267592417
0.310965918292
0.313039747155
0.31689972817
0.311170849995
0.292436458748
0.300789795831
0.305552067133
0.298768755652
0.293924605357
0.29393294072
0.291379320521
0.284926506564
0.281521772219
0.280105029437
0.2729642152
0.271857591281
0.270502874023
0.271183666756
0.269748679768
0.261468638087
0.273234393176
0.267075085199
0.249100036648
0.248000706198
0.250347171675
0.251437496702
0.248240055231
0.247152031075
0.239498579311
0.229627409442
0.225541621129
0.224237576563
0.227121393098
0.225908610209
0.231799711383
0.228806419432
0.207330296154
0.202157362636
0.211572015457
0.208552765378
0.205168532205
0.205397586276
0.203448496679
0.194861594727
0.189680111802
0.188265932473
0.185068731149
0.184076857085
0.18418929518
0.184350482105
0.180856550192
0.171777586826
0.176018261129
0.173319891741
0.160214835267
0.161836131635
0.163061196448
0.163017474219
0.162537110128
0.1615942573
0.159640395184
0.154773963984
0.149992882778
0.147664658791
0.149653782956
0.152051191852
0.151621480854
0.152907601669
0.144890193167
0.139988744848
0.142437978184
0.144928832275
0.143171660018
0.142848865939
0.14331678822
0.144446573199
0.144355730266
0.144365319466
0.142950534004
0.143468340746
0.146071399018
0.141956617609
0.145999145339
0.155208234401
0.153180792317
0.152371032926
0.149301858806
0.148560983497
0.150129828143
0.153515140329
0.158622382917
0.163763883395
0.163797024791
0.166408255772
0.167056267808
0.1657499845
0.166809230969
0.181615681215
0.186009997065
0.175037738334
0.181237105387
0.189303749907
0.189443159
0.188747912292
0.189610016819
0.192354363163
0.192974773482
0.198166977081
0.209494622361
0.210192411317
0.213035470712
0.216155583217
0.220534996106
0.213241085352
0.223281029132
0.243774816533
0.241895779873
0.23584336609
0.237969335112
0.232366803449
0.233966881931
0.236522048613
0.246457701497
0.256162233023
0.258579647331
0.261918902787
0.263634345527
0.262785599128
0.258708447985
0.277557202026
0.290508152176
0.283473427329
0.278907599609
0.288547955674
0.287024955672
0.285791359206
0.283607761275
0.292777133168
0.294563180654
0.301213026049
0.310928743324
0.310427579788
0.313197311442
0.321508290896
0.327310096713
0.320005745252
0.32021548522
0.340009650571
0.342103863201
0.334512319115
0.336074577949
0.329672049902
0.330571772883
0.331026067766
0.340752957242
0.351043886023
0.35501708618
0.356646209243
0.362028384276
0.35762000569
0.354562701947
0.362684866735
0.380759176549
0.379273891394
0.371803420021
0.373047424652
0.368827852819
0.367012859779
0.369097267407
0.376077249067
0.379064424737
0.382404596771
0.39012457424
0.389602803831
0.391173877479
0.399928466819
0.404559324184
0.404146431266
0.392277543488
0.407396232304
0.405920766558
0.403314209787
0.399570066076
0.395459058073
0.396114256232
0.396540333956
0.401650583067
0.412123664845
0.41368389089
0.417450625577
0.423467587461
0.415866362594
0.416348122179
0.414694235487
0.430696392937
0.424503549448
0.42006123764
0.41699242767
0.410206022482
0.408328991232
0.410081566031
0.416223983575
0.419850609263
0.421551644868
0.428205153909
0.422146334957
0.426562345305
0.427136306009
0.434624451454
0.430239550171
0.422055203448
0.425092176451
0.421506484204
0.420753527733
0.415429862558
0.410939634543
0.411369356817
0.411804522101
0.414495222022
0.424123694082
0.420721016755
0.427757738957
0.429873032415
0.423708097855
0.416257737049
0.418185070281
0.419511998461
0.417881156725
0.408629926452
0.408956926477
0.398556720322
0.396384083486
0.395706008843
0.401710858697
0.403512863823
0.408173966082
0.410926304726
0.403641672859
0.400864774876
0.400587460461
0.408056083361
0.395216861718
0.394562638984
0.385629096845
0.38248382234
0.379177543644
0.376507822842
0.37149980761
0.369635543524
0.370218960098
0.373668682873
0.382581495397
0.374233911124
0.378088057096
0.378999276073
0.363176771086
0.357126999132
0.355248929638
0.356900280188
0.353754646204
0.345913498733
0.342490999968
0.333333291104
0.328182545992
0.32786544999
0.331032004591
0.333534504985
0.337887811868
0.340046108183
0.334319984649
0.3133270787
0.318927999952
0.320300510071
0.31061167862
0.309064820313
0.298850167615
0.293754315876
0.285654837519
0.283102378976
0.282622912789
0.280140143069
0.279935572855
0.282866161414
0.28697073788
0.274439757035
0.27364578448
0.278522476637
0.254693975765
0.252763409967
0.243626750108
0.246498424094
0.242944100021
0.239780734934
0.234740294447
0.226560972092
0.221679948335
0.221250220127
0.22347922221
0.224577701502
0.223044928564
0.229324878538
0.226336160493
0.196016820255
0.19704488141
0.1928194989
0.193248653143
0.192410254644
0.186800493605
0.182088807912
0.172041390823
0.169615962088
0.170104170054
0.175706043801
0.175399688731
0.177418261625
0.175678779261
0.153208686932
0.15379799214
0.15504965159
0.149538140093
0.157228894715
0.14827011823
0.14470236167
0.143458565167
0.143712425961
0.14261353983
0.143510648675
0.150268156974
0.152341797712
0.15493703192
0.150266558574
0.142878633437
0.143872127915
0.143949664929
0.143634400072
0.154668909212
0.1439555835
0.15172485639
0.157812122832
0.157870080566
