0.0
0.00854504516466
0.017657647096
0.0273014364793
0.0374346126631
0.0480146218568
0.0589979518061
0.0703404082484
0.0819973154425
0.0939237659793
0.106075009001
0.11840664261
0.130874824199
0.143436533906
0.156049920295
0.168674387111
0.18127087158
0.193802056995
0.206232531577
0.218528887915
0.230659955524
0.242596899884
0.254313273931
0.265785058312
0.276990829145
0.287911706763
0.298531351202
0.308835983574
0.318814333659
0.328457582525
0.337759299246
0.346715338013
0.355323742045
0.363584606168
0.371499962316
0.379073624708
0.386311038688
0.393219115022
0.399806067432
0.406081258823
0.412054994484
0.4177383987
0.423143208347
0.428281638993
0.433166188842
0.437809558514
0.442224425972
0.446423366821
0.450418738851
0.45422254156
0.457846348013
0.461301197163
0.464597550689
0.467745204994
0.470753282109
0.473630169774
0.47638350736
0.479020174682
0.481546310246
0.483967292917
0.486287791538
0.488511750288
0.490642478567
0.49268262828
0.494634272282
0.496498939603
0.498277664743
0.49997103468
0.501579233663
0.503102100365
0.504539174965
0.505889756333
0.507152924555
0.50832761124
0.50941264171
0.510406763784
0.511308697336
0.512117173716
0.512830970928
0.513448956197
0.513970102466
0.514393539095
0.514718591349
0.514944781281
0.515071882808
0.515099952092
0.515029328848
0.514860703216
0.514595123687
0.514234016507
0.513779227678
0.513233039678
0.512598191498
0.511877922957
0.511075965466
0.510196593156
0.509244569631
0.508225253736
0.507144524831
0.506008832071
0.5048251583
0.503601019293
0.502344423382
0.501063853162
0.499768228565
0.498466824427
0.497169226702
0.495885239395
0.494624806407
0.493397872636
0.492214298597
0.491083686982
0.490015284476
0.489017788539
0.488099200861
0.487266659564
0.486526254454
0.485882862309
0.485340001147
0.484899634499
0.484562049266
0.4843257238
0.484187207881
0.484141063156
0.484179803686
0.484293840089
0.484471515227
0.484699131287
0.484961055162
0.485239812721
0.48551622002
0.485769569039
0.485977859488
0.486118005819
0.486166100707
0.48609768775
0.485888088472
0.48551267082
0.484947168681
0.484168058974
0.483152810891
0.481880254365
0.480330905184
0.478487243692
0.476334054105
0.473858683406
0.47105133552
0.467905321782
0.464417291402
0.460587439821
0.456419698937
0.451921888401
0.447105841905
0.441987477607
0.43658685039
0.430928138016
0.425039580397
0.418953363701
0.412705422271
0.40633518002
0.399885200766
0.393400732124
0.386929184097
0.380519446341
0.374221155043
0.368083792672
0.362155762261
0.356483265394
0.351109275184
0.346072312851
0.341405423508
0.337135059954
0.333280264181
0.329851886245
0.326852211996
0.32427470635
0.322104194824
0.320317294826
0.318883115895
0.317764252084
0.316917887184
0.316297134859
0.315852291107
0.315532249228
0.315285680793
0.315062329551
0.314813938027
0.314495314596
0.314064961546
0.313485860658
0.31272583796
0.31175807787
0.310561296978
0.309120011745
0.307424591574
0.30547133067
0.303262419029
0.300805893949
0.29811552625
0.295210646375
0.292116022612
0.288861551423
0.285482056497
0.282016858772
0.278509486245
0.275007066752
0.271559859542
0.26822044715
0.265043035588
0.262082394666
0.259392899848
0.257027245845
0.255035281896
0.253462622047
0.252349458099
0.251729329031
0.251628179844
0.252063609592
0.253044448813
0.254570738458
0.256633937981
0.259217618201
0.262298264897
0.265846395197
0.269827699124
0.274204284724
0.278935798698
0.283980567625
0.289296493075
0.294841909162
0.300576201905
0.306460344927
0.312457261504
0.318532099988
0.324652394287
0.330788177458
0.336911932039
0.342998595114
0.349025516952
0.354972348727
0.360820908957
0.366555067777
0.372160590887
0.377625022773
0.38293757403
0.388088976301
0.393071291381
0.397877782635
0.402502879267
0.406942011278
0.411191485279
0.415248373449
0.419110439934
0.422776033568
0.426244020997
0.429513719535
0.432584780916
0.435457122709
0.438130928594
0.440606570959
0.442884550421
0.44496546219
0.44684995128
0.448538723304
0.45003248008
0.451331916765
0.452437718624
0.453350538009
0.454071002758
0.454599733064
0.454937328948
0.455084389985
0.455041529725
0.454809400691
0.454388719265
0.453780324327
0.452985148733
0.452004295594
0.450839063022
0.449491023825
0.447962010757
0.446254209068
0.444370163774
0.442312839341
0.440085699511
0.437692735333
0.435138487618
0.432428093152
0.429567349552
0.426562766392
0.423421568678
0.42015172513
0.416761981361
0.413261880414
0.409661763653
0.405972782424
0.402206869507
0.398376696706
0.394495687113
0.390577962356
0.386638246157
0.382691786935
0.378754304449
0.37484186186
0.370970756468
0.367157355669
0.363417980947
0.359768739964
0.356225361462
0.352803034479
0.349516211421
0.346378419438
0.343402117504
0.340598585865
0.337977734183
0.335547965488
0.333316106641
0.331287375359
0.329465289618
0.327851693569
0.326446782145
0.325249170872
0.324255980281
0.323462956913
0.322864615056
0.322454404477
0.322224861659
0.322167789128
0.322274433451
0.322535633137
0.322941989838
0.32348397264
0.32415206404
0.324936812007
0.325828927713
0.326819298957
0.327899025367
0.329059395987
0.330291872625
0.331588040685
0.332939548651
0.334338050536
0.33577511528
0.337242183581
0.338730445963
0.340230837642
0.341733930437
0.343229920565
0.344708581973
0.346159266578
0.347570904701
0.348932018638
0.350230780667
0.351455065465
0.352592499546
0.353630599151
0.354556813234
0.355358674197
0.356023892727
0.356540484282
0.356896902972
0.357082139303
0.357085870217
0.356898553674
0.356511545971
0.355917203037
0.355108970147
0.354081474046
0.352830571895
0.35135342386
0.349648540761
0.347715805829
0.345556508174
0.343173342823
0.340570410288
0.337753195393
0.334728558132
0.331504684877
0.328091043893
0.3244983365
0.320738431774
0.316824301464
0.312769938527
0.308590283674
0.304301113056
0.299918982155
0.295461088398
0.290945203615
0.28638952701
0.281812600276
0.2772331548
0.272670033415
0.268142043034
0.263667791422
0.259265560356
0.254953192683
0.250747926662
0.246666236626
0.242723682188
0.238934773423
0.235312822347
0.231869795569
0.228616199397
0.225560949022
0.222711295398
0.220072726889
0.217648951324
0.21544183589
0.213451458944
0.211676119019
0.210112432839
0.208755424297
0.207598666739
0.206634409586
0.205853746791
0.205246826837
0.204803029885
0.204511139547
0.204359541933
0.204336410507
0.204429863112
0.204628119321
0.204919637751
0.205293224656
0.205738125326
0.206244142891
0.206801694974
0.207401835695
0.2080362863
0.208697494157
0.209378628212
0.210073562217
0.210776875394
0.211483833271
0.212190355548
0.212893006497
0.213588949701
0.214275902244
0.214952085157
0.215616214296
0.21626743749
0.216905290207
0.217529645637
0.218140673037
0.218738794665
0.219324641163
0.219899014705
0.220462831419
0.221017095152
0.221562857903
0.222101199187
0.222633172868
0.223159782065
0.22368197043
0.224200606499
0.224716464036
0.225230211762
0.225742417799
0.226253552762
0.226763993813
0.227274064346
0.227784019629
0.228294102437
0.228804573905
0.229315765075
0.22982809922
0.230342152925
0.230858713131
0.23137882864
0.23190387093
0.232435611407
0.23297626997
0.233528536358
0.234095668961
0.23468153353
0.235290640456
0.235928158786
0.236599957851
0.237312597859
0.238073333799
0.238890082509
0.239771369734
0.24072625368
0.241764249428
0.242895235844
0.244129298769
0.245476565617
0.246947061368
0.248550509944
0.250296136646
0.2521924436
0.254247025753
0.25646636351
0.258855613815
0.261418418066
0.264156750244
0.267070782121
0.270158779395
0.273417031211
0.276839801559
0.280419334491
0.284145873039
0.288007745123
0.291991431679
0.296081709464
0.300261778132
0.304513454068
0.308817305561
0.313152850233
0.317498749786
0.321833067298
0.326133420681
0.330377156196
0.334541562379
0.338604086654
0.342542500374
0.346335037883
0.349960605894
0.353398916791
0.356630651956
0.359637543304
0.362402573624
0.364909999999
0.36714553977
0.369096430576
0.370751520787
0.372101299046
0.373137991666
0.373855623061
0.374250068265
0.374319024419
0.374062089408
0.373480773218
0.372578505806
0.371360619752
0.369834371185
0.368008895185
0.365895202322
0.363506134357
0.360856322474
0.357962196719
0.354841861486
0.351515085957
0.34800319885
0.34432904098
0.340516838876
0.336592152292
0.332581695073
0.328513245529
0.324415478193
0.320317782432
0.316250058912
0.312242542501
0.308325523277
0.3045290552
0.300882653593
0.297415016418
0.294153661451
0.291124535943
0.288351676317
0.28585685177
0.283659219121
0.281774987757
0.280217160908
0.278995311827
0.278115468189
0.277580014576
0.277387733344
0.27753384873
0.27801019703
0.278805520648
0.279905744457
0.281294296126
0.282952481989
0.284859888111
0.286994772615
0.289334399242
0.291855424913
0.294534189295
0.297347020762
0.300270469705
0.303281515313
0.306357730128
0.309477401607
0.312619660018
0.315764550271
0.318893046079
0.321987084567
0.325029594027
0.328004466711
0.330896557108
0.333691629907
0.336376339578
0.338938180108
0.341365461861
0.343647265894
0.345773387099
0.347734270724
0.349521014781
0.351125294947
0.352539353544
0.353755940933
0.354768306047
0.355570133987
0.356155569307
0.356519190963
0.356655972178
0.356561275126
0.356230868408
0.355660920147
0.354848012891
0.353789143977
0.352481761412
0.350923781816
0.349113634245
0.347050308057
0.344733392918
0.342163125785
0.339340486605
0.336267283169
0.332946219221
0.329381017891
0.325576513011
0.321538772212
0.317275279585
0.312795117478
0.308109072077
0.303229830157
0.298172243612
0.29295356121
0.287593649082
0.282115250026
0.276544281779
0.270910127075
0.26524590173
0.259588738225
0.253979998142
0.248465386814
0.243095072056
0.237923603868
0.233009575916
0.228415049524
0.224204683851
0.220444487017
0.217200102014
0.214534770375
0.212506918356
0.211167573656
0.21055786734
0.210706763289
0.211629297407
0.213325557417
0.215780551436
0.218964950967
0.222836450643
0.227341712067
0.232418602614
0.237998538169
0.244008593999
0.250373466734
0.257017058515
0.263863788226
0.270839554011
0.277872462408
0.284893317971
0.291835992611
0.298637631798
0.305238799661
0.311583592573
0.317619679838
0.323298368194
0.328574642157
0.333407231685
0.337758637975
0.341595267874
0.344887434397
0.347609538419
0.349740102188
0.351261943976
0.35216225387
0.352432788672
0.352069946526
0.351074999542
0.349454178773
0.347218911649
0.344385952564
0.340977631332
0.337022005751
0.332553121235
0.327611221956
0.322242981629
0.316501777935
0.310447852765
0.304148604846
0.297678615566
0.291119804509
0.284561165166
0.278098561778
0.271833846479
0.265873894237
0.260328718201
0.255309253183
0.250924142928
0.247276145019
0.244457783382
0.242547073009
0.241603302687
0.241663812016
0.242741874458
0.244826267758
0.24788247912
0.251855362662
0.256672901572
0.262250473466
0.268495228479
0.275310049041
0.282597047659
0.290260188646
0.298207390836
0.306351817733
0.314612828752
0.32291633475
0.331195025653
0.33938822476
0.347441752767
0.35530756889
0.362943473513
0.370312696212
0.377383572148
0.384129121844
0.390526740494
0.396557844431
0.402207540092
0.407464350034
0.412319898423
0.416768674571
0.420807759669
0.424436605394
0.42765680193
0.430471875881
0.432887089359
0.434909267118
0.436546601755
0.437808501793
0.438705447711
0.439248829421
0.439450829354
0.439324294224
0.438882611446
0.438139616324
0.437109481873
0.435806645975
0.434245715535
0.432441401497
0.430408452817
0.428161603975
0.425715545851
0.423084833776
0.420283882044
0.417326933005
0.414228063464
0.4110011223
0.407659757127
0.404217361267
0.400687085433
0.397081880681
0.393414522521
0.3896975412
0.385943241048
0.382163765155
0.378371112532
0.374577128688
0.370793524422
0.367031891543
0.363303707203
0.359620379941
0.35599329508
0.352433736876
0.348952890636
0.345561900677
0.342271877209
0.339093829339
0.336038630899
0.333117016699
0.330339548513
0.327716561441
0.325258093954
0.322973814187
0.320872919427
0.318964084037
0.317255389971
0.315754178035
0.314466944872
0.313399246244
0.31255558019
0.311939317045
0.311552638703
0.31139636706
0.311469877949
0.311771103237
0.312296511293
0.313041025509
0.313997994581
0.315159249378
0.316515116042
0.318054464015
0.319764762391
0.321632145166
0.323641490779
0.325776540212
0.328020058413
0.330353875058
0.33275901852
0.335215856875
0.337704263607
0.340203709389
0.342693377486
0.345152331078
0.347559621424
0.349894443809
0.352136270773
0.354264955257
0.356260859752
0.358104977971
0.359779090707
0.361265860571
0.36254895791
0.363613177152
0.364444562526
0.36503051648
0.365359924693
0.365423266091
0.365212683498
0.364722155945
0.363947559621
0.362886778878
0.361539784045
0.35990872617
0.357998046153
0.355814517618
0.353367330112
0.350668132033
0.347731090178
0.344572930205
0.34121292329
0.337672899945
0.333977234881
0.330152756831
0.326228707535
0.322236560455
0.3182099006
0.314184168634
0.310196389535
0.30628481321
0.302488538636
0.298846947806
0.295399225469
0.292183661585
0.289237017357
0.286593736607
0.284285263165
0.282339254449
0.280778920575
0.279622416455
0.27888236087
0.278565485277
0.27867250262
0.279198112276
0.280131217377
0.281455314747
0.283149013547
0.28518668434
0.287539166162
0.290174547231
0.293058886737
0.296156979809
0.2994330012
0.302851161478
0.306376182524
0.309973797345
0.313611089999
0.317256809879
0.320881568824
0.324458035156
0.327961009495
0.3313675143
0.334656789712
0.337810306824
0.340811722242
0.343646825391
0.346303473886
0.348771500528
0.35104263092
0.353110373484
0.354969937551
0.356618112341
0.358053154729
0.359274688444
0.360283609223
0.361081955634
0.361672830319
0.362060274403
0.362249185401
0.362245221436
0.362054696784
0.361684517455
0.361142076345
0.360435186306
0.359572004103
0.358560966806
0.357410714171
0.356130042527
0.354727849743
0.353213074516
0.351594667904
0.349881544915
0.348082549594
0.346206429018
0.34426181089
0.342257172776
0.340200821848
0.338100905825
0.335965379364
0.333802002608
0.331618345821
0.329421777511
0.327219471847
0.325018404993
0.322825364297
0.32064694128
0.31848956039
0.31635946776
0.314262742674
0.312205294485
0.310192885006
0.308231111069
0.306325424744
0.304481153778
0.302703456672
0.300997338076
0.299367660699
0.297819150319
0.296356361602
0.294983675658
0.293705296151
0.292525249307
0.291447344307
0.290475189513
0.289612150147
0.288861321717
0.288225535356
0.287707365182
0.287309043084
0.287032470866
0.28687920163
0.286850409762
0.286946890462
0.287169056534
0.287516875917
0.287989856234
0.2885870492
0.289307088817
0.290148115972
0.291107775762
0.292183238845
0.293371200089
0.294667875843
0.296068985077
0.297569779303
0.299165019962
0.30084902733
0.302615721905
0.304458566074
0.30637056289
0.308344345448
0.310372208911
0.31244611336
0.314557638508
0.316698090951
0.318858525489
0.321029747997
0.323202364993
0.325366805728
0.327513371562
0.329632253032
0.331713614445
0.333747592493
0.335724335993
0.337634068125
0.339467159501
0.341214138913
0.34286573984
0.344412961516
0.345847151506
0.347160016778
0.348343686939
0.349390797356
0.35029450612
0.351048579369
0.351647433868
