0.0
0.000244993725056
-6.32567220098e-05
-0.000987088815636
-0.00258574234104
-0.00491452904899
-0.00802388643884
-0.0119584857438
-0.0167563861902
-0.0224482990336
-0.0290569175232
-0.0365963601647
-0.0450717305954
-0.0544787425324
-0.0648034898903
-0.0760224166986
-0.0881022972569
-0.101000386939
-0.114664721167
-0.1290345444
-0.144040772881
-0.15960660206
-0.175648288908
-0.192075909118
-0.208794216388
-0.225703570258
-0.242700964469
-0.259681003296
-0.276536923223
-0.293161654656
-0.309448836317
-0.325293828923
-0.340594686987
-0.355253082629
-0.369175182696
-0.38227245711
-0.394462398011
-0.405669180111
-0.415824235358
-0.424866714944
-0.432743850337
-0.439411268991
-0.444833208368
-0.448982561145
-0.451840920602
-0.453398512673
-0.453654020022
-0.45261434228
-0.450294306869
-0.446716315411
-0.44190988689
-0.435911206815
-0.428762618943
-0.420512078542
-0.41121257604
-0.400921554192
-0.38970032645
-0.377613462217
-0.364728197853
-0.351113853477
-0.336841271882
-0.321982261861
-0.306609073146
-0.290793918257
-0.274608502026
-0.258123593754
-0.241408640614
-0.224531424307
-0.207557740907
-0.19055112618
-0.173572634957
-0.156680640083
-0.139930673694
-0.123375311828
-0.10706409277
-0.0910434599315
-0.0753567411629
-0.060044163121
-0.045142880988
-0.0306870355261
-0.0167078359372
-0.0032336576492
0.00970984560773
0.0220996135972
0.0339150366734
0.0451378093141
0.0557517825659
0.0657427959565
0.0750985242641
0.0838083047024
0.0918629925932
0.099254794858
0.105977125308
0.112024456605
0.117392182799
0.122076491881
0.126074244135
0.129382872883
0.132000278762
0.133924755266
0.135154909651
0.135689613136
0.135527950787
0.134669199773
0.133112809571
0.130858403918
0.127905793662
0.124255008685
0.119906341397
0.114860399833
0.109118178206
0.102681145799
0.0955513478388
0.0877315098831
0.0792251523058
0.0700367298222
0.0601717710676
0.0496370309474
0.0384406379039
0.0265922677057
0.0141032990313
0.000986994799577
-0.0127413356219
-0.0270641545931
-0.0419615447567
-0.0574110379742
-0.0733874588375
-0.0898627719534
-0.106805950119
-0.124182856264
-0.141956130206
-0.160085122161
-0.17852580366
-0.197230732309
-0.21614902177
-0.23522639265
-0.254405182241
-0.273624432296
-0.292819983775
-0.311924644686
-0.33086835729
-0.349578417428
-0.367979726732
-0.385995098889
-0.403545599066
-0.420550908854
-0.43692973998
-0.452600271445
-0.467480606617
-0.481489302872
-0.494545932977
-0.506571632675
-0.517489582013
-0.527225657672
-0.535709071868
-0.542872984121
-0.548654984506
-0.552997730804
-0.555849547244
-0.557164996831
-0.556905354707
-0.555039096281
-0.55154236075
-0.546399314455
-0.539602531543
-0.531153247348
-0.521061614825
-0.509346779949
-0.496037022721
-0.481169710321
-0.464791252248
-0.446956902319
-0.427730541231
-0.407184347927
-0.385398402556
-0.362460215448
-0.338464172761
-0.313510936505
-0.28770676516
-0.261162784101
-0.23399422232
-0.206319571063
-0.178259781439
-0.149937336429
-0.121475442117
-0.0929970606103
-0.0646241195136
-0.0364765601924
-0.00867158445799
0.0186772260712
0.0454606071818
0.0715743738408
0.0969200406724
0.121405430026
0.14494519247
0.167461242528
0.188883154239
0.209148422398
0.228202708902
0.24599994279
0.262502397602
0.277680651265
0.291513489141
0.303987742258
0.315098030696
0.324846493377
0.333242402519
0.340301796113
0.346047003409
0.350506192288
0.353712848123
0.355705252265
0.356525953054
0.356221196864
0.354840421872
0.352435670273
0.349061121364
0.344772521505
0.339626760482
0.333681354989
0.326994069525
0.319622478118
0.311623633298
0.303053717789
0.293967767371
0.284419412485
0.274460661608
0.264141723858
0.253510858204
0.242614262954
0.23149599287
0.22019789986
0.20875961475
0.197218526337
0.185609817316
0.173966473944
0.162319360168
0.150697253263
0.139126939233
0.12763327028
0.116239266843
0.104966191858
0.0938336488127
0.082859666563
0.0720607871774
0.061452154349
0.051047588687
0.0408596728599
0.0308998149163
0.0211783240436
0.0117044645308
0.00248651784731
-0.00646817051353
-0.015153143399
-0.023562791476
-0.031692317958
-0.0395377044057
-0.0470956843525
-0.0543637158626
-0.0613399605422
-0.0680232596098
-0.0744131134743
-0.0805096679215
-0.0863136986314
-0.0918265925206
-0.0970503224884
-0.101987438716
-0.106641052
-0.111014815369
-0.115112900203
-0.118939980694
-0.122501212055
-0.125802209488
-0.128849026861
-0.131648134044
-0.134206391732
-0.136531026628
-0.138629608605
-0.140510025971
-0.142180459134
-0.143649355437
-0.144925403799
-0.146017510604
-0.14693477377
-0.14768646022
-0.148281981089
-0.148730871455
-0.149042766868
-0.149227379106
-0.149294475451
-0.149253863864
-0.149115373619
-0.148888833604
-0.148584054906
-0.148210816566
-0.147778850227
-0.147297822435
-0.146777317834
-0.146226826343
-0.145655729436
-0.14507328483
-0.144488609844
-0.143910668292
-0.143348252811
-0.142809969972
-0.142304223125
-0.141839195554
-0.141422830608
-0.141062812878
-0.140766546912
-0.140541135179
-0.140393355257
-0.140329635293
-0.140356028701
-0.140478187323
-0.140701333019
-0.141030226492
-0.141469138962
-0.142021828058
-0.142691503099
-0.143480787048
-0.144391686851
-0.145425574722
-0.146583154692
-0.147864431436
-0.14926868374
-0.150794441662
-0.152439462186
-0.154200718425
-0.156074394001
-0.158055864315
-0.160139688158
-0.162319615028
-0.164588606152
-0.166938838608
-0.169361731139
-0.171847972676
-0.174387563321
-0.176969858075
-0.17958364485
-0.182217208906
-0.184858376555
-0.187494593007
-0.190113051705
-0.192700808139
-0.195244852705
-0.197732209441
-0.200150081723
-0.202485984287
-0.204727863742
-0.206864226753
-0.208884280441
-0.210778021546
-0.212536387503
-0.214151418269
-0.215616374346
-0.216925771128
-0.218075497247
-0.219062933647
-0.219887028803
-0.22054832256
-0.221048981384
-0.221392821914
-0.221585287106
-0.221633448169
-0.221545990952
-0.221333114264
-0.221006330964
-0.220578410107
-0.220063321581
-0.219476020668
-0.218832203754
-0.218148127659
-0.217440433838
-0.216725893129
-0.216021147912
-0.215342449644
-0.214705431805
-0.21412486166
-0.213614359265
-0.213186147306
-0.212850822708
-0.212617196581
-0.212492039993
-0.212479928147
-0.212583075059
-0.21280127442
-0.213131774468
-0.213569258206
-0.214105818063
-0.214731007633
-0.215431903302
-0.216193215723
-0.216997440147
-0.217825046129
-0.218654709901
-0.219463546013
-0.220227361552
-0.220921000385
-0.221518698636
-0.221994423756
-0.222322162024
-0.222476347287
-0.222432171905
-0.222165979662
-0.221655574245
-0.220880585394
-0.219822730972
-0.218466124361
-0.216797512023
-0.214806496511
-0.212485704264
-0.209830903316
-0.206841133878
-0.203518763639
-0.199869493013
-0.195902264482
-0.191629219812
-0.187065576615
-0.182229455307
-0.177141732901
-0.171825793554
-0.166307239387
-0.160613596005
-0.154774071828
-0.148819214942
-0.142780568735
-0.136690323912
-0.130581001869
-0.12448513894
-0.118434923081
-0.112461896673
-0.106596635095
-0.100868516533
-0.0953054147632
-0.089933499426
-0.0847770011246
-0.0798580633588
-0.0751965722319
-0.0708100634422
-0.0667136290282
-0.0629198579172
-0.0594388117759
-0.0562780291231
-0.0534425583458
-0.0509350179844
-0.0487556863458
-0.046902593645
-0.0453716099717
-0.0441566163682
-0.0432496648444
-0.0426411400543
-0.0423198749459
-0.042273368588
-0.0424879671028
-0.0429490549193
-0.0436411896621
-0.0445482966862
-0.0456538396428
-0.0469409866368
-0.0483927642803
-0.0499922088205
-0.0517224860935
-0.0535669848687
-0.0555094620292
-0.0575341684628
-0.0596259101617
-0.0617700793762
-0.0639527463981
-0.0661607266383
-0.0683816008215
-0.0706037318467
-0.0728162821018
-0.0750092183047
-0.0771732995205
-0.07930008069
-0.0813818940489
-0.0834117980291
-0.0853835290476
-0.0872914854879
-0.0891307052342
-0.0908967903356
-0.0925858485999
-0.0941944491517
-0.0957195781934
-0.0971585706338
-0.0985090680244
-0.0997689571435
-0.10093631591
-0.102009358662
-0.102986396519
-0.103865786715
-0.10464587986
-0.105324974341
-0.105901286666
-0.106372920707
-0.106737825883
-0.106993765506
-0.107138294931
-0.107168740886
-0.107082180839
-0.106875434391
-0.106545050527
-0.10608729644
-0.105498156865
-0.104773339814
-0.103908280213
-0.102898145802
-0.10173785036
-0.100422070901
-0.0989452672672
-0.0973017044617
-0.095485478999
-0.09349054959
-0.0913107706556
-0.08893992767
-0.0863717726632
-0.0836000689961
-0.0806186394268
-0.0774214120024
-0.0740024636698
-0.070356075484
-0.066476789387
-0.0623594641072
-0.0579993282006
-0.0533920400971
-0.0485337497702
-0.0434211603469
-0.0380515881423
-0.0324230237757
-0.0265341960068
-0.0203846320913
-0.0139747203223
-0.00730576679354
-0.000380057001118
0.0067990923762
0.0142272750403
0.0218989422897
0.0298073521305
0.0379445392184
0.0463012709337
0.0548670000023
0.0636298305082
0.0725765076255
0.0816924016723
0.0909614856664
0.100366328705
0.109888102287
0.119506595684
0.129200229553
0.138946092625
0.148719972738
0.158496395657
0.168248683508
0.177949048769
0.187568664257
0.197077732943
0.20644559086
0.2156408358
0.224631448948
0.233384917846
0.241868380105
0.250048780387
0.257893032564
0.265368199108
0.272441687908
0.279081433036
0.28525605547
0.290935091582
0.29608922693
0.300690498937
0.304712478527
0.308130505406
0.310921902569
0.31306619215
0.314545291306
0.315343719776
0.315448781351
0.314850737657
0.3135429882
0.311522223175
0.308788558502
0.305345623508
0.301200688152
0.296364739766
0.290852535307
0.284682561289
0.277877061325
0.270462033514
0.262467164658
0.253925697774
0.244874320577
0.235353028873
0.225404941817
0.215076081972
0.204415131497
0.193473170724
0.182303386927
0.170960764474
0.159501790519
0.14798406738
0.136465893935
0.125005901228
0.113662782758
0.102494839275
0.0915595522418
0.0809131953267
0.0706105155373
0.0607043365047
0.0512451956419
0.0422809997225
0.0338567095171
0.0260140448131
0.0187912235937
0.0122227815589
0.00633930686289
0.00116722331972
-0.00327132239496
-0.00695847162427
-0.00988078338372
-0.0120292987809
-0.0133995147578
-0.0139913040119
-0.0138088476896
-0.0128605520353
-0.0111588980216
-0.00872026701056
-0.00556474136792
-0.00171587206324
0.00279958185605
0.00795189634207
0.013708603164
0.0200348476338
0.026893740205
0.0342466405555
0.0420533577443
0.0502725412777
0.0588620204193
0.0677791043552
0.0769808194529
0.0864242267311
0.0960667024932
0.105866204188
0.115781499247
0.12577239179
0.135799933162
0.145826595901
0.155816462081
0.165735386172
0.175551109467
0.185233320016
0.194753770873
0.204086388802
0.213207297839
0.222094822661
0.23072951222
0.23909415685
0.247173758346
0.254955500803
0.262428704802
0.269584762482
0.276417060601
0.282920924388
0.289093559676
0.294933928496
0.30044262943
0.305621817066
0.310475142044
0.315007609692
0.319225465168
0.323136091229
0.326747920593
0.3300703176
0.333113477143
0.335888321173
0.338406401541
0.340679801678
0.342721053317
0.344543055821
0.346158977357
0.347582162999
0.348826073719
0.349904236893
0.350830160138
0.351617251273
0.352278772274
0.352827792829
0.353277131772
0.353639305421
0.353926485911
0.354150454393
0.354322561492
0.354453696188
0.354554253996
0.35463409479
0.354702506559
0.354768185199
0.354839210949
0.354923014961
0.355026345391
0.355155248641
0.355315043076
0.355510293105
0.35574478222
0.35602148952
0.356342561262
0.356709286102
0.357122070219
0.35758041136
0.358082871888
0.358627052543
0.359209567412
0.35982601828
0.360470969876
0.361137927061
0.361819311237
0.362506441728
0.363189514686
0.363857589833
0.364498574518
0.365099222212
0.365645123076
0.366120706366
0.366509243474
0.366792868919
0.366952597965
0.366968357332
0.366819023101
0.366482468041
0.36593562069
0.365154536276
0.364114490411
0.362790063474
0.361155247721
0.359183570383
0.356848248112
0.354122328494
0.350978859266
0.347391071236
0.343332574537
0.338777569617
0.333701080993
0.328079200479
0.321889323983
0.315110410808
0.307723264021
0.29971081205
0.291058389934
0.281754016208
0.271788690463
0.261156638117
0.249855619185
0.237887206862
0.225257051229
0.211975024668
0.198055482047
0.183517487182
0.168384988869
0.152686868821
0.136457043754
0.119734549607
0.102563553641
0.0849932942086
0.0670779690825
0.048876627921
0.0304529584107
0.0118750513191
-0.00678493383503
-0.0254511075049
-0.0440442740304
-0.0624823988768
-0.0806811267607
-0.098554356968
-0.116014835275
-0.132974821246
-0.149346748956
-0.165043951287
-0.17998137323
-0.194076312398
-0.207249170557
-0.219424165762
-0.230530097527
-0.240500990008
-0.249276834637
-0.256804138477
-0.263036593394
-0.267935513988
-0.271470381627
-0.273619159706
-0.274368668596
-0.273714766561
-0.271662525767
-0.268226265732
-0.263429518728
-0.257304901991
-0.249893880108
-0.241246463168
-0.231420791006
-0.220482649825
-0.208504914878
-0.195566890916
-0.181753649671
-0.167155221228
-0.151865855855
-0.135983113441
-0.119607073469
-0.102839382
-0.0857824320627
-0.0685384305643
-0.0512085735863
-0.0338921899032
-0.0166859404831
0.000316917086681
0.0170272704382
0.0333607394834
0.0492383191552
0.0645868122474
0.0793393286501
0.0934355731213
0.106822167418
0.119452802695
0.131288373005
0.14229699764
0.152453975957
0.161741682238
0.170149368578
0.177672935362
0.184314619223
0.190082646195
0.194990845245
0.199058197847
0.202308414539
0.204769405418
0.206472844762
0.207453600464
0.207749299517
0.20739975888
0.20644656036
0.204932519863
0.202901280948
0.200396849161
0.197463215712
0.194143971811
0.190481975633
0.186519050664
0.182295709109
0.177850929755
0.173221948851
0.16844410754
0.163550716965
0.158572963615
0.153539848281
0.148478140583
0.143412382723
0.13836488792
0.133355794453
0.128403103995
0.123522769788
0.118728770268
0.1140332164
0.109446454446
0.104977180339
0.10063256379
0.0964183611267
0.0923390514514
0.0883979428908
0.0845973111613
0.0809385009784
0.0774220544995
0.074047800967
0.0708149717811
0.0677222893604
0.0647680610332
0.0619502549102
0.0592665768598
0.0567145327374
0.0542914855323
0.0519947151583
0.0498214673855
0.0477689826624
0.0458345188809
0.0440153904915
0.0423090098686
0.0407128848581
0.0392246087465
0.0378418801509
0.0365625368464
0.0353845395205
0.034305956351
0.0333249628439
0.0324398458539
0.0316489903092
0.0309508737041
0.0303440587035
0.0298271707563
0.0293988775066
0.0290578912259
0.0288029735219
0.0286329026212
0.0285464424449
0.0285423449679
0.0286193542213
0.0287761804078
0.0290114807187
0.0293238523735
0.029711821931
0.0301738314051
0.0307082307577
0.0313132679064
0.0319870755666
0.0327276612699
0.0335328990304
0.0344005195837
0.03532810323
0.0363130752625
0.0373526975973
0.0384440629006
0.0395840894097
0.0407695111494
0.041996876145
0.0432625557994
0.0445627392616
0.0458934181572
0.0472503896523
0.0486292855553
0.0500255798815
0.0514345668691
0.0528513607249
0.0542709309445
0.0556881252187
0.0570976671359
0.058494169976
0.0598721643402
0.0612261195889
0.0625504675717
0.0638396396006
0.0650880923646
0.0662903210303
0.0674408984236
0.068534536422
0.069566122062
0.0705307403134
0.0714237194977
0.0722406729073
0.0729775349452
0.0736306214387
0.0741966932298
0.0746729770345
0.0750571767401
0.0753475439097
0.0755429338435
0.0756428238373
0.0756473174134
0.0755571894724
0.0753739252848
0.0750997346094
0.0747375453525
0.0742910164807
0.0737645157796
0.0731630991179
0.0724925207357
0.0717592216123
0.0709702511178
0.070133186799
0.0692561281519
0.0683476832527
0.0674168524801
0.0664728967154
0.06552528792
0.0645836406148
0.0636575891964
0.0627567192865
0.0618904611331
0.0610679463206
0.0602978969784
0.0595885722018
0.058947666424
0.0583821669563
0.0578982422971
0.0575012065894
0.0571954947091
0.0569845428821
0.0568707090759
0.0568552513387
0.0569382907101
0.0571187800285
0.0573945802968
0.0577624465645
0.0582180043583
0.0587558120158
0.0593694593016
0.0600516333203
0.060794173037
0.0615881665971
0.0624240774729
0.0632918680688
0.0641811063466
0.0650810773092
0.0659809356691
0.0668698329808
