0.0
0.00176193105326
0.00351150216454
0.00526118807695
0.00700965661738
0.00875626685252
0.0105006197991
0.0122420622703
0.0139803222199
0.0157147874633
0.0174449633754
0.0191703754769
0.0208905568399
0.0226050353657
0.0243133417678
0.0260150179795
0.0277095987653
0.0293966205792
0.0310756303842
0.0327461672997
0.0344077760547
0.0360600110945
0.03770242094
0.0393345571424
0.0409559835814
0.0425662610617
0.0441649553189
0.045751633455
0.0473258669675
0.0488872337026
0.0504353140493
0.0519696898486
0.0534899473395
0.054995677185
0.0564864802701
0.0579619596835
0.0594217220203
0.0608653777274
0.0622925428969
0.0637028393806
0.0650958942506
0.0664713383253
0.0678288088219
0.0691679457148
0.0704883982261
0.0717898228752
0.0730718797415
0.0743342354135
0.0755765614223
0.076798537026
0.0779998480323
0.079180186983
0.0803392522129
0.0814767487534
0.082592389332
0.0836858903386
0.0847569760059
0.0858053776736
0.0868308343582
0.0878330914518
0.0888119034789
0.0897670321659
0.0906982473901
0.0916053275972
0.0924880594078
0.0933462335413
0.0941796470608
0.0949881073697
0.0957714279514
0.0965294345221
0.097261956744
0.0979688318833
0.0986499090374
0.0993050411345
0.0999340945966
0.100536940112
0.101113461351
0.101663545592
0.102187093188
0.1026840135
0.103154225202
0.103597648377
0.104014211705
0.104403852852
0.104766523014
0.105102176462
0.105410781612
0.105692314474
0.105946761502
0.106174118476
0.106374393041
0.106547598551
0.106693750983
0.106812879718
0.106905023045
0.106970231818
0.107008561974
0.107020075882
0.107004843908
0.10696294804
0.106894480281
0.106799538615
0.106678236294
0.106530695218
0.106357044343
0.106157430318
0.105932005392
0.105680922948
0.105404338997
0.105102421818
0.104775349502
0.104423308912
0.104046495256
0.103645119244
0.103219397933
0.102769558465
0.102295838496
0.101798486122
0.101277744032
0.10073387121
0.100167136672
0.0995778138706
0.0989661914876
0.0983325565426
0.0976772089698
0.0970004537488
0.0963026064148
0.0955839913102
0.0948449379951
0.0940857880518
0.0933068904453
0.0925086035925
0.0916912944085
0.0908553349064
0.0900010984565
0.0891289663981
0.0882393318799
0.0873325913294
0.0864091485186
0.0854694188104
0.0845138206235
0.0835427819467
0.0825567341458
0.0815561181239
0.0805413830658
0.0795129817402
0.0784713753551
0.0774170333316
0.0763504289249
0.0752720395654
0.0741823432906
0.0730818246487
0.0719709740654
0.0708502803888
0.0697202459079
0.068581390659
0.0674342315248
0.0662792942106
0.0651171075739
0.0639482063513
0.0627731216741
0.0615923907387
0.0604065527745
0.0592161512621
0.0580217287808
0.0568238430823
0.055623053999
0.0544199201863
0.0532150010918
0.0520088564325
0.0508020618812
0.0495952054985
0.0483888708209
0.047183648122
0.0459801292443
0.0447789046276
0.04358055286
0.0423856555098
0.0411947898147
0.0400085230894
0.0388274252927
0.0376521243659
0.036483229264
0.0353213476953
0.0341670914535
0.0330210771258
0.0318839093747
0.0307561914183
0.0296385282506
0.0285315188123
0.0274357532692
0.02635183477
0.0252803746205
0.0242219615795
0.023177174117
0.0221465736537
0.0211307437028
0.0201303525394
0.0191460311609
0.0181784240643
0.0172281956548
0.0162960127426
0.0153824347065
0.0144880397369
0.013613384117
0.0127589749678
0.0119252639205
0.0111129287797
0.0103226436976
0.00955504611445
0.00881081054285
0.0080906647322
0.00739528988171
0.00672533781186
0.00608153687284
0.00546464149493
0.00487543130734
0.00431478574316
0.00378382965376
0.00328379789981
0.00281619027654
0.00238291336898
0.00198666565711
0.00163234807678
0.00132745692706
0.00108372429288
0.000917179638803
0.00084085163566
0.000846600114726
0.00090588132325
0.000987424343681
0.00106831780391
0.00113413685578
0.00117811931832
0.00119743913226
0.00119021501678
0.00115640660018
0.00109806541216
0.00101918150629
0.000926069116567
0.000833793646328
0.000770367413699
0.000776870845025
0.000886468615749
0.0010996529865
0.00139746631704
0.0017624137201
0.00218363875603
0.0026551330392
0.00317447221029
0.00374019735502
0.0043514210288
0.00500774309752
0.00570905340855
0.006454763031
0.00724434441835
0.00807773149154
0.00895490571941
0.00987588052364
0.0108408075043
0.0118500195801
0.0129037173379
0.0140021130509
0.0151454305652
0.0163338675383
0.0175674746995
0.0188463855924
0.0201707440068
0.0215406898271
0.0229563534648
0.0244177932165
0.0259250759855
0.02747827667
0.0290774622273
0.0307226931306
0.0324140576411
0.0341516507014
0.0359355492457
0.0377658279402
0.0396425618688
0.04156576196
0.0435353411756
0.0455512675915
0.0476134973545
0.0497219714567
0.051876629115
0.0540774422548
0.0563243557138
0.0586173032963
0.0609562151586
0.0633410130548
0.0657715614008
0.0682477283149
0.0707693802772
0.0733363742945
0.0759485592518
0.0786057532532
0.0813077611609
0.0840543828819
0.086845409129
0.0896806178595
0.0925597812775
0.0954826752585
0.0984490594486
0.101458684731
0.104511297252
0.107606624584
0.11074433887
0.113924127508
0.117145661384
0.120408601023
0.12371259535
0.127057304183
0.130442372923
0.133867431037
0.137332103304
0.140836003793
0.144378724593
0.147959843783
0.151578933213
0.155235558617
0.158929272059
0.162659612521
0.166426104907
0.170228262734
0.174065594512
0.177937591549
0.181843743056
0.185783535142
0.189756445327
0.193761939449
0.19779947734
0.201868504848
0.20596844455
0.210098708541
0.214258705039
0.218447829476
0.222665464425
0.226911000077
0.231183820548
0.235483289977
0.239808773612
0.244159622597
0.248535180841
0.252934775454
0.257357733497
0.261803367894
0.26627098928
0.270759891018
0.275269375031
0.279798717902
0.284347196831
0.288914081879
0.293498628969
0.298100108266
0.302717772822
0.30735086994
0.311998642351
0.316660328897
0.32133515051
0.326022322681
0.330721051942
0.335430541716
0.340149990064
0.344878585975
0.349615532306
0.354360017051
0.359111221142
0.363868318061
0.368630487717
0.373396895564
0.378166713247
0.382939090225
0.387713190006
0.392488166675
0.397263168653
0.402037334965
0.4068098112
0.411579725982
0.41634621837
0.421108426443
0.425865481217
0.430616524996
0.43536068301
0.44009709256
0.444824874795
0.449543147732
0.454251036672
0.458947660557
0.463632121949
0.46830355544
0.472961074953
0.477603807228
0.482230871547
0.486841388416
0.491434475841
0.496009258863
0.500564861672
0.505100398355
0.509615001223
0.514107797204
0.518577900449
0.523024440923
0.527446560387
0.531843372623
0.536214019891
0.54055764222
0.544873377706
0.549160371182
0.553417770658
0.55764473413
0.561840407174
0.5660039392
0.570134514097
0.574231275515
0.578293392773
0.582320049209
0.586310419811
0.590263686499
0.594179038766
0.598055673274
0.601892784816
0.605689586882
0.609445280652
0.613159099312
0.61683025142
0.620457973432
0.624041503525
0.62758007763
0.631072956388
0.634519385321
0.637918633445
0.641269977194
0.644572690173
0.647826069149
0.651029402458
0.654182005338
0.657283188187
0.660332262818
0.66332857235
0.666271444644
0.669160228593
0.671994274227
0.674772952489
0.677495644255
0.680161737655
0.682770619608
0.685321703874
0.687814416929
0.690248168989
0.692622397354
0.694936558616
0.697190106229
0.6993825105
0.701513244708
0.70358181109
0.705587710936
0.707530453247
0.709409570919
0.711224593445
0.712975077306
0.714660583516
0.716280684413
0.71783497563
0.719323044098
0.720744494272
0.722098970464
0.723386101176
0.724605525878
0.725756909665
0.726839939417
0.727854290573
0.728799667212
0.729675784921
0.730482376693
0.731219180749
0.731885949104
0.732482450578
0.733008465401
0.733463802305
0.733848258174
0.734161661013
0.73440385175
0.734574683409
0.734674023371
0.734701738503
0.734657739327
0.734541930784
0.734354234963
0.734094590219
0.733762954286
0.733359279352
0.732883571838
0.732335809811
0.731716006778
0.731024190809
0.730260406707
0.729424698693
0.728517144346
0.727537824273
0.72648683985
0.725364296487
0.724170333841
0.722905093737
0.72156873226
0.720161425004
0.718683359114
0.717134728146
0.715515758844
0.713826675515
0.712067744566
0.710239196064
0.708341329067
0.706374424149
0.704338786947
0.702234739195
0.700062619867
0.697822775511
0.695515569424
0.69314137181
0.690700580768
0.688193607832
0.685620867239
0.68298279099
0.680279834867
0.677512450882
0.674681124273
0.671786339602
0.668828605529
0.665808437244
0.662726372111
0.659582958402
0.656378744933
0.65311431476
0.649790239326
0.646407131068
0.642965595348
0.639466252383
0.635909746862
0.632296722283
0.628627850254
0.624903801714
0.621125271155
0.617292956969
0.613407569488
0.609469828071
0.605480476354
0.601440256691
0.597349926954
0.593210265159
0.589022053878
0.584786081977
0.580503162824
0.576174102913
0.571799735459
0.567380896564
0.562918437363
0.558413220607
0.553866116319
0.549277994596
0.544649748196
0.539982266038
0.535276452896
0.530533239363
0.525753527075
0.520938282846
0.516088426964
0.511204930269
0.506288750529
0.501340852334
0.496362224427
0.491353837722
0.486316686199
0.481251771649
0.476160097867
0.471042681953
0.465900549592
0.460734721608
0.455546231257
0.450336128318
0.445105447582
0.439855250537
0.434586594198
0.429300540508
0.423998157295
0.418680520948
0.413348710021
0.408003808965
0.402646900311
0.39727907133
0.391901424736
0.386515068277
0.381121090994
0.375720611996
0.370314735114
0.36490457273
0.35949124378
0.354075864456
0.348659550859
0.343243421306
0.337828595035
0.332416203396
0.327007378752
0.321603230871
0.316204899918
0.310813500306
0.305430169323
0.300056042811
0.294692240417
0.289339888318
0.284000121922
0.278674059665
0.273362834362
0.268067563708
0.262789371599
0.257529364102
0.252288667464
0.247068403185
0.241869684758
0.236693620109
0.231541316495
0.226413876853
0.221312408568
0.216238010133
0.211191774602
0.206174787987
0.201188129868
0.196232888307
0.191310142725
0.186420961949
0.181566405588
0.176747527605
0.17196539165
0.167221057594
0.162515570912
0.157849972897
0.153225295202
0.148642564309
0.144102793924
0.139606989549
0.135156141322
0.130751224641
0.126393218379
0.122083126357
0.117821927886
0.113610593543
0.109450086738
0.105341366859
0.101285372468
0.0972830361739
0.0933352797993
0.0894430122915
0.0856071267329
0.0818285273876
0.0781081021825
0.0744467206475
0.0708452390143
0.0673044970326
0.0638253546447
0.0604086847505
0.0570553446446
0.0537661973005
0.0505421167747
0.0473839658422
0.0442925625987
0.0412687587216
0.0383134088194
0.0354273768622
0.0326115562542
0.0298669495757
0.0271946185897
0.0245957440529
0.0220717038281
0.0196241751815
0.0172551924898
0.014967532536
0.0127652806513
0.0106549321855
0.00864785688641
0.00676627669378
0.00505970583171
0.00365356559395
0.0028570827398
0.00303473382958
0.00396024515892
0.00517772731153
0.00646864055655
0.007751003208
0.00899103919221
0.010172770096
0.0112874288977
0.0123300131565
0.0132973868694
0.0141874475768
0.0149987078685
0.0157299613515
0.0163802992272
0.0169490276917
0.0174355970067
0.0178395764849
0.0181604955038
0.0183979206608
0.0185515423254
0.0186211101032
0.0186064364006
0.018507310879
0.018323438196
0.018054649836
0.0177008203798
0.0172618744344
0.0167377568355
0.0161282830512
0.0154333786491
0.0146530245702
0.01378726347
0.0128362018203
0.0117996776165
0.010677573112
0.00946981249201
0.00817627679977
0.00679674453798
0.00533013394
0.00377312331535
0.00211180840774
1.79863497395e-12
0.00120327676278
0.00316037892388
0.0051449378601
0.00720274846552
0.00934017123806
0.0115589538499
0.0138595810883
0.0162418346539
0.0187055789675
0.0212506070774
0.0238766537053
0.0265834126765
0.0293705008713
0.0322375381205
0.0351841384022
0.0382099046353
0.0413144272981
0.0444971841711
0.0477576326693
0.0510952595568
0.0545095381736
0.0579999292735
0.0615658775491
0.0652068134374
0.0689221593834
0.0727113271727
0.0765737183192
0.0805087100254
0.0845156133024
0.0885937558984
0.0927424524102
0.0969610059659
0.101248704652
0.105604815641
0.110028591019
0.114519277151
0.119076102152
0.123698286398
0.128385034649
0.133135548138
0.137949009229
0.142824590494
0.147761458451
0.152758747797
0.157815564311
0.1629310157
0.168104191339
0.173334169026
0.178620018245
0.183960811353
0.189355603772
0.194803431871
0.200303329621
0.205854314906
0.211455395601
0.217105565934
0.222803811257
0.228549107807
0.234340422998
0.240176705551
0.24605690403
0.251979950346
0.257944765959
0.263950261977
0.269995351809
0.276078937625
0.28219991236
0.288357159293
0.294549551521
0.300775962983
0.307035245802
0.313326248239
0.3196478149
0.325998773324
0.332377950242
0.33878417663
0.345216270912
0.351673053108
0.358153322852
0.364655875747
0.371179518954
0.377723038833
0.384285226397
0.390864848859
0.397460698278
0.4040715338
0.410696122011
0.417333242279
0.423981644229
0.43064008465
0.437307309811
0.443982092215
0.450663167978
0.457349295466
0.464039218522
0.470731678698
0.477425427708
0.484119202732
0.490811747757
0.497501804541
0.504188098868
0.510869394311
0.517544421477
0.524211926264
0.530870639793
0.537519314063
0.54415669389
0.550781521019
0.557392545131
0.563988521871
0.570568200336
0.577130327833
0.583673672666
0.590196979621
0.596699024182
0.603178564894
0.60963436203
0.616065198609
0.622469857387
0.628847121388
0.635195772896
0.641514608882
0.647802428288
0.654058024153
0.660280215982
0.666467812329
0.67261963943
0.678734508915
0.684811271857
0.690848755243
0.696845815856
0.70280130515
0.708714089055
0.714583029236
0.720407010801
0.726184918079
0.731915644787
0.737598100971
0.743231191697
0.748813843912
0.754344986555
0.759823561234
0.765248511727
0.770618797043
0.775933403896
0.781191293184
0.786391477527
0.791532939998
0.796614709855
0.801635798581
0.806595257704
0.811492117421
0.816325456821
0.821094321408
0.825797817329
0.830435024307
0.835005063874
0.839507044371
0.843940106572
0.848303405526
0.852596079936
0.856817323575
0.860966317797
0.865042260344
0.869044386264
0.87297190118
0.876824057395
0.8806001059
0.884299335159
0.887921015867
0.891464454734
0.894928963706
0.898313888396
0.901618560622
0.904842354637
0.90798463922
0.911044811394
0.914022282066
0.916916480421
0.919726837018
0.922452827219
0.925093904426
0.927649570923
0.930119332763
0.9325027097
0.934799234947
0.937008470649
0.939129996676
0.941163394599
0.943108268552
0.944964246696
0.946730964843
0.948408086466
0.949995275259
0.951492242272
0.952898685039
0.954214329596
0.955438924851
0.956572225755
0.957614016696
0.958564106309
0.959422288356
0.960188403831
0.960862300144
0.961443867002
0.961932969721
0.962329512698
0.962633419368
0.962844641406
0.962963103588
0.96298881096
0.962921747884
0.962761906563
0.96250934794
0.962164096112
0.961726209039
0.961195787581
0.960572928398
0.95985774033
0.959050349422
0.958150940836
0.957159641371
0.956076679493
0.954902226343
0.953636514373
0.95227979729
0.950832322068
0.949294361483
0.94766621415
0.945948188116
0.944140607034
0.94224382123
0.940258196778
0.938184094836
0.936021919919
0.933772074207
0.931434990609
0.929011123286
0.926500925738
0.923904864886
0.921223445392
0.918457184863
0.915606595736
0.91267223018
0.909654642593
0.906554400536
0.903372105134
0.900108352607
0.896763769843
0.893338986191
0.889834653737
0.886251432331
0.882590016396
0.878851097344
0.875035372149
0.871143578004
0.867176452141
0.863134749192
0.859019223108
0.854830670674
0.850569862536
0.846237639551
0.841834791245
0.837362169663
0.832820605397
0.828210977929
0.823534137836
0.818790987427
0.813982429155
0.809109346025
0.804172678379
0.799173342854
0.794112300066
0.788990490586
0.783808892742
