0.0
0.00692095959032
0.0138199837202
0.0207207144094
0.0276185629313
0.0345116173694
0.0413987479938
0.0482781877519
0.0551491994721
0.0620101443126
0.0688596994072
0.0756965995016
0.082519592172
0.0893274152284
0.0961188156232
0.102892556716
0.109647389328
0.116382072925
0.123095376876
0.129786063258
0.136452900254
0.143094678554
0.149710171604
0.156298163108
0.162857456053
0.169386847612
0.175885144621
0.182351157261
0.188783702709
0.195181606203
0.201543703514
0.207868828321
0.21415581984
0.22040353373
0.226610833713
0.232776594932
0.238899693917
0.244979016778
0.251013454604
0.257001917712
0.262943317658
0.268836578445
0.274680628099
0.280474409724
0.286216871275
0.29190698071
0.297543710729
0.303126045782
0.308652979685
0.314123515031
0.319536675101
0.324891484449
0.330186986481
0.335422231228
0.34059628147
0.3457082154
0.350757121571
0.355742094343
0.360662252394
0.365516718866
0.3703046276
0.375025147196
0.379677435137
0.384260671018
0.388774054562
0.393216794139
0.397588104944
0.401887229286
0.406113411945
0.410265916549
0.414344027611
0.418347031984
0.422274242075
0.426124977501
0.429898584651
0.433594417797
0.437211842007
0.440750243364
0.44420902985
0.447587619202
0.45088544261
0.454101948274
0.457236595982
0.460288870343
0.463258260685
0.466144294741
0.468946493482
0.471664392529
0.474297577402
0.476845620016
0.479308120593
0.481684696746
0.483974970263
0.486178594866
0.488295234357
0.490324573524
0.492266304079
0.494120153212
0.495885842848
0.49756312025
0.499151764867
0.50065156215
0.502062306108
0.503383828212
0.504615966866
0.505758576295
0.506811537998
0.507774751823
0.508648100538
0.509431523717
0.510124964566
0.510728368364
0.511241728355
0.511665035107
0.511998303859
0.512241571832
0.512394893955
0.512458340517
0.512431985711
0.512315935435
0.512110304995
0.511815231789
0.51143087293
0.510957390034
0.510394974069
0.509743839933
0.50900421224
0.508176320406
0.50726044037
0.506256822313
0.505165773542
0.503987598596
0.50272262379
0.501371185485
0.49993364319
0.498410370962
0.496801769279
0.495108231918
0.49333019844
0.491468099032
0.48952239217
0.487493548905
0.485382059193
0.483188435566
0.480913185905
0.47855684554
0.476119961186
0.473603108155
0.471006858353
0.468331816586
0.465578588668
0.462747798398
0.459840090259
0.456856119526
0.453796567553
0.450662105082
0.44745342415
0.444171243786
0.440816283688
0.437389288986
0.433890999284
0.430322189393
0.426683637254
0.422976126621
0.419200472589
0.415357491926
0.411448008061
0.407472866572
0.40343291734
0.39932903257
0.395162087007
0.390932968892
0.386642572807
0.382291807389
0.377881595154
0.373412867204
0.368886569006
0.36430365405
0.359665092961
0.35497185601
0.35022493099
0.345425308297
0.340573991392
0.335671986818
0.330720313379
0.325719998103
0.320672075448
0.315577597382
0.310437610926
0.305253181978
0.30002537524
0.294755265096
0.289443943846
0.284092502244
0.278702034799
0.27327365474
0.267808464344
0.262307577313
0.256772123228
0.251203213266
0.245601975159
0.239969534859
0.23430705039
0.228615674057
0.222896556183
0.217150857152
0.211379740491
0.205584371437
0.199765916675
0.193925547177
0.188064428935
0.182183731337
0.176284631073
0.170368327103
0.164435999776
0.158488834529
0.152528010116
0.146554716145
0.140570162151
0.134575544505
0.128572059337
0.122560901465
0.116543267217
0.110520380229
0.104493453292
0.098463699096
0.0924323291778
0.0864005584401
0.080369653314
0.0743408984553
0.0683155911078
0.0622950715791
0.0562807334269
0.0502741106506
0.0442769413954
0.038291281457
0.0323198171693
0.0263665794403
0.0204389482231
0.0145545047595
0.00877428800268
0.00356404526146
0.00429077396738
0.00966931900247
0.0154044634638
0.0211920091087
0.0269840925671
0.032765870053
0.0385307711001
0.0442751303907
0.0499964698312
0.0556928819234
0.0613627666466
0.067004702336
0.0726174214243
0.0781997376062
0.0837504864589
0.0892685417791
0.0947528024504
0.100202196745
0.105615682934
0.110992227838
0.116330802848
0.121630399801
0.126890017456
0.132108686256
0.137285441149
0.142419320708
0.147509377904
0.15255467094
0.157554289322
0.162507325603
0.16741288475
0.172270079325
0.177078032336
0.181835879661
0.186542763023
0.191197837134
0.195800266358
0.200349225098
0.204843910537
0.209283539557
0.213667332411
0.217994530353
0.222264385165
0.226476155007
0.230629112955
0.234722543598
0.238755744251
0.242728035023
0.246638734807
0.250487184957
0.254272731624
0.257994744304
0.261652598976
0.265245685461
0.26877341577
0.27223521295
0.275630521847
0.278958792106
0.282219498607
0.285412120362
0.28853614746
0.291591091399
0.294576474623
0.297491839264
0.300336736603
0.30311074146
0.305813430596
0.308444409997
0.3110032913
0.31348971809
0.315903326215
0.318243780562
0.320510758524
0.322703959796
0.324823095059
0.326867884174
0.328838059425
0.330733376641
0.332553603514
0.334298520703
0.335967935213
0.337561662894
0.339079541488
0.340521419999
0.341887172252
0.343176684867
0.344389841354
0.345526551522
0.346586741247
0.347570354737
0.34847734847
0.349307694495
0.350061384508
0.350738421576
0.351338833175
0.351862659835
0.352309951029
0.352680769993
0.352975199077
0.353193344326
0.35333531943
0.353401257937
0.353391291227
0.353305585797
0.353144307516
0.352907654792
0.352595832085
0.352209049223
0.351747550172
0.351211577561
0.350601407615
0.349917317257
0.349159594946
0.348328551256
0.347424500664
0.346447783428
0.345398750852
0.344277767254
0.343085206895
0.341821456067
0.340486926147
0.339082041361
0.337607230972
0.33606293452
0.334449615949
0.332767749882
0.331017821373
0.329200334128
0.327315796353
0.325364726841
0.323347654485
0.321265137592
0.319117727876
0.316906007448
0.314630555157
0.312291973145
0.309890873814
0.307427882907
0.304903631022
0.302318752359
0.299673902035
0.29696973868
0.294206943527
0.291386189555
0.288508182215
0.285573619768
0.282583227918
0.279537724001
0.276437847158
0.273284341815
0.270077969009
0.266819490167
0.263509688494
0.260149342773
0.256739240618
0.253280178305
0.249772957594
0.246218386102
0.242617277667
0.238970466846
0.235278800163
0.231543123574
0.227764300022
0.223943192145
0.220080670608
0.216177597807
0.212234851731
0.208253314236
0.204233860202
0.200177388176
0.196084807032
0.191957025895
0.187794962627
0.18359953178
0.179371665473
0.175112286526
0.170822327728
0.166502720268
0.162154401646
0.157778311005
0.153375396527
0.148946618409
0.144492927798
0.140015281478
0.135514636225
0.130991954016
0.126448210583
0.121884375006
0.11730141768
0.112700303633
0.108082010045
0.103447530594
0.0987978525913
0.0941339623558
0.0894568495803
0.0847675044846
0.0800669463201
0.0753561957806
0.0706362772701
0.0659082263117
0.0611730900691
0.0564319749553
0.0516860389289
0.0469364916779
0.0421846469823
0.0374319810552
0.0326802999712
0.0279320249966
0.0231907104207
0.0184625519865
0.0137608832222
0.00912442723407
0.00474038023277
0.00262621256355
0.00603184591531
0.0105235098765
0.0151578227315
0.0198287507206
0.0245095360214
0.0291899366375
0.0338648691573
0.0385312813741
0.0431870782485
0.0478306344849
0.0524605784145
0.0570756960193
0.0616748701021
0.0662570820268
0.0708213813969
0.0753668258007
0.0798924967663
0.0843974981017
0.0888809456498
0.0933419740168
0.0977797247283
0.102193348588
0.106582005777
0.110944867798
0.11528114682
0.1195900528
0.123870802148
0.128122615136
0.132344729418
0.136536385878
0.140696838388
0.144825345401
0.14892117606
0.152983608301
0.157011931822
0.161005453497
0.164963476525
0.168885323818
0.172770318292
0.176617803105
0.180427134921
0.184197674264
0.187928792446
0.19161987569
0.195270322225
0.198879522487
0.202446887239
0.205971836148
0.209453801815
0.212892219612
0.216286553677
0.219636278727
0.222940875559
0.226199843506
0.2294126915
0.232578933543
0.235698087962
0.238769697247
0.241793308977
0.244768482217
0.247694791726
0.250571819344
0.253399161964
0.256176424221
0.258903227329
0.261579205577
0.264204002373
0.266777290258
0.269298737863
0.271768036209
0.274184887561
0.276549000914
0.278860079665
0.281117854257
0.283322066141
0.285472467536
0.287568825724
0.289610929002
0.291598580393
0.293531583716
0.295409777495
0.297232988055
0.299001059578
0.300713846141
0.302371220296
0.30397306804
0.30551928473
0.307009775398
0.308444458885
0.309823269265
0.311146154475
0.312413068629
0.313623994273
0.314778901974
0.315877798038
0.316920699238
0.31790762571
0.318838613748
0.319713698089
0.320532931339
0.32129637798
0.322004117751
0.322656243779
0.323252858729
0.323794085095
0.324280050509
0.324710904342
0.325086799991
0.325407899911
0.325674376495
0.3258864223
0.326044235742
0.326148032787
0.326198027705
0.32619444933
0.326137536194
0.326027544625
0.325864730217
0.325649371748
0.325381755613
0.32506218516
0.324690963475
0.324268425043
0.323794888268
0.323270692559
0.32269618129
0.322071711604
0.321397647695
0.320674370751
0.319902261691
0.319081725103
0.318213168721
0.317297008829
0.316333669558
0.315323594258
0.314267208882
0.313164969582
0.312017339569
0.31082477763
0.309587763994
0.308306784815
0.306982320685
0.305614873516
0.304204947598
0.302753058044
0.301259731302
0.299725502159
0.298150913271
0.296536508798
0.29488285414
0.293190489243
0.291459981635
0.289691892774
0.287886793214
0.286045258094
0.284167880588
0.282255259757
0.280307995175
0.278326703199
0.276311990341
0.274264480889
0.272184783669
0.270073525226
0.267931333388
0.265758838901
0.26355667854
0.261325495448
0.259065935715
0.256778646748
0.254464279989
0.252123491192
0.249756938618
0.247365292934
0.244949220286
0.242509388156
0.240046471448
0.23756113881
0.235054068526
0.232525929071
0.229977402775
0.227409156668
0.224821881816
0.222216265608
0.219592991401
0.216952749382
0.214296231724
0.211624125901
0.20893711498
0.206235891945
0.20352113972
0.200793544665
0.198053788305
0.1953025671
0.192540562284
0.18976845676
0.186986933247
0.184196665046
0.181398343869
0.178592660531
0.175780291679
0.172961927805
0.170138247893
0.167309922628
0.164477622372
0.161642011879
0.158803750304
0.155963489688
0.153121885748
0.150279611198
0.147437321819
0.144595668414
0.141755305927
0.138916878874
0.136081030493
0.13324840016
0.130419619966
0.12759532055
0.124776123915
0.121962650315
0.119155512775
0.116355313336
0.113562646413
0.110778096426
0.10800226322
0.105235754925
0.102479162822
0.0997330766786
0.0969980869063
0.0942747679867
0.0915636658644
0.0888653285983
0.0861802966059
0.0835090884689
0.0808522209434
0.0782102486471
0.075583701508
0.0729730993546
0.0703789612892
0.0678018028952
0.065242121688
0.0627004156492
0.0601771757217
0.0576728897267
0.0551880385467
0.0527230830721
0.0502784691338
0.0478546306474
0.0454519836841
0.0430709213679
0.040711858931
0.0383752840665
0.0360616512588
0.0337714349336
0.0315051450563
0.0292633018999
0.0270462953909
0.0248545812778
0.0226886364123
0.0205489468846
0.0184360327472
0.0163507230629
0.0142940686311
0.0122675375868
0.0102734898037
0.00831619999962
0.00640432764787
0.00455979764359
0.002858089461
0.00168147456643
0.00210950721092
0.0035664745383
0.00522689422544
0.00692374333391
0.00861750207585
0.0102946745504
0.0119494301208
0.0135788780792
0.0151813434664
0.0167557860403
0.0183015204328
0.0198180634165
0.0213049462261
0.0227618294123
0.0241884557767
0.0255846112018
0.0269501146944
0.0282848339999
0.0295886643103
0.030861515405
0.0321033162852
0.0333140188957
0.0344935758409
0.0356419368924
0.0367590834915
0.0378450119559
0.0388997324369
0.0399232603964
0.0409155841808
0.0418767211294
0.0428067001111
0.0437055595824
0.0445733486542
0.0454101506465
0.0462160585395
0.0469911757842
0.0477356201852
0.0484495296757
0.0491330033204
0.0497861443311
0.0504090799128
0.0510019461239
0.051564885213
0.052098053531
0.052601625045
0.0530757768497
0.0535206979194
0.0539365876597
0.0543236544671
0.0546821037414
0.0550121561999
0.0553140460624
0.0555880178571
0.05583432297
0.0560531938574
0.0562448750479
0.0564096213909
0.0565476924541
0.0566593543969
0.0567449027338
0.0568046480714
0.0568389053674
0.0568480013941
0.0568322787848
0.0567920644708
0.0567276596836
0.056639394964
0.0565276031704
0.0563926195621
0.0562347872913
0.0560544720663
0.0558520358034
0.0556278456987
0.0553822747211
0.0551157033766
0.0548285305911
0.0545211632854
0.0541940157683
0.053847514207
0.0534820949811
0.0530981542217
0.0526960794062
0.0522762735114
0.051839132434
0.0513850450917
0.0509144406373
0.050427802878
0.0499255887278
0.0494082678743
0.0488763252565
0.0483302409206
0.0477704346059
0.0471973570845
0.0466114619883
0.0460131940232
0.0454029991964
0.0447813578514
0.0441487410659
0.0435056131622
0.0428524376353
0.042189678187
0.0415178334871
0.04083741111
0.0401489192877
0.0394528777655
0.0387498178886
0.0380402321475
0.0373245577003
0.0366032576699
0.0358767768851
0.0351455373123
0.0344099801282
0.0336706765013
0.0329281398595
0.0321828901325
0.0314354645611
0.0306864093538
0.0299361765919
0.0291852410662
0.0284340817549
0.0276831647428
0.026932937816
0.0261838928229
0.0254365193937
0.0246912806584
0.0239486295771
0.0232090078336
0.0224728951236
0.0217408243866
0.0210133049727
0.0202908640314
0.0195740506625
0.0188633906163
0.0181592682679
0.0174621122036
0.0167723198587
0.0160902416877
0.015416199355
0.0147507573832
0.0140944197381
0.0134476757029
0.0128110472733
0.0121850958437
0.0115702414851
0.0109668817406
0.0103754491371
0.0097963487651
0.00922994588645
0.00867665271399
0.00813695245351
0.00761125294184
0.00709994891222
0.00660341726013
0.0061220698286
0.00565650007127
0.00520729889951
0.00477515550925
0.00436091309989
0.00396555408452
0.00358959943625
0.00323372023788
0.00289862352345
0.00258490073451
0.00229293953927
0.00202427982596
0.00178098981403
0.00156531892288
0.00138017277885
0.00122909094387
0.00111424999238
0.00103479565142
0.000987852577053
0.000967461772606
0.000965596245595
0.000973954354642
0.000985571997423
0.00099462189936
0.000996712174872
0.000988715827481
0.000968735869603
0.000937225194449
0.000895764209375
0.000847879254578
0.000800169853633
0.000763383230885
0.000748542377627
0.000768096672013
0.000832646562767
0.000945850712064
0.0011050073345
0.00130639025077
0.00154677703797
0.00182243163049
0.00213074313562
0.00246999774063
0.00283866610228
0.00323477015799
0.0036574921522
0.00410626064736
0.00458063933736
0.00508030629753
0.00560513571374
0.00615498134938
0.00672971527468
0.00732923650258
0.00795346766571
0.00860240778592
0.00927606095739
0.00997442469722
0.0106975071276
0.0114453242785
0.0122176906287
0.0130142998054
0.0138349741518
0.0146795181657
0.01554772184
0.0164394386793
0.0173546919854
0.0182933923653
0.0192554518502
0.0202407905587
0.0212493114022
0.0222807687059
0.0233349733784
0.0244117438379
0.0255108879622
0.0266322032927
0.0277754520492
0.0289403877755
0.030126758702
0.0313343011447
0.0325627415
0.0338118599401
0.0350814706047
0.0363713501661
0.0376812778887
0.0390110374003
0.0403603638414
0.0417288776477
0.0431162550927
0.0445221600499
0.0459462393168
0.0473881389211
0.0488475868457
0.0503242682288
0.0518178578838
0.05332802906
0.0548544537646
0.0563967512626
0.0579545395026
0.0595274423814
0.0611150720475
0.0627170334542
0.0643329329487
0.0659623717224
0.0676049400643
0.0692602222454
0.070927795577
0.0726072365964
0.0742981324763
0.0760000581107
0.0777125841537
0.0794352780102
0.0811676984611
0.082909380793
0.0846598584986
0.086418662504
0.0881853150105
0.089959331393
0.0917402502322
0.0935275979343
0.095320896806
0.0971196624962
0.0989234109437
0.100731646928
