1.00000001476
0.999910342905
0.999778474118
0.999631202453
0.999434824225
0.999178310296
0.998902812327
0.998616619546
0.998285658399
0.997898777965
0.997453463553
0.996932451781
0.996362080746
0.99580346162
0.995252844235
0.994660047153
0.994026861758
0.993366798262
0.992637492656
0.991823773609
0.990970322076
0.990070108191
0.989098087482
0.988144831037
0.987266352523
0.986296998044
0.985130485913
0.983987119871
0.983002112899
0.981845967039
0.980246076819
0.978540963217
0.977178960875
0.976026968426
0.974702688948
0.973214011925
0.971791155681
0.970447250889
0.969069534275
0.967600939586
0.965937621534
0.96401583434
0.962046893684
0.960293137847
0.958693994026
0.9570440553
0.955316567751
0.953535684735
0.95165656964
0.94973783579
0.947830267845
0.945722630328
0.943313447661
0.940999011879
0.939048895583
0.937023508179
0.934560959377
0.932120030142
0.930079704451
0.927862155935
0.924917161613
0.921785766084
0.919226280662
0.917048673146
0.914670858705
0.912083906796
0.90957649662
0.907179521471
0.904814927478
0.902381250079
0.89958079336
0.896283672867
0.892934566635
0.890017502034
0.887427366035
0.884825480383
0.882113198041
0.879253568314
0.876250612696
0.873360415291
0.870603625369
0.867371451331
0.863411001575
0.859581304525
0.856551309808
0.853614131433
0.850008466468
0.846317837915
0.843230938635
0.840110557428
0.83617849198
0.831960228996
0.828301424693
0.82503055711
0.8216027764
0.818048021696
0.814580036589
0.811176915553
0.807852956939
0.804525211808
0.800728553914
0.796263933227
0.791733492054
0.787746735503
0.784188326759
0.780716024517
0.777171978464
0.773340510765
0.769241893039
0.765436230049
0.761971189057
0.757757036696
0.752295294944
0.74693065316
0.742852840103
0.739177959474
0.734687008031
0.729928967892
0.725870821137
0.721999999848
0.717435270198
0.71250944042
0.707895981715
0.703463652014
0.698945371435
0.694529976642
0.690272111731
0.685988745338
0.681766399488
0.677604767059
0.67298710225
0.667689593969
0.662322411243
0.657416371785
0.652863115636
0.648527645438
0.644293867077
0.639653613544
0.634523331756
0.629805285108
0.625701528525
0.620705660134
0.614003480131
0.607293284739
0.602271705463
0.598016935432
0.592927068596
0.587383113844
0.582500944192
0.577999181696
0.573056359593
0.567740758342
0.56235051323
0.556766001783
0.551153839643
0.545980315148
0.541129644531
0.536178366924
0.531205589569
0.526304256702
0.521047190903
0.515282698151
0.509482727901
0.503850329706
0.498259156979
0.493005259354
0.488189314777
0.482954647158
0.476946139791
0.471345716777
0.466646020386
0.461120320491
0.453633033274
0.445984704614
0.440207364604
0.435480729422
0.430026732457
0.424010303122
0.418511891891
0.413475847262
0.408284370667
0.402786743569
0.396829467357
0.390253808996
0.38367460899
0.377877879558
0.372630249253
0.367274005433
0.361791605558
0.356304254377
0.350570673289
0.344636639331
0.33876405876
0.332624921925
0.326008026451
0.319789727041
0.314478668278
0.308904260922
0.302292254644
0.295946908878
0.290726392349
0.284947182528
0.27723334552
0.269199619241
0.262923091385
0.257777944918
0.252097056896
0.245890774007
0.240028823525
0.234574655188
0.229187621997
0.223623332995
0.217347753819
0.210128923303
0.202899062088
0.196684534735
0.191215081288
0.185712247868
0.180022058037
0.174174380183
0.168119233674
0.16220767136
0.156524533271
0.150141302733
0.142682465512
0.135600296996
0.12993534175
0.124327156472
0.117538719981
0.110788698638
0.105254063497
0.0995426624159
0.0922289939422
0.0845112408434
0.0781674214409
0.0727815906951
0.0671027393182
0.0611564607876
0.0554908262073
0.050135191035
0.0450173453157
0.0399611115757
0.0344057913497
0.028407621993
0.0232826019307
0.0201737255653
0.0189066819698
0.0191785738292
0.0209703400446
0.0241929730745
0.0285883945688
0.0332771274515
0.0378588926065
0.0435553594809
0.050998206141
0.0583428934048
0.0640537640188
0.0693363705466
0.0758151010119
0.0825794819698
0.0882542782229
0.0937385205243
0.100411784438
0.107585521305
0.114000294741
0.11987090935
0.125880654752
0.131904798353
0.137718375972
0.143452605602
0.14902880408
0.154504512313
0.1606266572
0.167732220556
0.174904652256
0.181266965815
0.186977091639
0.192428215976
0.197839305554
0.203694777667
0.210027129321
0.215833192942
0.220936200043
0.227114334145
0.235262620852
0.243296294052
0.249291017317
0.254441740809
0.260637900338
0.267286214553
0.273002715462
0.278282223134
0.284249482299
0.290661003559
0.296864733434
0.303001252729
0.309164266139
0.314974154787
0.320461873831
0.325989731956
0.331452944808
0.336782625008
0.342551487873
0.349008163474
0.355500110626
0.361552216305
0.367295623724
0.372684150977
0.377749303918
0.383247963876
0.389418188563
0.395095531042
0.399885678207
0.405578828651
0.41326007676
0.420994320476
0.426751854774
0.431459588632
0.436954974019
0.442979869774
0.448353566787
0.453225750707
0.458362098781
0.463823608381
0.469520828013
0.475583862596
0.481626667874
0.487028022285
0.491959938312
0.496964790247
0.50201279808
0.50698045814
0.512192894183
0.517725160149
0.523220894331
0.528705243905
0.534332391059
0.539585125147
0.544193964333
0.549082813655
0.554770744795
0.560124815274
0.56451891841
0.569484469814
0.57616588063
0.583030842105
0.588253674179
0.592452370983
0.597150967902
0.602311667266
0.607085378421
0.611441478395
0.615789255146
0.62030851725
0.625286212271
0.630881323293
0.636453227028
0.64125749906
0.645495612433
0.649759888396
0.65412680118
0.658518538701
0.663044851665
0.667567779228
0.671951586985
0.676663080809
0.681926174335
0.686870394124
0.690917032184
0.694999743485
0.699879564079
0.70463085969
0.708489319421
0.712560444797
0.717886659191
0.723455763764
0.727885041611
0.731523881661
0.735414875119
0.739588558292
0.743552851649
0.747256253484
0.75083845842
0.754453395909
0.758530217005
0.763247783978
0.767953252455
0.771955723419
0.775415440604
0.778820753379
0.782310866373
0.785921886274
0.789648848973
0.793177004781
0.796467082549
0.800235288103
0.804780917722
0.809108533677
0.812448610525
0.815590249136
0.819390205477
0.823230717575
0.826368229295
0.82945189652
0.833284486987
0.837341715175
0.840779912323
0.843763819345
0.846829921662
0.849963261238
0.852962090362
0.855845314582
0.858610171572
0.861323189826
0.864359180272
0.86787421056
0.871379601861
0.874391828991
0.877009802289
0.879512214417
0.882020345797
0.884680600348
0.887479572299
0.890034077548
0.892300714627
0.894990433127
0.89842582421
0.901745437058
0.904201011052
0.906336760871
0.908901730275
0.911581627529
0.913811152171
0.915874690507
0.9182662132
0.920804210517
0.923119733542
0.925279287623
0.927431341726
0.929490222111
0.931426899671
0.933329434083
0.935163612999
0.936926786605
0.938837596662
0.940985896879
0.943110747602
0.944992871013
0.946684010938
0.948251362173
0.949741922202
0.951333928325
0.953054895535
0.954596850651
0.955889372869
0.957413300071
0.959413996315
0.961361199964
0.96275652052
0.963879041726
0.965186070753
0.96657429833
0.967749367491
0.9687865575
0.969890925036
0.971041345416
0.972159999726
0.973269057537
0.974337002547
0.975275867227
0.976113249117
0.976931081797
0.977716586067
0.978453165151
0.979206341843
0.979993116709
0.980738714656
0.981413524576
0.98203745124
0.982582134216
0.983043410775
0.983511378926
0.984011851286
0.98443438201
0.9847472396
0.985081760379
0.985492074212
0.985847742035
0.986054571725
0.986179204582
0.986296630926
0.986389573756
0.986430579636
0.986431711314
0.986403676406
0.986342288459
0.986239620019
0.986082881842
0.985874583355
0.985641687871
0.985393371187
0.98511029654
0.984788197149
0.984432862573
0.984028739583
0.983572359116
0.983081520497
0.982532680386
0.981899040322
0.981253662067
0.980662251162
0.980018076103
0.979218706592
0.978399625111
0.977686287036
0.97687810752
0.975756922748
0.974518339389
0.973487204236
0.972608869026
0.971620226389
0.970501223661
0.969401710622
0.968347049954
0.967278539586
0.966149679643
0.96485013341
0.963310239466
0.961706467607
0.960272619269
0.95897748612
0.957651463331
0.956251535639
0.954783616861
0.953229142307
0.951669691319
0.950140702661
0.948403364453
0.946324841016
0.944282327161
0.942598161656
0.940919235749
0.938853318639
0.936733305089
0.934949400727
0.933100838309
0.93068790679
0.928059196946
0.925823595318
0.923890319659
0.921827178272
0.919607566282
0.917428184638
0.915312284626
0.913232064008
0.911121507658
0.908700945291
0.905821976338
0.902857870712
0.900247731128
0.897934496667
0.895643697354
0.893267706458
0.89072756788
0.888025201864
0.885450543733
0.883053999039
0.880211593163
0.876591913498
0.872999866401
0.870194628686
0.867607950397
0.864433103701
0.861074209204
0.858222951631
0.855459841294
0.852079668242
0.848390474396
0.845049833973
0.841975341614
0.838800807274
0.835578365778
0.832436059824
0.829308913331
0.826234963659
0.823190429102
0.819771235271
0.815762963029
0.811652092633
0.807958897734
0.804617785798
0.801397910407
0.798172818302
0.794663883302
0.790830515911
0.787259608474
0.784097209935
0.780286421605
0.775204868655
0.770071921739
0.766172518245
0.762823434846
0.758781681245
0.754375323036
0.750534428752
0.746974365097
0.742925925742
0.738521951465
0.734221022697
0.72994184921
0.725599743698
0.721455610322
0.717509567914
0.713506951172
0.709513306068
0.705589469348
0.701322571685
0.696499147228
0.691585596779
0.686963664723
0.682547432084
0.678361413657
0.674395020393
0.670078007531
0.665188552798
0.660617298541
0.656733789242
0.652145792683
0.64589148131
0.639448906374
0.634568461533
0.630580891207
0.625920577607
0.620740469664
0.616062353011
0.611801215198
0.607283409626
0.60243711646
0.597352474132
0.591905969529
0.586410760717
0.581437708449
0.576867268949
0.57220298738
0.567457492807
0.562755713458
0.557794302796
0.552475483914
0.547137353606
0.541782479507
0.53624972431
0.531018782322
0.526387579385
0.521472298388
0.515706058567
0.510188442336
0.505622773365
0.500492430824
0.49352584038
0.486212278887
0.480553878646
0.476004069876
0.470906920079
0.465239182097
0.459935606024
0.455066709716
0.450175074077
0.445055707801
0.439395607234
0.432983687127
0.426507194125
0.42084996144
0.41582845086
0.410748750896
0.405503802941
0.400192772568
0.394678724065
0.389107028147
0.383662026003
0.377798796965
0.3711956943
0.364891254783
0.359671234943
0.354406631835
0.348068889531
0.341791748765
0.33663946014
0.331222261858
0.324079102187
0.316458420194
0.310300560368
0.305231299805
0.299793493025
0.293891564397
0.288224347558
0.282890484654
0.277687481241
0.272401225089
0.266419753133
0.259436038395
0.252360633266
0.24626079857
0.240952081652
0.235692304865
0.230256212175
0.22459336868
0.218696395497
0.213040855746
0.207726111085
0.201645558818
0.194245867726
0.187062123875
0.181437571875
0.176147557605
0.169716282685
0.163110479569
0.157648388832
0.152280800076
0.145575772919
0.138368849017
0.132193055866
0.126824500672
0.121285486046
0.115579206615
0.11008782817
0.104791242951
0.0996900189321
0.0946726880206
0.0890852155511
0.0826572613429
0.0762847651401
0.0708891059047
0.0663042105283
0.0620229189828
0.0578638580628
0.0536752283781
0.0496156863537
0.0463112628654
0.0437673829921
0.0414162176939
0.0397184574534
0.0396031100626
0.0406317623536
0.0422174431507
0.0448945037198
0.0485758306392
0.0522402871517
0.0559607947814
0.0606460830925
0.0660735894954
0.0713722977664
0.0765411261412
0.0819070195721
0.0872583265305
0.092455152127
0.0976966832356
0.10289362817
0.107995621814
0.113625189312
0.120145898153
0.126827855778
0.132934617191
0.138556148421
0.143890686064
0.149061849334
0.154665267813
0.160884800092
0.166661648947
0.171611062742
0.177484625127
0.185427953711
0.193499355589
0.199569152526
0.204565691189
0.210461644849
0.216955786632
0.222684270667
0.227870839253
0.233517408108
0.239602253972
0.245726949341
0.252008788609
0.25832335362
0.264149337776
0.269557034407
0.275026227671
0.280504953501
0.285858073642
0.29154252206
0.297783422252
0.304070452457
0.310117364521
0.316065794022
0.321655135349
0.326736269295
0.332163957796
0.338400694149
0.344270087387
0.3491310401
0.354683737471
0.362246331235
0.370082540938
0.376026708718
0.380757297791
0.386125793004
0.392098388484
0.397564075301
0.402501036227
0.407543944895
0.412862741417
0.418568343653
0.424832012157
0.431122395988
0.436668226002
0.441626671623
0.446633238768
0.451741791279
0.456815801172
0.462078693018
0.467530707802
0.472905227936
0.478442582206
0.484377315403
0.489983955887
0.4947422387
0.49962535364
0.505413043184
0.511026778163
0.515601449486
0.520517674744
0.527097592789
0.53404155666
0.539483299831
0.543833341012
0.548555472266
0.553745194689
0.558648369519
0.563161271491
0.567581085891
0.572106151688
0.577150355113
0.582943723552
0.588779653947
0.593798979253
0.598156569451
0.602486517048
0.606942513754
0.611486487217
0.616171694473
0.620754571644
0.625117273008
0.62992615258
0.635540789688
0.640923739943
0.64521835735
0.649354358857
0.654345731825
0.659371001811
0.663472495649
0.667584687304
0.672860985786
0.678507075411
0.683173343883
0.687065777549
0.691123711642
0.695418796641
0.699546069109
0.703458713083
0.707225433847
0.710966280051
0.715166969349
0.720074883755
0.725032178259
0.729289808098
0.732958411589
0.736513426673
0.740134912597
0.743932267344
0.747901778981
0.751619409636
0.754997923431
0.758908479683
0.763812570152
0.768604266019
0.772254438299
0.775512652735
0.779447186376
0.783558965583
0.786971802284
0.790186540742
0.794060227552
0.798232273003
0.801926008957
0.805231438747
0.808577326545
0.811920838426
0.81511837076
0.818237628704
0.821249327247
0.824173244397
0.827394094206
0.831113048549
0.834863482003
0.838155701279
0.841058587322
0.843800156619
0.846496359441
0.849374910899
0.852470820774
0.855308808247
0.857759477641
0.860639946597
0.864429344112
0.868200967818
0.87099538368
0.873311799511
0.876057058985
0.879013675651
0.881534798021
0.883806320463
0.88634455497
0.889063673485
0.891657617533
0.894171587569
0.896669664973
0.899005630723
0.901177682542
0.903333302366
0.905441852026
0.907466891188
0.909621200107
0.912012715667
0.914397878645
0.916579781342
0.918606417822
0.920482158282
0.922216160167
0.924058291913
0.926105043589
0.9279780182
0.929518055966
0.931282580147
0.933645337201
0.936025492009
0.937765799129
0.939123270285
0.940670506477
0.942357708434
0.943835096468
0.945132604617
0.946472111585
0.947873144093
0.949296206636
0.950769797063
0.95220799221
0.953461380612
0.954567635825
0.955658610211
0.956732946416
0.95775861968
0.958802503318
0.959883422468
0.960924364014
0.961919527475
0.962900532681
0.963784359192
0.964525288036
0.965274531841
0.966117728433
0.966881912386
0.967469859516
0.968092000063
0.968897145707
0.969684115388
0.970232012233
0.970623605163
0.971032994515
0.971455033004
0.97180779025
0.97209337921
0.972349507161
0.972586821591
0.972814029423
0.973027997375
0.973192320498
0.973285165354
0.973327528709
0.973339964143
0.973321517497
0.973269488607
0.973181387567
0.973055186748
0.972894914838
0.972687734756
0.972411922786
0.97209690455
0.971791616186
0.971456057554
0.971019782239
0.970538411836
0.970100659404
0.969616506204
0.968941424091
0.96815753363
0.967463229905
0.96685454584
0.966179219211
0.965410589197
0.964632182016
0.963866473647
0.963090761375
0.962277123349
0.961330686733
0.960181901973
0.95895780642
0.957847165284
0.956844786074
0.955827064392
0.954747726609
0.953594492954
0.952358076103
0.951130303532
0.949947350681
0.948575469133
0.94685738151
0.945117894575
0.943700126951
0.942349165241
0.940678600286
0.938900329821
0.937380472781
0.935872570405
0.93395297534
0.931815485166
0.929916618997
0.928230463416
0.92646195833
0.9245902912
0.922739541423
0.920912436942
0.919109843859
0.917303127595
0.91525164825
0.912800734719
0.910242260519
0.907950229911
0.905904877217
0.903905533986
0.901856084351
0.899641763299
0.89724194406
0.894959235682
0.892889277185
0.890434917114
0.887199037245
0.883891531295
0.881317285169
0.879058627122
0.876311426319
0.873311487195
0.870710459099
0.868274130534
0.865397801704
0.862221121968
0.859218107599
0.856356085505
0.853423754777
0.850514975446
0.847699093613
0.844864120656
0.842047788621
0.839275995945
0.836220912676
0.832672255559
0.829002246079
0.825622471797
0.822495654212
0.819504679012
0.816582187668
0.813405550177
0.809853429904
0.806505542518
0.803613675132
0.800204165941
0.795555543387
0.790717986415
0.787012153645
0.783960975992
0.780355709547
0.776327408196
0.772725187842
0.769447612179
0.765858959896
0.761950750926
0.757985582073
0.753893376937
0.749733418507
0.745845966237
0.742208930155
0.738506500936
0.734762776529
0.731077334347
0.727143487662
0.722782121313
0.718334808377
0.714023735266
0.709753414544
0.705694484774
0.701971136133
0.69798688899
0.693369995522
0.688952708095
0.685263053361
0.681074895717
0.675319408759
0.6692178326
0.664503216492
0.66074973096
0.656489768451
0.651689116692
0.647240190512
0.643199043328
0.639047319912
0.634634411079
0.629877851532
0.624619874108
0.61926910013
0.614489644674
0.610188707392
0.605823830801
0.601332844044
0.596841435719
0.592154133094
0.587248542882
0.582367105835
0.577319661282
0.571871969203
0.566651743278
0.562175186747
0.557583050188
0.552101961372
0.54669602384
0.542247410458
0.53749321764
0.531081840518
0.524172855781
0.51866503212
0.514257431182
0.509470614596
0.504149009494
0.499064028696
0.494353894358
0.489710238275
0.484927065453
0.47957968579
0.473389568975
0.467061123508
0.461544605342
0.456726441167
0.451916263654
0.446928491678
0.441809716554
0.436492071507
0.431230470578
0.42618465983
0.420624076978
0.414079829987
0.407693758542
0.402531574011
0.397567590017
0.391545271467
0.385378103693
0.380284827211
0.375195267345
0.368625141553
0.361461038856
0.355447925335
0.350419900655
0.345163243411
0.339537307922
0.33407538925
0.32886075044
0.323799880369
0.318743506516
0.313051947657
0.306344081493
0.299461425912
0.293469991262
0.288274774439
0.283211572748
0.278015704286
0.272536841528
0.266759991122
0.261276910787
0.25626057356
0.250476085827
0.243159304137
0.235857099419
0.230203828189
0.225166610511
0.219067459971
0.212589590425
0.207142402419
0.202013927919
0.195809532094
0.189029002296
0.182955512748
0.177506234474
0.171964017842
0.166372604706
0.160987441303
0.155708605378
0.150578570129
0.14557739403
0.140072688029
0.133697112501
0.127215019279
0.121502156575
0.116475868966
0.111734850851
0.107081622843
0.102154496136
0.0969027819734
0.0921199215987
0.0880472598277
0.0834310514177
0.0775975490311
0.0720145373696
0.068133261302
0.0651925873401
0.062069176092
0.0591963803416
0.0572466054458
0.0559444421909
0.0550547810937
0.0548399065379
0.0553856644466
0.0566155743845
0.0585147130853
0.0608888171663
0.0635669463381
0.0666279800858
0.0699955509005
0.0735334824513
0.0775840436703
0.0824416859963
0.0876521810062
0.0927045214281
0.0976164162217
0.102359119666
0.106890539411
0.11181796315
0.117485019932
0.122897792676
0.127478287157
0.132785581946
0.140122896891
0.14783121979
0.153735851642
0.158457511517
0.163902590409
0.170034081572
0.175602302977
0.180608674752
0.1858764017
0.191535018226
0.19743443252
0.203713654863
0.21006979559
0.215837040022
0.221087548461
0.226396633135
0.231788988774
0.237095919706
0.242650309627
0.248614023953
0.254600737029
0.260541779602
0.266634350175
0.272411265836
0.277496123411
0.282790910299
0.289001167024
0.295006640103
0.299931083452
0.305306217613
0.312628132198
0.320421477604
0.326480471249
0.331234836997
0.336466642151
0.342326158257
0.347819722516
0.352805753069
0.35777155806
0.362939106611
0.368593030247
0.3749732337
0.381448446562
0.387111877108
0.392078304539
0.397045051238
0.40215600621
0.407295809234
0.412600474462
0.417967838485
0.423184978763
0.428712186631
0.43490959544
0.440870335675
0.445789114765
0.450632178088
0.45644424069
0.462265132862
0.467016131171
0.471868308807
0.478265961051
0.485180549443
0.490786013667
0.495298669446
0.500059439347
0.505250766422
0.510236842535
0.514887115296
0.519390975809
0.523924902254
0.528994069418
0.534909260379
0.540942136422
0.54614924052
0.550624049061
0.55500438258
0.559508750584
0.564166659155
0.569004213327
0.573659943999
0.577990667968
0.58284566407
0.588758548803
0.59456752944
0.599121203603
0.603288888715
0.608326151579
0.613569483786
0.617903239029
0.622051721836
0.627226583572
0.632868481386
0.637724245549
0.64187825525
0.646124632605
0.65053177476
0.654786362965
0.658881675979
0.662831826421
0.66670081769
0.670996508589
0.67602985909
0.681172630174
0.685655607609
0.68953910149
0.693248833764
0.696978680362
0.700927446511
0.705128804428
0.709052408547
0.712521980492
0.716533142941
0.721737262507
0.726966846246
0.730932987688
0.734296288348
0.738314406057
0.742646045844
0.746319387358
0.749664749262
0.753549642813
0.757779705706
0.761689542325
0.765317431417
0.768960590636
0.772513116456
0.775883043515
0.779208996227
0.782455071953
0.785587221304
0.788973295075
0.792846262864
0.796783482906
0.800326164257
0.803523105625
0.806521198685
0.809396707937
0.812463058917
0.815839719519
0.818973290025
0.821614810309
0.824651850149
0.828737529517
0.8329281272
0.83606242818
0.838554821017
0.8414447124
0.844637056842
0.847434898194
0.849914119418
0.852581024904
0.855442621689
0.858283898561
0.861147650343
0.864002029558
0.866616172983
0.86900562088
0.871388411558
0.873754479247
0.87603543309
0.878420547728
0.881020353322
0.883619954206
0.886076186884
0.888448473353
0.890655619875
0.892633658573
0.894701179894
0.897055886334
0.899267576617
0.90106227119
0.903040539721
0.905715694236
0.908498050538
0.91058325231
0.912175615907
0.913940417955
0.915898059303
0.917666630803
0.919223834268
0.920785972533
0.922410857383
0.924116105201
0.925949723804
0.92776486527
0.92933503292
0.930699410395
0.932044970002
0.933394072234
0.934703893536
0.936031249435
0.937382582034
0.938684589399
0.939981728493
0.941333244705
0.942582621509
0.94360920425
0.944621318259
0.945793797214
0.946908441083
0.947779679226
0.948668544823
0.949829330732
0.95102539529
0.951918029427
0.952580352807
0.953267765946
0.954000815506
0.954660427123
0.955232139643
0.955763751248
0.956280882485
0.956824524951
0.957410554586
0.957957268717
0.958381553674
0.958709709104
0.959006095768
0.959283183828
0.959534342522
0.959760356938
0.959947180576
0.96009067896
0.960215033022
0.960318463453
0.960365751646
0.960355744903
0.960314229216
0.960233642279
0.960104363809
0.959952973839
0.959773250197
0.959508594952
0.959163009382
0.958814695177
0.958483339719
0.958110836572
0.957678246995
0.957219899717
0.956748598603
0.956260884856
0.955747002343
0.955142766817
0.954388840147
0.953557533239
0.952779458865
0.952066906961
0.951345803153
0.950579036729
0.94974256703
0.948825249539
0.947912761625
0.947048009226
0.946032710224
0.944702282655
0.943304212493
0.942163182028
0.941122162404
0.939838046189
0.938419057505
0.937176003123
0.935984237835
0.934513575431
0.932846529196
0.931296201287
0.929869387035
0.928385888456
0.926845021795
0.925319810365
0.923789225193
0.922263973573
0.920746207651
0.919046743233
0.91701989139
0.914877988632
0.912916204753
0.911136213386
0.909410915012
0.907672874133
0.90578487897
0.903692635557
0.901688052136
0.899913216242
0.897833412713
0.895011600181
0.892036288003
0.889707822022
0.887753521939
0.88541766443
0.882794166522
0.88046003523
0.878323967553
0.875897508585
0.873204372177
0.870552450412
0.867925188915
0.865234423178
0.86262360199
0.860129059703
0.857597817646
0.855049623855
0.852543726686
0.849832866101
0.846730734141
0.843508753843
0.840460258687
0.837552202015
0.834771738697
0.832130331196
0.829286466582
0.826031883211
0.822905989532
0.820256101183
0.817230362042
0.81304694319
0.808564166318
0.80507632063
0.802296071912
0.799100324705
0.795462782081
0.792120742826
0.789103831939
0.785916761646
0.782466669045
0.778850638911
0.77498162988
0.771020537923
0.767380894658
0.764044188834
0.760652577313
0.75717853295
0.753735091694
0.750112478861
0.746186051631
0.742201144778
0.73822280417
0.734116077241
0.730172357448
0.726666099518
0.723013150483
0.718697929405
0.714453751689
0.710938612046
0.707127294712
0.701897398984
0.696202540667
0.691689019768
0.688142831545
0.68424406698
0.679825218245
0.675630165682
0.671798693745
0.667959982052
0.663937758312
0.659520395109
0.654499979448
0.649332094145
0.644749454149
0.640704668447
0.636641129117
0.632426577897
0.628159429368
0.623726245622
0.619192777127
0.614747960071
0.610030672901
0.604704631468
0.599500560947
0.595153881537
0.590878690338
0.585720091563
0.580466173887
0.576128969363
0.571720651909
0.565874046381
0.559428599669
0.554114260325
0.549827324467
0.54530217857
0.540314355042
0.53547136254
0.530924618157
0.526490297695
0.522000570475
0.516969468829
0.511052962726
0.50492769726
0.499568553146
0.494934975969
0.49037874079
0.485660309368
0.480752412929
0.475616183619
0.470613413253
0.465927163797
0.460684638686
0.454251380636
0.44781198606
0.442688913401
0.438007405909
0.432330525923
0.426324250673
0.421295740797
0.416491469815
0.410471712908
0.403797682656
0.397970994929
0.392971004498
0.387841642309
0.382461035169
0.377216896553
0.372134901425
0.367193005807
0.362323278195
0.356904638384
0.350503156996
0.343863667032
0.338001199208
0.332891046878
0.327980696478
0.323008967142
0.317720604162
0.312047387679
0.306676057301
0.301892986106
0.296391406351
0.289198371926
0.281813888631
0.276114791317
0.271287171691
0.265514376828
0.259196742683
0.253766174901
0.248814096552
0.243043046698
0.236678400453
0.23073325703
0.22519639003
0.219600718463
0.214087059288
0.208817328242
0.203587886978
0.198444927504
0.19345385041
0.188049222722
0.181831161617
0.175441288787
0.169648025129
0.164405117223
0.159465017744
0.154705725014
0.149634940911
0.144041555678
0.138810695288
0.134393019278
0.129390103257
0.12270829085
0.115808200813
0.1106504849
0.10662766924
0.102059473119
0.0970974355143
0.0928492493283
0.0892046603064
0.0854319273789
0.0815858831374
0.0780301031822
0.0747725991294
0.0719048717798
0.069671755068
0.06800828756
0.0667463559442
0.0659309367026
0.065583094736
0.0657018126679
0.0664375220716
0.0678203816859
0.0697050678005
0.0720359820674
0.0746520474315
0.0773301679978
0.0804089018731
0.0842979651308
0.0883426860129
0.0918631684644
0.09590290679
0.101733640568
0.108243319162
0.113463802087
0.117608179681
0.122286132057
0.127686171309
0.132779265256
0.137393351327
0.142124116922
0.147178386508
0.152620271888
0.158644250606
0.16483801362
0.170414520023
0.175400381547
0.180420283491
0.185587924215
0.19073744281
0.196084858184
0.201701699393
0.207294242313
0.213013349671
0.219156302376
0.225083042807
0.230154162019
0.235250830305
0.24132663775
0.247393130617
0.252361651721
0.257520951257
0.264488923814
0.272106809517
0.278216349244
0.283002106328
0.288103958176
0.293810773458
0.299277305732
0.304293748861
0.309200765024
0.314221076114
0.319773165576
0.326184875321
0.33277867517
0.338538205388
0.343510733001
0.348416256521
0.353483487328
0.358650303554
0.363993131346
0.369291603081
0.374340327945
0.379804270099
0.386213736751
0.392525481078
0.397625869768
0.40241052955
0.40818066275
0.41415639851
0.419080883794
0.423869210564
0.430031360704
0.436832324903
0.442556739929
0.44724979637
0.452081440621
0.457270210436
0.46230601413
0.467075488567
0.471677674864
0.476234977805
0.481302664403
0.487273120682
0.493439678909
0.498812402761
0.503416543039
0.507853714304
0.51238288719
0.517122394902
0.522110166592
0.526866706903
0.531175887139
0.53603716987
0.542191630739
0.548408629102
0.553238616794
0.557432765671
0.562463556302
0.567871853369
0.572428037844
0.576621384728
0.58166889702
0.587246827582
0.592251029599
0.596675158746
0.601140578975
0.605666913338
0.610024212105
0.614276090686
0.618407018616
0.622412007948
0.626786287008
0.631891518572
0.637157971217
0.641837977642
0.645950396913
0.649836680656
0.653667161757
0.657736863332
0.662158420869
0.666310583686
0.669887709031
0.673966392976
0.679406813003
0.685039257681
0.689328086652
0.692797565738
0.696860777064
0.701363656458
0.705281549022
0.708765349256
0.712650426925
0.71689794563
0.720987012338
0.72493368765
0.72889298019
0.732662737167
0.736186869752
0.739690413821
0.743154793286
0.746493687021
0.75003429243
0.754022123689
0.758092411308
0.761854578198
0.765356502271
0.768639233212
0.771697385729
0.774923904178
0.778560405802
0.782001127726
0.784848280813
0.788014259063
0.792333615176
0.7968991843
0.800371389358
0.803044424605
0.806054421993
0.809443802881
0.812500661931
0.815191228491
0.817981825609
0.820958335972
0.824015354172
0.827216164852
0.830432605818
0.83332949547
0.835923642966
0.838507552047
0.841109619803
0.843638335467
0.84624648683
0.849027801698
0.851798869441
0.854499485604
0.85722383719
0.85978972526
0.862020010872
0.864288186165
0.866924458252
0.869476290559
0.871534995573
0.8737020891
0.876631492931
0.879770718625
0.882193744855
0.884025589124
0.885991784774
0.88818995476
0.890232173901
0.892046727362
0.893824496097
0.895650581213
0.897609778365
0.899785002991
0.901972199471
0.903857969659
0.905470130788
0.907048312424
0.90864970224
0.910230881021
0.911832616154
0.913432687881
0.914959216752
0.916529271651
0.918252693424
0.919889741228
0.921208939755
0.922459555601
0.923932313954
0.925392637697
0.926550900049
0.927680662216
0.929141971502
0.930703939941
0.931932823951
0.932868934058
0.933820806767
0.934839678115
0.935789532809
0.936641091149
0.937437777259
0.938212749806
0.939046272379
0.939984181117
0.940903905903
0.94165567061
0.942260538607
0.942822072001
0.943373654472
0.94391425435
0.944444567332
0.944924479319
0.94533829786
0.945766857526
0.946250407357
0.9466806767
0.94697184138
0.94720023972
0.94744783608
0.947666914283
0.947804868497
0.947903118771
0.947995890688
0.948049416744
0.948041537854
0.947992171864
0.947911201508
0.947792783383
0.947640501435
0.9474590533
0.947251154533
0.947018114589
0.946732243387
0.946355157919
0.945909755299
0.945463524264
0.945034960034
0.944594219412
0.944121257271
0.943591261121
0.942988098741
0.942375499755
0.941798794036
0.941117061007
0.940182453156
0.939153983356
0.938299532836
0.937545972708
