0.0
0.00690301172198
0.0100995517414
0.0100444698886
0.0135482062027
0.0210656827573
0.0262715067363
0.0272370817541
0.0283493523436
0.0339959249389
0.0402940174397
0.0427495643316
0.0430887922597
0.0471114479926
0.055041162185
0.0608720694642
0.062085388723
0.0629557241019
0.06787812936
0.0740308746458
0.076779392777
0.0770691714404
0.0804939136639
0.0881392776132
0.0942318722592
0.0956459477492
0.0964798275921
0.101571149267
0.108660922748
0.112442398214
0.112788215301
0.115137859801
0.121652173676
0.12732684765
0.128724392803
0.129558669869
0.134800445928
0.142509715549
0.146999248956
0.147506882728
0.149219702932
0.154894861287
0.160255592008
0.161704002657
0.162354662388
0.16700582912
0.174207534231
0.178602211831
0.179185821425
0.180733462647
0.186208584506
0.191738907659
0.193445147323
0.193910166622
0.197997887786
0.204948196068
0.209645990915
0.210442604575
0.211591965033
0.216604169471
0.222221737236
0.224178992217
0.224544463905
0.228524912553
0.23610077971
0.241944924563
0.243297688018
0.243862729857
0.247965113499
0.253321394763
0.255423316237
0.255695948813
0.259431734889
0.267180675357
0.27360156396
0.275338430417
0.275736692087
0.279473138214
0.284847557458
0.287195945181
0.287391601665
0.290581220581
0.29768294149
0.303725341273
0.305409721459
0.305921774777
0.309905300039
0.315761821777
0.318546198164
0.318719704659
0.321481648967
0.328249918569
0.334368128226
0.33626662967
0.336684466663
0.340426114501
0.34644561141
0.34965276675
0.349861941128
0.352249634886
0.35898893536
0.365790557326
0.368379383627
0.368625955171
0.371591734996
0.377334952783
0.380967691779
0.381344423123
0.383121781934
0.389152420616
0.39587475237
0.398745310487
0.398995327968
0.401764083722
0.407816698112
0.412268662762
0.413013654034
0.414192625375
0.419248403318
0.425368550798
0.428061333086
0.428324954104
0.431431380765
0.438411672595
0.443967913789
0.445159342702
0.446050791038
0.450848556733
0.45722493582
0.460320088096
0.460590509227
0.463414654361
0.470438134844
0.476459702795
0.477943630919
0.478663059318
0.483313437222
0.490105618499
0.493916905557
0.494328119849
0.496281019002
0.502167829056
0.507772115972
0.509395021507
0.509859177287
0.513578363072
0.519516581404
0.523150790173
0.523614311108
0.525112519997
0.530306007879
0.535810266756
0.537779116263
0.538042918007
0.540739979001
0.545653056627
0.548904638743
0.54932877113
0.550752970423
0.55618589999
0.562504812864
0.565189363135
0.565426249507
0.567870854468
0.573190922225
0.577328925932
0.578139869268
0.579176715311
0.584282579555
0.590920440058
0.594050461395
0.594322892043
0.596793883859
0.60275245342
0.607926526593
0.609313297081
0.609853648274
0.613682643058
0.619200324123
0.621892592329
0.622103318855
0.624272216211
0.629546395427
0.634148363613
0.635434125
0.635833287568
0.638837758783
0.64322074807
0.645288434148
0.645369924974
0.647147424599
0.651488286842
0.655226545003
0.656216693871
0.65656792641
0.659433997365
0.66383634702
0.666162475358
0.666284194573
0.667787157018
0.672200234704
0.676707246429
0.67842293674
0.678628213483
0.680932350093
0.685433915333
0.688425450392
0.688775617412
0.690003894155
0.694656925489
0.70027328269
0.70300807458
0.703209500127
0.70472763066
0.708616353984
0.711518356153
0.711875699855
0.712910825444
0.717250745748
0.722542924402
0.725066515676
0.725285534063
0.726831708636
0.730463298091
0.732914656454
0.732968175769
0.733927257784
0.738048492221
0.742723210579
0.744613454298
0.744697234683
0.746545456286
0.750548130196
0.753222228807
0.753264211919
0.754013048822
0.758013518706
0.762975766116
0.765385110514
0.765569523351
0.766925801274
0.770650286552
0.773825208742
0.774403932014
0.774808549094
0.778063662349
0.783071707604
0.786309328655
0.786857607268
0.787523887737
0.790472145748
0.79378386819
0.794879050821
0.795083881517
0.797472028346
0.80181571597
0.804889859108
0.805441342441
0.806157389492
0.809391168624
0.813179622067
0.814547433231
0.81469343245
0.817002503649
0.821343460311
0.824245631702
0.824565120222
0.825525905953
0.82963567611
0.834367158466
0.836132746932
0.83622217225
0.838593044795
0.843379384598
0.846837360842
0.847392145224
0.848071727313
0.851697324574
0.856318431336
0.858378545295
0.858480752584
0.860134211742
0.864053184443
0.867364714111
0.868246796328
0.868524951938
0.870701683954
0.874045716921
0.875917694983
0.876104087357
0.876883636533
0.879227342693
0.881500624144
0.882203668577
0.882373755887
0.884094030786
0.88710960349
0.889086377295
0.889371873733
0.889940643404
0.892113823578
0.894501023476
0.895296313923
0.895447983553
0.897543756815
0.901517167734
0.904354226238
0.904846733368
0.905483349262
0.908364814154
0.91190140638
0.91343294175
0.913569967401
0.91533203477
0.919170992275
0.92211747429
0.922693306036
0.923178417791
0.925659748669
0.928808862126
0.930291119237
0.930410012295
0.931333014508
0.933452844199
0.934925124312
0.935046375963
0.935352430276
0.936769116841
0.9381956032
0.938572572179
0.938511795215
0.93913997116
0.940228066796
0.940595906341
0.94025255286
0.940473361614
0.941649091174
0.942746252041
0.942985126958
0.942872681739
0.943475274244
0.944880298233
0.945906870323
0.945952225472
0.946083656044
0.947452190439
0.949581401243
0.951011225426
0.951269280656
0.95158291259
0.953020721687
0.954679410107
0.955231808726
0.955308449843
0.956485196662
0.958675496641
0.960269246739
0.960600658832
0.960794972917
0.961739918799
0.962590119826
0.962504755057
0.962460341445
0.963577713743
0.964997880885
0.965307562493
0.964943766254
0.965343449027
0.966385548601
0.966498704643
0.965457923781
0.96512980431
0.966480306219
0.967865421095
0.967701110349
0.966935608328
0.967320319485
0.968632621153
0.969138772619
0.968397274192
0.968003584151
0.969065586701
0.970562498057
0.971104694431
0.970890966178
0.971020985618
0.971847613447
0.972660929052
0.972822762334
0.972716205847
0.97310971693
0.973980942326
0.974629902629
0.974743525583
0.974782026616
0.97525094481
0.975910067976
0.976146482831
0.976056723616
0.976364010561
0.977096045775
0.977362611589
0.976939681819
0.97692975873
0.978027728461
0.979203309294
0.979232022322
0.978761078858
0.979373005403
0.980905760237
0.981527424504
0.980804559854
0.980620811596
0.982169416247
0.984006464747
0.984358280792
0.98385533373
0.984324335396
0.985763883768
0.986483487147
0.986013557117
0.985779270085
0.986646861934
0.987708203318
0.987979777985
0.987804108784
0.987867987701
0.987945785695
0.987515291827
0.986885241626
0.986700165946
0.986795025259
0.98655404233
0.986050839708
0.985822260923
0.985778885129
0.985312888731
0.984327726144
0.9834340444
0.983160155808
0.983304884146
0.98323682752
0.982763263801
0.982326799971
0.982329633265
0.982646306867
0.982776210284
0.982438115624
0.982123810256
0.982501781008
0.983275496189
0.983561567392
0.983284837056
0.983251650836
0.983838998813
0.984381669563
0.984258716972
0.983962890715
0.984162087862
0.984413132425
0.984038168752
0.983456719336
0.983350673191
0.983262067448
0.98230735656
0.980882973922
0.980226979433
0.980183709503
0.979150862226
0.976828222147
0.975023091329
0.974714133309
0.974344258986
0.972381043583
0.969883804796
0.968797838151
0.968708843472
0.967391239125
0.964432406683
0.962013898295
0.961479919698
0.961414412796
0.960178466873
0.958380240178
0.957521127554
0.957452486525
0.956640794463
0.954674385541
0.952965525953
0.952518015524
0.952502199528
0.951771962267
0.950562340352
0.949892670792
0.949830359377
0.949238987592
0.947586182398
0.945994048047
0.945523366761
0.945397209109
0.944116936759
0.941790805922
0.940178681495
0.939997565323
0.939477265482
0.937040021445
0.934082013143
0.932894463804
0.932916485611
0.931506469193
0.928101958471
0.925311076404
0.924853298772
0.924607081357
0.921953535434
0.918156224521
0.916338201812
0.916432560081
0.915441658887
0.912293910045
0.909462914967
0.90886618017
0.908737676841
0.906668902538
0.903652831174
0.902233177089
0.902157417454
0.900937527746
0.897974622943
0.89546905067
0.8948922628
0.89469702082
0.892985429287
0.890682126951
0.889745316958
0.889612182296
0.888034412433
0.884635428433
0.881625498193
0.880750216223
0.880751523151
0.879311932115
0.876715140744
0.875197673551
0.875063104795
0.874109984083
0.870976641611
0.867354863838
0.865876875164
0.866197895221
0.865413055529
0.862680180671
0.860435501356
0.860140119017
0.859862269952
0.857361070632
0.853713853002
0.851918551421
0.852203002326
0.851670017839
0.849200745736
0.847125962276
0.846800082361
0.846117913821
0.843054345161
0.839151666822
0.837346777564
0.837357679863
0.836215929547
0.833358606276
0.831419391905
0.831215002832
0.830034472498
0.826146440381
0.821751236676
0.819832938537
0.819712827356
0.818171521121
0.814658940132
0.812066359843
0.811642495021
0.810900475705
0.807793445165
0.803825002047
0.801781733196
0.801648331022
0.800573710592
0.79732079199
0.79425263198
0.793393702541
0.793230974402
0.791354668382
0.788095176677
0.785954814105
0.785747394283
0.785094205742
0.782237250647
0.779126521628
0.778120280266
0.777904566416
0.775683332307
0.771708006189
0.769033434849
0.768690986665
0.767736437788
0.764029975249
0.760082228979
0.758833069021
0.758463378902
0.755389864668
0.750178893294
0.746799073074
0.746338726095
0.744982706566
0.74006785651
0.73467326331
0.732675376622
0.732429701864
0.729807232381
0.724891299351
0.721528801824
0.721023603311
0.719795260437
0.714973729334
0.709242043523
0.70672287094
0.706561523658
0.704850073912
0.700903242784
0.697800646167
0.697193503388
0.696400752478
0.692550437111
0.687482609183
0.68502851525
0.684827603066
0.683129762572
0.678802760961
0.674908735949
0.673861728311
0.673386261637
0.669945323622
0.664705496986
0.661862343649
0.66159187795
0.659728542047
0.654476119168
0.649276212431
0.647579654336
0.647232964927
0.6436557103
0.637397866843
0.633446926329
0.632960315856
0.631525984585
0.626436896638
0.620862415533
0.618787134419
0.618504449681
0.61515630357
0.608755717625
0.604343599604
0.603663658877
0.602554939992
0.597940692996
0.592492330152
0.590213871867
0.590003285362
0.587391067658
0.581977650587
0.578158158564
0.577579793584
0.576347972932
0.571462093081
0.565471336614
0.56261755599
0.562428623536
0.560560965466
0.555896668519
0.552291123116
0.551701508325
0.550593569799
0.545674557457
0.539069114488
0.535418845198
0.535123024955
0.53377123585
0.529193009438
0.524889998481
0.523810752222
0.523160438892
0.519021756006
0.512529440474
0.50839755007
0.50791365549
0.506899412526
0.502463604373
0.49772822908
0.496267831378
0.495806250223
0.492026650865
0.485502564859
0.48101083224
0.480325384212
0.479493715394
0.475393528225
0.470889201231
0.469552061282
0.469045009165
0.464896093423
0.457788025357
0.452788610273
0.451889104307
0.451120622522
0.44710493328
0.442501373566
0.441054989139
0.440667292301
0.436792255533
0.4298220155
0.42465529876
0.42357276424
0.422878150839
0.418815093403
0.413551528074
0.411336451424
0.411096285167
0.408331718653
0.40239461645
0.397422256592
0.39615835014
0.395628285456
0.391798138473
0.38614448683
0.383243292153
0.382981672838
0.380823325974
0.37518826466
0.36986544526
0.368241636822
0.367862339979
0.364319885964
0.358563470318
0.355383796398
0.355086524776
0.352848266229
0.346659004055
0.340560719005
0.338525135952
0.338159113241
0.334506074163
0.328190864613
0.324416243818
0.324020309864
0.322070066808
0.316145759037
0.310090006011
0.307993697427
0.307601028809
0.303711761504
0.296611585439
0.291809720572
0.29107104339
0.289853233049
0.285092297835
0.279693419432
0.277637922835
0.277323301874
0.273755882812
0.266646423548
0.261278104072
0.260196287338
0.259380454714
0.255133381912
0.249565824054
0.246967321506
0.246716315038
0.243987695933
0.237620643511
0.232336564249
0.231134744522
0.230368441618
0.225961992701
0.219691184661
0.216306662798
0.215981813279
0.213881113675
0.20801895017
0.202673280078
0.201290598119
0.200681176982
0.196652902917
0.190575706815
0.187074977014
0.186696722009
0.184801597116
0.179038973918
0.173376638978
0.171647652841
0.171260719228
0.168042818308
0.162735999439
0.159462828277
0.159076447674
0.157514789652
0.152369181318
0.147011246721
0.145208472715
0.144920690228
0.142158586036
0.137199078659
0.133795476361
0.133249727362
0.132341632406
0.128671867014
0.124568636288
0.123169579601
0.122963475057
0.120625355646
0.116345533554
0.113235091476
0.112591911313
0.112200262929
0.11009755269
0.107588836608
0.106793747147
0.106718474701
0.105263617744
0.102780591201
0.101117290691
0.1008000518
0.10061431698
0.0997278065876
0.0988587792187
0.0988029611592
0.0988519541137
0.0983570307377
0.0979827523184
0.0982199079424
0.0985237394798
0.0984511224044
0.0986505668051
0.0995746400968
0.100461504435
0.10062655645
0.100933112128
0.102643756186
0.105051184065
0.106269469126
0.106262961675
0.107210734979
0.109661713639
0.111463028334
0.111723078985
0.112623048859
0.116163426364
0.120607089961
0.122783102575
0.12286610873
0.124227220005
0.12777141771
0.130420490484
0.130818301102
0.13186590863
0.136162694411
0.141517839007
0.144139827526
0.144336610205
0.146111104308
0.150636001064
0.154187521824
0.154822090659
0.155765913889
0.160194559816
0.165971750453
0.168950031362
0.169225416029
0.171104482225
0.176199538489
0.180474515525
0.181360597722
0.18219284302
0.186817591563
0.19337146375
0.197147839727
0.197582842543
0.199115484667
0.204148430275
0.20886971353
0.210062927287
0.210697553716
0.215104190106
0.221947402289
0.226249410009
0.226862515171
0.228200776181
0.233317754541
0.238726067735
0.240500030749
0.240889234467
0.244498753583
0.250760282885
0.254922142846
0.255552946456
0.257007339904
0.262729760513
0.269262843948
0.271849422789
0.272129974095
0.275177396798
0.281252398182
0.285672999182
0.286445642204
0.287751268991
0.293591483899
0.300796972804
0.303981660007
0.304266912857
0.307165299679
0.313672834416
0.318986403546
0.320236264859
0.321068826624
0.326020214263
0.332839211193
0.336170065828
0.336460231196
0.338953807326
0.345128730909
0.350576771389
0.352091093522
0.352649574987
0.356812050783
0.363164529329
0.366666373249
0.367018736401
0.368810501552
0.3739147121
0.378727134018
0.38014415998
0.38064157954
0.384721289736
0.391439243957
0.395625254038
0.396187956079
0.397538327555
0.402329817402
0.407473864445
0.409325611211
0.409679656848
0.413403236967
0.420364727124
0.425195027311
0.425992893447
0.427223929173
0.432421437448
0.438729692948
0.441580627357
0.441828987144
0.444518387869
0.450560684858
0.455114840905
0.455921420239
0.457032960775
0.462051862711
0.468398771302
0.471501678599
0.471767253996
0.473767572782
0.478719068696
0.482547880522
0.483179096621
0.484099249496
0.48843736618
0.49390715769
0.496549086776
0.496780250168
0.498692616296
0.503457465886
0.507285473953
0.507977289956
0.50869163085
0.512736482567
0.518314275788
0.521397825434
0.521735736894
0.523261882373
0.527922271267
0.532286620912
0.533399197049
0.533906933336
0.537857321999
0.544282021253
0.548622360599
0.549373862513
0.55021065786
0.554145979925
0.558538693054
0.559920567166
0.560272272173
