0.0
0.0150062626333
0.0253249662571
0.0351234367721
0.0445644331864
0.0536790245766
0.0624716625321
0.0709404573253
0.0790831469272
0.0868992994452
0.0943912315985
0.101564464775
0.108427761722
0.114993125528
0.121275659349
0.127293254829
0.133066313854
0.138617351115
0.143970487981
0.149150999092
0.154184776105
0.15909768628
0.163915084592
0.168661228751
0.173358735137
0.178028117462
0.182687369308
0.187351614321
0.192032888305
0.196739948854
0.201478262324
0.206250006385
0.211054225387
0.215887006085
0.220741756466
0.225609514982
0.230479280571
0.235338396757
0.240172893453
0.244967876423
0.249707863493
0.254377096725
0.258959873106
0.263440784695
0.267804957597
0.272038268682
0.276127499998
0.280060467801
0.283826158724
0.287414764802
0.290817766907
0.294027953574
0.297039416749
0.299847565283
0.302449071592
0.304841845752
0.307024984737
0.308998714662
0.310764300864
0.312324008895
0.31368099319
0.314839238225
0.315803463619
0.316579054748
0.317171972944
0.31758867224
0.317836026208
0.317921256308
0.317851859269
0.317635534076
0.317280122318
0.316793557297
0.316183792697
0.315458772672
0.314626374593
0.313694378814
0.312670421233
0.31156197887
0.310376339925
0.309120576595
0.307801536463
0.30642582771
0.304999815428
0.303529609905
0.30202106921
0.300479804017
0.298911178059
0.297320327912
0.295712152995
0.294091340366
0.292462383929
0.290829591914
0.289197102886
0.287568906981
0.285948870986
0.284340734474
0.282748153111
0.281174710172
0.279623923691
0.278099272648
0.276604205367
0.27514216373
0.273716576191
0.27233087707
0.270988506972
0.26969291792
0.268447557651
0.267255879392
0.266121312508
0.265047248889
0.264037023762
0.263093884965
0.262220950389
0.261421171469
0.26069728411
0.260051750714
0.259486719961
0.259003929238
0.2586046684
0.258289700642
0.258059178667
0.257912584304
0.257848649374
0.257865283279
0.257959521035
0.25812744767
0.258364130984
0.258663620884
0.259018861773
0.259421701761
0.259862870568
0.26033196979
0.260817514921
0.261306933619
0.261786621698
0.262242031482
0.262657680293
0.263017315393
0.263303963541
0.2635000546
0.263587588287
0.263548230159
0.263363500698
0.2630149296
0.262484238611
0.261753531644
0.260805505296
0.259623642885
0.258192480341
0.256497794724
0.254526904583
0.252268892473
0.249714938346
0.246858570732
0.243696038382
0.240226619216
0.236453031147
0.232381824357
0.228023844378
0.22339472999
0.218515464685
0.213412980951
0.208120835946
0.20267992964
0.197139253716
0.191556667706
0.185999600056
0.180545605526
0.175282610059
0.170308609143
0.165730610896
0.161662346883
0.158220693309
0.155520332337
0.153667177734
0.15275071824
0.152836787746
0.153961569766
0.156128576769
0.159308722234
0.163443864859
0.168452453491
0.174236468669
0.1806881448
0.187695829311
0.195148487313
0.202938896261
0.21096561897
0.219134072849
0.227356982851
0.235554434565
0.243653625722
0.25158852111
0.259299475127
0.266732819717
0.273840500805
0.280579743684
0.286912727984
0.292806327344
0.298231877408
0.303164949722
0.307585169755
0.311476002993
0.3148246472
0.317621820654
0.3198616135
0.321541364154
0.322661485536
0.323225300548
0.323238936369
0.322711116471
0.321653033401
0.320078205365
0.318002316942
0.31544305965
0.312419937644
0.308954230472
0.305068785256
0.300787818069
0.29613688965
0.291142748099
0.285833200957
0.2802370185
0.274383853911
0.268304172234
0.262029139504
0.255590630079
0.249021204413
0.242354033405
0.235622910559
0.22886227287
0.222107259894
0.215393631422
0.20875779004
0.202236957033
0.195868978694
0.189692297096
0.183745904602
0.178069107988
0.172701223596
0.167681115127
0.163046703
0.158834187167
0.155077072329
0.151805303759
0.149044142422
0.146813087009
0.145124975592
0.143985322373
0.143391994957
0.143335207511
0.143798063405
0.144757420794
0.146184914025
0.148048300305
0.150312778545
0.15294227141
0.155900475647
0.159151777256
0.162662035203
0.166398999397
0.170332624505
0.174435274357
0.178681742486
0.183049208015
0.18751709996
0.192066970414
0.196682318664
0.20134839369
0.206051982348
0.210781248899
0.21552557004
0.220275319524
0.225021728663
0.229756753123
0.234472960497
0.239163365429
0.243821279271
0.248440352475
0.253014401562
0.257537236678
0.262002755434
0.26640480094
0.270737101755
0.274993229451
0.27916657483
0.283250300055
0.287237288669
0.291120164264
0.294891292876
0.298542687708
0.302066068666
0.305452857986
0.308694220744
0.311780997213
0.314703729018
0.317452824784
0.320018453581
0.322390589478
0.324559131684
0.326513911295
0.328244737737
0.329741474956
0.33099414707
0.331992988067
0.332728432884
0.333191369805
0.333373169662
0.333265698621
0.332861539657
0.332154056934
0.331137493418
0.329807069299
0.328159141506
0.326191389992
0.323902752793
0.32129368363
0.31836629296
0.315124378579
0.311573593042
0.307721568866
0.303577999637
0.299154744964
0.294465904167
0.289527965869
0.284359801196
0.278982678075
0.273420384832
0.26769917488
0.261847698668
0.255896909379
0.249880058741
0.243832484273
0.237791118931
0.231794445345
0.225882026387
0.220093816148
0.214469702133
0.209048733261
0.203868299046
0.198962973472
0.194363711776
0.190097145499
0.186184084617
0.182638916224
0.179469151478
0.176674746104
0.174248171862
0.172174756083
0.170433346702
0.168997126699
0.167834743061
0.166912258614
0.166194200715
0.165644944649
0.165230594115
0.164919991228
0.164685837169
0.16450566807
0.164362925902
0.164247484374
0.164155210748
0.164089074157
0.164059076802
0.164081434331
0.164178728118
0.164379174651
0.164715631519
0.165224547009
0.165944818104
0.166916627683
0.168179081077
0.169768883278
0.171719246104
0.17405770157
0.17680513397
0.179975041309
0.183572788668
0.187595520277
0.192032469119
0.196865861725
0.20207141599
0.207619162881
0.213475168281
0.219602245566
0.225960930788
0.232510677003
0.239210527003
0.246019803712
0.252898756897
0.259809071109
0.266714245462
0.273579639703
0.280372933495
0.287064249664
0.293626083519
0.300033510832
0.306264125904
0.312298025282
0.318117784988
0.323708415507
0.329057283142
0.334153957983
0.338990167834
0.343559809663
0.347858619305
0.351884145809
0.355635721821
0.359114230876
0.362321996639
0.365262690473
0.367941239422
0.370363641319
0.372536810851
0.37446860661
0.376167633721
0.377643048637
0.378904621829
0.379962536709
0.380827313485
0.381509729171
0.382020769469
0.382371532135
0.382573082238
0.382636508399
0.382572859936
0.382393005106
0.382107675022
0.381727392388
0.381262500838
0.380723053469
0.380118815071
0.379459363743
0.378753945618
0.378011511739
0.37724076182
0.376450119819
0.375647720622
0.374841418995
0.374038871238
0.373247478166
0.372474351733
0.371726406981
0.371010343161
0.370332634655
0.369699473169
0.369116849464
0.368590546513
0.368125981741
0.36772829003
0.367402336935
0.367152545105
0.36698291672
0.366896995186
0.366897789275
0.366987670134
0.367168274822
0.367440571354
0.367804646558
0.368259601751
0.368803564973
0.369433591613
0.37014558069
0.370934108719
0.371792510017
0.372712763416
0.373685425136
0.37469964486
0.375743164499
0.376802241181
0.377861739412
0.378905172066
0.379914785904
0.38087150487
0.381755129047
0.382544576508
0.383217770198
0.383751892884
0.384123658536
0.384309374217
0.384285164352
0.384027180311
0.383511948032
0.382716486623
0.381618472311
0.380196768474
0.378431504407
0.376304341201
0.373798864224
0.370900830234
0.367598465726
0.36388267633
0.3597475373
0.355190576702
0.350212905891
0.344819749452
0.339020766572
0.332830301176
0.326267815612
0.319358262173
0.31213248078
0.304627515369
0.296887048101
0.28896192205
0.280910287735
0.27279800512
0.264698950088
0.256694932595
0.248875476895
0.241337244761
0.234182959674
0.227519420609
0.221454660056
0.216094528325
0.21153789205
0.207871251329
0.205163383819
0.20346005058
0.202780037063
0.203113414588
0.204421741248
0.206640686701
0.209684558363
0.213451823241
0.217830958369
0.222705901372
0.227960707111
0.233483148645
0.239167211913
0.244914933095
0.250637341691
0.256254750468
0.261696907976
0.26690279932
0.271820275262
0.276405546631
0.280622744189
0.284443453841
0.287846152293
0.290815745534
0.293343138896
0.295424757639
0.297062074499
0.298261121883
0.299032265787
0.299389689103
0.299350906029
0.298936531407
0.298169808741
0.297076202604
0.295683090764
0.294019369458
0.292115077289
0.290000999392
0.28770839214
0.285268655091
0.282712903771
0.280071736274
0.27737493003
0.274651128165
0.27192756828
0.269229870796
0.266581944722
0.264005614535
0.26152051881
0.259144162276
0.256891665489
0.254775808118
0.252807061138
0.250993600688
0.249341401266
0.247854339269
0.246534421496
0.245381898703
0.244395386137
0.243572237624
0.242908686249
0.242400003879
0.242040810252
0.241825235351
0.241747111285
0.241800146483
0.241978118589
0.242274999539
0.24268503636
0.243202900828
0.243823776615
0.244543381081
0.245358016679
0.246264609801
0.247260792846
0.248344808086
0.249515504524
0.250772428273
0.252115707152
0.253546026742
0.25506465883
0.25667339043
0.25837448219
0.260170570186
0.262064758643
0.264060511403
0.266161511225
0.268371756911
0.270695456337
0.273136979795
0.275700790178
0.278391440669
0.281213537384
0.284171608975
0.287270125109
0.290513470284
0.293905831668
0.297451174047
0.301153178953
0.305015265525
0.309040450554
0.313231291554
0.317589932956
0.3221179819
0.326816462677
0.331685764963
0.336725618154
0.341935030285
0.347312199359
0.352854508125
0.358558499375
0.364419728547
0.370432797761
0.376591312784
0.382887826675
0.389313766562
0.39585943706
0.402513998338
0.409265387007
0.416100347322
0.423004398737
0.429961822577
0.43695564034
0.443967624897
0.450978355455
0.457967212818
0.464912334066
0.471790783704
0.478578523023
0.485250481991
0.491780652436
0.49814215777
0.504307362195
0.510247938552
0.515935082895
0.52133958008
0.526431929386
0.531182571287
0.535562053365
0.539541167111
0.543091196083
0.546184089161
0.54879270916
0.550891006351
0.552454286651
0.553459510257
0.553885428514
0.553712886922
0.552925069262
0.551507776456
0.549449611297
0.546742288562
0.543380870845
0.539363986054
0.534693989272
0.52937732037
0.523424636899
0.516850970022
0.509675970763
0.501924036202
0.493624459215
0.484811511469
0.47552460987
0.465808415066
0.455712686685
0.445292407131
0.434607789425
0.423724005322
0.412711083878
0.40164362633
0.390600350625
0.37966353908
0.368918307068
0.358451590115
0.348350924703
0.338702912269
0.329591401154
0.321095331431
0.313286369586
0.306226479397
0.299965389428
0.294538331995
0.289964260729
0.286244733257
0.283363572933
0.281287428827
0.279967473024
0.279341659491
0.279337487508
0.279875344102
0.280871668645
0.282241974512
0.283903531932
0.285777686745
0.287791601111
0.289879290504
0.291982655418
0.294052068809
0.296046175314
0.297932015911
0.299684735569
0.301287048971
0.302728794073
0.304006304193
0.305121687796
0.306082169258
0.306899359842
0.307588548996
0.308167910225
0.308657806667
0.309080062296
0.30945727229
0.309812131506
0.310166844605
0.310542517691
0.310958665351
0.311432807617
0.31198010877
0.312613090737
0.313341390747
0.314171814287
0.31510825617
0.31615166939
0.317300363698
0.318550144515
0.31989454764
0.321325161869
0.322831960544
0.324403657638
0.32602788959
0.32769167218
0.329381787841
0.331084858802
0.332787735939
0.334477717485
0.336142702266
0.337771335954
0.339353150801
0.340878775333
0.34233983755
0.343728998819
0.345040146362
0.346268269115
0.347409414703
0.348460706158
0.349420352526
0.350287554232
0.351062303438
0.351745536138
0.352339002439
0.35284510765
0.353266917617
0.353608092655
0.353872811658
0.354065651843
0.354191586973
0.354255960343
0.354264310133
0.354222373734
0.354136125092
0.354011606765
0.353854910996
0.353672149263
0.353469477064
0.353253000176
0.353028711803
0.352802579494
0.352580422867
0.352367893607
0.352170522255
0.351993686843
0.351842578774
0.351722127749
0.351637125509
0.35159218105
0.351591589792
0.351639455835
0.351739682395
0.351895912485
0.352111513803
0.352389592106
0.352733090958
0.35314459472
0.353626382925
0.354180548513
0.354808835733
0.355512664917
0.356293147343
0.357151087872
0.358086921232
0.359100613521
0.360191858848
0.361359900368
0.362603468807
0.363920861097
0.36530988886
0.366767871016
0.368291478689
0.369876836224
0.371519493742
0.373214323336
0.374955562799
0.376736793541
0.378550881932
0.380389987826
0.382245594253
0.38410854806
0.385968942111
0.387816169959
0.389639124113
0.391426048186
0.393164621548
0.394842093984
0.396445305304
0.397960756917
0.399374701109
0.400673323323
0.40184279095
0.402869304411
0.403739360833
0.404439824235
0.404958042832
0.405282021878
0.40540058133
0.405303489718
0.404981546914
0.40442678633
0.403632660293
0.402594036821
0.401307357028
0.399770790906
0.397984234567
0.395949405848
0.393669888809
0.391151178181
0.388400595938
0.38542726875
0.382242182944
0.378857940721
0.375288646524
0.371549884962
0.367658442948
0.363632090338
0.359489371675
0.355249457721
0.350931846606
0.346555919553
0.342140944902
0.337705758315
0.333268412755
0.328846134127
0.324455123141
0.320110374011
0.315825688134
0.311613659655
0.307485737662
0.303452351571
0.299523123429
0.295707110584
0.292013116034
0.288450018395
0.285027176549
0.281754725935
0.27864401464
0.275707941105
0.272961099671
0.270420068724
0.268103504069
0.266032006423
0.264227992991
0.262715332599
0.261518892127
0.260663876592
0.260175041059
0.260075868318
0.260387592947
0.261128284931
0.262311938121
0.263947713559
0.266039259347
0.268584246554
0.271574221546
0.274994593035
0.278824757253
0.2830386797
0.287605430974
0.292489847516
0.297653391893
0.303054947974
0.308651625338
0.314399493428
0.320254388168
0.326172600726
0.332111292543
0.338029108902
0.343886625924
0.349646625059
0.355274357474
0.360737771694
0.366007795584
0.371058252445
0.375865919643
0.380410741578
0.384675659226
0.38864658446
0.392312371777
0.395664722012
0.398698049657
0.401409318559
0.403798006172
0.405865903819
0.407616855189
0.409056739279
0.410193256427
0.411035684285
0.411594777609
0.411882564719
0.411912161129
0.411697611435
0.411253725938
0.410595917971
0.409740025107
0.408702199512
0.407498731604
0.406145949864
0.404660078787
0.403057110344
0.401352772032
0.399562392921
0.397700759632
0.3957821719
0.393820306614
0.391828176192
0.389818100251
0.38780172389
0.385789916815
0.383792805811
0.381819772655
0.379879511481
0.377979934631
0.376128285998
0.374331143622
0.372594422434
0.370923423407
0.369322892844
0.367797060274
0.36634963129
0.364983844762
0.363702590949
0.36250834999
0.361403253752
0.360389168549
0.359467685734
0.358640151938
0.357907705683
0.357271320093
0.356731794771
0.356289746583
0.355945700841
0.35570003506
0.355552986139
0.355504656001
0.355555039254
0.355703996549
0.355951209573
0.356296202142
0.356738354767
0.357276816559
0.357910534953
0.358638240636
0.359458419477
0.360369263533
0.36136867312
0.362454275326
0.363623342705
0.3648728074
0.366199274274
0.367598948549
0.369067666478
0.370600873135
0.372193635584
0.373840650079
0.375536181646
0.377274149797
