0.0
0.0116035972651
0.0231696158817
0.0346636826838
0.0460509212707
0.0572986301741
0.0683762253072
0.0792554609047
0.0899106512353
0.100318887094
0.110460162377
0.120317555659
0.129877285283
0.139128750432
0.148064593859
0.15668062684
0.164975766994
0.172951960978
0.180613996752
0.187969310897
0.195027834305
0.201801619756
0.208304649353
0.214552473824
0.220561888005
0.226350583212
0.231936801836
0.237338970326
0.242575361443
0.247663765842
0.25262118416
0.257463540227
0.262205471186
0.266860084659
0.271438841368
0.275951418768
0.280405667372
0.28480759613
0.289161394616
0.293469493816
0.297732699064
0.301950300262
0.30612023945
0.310239299634
0.314303272055
0.318307174849
0.32224544966
0.326112128003
0.329901051972
0.333606032268
0.337220994198
0.340740155509
0.344158125958
0.347470025657
0.35067158713
0.353759218398
0.356730065246
0.359582071605
0.362313973866
0.364925350325
0.367416596481
0.369788955541
0.372044449541
0.374185892779
0.37621687094
0.378141646959
0.379965182206
0.381693062103
0.383331430706
0.384886986663
0.386366886397
0.387778714645
0.389130435997
0.390430315615
0.391686898223
0.392908934129
0.394105332819
0.39528510849
0.39645734802
0.39763112006
0.398815466905
0.400019333804
0.40125151485
0.402520612084
0.403834991084
0.405202704663
0.406631477466
0.40812862042
0.40970101647
0.411355027802
0.413096482556
0.414930600518
0.416861949968
0.418894389207
0.421031038108
0.423274208225
0.425625363337
0.428085067836
0.43065297941
0.433327760536
0.436107079692
0.438987558836
0.441964769491
0.445033191378
0.448186206079
0.451416076201
0.454713969298
0.458069925853
0.46147289432
0.464910736198
0.468370258496
0.471837222817
0.475296426598
0.478731710371
0.482126023405
0.485461516336
0.488719564692
0.491880882286
0.494925584795
0.497833316037
0.500583325168
0.503154563634
0.505525848566
0.507675935344
0.509583682603
0.5112281686
0.512588854636
0.513645698079
0.514379340542
0.514771244843
0.514803826264
0.51446067974
0.513726669516
0.512588129182
0.511033028607
0.509051071349
0.506633969518
0.503775426967
0.500471437852
0.496720360755
0.492522999504
0.487882829128
0.482805995829
0.477301477879
0.471381167008
0.465059880159
0.458355465034
0.45128877345
0.443883717142
0.436167217221
0.428169169727
0.419922363945
0.411462391171
0.40282747474
0.394058307765
0.385197804132
0.376290829784
0.36738384712
0.35852452841
0.349761279852
0.341142687859
0.332716907879
0.324530982956
0.316630069456
0.309056639909
0.301849620879
0.295043546518
0.288667734124
0.282745527319
0.2772936867
0.272321904882
0.267832608299
0.263820916154
0.260274996743
0.257176527681
0.254501585885
0.252221534951
0.250304296931
0.248715457018
0.24741962302
0.246381531642
0.245567263966
0.244945136869
0.244486575719
0.244166755131
0.243965078391
0.243865475578
0.243856540478
0.243931558577
0.244088322635
0.244328860953
0.244659071822
0.245088269589
0.245628628095
0.246294563973
0.247102092936
0.248068136898
0.249209831433
0.250543849172
0.252085750232
0.253849350847
0.255846256559
0.258085400284
0.260572690768
0.2633108414
0.26629925249
0.269533997716
0.273007954497
0.276711023323
0.280630369556
0.284750764592
0.289054969964
0.293524119772
0.298138071441
0.302875823305
0.307715922014
0.31263669365
0.317616585549
0.322634440099
0.327669757624
0.332702800356
0.337714731125
0.342687837836
0.347605529401
0.352452424269
0.357214391396
0.361878554546
0.366433265672
0.370868104592
0.375173885065
0.379342556295
0.383367119778
0.387241686687
0.390961382957
0.394522160605
0.397920855558
0.401155127581
0.404223300803
0.407124354109
0.409857853376
0.412423892863
0.414822985798
0.417056031988
0.419124319486
0.421029363593
0.422772905191
0.424356903561
0.425783432792
0.427054682443
0.428172879327
0.429140336236
0.429959351544
0.430632165582
0.431161046895
0.43154821425
0.431795800708
0.431905896523
0.431880529886
0.431721697731
0.431431313193
0.431011260846
0.430463451181
0.429789765922
0.428992121252
0.428072521172
0.427033086787
0.425876062463
0.424603899552
0.423219321193
0.42172534787
0.420125380404
0.418423250669
0.416623332286
0.414730586098
0.412750635946
0.410689876259
0.408555542676
0.406355823606
0.404099889365
0.401798024371
0.399461722347
0.397103695347
0.394737956881
0.392379913938
0.390046331916
0.387755378427
0.385526571391
0.383380765908
0.381340021698
0.37942746924
0.37766716809
0.376083815491
0.374702479568
0.373548270872
0.372645923248
0.372019380995
0.37169126414
0.371682395967
0.372011285696
0.372693559869
0.373741503814
0.375163570216
0.376963964029
0.37914233674
0.381693536808
0.384607437538
0.387868930725
0.391457938373
0.395349623347
0.399514584624
0.403919226177
0.40852610655
0.413294389497
0.418180301315
0.423137666811
0.428118373516
0.43307290126
0.437950825259
0.442701293606
0.447273533337
0.451617286054
0.455683255153
0.459423536688
0.462792012172
0.465744740935
0.468240338663
0.470240282572
0.471709274426
0.472615534161
0.472931096213
0.472632064754
0.471698885323
0.470116580284
0.467874917034
0.464968645923
0.461397640189
0.457167044894
0.452287379325
0.446774675761
0.44065056167
0.433942204953
0.426682402358
0.418909601434
0.410667805709
0.402006503104
0.392980577809
0.383650118729
0.374080199462
0.364340586432
0.354505379431
0.344652452444
0.334862769441
0.325219684166
0.315807793049
0.306711623233
0.298014138859
0.289794854973
0.282127710594
0.275078599408
0.268703202118
0.263044674256
0.258131209841
0.25397476559
0.250570212717
0.247895134071
0.245910878373
0.244564304274
0.243790213964
0.243514192911
0.243655808549
0.244131879914
0.244858935471
0.245755769027
0.246745581485
0.247757248732
0.248726460907
0.249596423235
0.250318232406
0.250850892592
0.251161145339
0.251223532329
0.251019874494
0.250538789713
0.249775525355
0.248731388202
0.24741325913
0.245833229309
0.244008167183
0.241959259657
0.239711422238
0.237293085414
0.234735780874
0.232073392203
0.229341936143
0.226579056908
0.223823379343
0.221114045299
0.218490115525
0.215989942502
0.213650437119
0.21150645405
0.209590231226
0.207930524957
0.206552074385
0.205475188088
0.204715235442
0.204282386848
0.204181481084
0.204412118448
0.204968831333
0.205841381756
0.207015450209
0.208473098234
0.210193321872
0.212152795296
0.214326578622
0.216688795805
0.21921289934
0.221872390393
0.22464129534
0.227494312119
0.230407182338
0.233356901662
0.236321820894
0.239281726458
0.242217881368
0.245113150145
0.247951828168
0.250719620244
0.253403730461
0.255992705644
0.258476358314
0.260845653494
0.26309279421
0.265211086521
0.267194740478
0.269038971271
0.270739914711
0.272294526633
0.273700540427
0.274956428322
0.276061443439
0.277015468078
0.277819025995
0.278473323847
0.278980191521
0.279342039638
0.279561845476
0.279643283619
0.279590607651
0.27940858941
0.279102711336
0.278679068741
0.278144362446
0.277505942318
0.2767718449
0.27595081814
0.275052218445
0.274086141913
0.273063438898
0.271995623825
0.270894916144
0.269774283734
0.268647387516
0.267528561112
0.26643278423
0.265375671531
0.264373380239
0.263442576065
0.262600382706
0.261864246046
0.261251857531
0.260781060993
0.260469703012
0.260335520556
0.260395954321
0.260668070049
0.261168356766
0.261912560112
0.262915578028
0.26419125854
0.265752262388
0.267609996627
0.26977444327
0.272254002745
0.27505551455
0.278184099944
0.281643114522
0.285434099865
0.289556762575
0.294008946465
0.298786488584
0.303883336842
0.309291525266
0.315001038916
0.320999876606
0.327274052426
0.333807510404
0.340582158447
0.34757786091
0.354772460081
0.362141704215
0.369659325944
0.377297129595
0.38502495509
0.392810782436
0.400620863668
0.408419792954
0.416170645365
0.423835147932
0.431373907366
0.438746589941
0.445912050988
0.452828748165
0.459454917124
0.465748838494
0.471669161982
0.477175213136
0.48222733131
0.486787109956
0.490817777589
0.494284511514
0.49715472895
0.499398382747
0.500988309783
0.501900439433
0.502114094937
0.501612252742
0.500381731628
0.498413398768
0.495702372491
0.492248198181
0.48805490071
0.48313111155
0.477490230109
0.471150395786
0.464134560262
0.456470509052
0.448190868155
0.439333081026
0.429939355555
0.420056785467
0.409737222048
0.399037153333
0.388017846725
0.376745248847
0.365289968364
0.353727241042
0.342136871294
0.330603116709
0.319214428345
0.308063212542
0.297245335512
0.286859137028
0.277004360184
0.267780456076
0.25928434818
0.251607605986
0.244833088866
0.23903133545
0.234256530167
0.230543110911
0.227903503365
0.22632660685
0.225778206585
0.226203017912
0.227528055613
0.229666979302
0.232524755974
0.236002296683
0.240000410875
0.244422934527
0.24917928088
0.254185990422
0.259367612575
0.264656969445
0.269995184371
0.275331432816
0.28062231166
0.28583131082
0.290928184418
0.295888262636
0.300691849507
0.30532362434
0.309772096811
0.314029063414
0.318089111684
0.321949331103
0.325608779493
0.329068161342
0.332329587047
0.335396258785
0.338272192967
0.340962035186
0.343470882005
0.34580409754
0.347967088053
0.349965305299
0.35180410095
0.353488590267
0.355023596263
0.356413593463
0.357662723838
0.358774675504
0.359752687197
0.360599581627
0.361317697744
0.361908917757
0.362374693596
0.362716087886
0.36293374004
0.363027875321
0.362998456585
0.362845123417
0.362567222261
0.362163881523
0.361634051969
0.360976570905
0.360190123712
0.359273358228
0.358224929737
0.357043511049
0.355727848102
0.354276819686
0.352689474921
0.350965064134
0.349103074864
0.34710333645
0.344965991476
0.342691552688
0.340280968702
0.337735656575
0.335057543881
0.332249082485
0.329313341308
0.326253994785
0.3230753785
0.31978253835
0.316381271883
0.312878159323
0.309280582451
0.305596794365
0.301835967353
0.29800819621
0.294124558008
0.290197162924
0.286239175229
0.282264867305
0.278289663254
0.274330147637
0.27040411912
0.266530617625
0.262729920952
0.259023547586
0.255434218637
0.251985869116
0.24870350933
0.245613112594
0.24274148297
0.240116000063
0.23776432909
0.2357141379
0.233992636965
0.232626111742
0.231639404418
0.231055368235
0.23089429773
0.231173342357
0.231906027493
0.233101780874
0.234765470156
0.236897276218
0.239492500198
0.242541547836
0.246030031134
0.249938978747
0.2542451594
0.258921362142
0.26393689747
0.269258066733
0.274848418937
0.280669314231
0.286680355021
0.29283971861
0.299104539319
0.305431280847
0.311776152936
0.318095341725
0.324345321675
0.330483262345
0.336467252621
0.342256626864
0.347812290604
0.353097009786
0.358075715409
0.362715759722
0.366987320285
0.370863634361
0.374321201885
0.377340208107
0.379904737583
0.382002954213
0.383627392502
0.384775113262
0.385447938717
0.385652515276
0.385400457772
0.384708419875
0.383598024245
0.382095922045
0.380233667456
0.378047468902
0.375577937538
0.372869833343
0.369971560433
0.366934639758
0.363813056621
0.360662526555
0.357539574679
0.35450057936
0.351600728304
0.348892851637
0.346426254283
0.344245518963
0.342389451067
0.340890052034
0.339771660871
0.339050386294
0.338733728138
0.338820499656
0.339301049312
0.34015773991
0.341365702629
0.342893744289
0.344705441579
0.346760262046
0.349014734159
0.35142358707
0.353940883247
0.356520891855
0.359118990551
0.361692415683
0.36420080768
0.366606708274
0.368875909811
0.370977734011
0.372885116122
0.374574709353
0.376026944891
0.377225930252
0.378159350821
0.378818374615
0.379197462673
0.379294199304
0.379109086199
0.378645348264
0.3779087141
0.376907134041
0.375650639237
0.374151079979
0.372421866514
0.370477794329
0.368334844195
0.366009938489
0.363520732922
0.360885416492
0.358122586323
0.35525100001
0.352289438485
0.349256572547
0.346170741232
0.343049879723
0.339911358464
0.336771921507
0.333647529077
0.330553231612
0.327503238051
0.324510744071
0.321587874535
0.318745718149
0.315994302335
0.313342553755
0.310798319056
0.308368434412
0.306058791833
0.303874298906
0.301818996899
0.2998961972
0.298108521321
0.296457974402
0.294946050477
0.293573954069
0.292342554882
0.291252514124
0.290304472366
0.289499091123
0.288837124602
0.288319391861
0.287947058588
0.287721557565
0.287644446709
0.287717664954
0.287943419987
0.288324071308
0.288862113303
0.289560110192
0.29042064507
0.291446012992
0.292638186566
0.293998745836
0.295528531727
0.297227543894
0.299094757876
0.30112796696
0.303323565265
0.305676367007
0.308179495244
0.310824212343
0.313599810016
0.316493562809
0.319490619358
0.322573982623
0.325724542302
0.328921085513
0.332140392689
0.335357298399
0.338544863637
0.341674526061
0.344716292657
0.347638964104
0.350410391585
0.352997713316
0.35536770281
0.357487083518
0.359322840031
0.360842622373
0.362015126832
0.362810500723
0.363200779709
0.36316037072
0.36266654972
0.36169990947
0.360244962819
0.358290746386
0.355831339755
0.352866566886
0.349402703203
0.345453154245
0.341039243334
0.336191013115
0.330948105985
0.32536057659
0.319489715513
0.313408914829
0.307204278269
0.300975056675
0.294833701665
0.288905356306
0.283326517785
0.278242591033
0.273804354457
0.270162767588
0.267462223644
0.265833276634
0.265384580198
0.266195360896
0.268309778437
0.271733705544
0.276434581182
0.282344205416
0.289363938191
0.297371351517
0.306227261489
0.315782402535
0.325883257655
0.336376673446
0.347113356642
0.357950372356
0.368752668638
0.379394247611
0.389758725688
0.399739359347
0.409239306668
0.41817159159
0.42645876917
0.434032887875
0.440835227367
0.446816142274
0.45193481586
0.45615904101
0.459465018805
0.461837139886
0.463267716365
0.463756744644
0.4633116815
0.461947140291
0.459684592575
0.456552115929
0.452584063286
0.447820733432
0.442308063335
0.436097292349
0.429244586197
0.421810740673
0.413860793708
0.405463649557
0.39669174061
0.387620607671
0.378328464168
0.368895799509
0.359404821959
0.349938851263
0.3405817847
0.331417201233
0.322527405337
0.313992527555
0.305889163999
0.298289048794
0.291257513817
0.284851927402
0.279120105799
0.27409885631
0.26981279351
0.266273507446
0.263479223576
0.261415067593
0.260053901085
0.259357696161
0.259279239807
0.259764239596
0.260753518921
0.262185094517
0.263996155366
0.266124766388
0.268511265887
0.271099319586
0.273836702022
0.276675782507
0.279573783903
0.282492852985
0.285400010099
0.28826695593
0.291069814204
0.293788857025
0.296408162983
0.298915292599
0.301300952471
0.303558663642
0.305684461635
0.307676572475
0.309535152496
0.311262039121
0.312860500092
0.314335012147
0.315691058854
0.3169349829
0.318073755364
0.319114880192
0.320066274539
0.320936102744
0.321732681108
0.32246440022
0.323139651678
0.323766748095
0.324353810198
0.324908785398
0.325439394223
0.325953031224
0.32645679955
0.326957443836
0.327461360721
0.327974538677
0.328502579708
0.329050708422
0.329623698364
0.330225918196
0.330861334499
0.331533489271
0.332245500589
0.333000042506
0.333799413479
0.334645473997
0.335539657307
0.336482995825
0.3374760965
0.338519131201
0.339611862009
0.340753622912
0.341943323972
0.343179422596
0.344459941791
0.345782468264
0.34714412818
0.348541601177
0.349971117499
0.351428429556
0.352908849271
0.354407221169
0.355917952911
0.357434987323
