0.0
-3.88165414746e-06
-0.00112792395489
-0.00353694287549
-0.00738689184359
-0.0128189630121
-0.0199537827197
-0.0288860123059
-0.0396795840197
-0.0523636965688
-0.0669295337198
-0.0833280688084
-0.101468944565
-0.121220264033
-0.142409670023
-0.16482641685
-0.188224286933
-0.212325803826
-0.236826862803
-0.261402178585
-0.285711541997
-0.309405980779
-0.332134333901
-0.353550073012
-0.373317496461
-0.391118200215
-0.406656587545
-0.419665262704
-0.429909438308
-0.437190638235
-0.441349842761
-0.442269434463
-0.439874421486
-0.434132927515
-0.425055510577
-0.412694037074
-0.397139746267
-0.378520366213
-0.356997272194
-0.332761613427
-0.306030302821
-0.277042061749
-0.246052597532
-0.213330522037
-0.179152823841
-0.143800468201
-0.107554472723
-0.0706920326672
-0.03348304442
0.003813065093
0.0409501222512
0.0776974863824
0.113842021675
0.149189619938
0.183566254715
0.216818752562
0.248815101281
0.27944444627
0.308616831606
0.336262552726
0.362331386011
0.3867915648
0.409628565059
0.430843831944
0.450453320034
0.46848607374
0.484982685196
0.499993788175
0.513578572836
0.525803307188
0.536739953269
0.546464789308
0.555057188603
0.562598417202
0.569170531994
0.574855442009
0.579733952058
0.58388499371
0.587384931491
0.590306890528
0.592720286353
0.594690334804
0.596277660363
0.597538034254
0.598522074407
0.59927507023
0.599836857831
0.600241686655
0.600518188885
0.600689342869
0.600772467983
0.600779275905
0.600715905377
0.60058299993
0.600375806171
0.600084268185
0.599693157948
0.599182210902
0.598526267507
0.597695454263
0.596655351808
0.595367193889
0.59378807695
0.591871197812
0.589566105723
0.586818969123
0.583572894775
0.579768226773
0.575342913603
0.5702328725
0.564372401725
0.55769464082
0.550132011575
0.54161674786
0.532081415207
0.521459491011
0.509685969544
0.496697990852
0.482435511605
0.466842004322
0.449865171523
0.431457708694
0.411578068367
0.390191243798
0.367269604299
0.34279366473
0.316752967049
0.289146853233
0.259985308755
0.229289785888
0.197093916269
0.163444376972
0.128401473348
0.0920399156172
0.0544493560178
0.0157348893667
-0.0239823958551
-0.0645652973445
-0.105860053032
-0.147696491841
-0.189888004643
-0.232231783014
-0.274509449945
-0.316487558333
-0.357918598424
-0.39854209428
-0.438086017944
-0.476268469155
-0.512799598141
-0.547383850345
-0.579722440397
-0.609516125587
-0.636468219137
-0.660287833806
-0.680693343791
-0.6974160001
-0.710203675624
-0.718824728394
-0.72307178394
-0.722765655395
-0.717758898119
-0.707939526479
-0.693234062526
-0.673610720381
-0.649081715888
-0.619705537018
-0.585588321693
-0.54688487172
-0.503798900169
-0.456582584257
-0.405535482197
-0.351002571186
-0.293371701206
-0.23307018821
-0.170560800113
-0.106337070584
-0.0409179960376
0.0251577218596
0.0913378907436
0.157063395952
0.221774834257
0.284919533003
0.345958098042
0.404371415747
0.459666666684
0.511383765594
0.559100495687
0.602437824436
0.641063920376
0.674697892112
0.703112462384
0.726135927084
0.743653270183
0.755606360347
0.761993390878
0.762867469445
0.758334431583
0.748550050118
0.733716465312
0.714078249604
0.689917867935
0.661550851188
0.629320754755
0.593593767702
0.554753582797
0.513195833591
0.469323201195
0.423540092986
0.376248211057
0.3278418574
0.278704105666
0.229203015424
0.179688529932
0.130489709778
0.0819124809012
0.0342378559833
-0.0122793990573
-0.0574116507123
-0.100958834855
-0.142748566044
-0.182635782943
-0.220502170885
-0.256255280463
-0.289827478683
-0.32117444857
-0.350273581626
-0.377122632972
-0.401737884486
-0.424152325548
-0.444413793266
-0.462583343308
-0.47873336306
-0.492946027499
-0.505311491908
-0.515926265069
-0.524891892545
-0.532313631233
-0.53829907192
-0.542957010115
-0.546396492498
-0.548725861623
-0.55005192399
-0.550479276064
-0.550109745876
-0.549041851808
-0.5473703602
-0.545185976514
-0.54257508466
-0.539619561379
-0.536396665344
-0.532978874211
-0.529433880532
-0.52582460214
-0.522209205869
-0.518641122115
-0.515169148069
-0.511837523712
-0.50868602161
-0.505750044396
-0.503060725704
-0.500645036484
-0.498525879158
-0.496722189364
-0.495249005215
-0.494117558708
-0.493335345843
-0.492906188288
-0.492830282461
-0.493104249406
-0.493721170916
-0.494670622214
-0.495938696526
-0.49750803212
-0.49935782925
-0.501463874095
-0.503798559504
-0.506330926096
-0.509026688802
-0.51184828307
-0.514754930105
-0.517702714293
-0.520644675533
-0.523530920698
-0.526308771532
-0.528922921648
-0.53131563955
-0.533426984717
-0.535195072401
-0.536556360627
-0.537445985649
-0.53779811464
-0.53754634188
-0.536624133594
-0.534965300304
-0.532504491739
-0.529177737963
-0.52492301062
-0.519680820636
-0.513394832042
-0.506012499442
-0.497485707855
-0.487771441711
-0.47683245147
-0.464637893378
-0.451163984681
-0.436394633318
-0.420322064001
-0.402947383755
-0.384281143038
-0.364343778304
-0.343166092207
-0.32078963059
-0.297266966927
-0.2726619082
-0.247049682232
-0.220517005447
-0.193161952078
-0.165093820502
-0.13643287707
-0.107309961309
-0.0778659200525
-0.0482509901068
-0.0186240004291
0.0108485510548
0.0399935696693
0.06863255284
0.0965829282058
0.123659516334
0.149676127659
0.174447252591
0.197789890008
0.219525418527
0.239481595438
0.257494551763
0.273410861962
0.287089590794
0.298404310789
0.307245107815
0.313520406493
0.317158809234
0.318110600455
0.316349268211
0.311872565775
0.304703549034
0.294891108971
0.282510360949
0.267662572807
0.250474802405
0.231099146889
0.209711603576
0.186510587446
0.161715060972
0.135562323446
0.108305502944
0.0802107035864
0.0515539826279
0.0226180390446
-0.00631119107801
-0.0349480472528
-0.0630107559639
-0.090224878892
-0.11632690499
-0.141067391945
-0.164214275473
-0.185555513134
-0.204901835188
-0.222088760506
-0.23697854628
-0.249461486436
-0.259456919873
-0.266913719988
-0.271810357534
-0.274154521612
-0.273982318627
-0.271357040458
-0.266367628734
-0.259126699815
-0.249768416119
-0.238445973605
-0.225329015037
-0.210600839075
-0.194455517235
-0.177095062305
-0.158726448066
-0.139558927378
-0.119801169815
-0.0996588644244
-0.0793321807178
-0.0590137393416
-0.0388865619897
-0.0191224614682
0.000119432534358
0.0186938105662
0.0364700873333
0.053333028926
0.0691831406704
0.0839367907444
0.0975261549385
0.109898892252
0.121017719378
0.130859738686
0.139415705903
0.146689128612
0.152695295378
0.157460288605
0.161019876491
0.163418391937
0.164707571715
0.164945622211
0.164196039944
0.162526581837
0.160008286034
0.156714606302
0.152720525123
0.148101801467
0.142934235113
0.137293028921
0.131252297257
0.124884583511
0.118260426524
0.111448055609
0.104513139639
0.097518586867
0.0905244031183
0.0835876168619
0.0767622459852
0.0700993032179
0.0636468507259
0.0574500567218
0.0515513124321
0.045990344859
0.0408043708137
0.0360282289044
0.0316945540578
0.027833923973
0.0244750272657
0.0216448134541
0.0193686392704
0.0176704068488
0.0165726774413
0.0160967827624
0.0162629005212
0.0170901252567
0.0185964953303
0.0207990122761
0.0237136159861
0.0273551396409
0.0317372251356
0.0368722088466
0.0427709713426
0.049442740101
0.0568948647996
0.0651325528753
0.0741585630666
0.0839728470561
0.0945721659869
0.105949657735
0.118094380084
0.130990818523
0.144618330565
0.158950569886
0.173954948701
0.189592024747
0.205814881636
0.222568514793
0.239789278434
0.257404289446
0.275330942538
0.293476406429
0.311737222037
0.329999054312
0.348136510274
0.366013050674
0.383481052987
0.40038223688
0.416548059601
0.431800459765
0.445952765577
0.458810983959
0.470175221142
0.479841489959
0.487603752995
0.493256284644
0.49659629878
0.497426869036
0.495560064561
0.490820373337
0.483048208171
0.472103690097
0.45787034738
0.44025900048
0.419211462949
0.394704163596
0.366751594061
0.335409280558
0.300776647599
0.262998959683
0.222269205945
0.178828697495
0.132967544931
0.0850236876416
0.0353815734471
-0.015530511411
-0.067243787556
-0.119253459372
-0.171024036982
-0.221995646766
-0.2715910561
-0.319223661992
-0.364305779064
-0.406257890947
-0.444517684984
-0.478549839402
-0.507855286233
-0.531980582359
-0.550526790134
-0.563157500815
-0.569606578095
-0.569684063567
-0.563281957968
-0.550377470905
-0.531036061496
-0.50541175689
-0.473746881196
-0.436369373033
-0.393689052458
-0.34619194625
-0.294433466336
-0.239029909006
-0.180649260567
-0.12000034369
-0.057822110025
0.00512872829248
0.0680890821916
0.130302190989
0.191028973971
0.24955976901
0.305224923731
0.357404527852
0.405537407798
0.449128217016
0.487754039304
0.521068555186
0.54880566984
0.570780756585
0.586891077372
0.597114263723
0.601505730031
0.600194667945
0.593379038038
0.581319492038
0.564332527127
0.542783057985
0.517076514542
0.487650671023
0.454967415306
0.419504632155
0.381748258028
0.342184748232
0.301294084561
0.259543278556
0.217380587632
0.175230509018
0.133489619261
0.0925230124684
0.0526615717412
0.0142001809465
-0.0226035682195
-0.0575298015713
-0.0903960853961
-0.121056761407
-0.149401791499
-0.175355105388
-0.198872107439
-0.21993785804
-0.238564477725
-0.254788122368
-0.268666531632
-0.280276116208
-0.289709160527
-0.297071141369
-0.30247818696
-0.306054618974
-0.307930584122
-0.308240064977
-0.307118950734
-0.304703334444
-0.301128016337
-0.296525238773
-0.29102360329
-0.284747157444
-0.277814710975
-0.270339263317
-0.262427587537
-0.254180026153
-0.245690330921
-0.237045624973
-0.22832644316
-0.219606938392
-0.210955048058
-0.202432704205
-0.194096211834
-0.185996520358
-0.178179559056
-0.170686598681
-0.163554606966
-0.156816582969
-0.150501871286
-0.14463650668
-0.139243490344
-0.13434305574
-0.129952912131
-0.126088457307
-0.122762953426
-0.119987665807
-0.117771976891
-0.116123461432
-0.115047925255
-0.114549401555
-0.114630127892
-0.115290477644
-0.116528857639
-0.118341585362
-0.120722718748
-0.12366386863
-0.127154007697
-0.131179204632
-0.135722381503
-0.140763070156
-0.146277123229
-0.152236424056
-0.158608616158
-0.165356912745
-0.172439747625
-0.179810590638
-0.187417847082
-0.195204627963
-0.203108693523
-0.211062450151
-0.218993069949
-0.226822511608
-0.234467805404
-0.241841527183
-0.248852056198
-0.255404244416
-0.261400150971
-0.266739803695
-0.271322147122
-0.27504615022
-0.277812087579
-0.279522665351
-0.28008455225
-0.279409948632
-0.277418011662
-0.274036554193
-0.269203678679
-0.26286939325
-0.254997102507
-0.245565226647
-0.234568657387
-0.222019681347
-0.207949243806
-0.192407723854
-0.175465329424
-0.157212375707
-0.137759182616
-0.117235592147
-0.0957898900799
-0.0735877587351
-0.050810634885
-0.0276535167155
-0.00432250914264
0.0189678034389
0.0419972583907
0.0645437796015
0.0863865847338
0.107309828894
0.127106445957
0.145581458403
0.162555594079
0.177868685377
0.191382448363
0.202983184863
0.212583929365
0.220126052713
0.225580295417
0.228947281218
0.230257377095
0.229569632876
0.226970455449
0.222571544175
0.216507177371
0.208931037201
0.20001272193
0.189933969787
0.178884257758
0.167056765476
0.154644247251
0.141834987155
0.128808593871
0.115732673622
0.102760152143
0.0900261601619
0.0776464004242
0.0657158661304
0.0543079765595
0.0434747061351
0.0332472455994
0.0236373036882
0.0146388022738
0.00623027585566
-0.00162243252719
-0.00896340550036
-0.0158431181242
-0.0223153056615
-0.0284340615757
-0.0342503412374
-0.0398092807705
-0.0451477537547
-0.0502923475025
-0.0552573991348
-0.060043991746
-0.0646397481845
-0.0690181339514
-0.0731391829205
-0.0769505267702
-0.0803885618983
-0.0833803570812
-0.0858457256895
-0.0876995010638
-0.0888540326884
-0.0892218749951
-0.0887184319737
-0.0872641840762
-0.0847872947658
-0.0812257298288
-0.0765290036752
-0.0706598372455
-0.0635953522468
-0.0553278959046
-0.0458654476248
-0.0352318545755
-0.0234664875918
-0.0106233634393
0.00322947019958
0.0180112676967
0.0336300996278
0.0499844316509
0.0669649054506
0.0844562506687
0.102339293509
0.12049260862
0.13879454987
0.157125217657
0.175367986592
0.193410908457
0.211148128258
0.228481530324
0.245321155889
0.261586224754
0.277205899399
0.29211941587
0.306276483363
0.319637352054
0.332172639697
0.343862959473
0.354698589413
0.36467907946
0.373812427374
0.382114527972
0.389608411804
0.396323337857
0.40229406088
0.407560016873
0.412164505795
0.416153668146
0.419575911017
0.422481174999
0.424919912468
0.426942654043
0.428599302852
0.429938480198
0.431007017583
0.431849465304
0.43250764695
0.433020204264
0.433422302555
0.433745298902
0.434016439114
0.434258664172
0.434490399201
0.434725388339
0.4349725591
0.435235938022
0.435514577383
0.435802503488
0.436088721321
0.436357226846
0.436587056096
0.436752372948
0.436822578529
0.436762468182
0.436532432728
0.436088681394
0.435383532441
0.434365750738
0.43298093301
0.431171945214
0.428879432418
0.426042402386
0.422598828631
0.418486361738
0.413643101762
0.408008419823
0.401523820893
0.394133899867
0.385787378926
0.37643804107
0.366045842431
0.354578017818
0.342010078644
0.328326908451
0.313523780737
0.29760731274
0.280596297778
0.262522507915
0.243431353166
0.223382265701
0.202449046202
0.180719937903
0.158297441175
0.135297913379
0.111850909372
0.0880982316856
0.0641926072602
0.0402962185377
0.0165788959347
-0.00678399766437
-0.0296139577122
-0.0517318473583
-0.0729605767679
-0.0931281060285
-0.112070329515
-0.129634075935
-0.145680091606
-0.160085805483
-0.172748037916
-0.183585449119
-0.192540489762
-0.199581136746
-0.204702103915
-0.207925501919
-0.209300969845
-0.20890519339
-0.206840805301
-0.203234750247
-0.1982358307
-0.192011794419
-0.184746150902
-0.176634004424
-0.167877869805
-0.158683251948
-0.149253852682
-0.13978678386
-0.130467888241
-0.121467489462
-0.11293605343
-0.105000577431
-0.0977616157785
-0.0912908015128
-0.0856292610992
-0.0807867967445
-0.0767418375742
-0.0734425777455
-0.0708087138746
-0.0687339139102
-0.0670893551399
-0.0657278234764
-0.064488352917
-0.0632009451327
-0.0616923080173
-0.0597912735869
-0.0573340320314
-0.0541696407095
-0.0501648091879
-0.0452083209328
-0.0392150929754
-0.0321290103967
-0.0239252921678
-0.0146120937832
-0.00423077415549
0.00714441726457
0.0194076193029
0.0324234631986
0.046030092543
0.0600428473306
0.0742584783607
0.0884596435925
0.102419997198
0.115909412562
0.1286989614
0.14056621719
0.151300081503
0.160705088956
0.16860561081
0.174849306292
0.179309960399
0.181889621062
0.182520157994
0.181164046671
0.177814415391
0.172494497952
0.165256414857
0.156179407833
0.145367674668
0.132947616065
0.119064814308
0.103880856837
0.0875700311234
0.0703157393809
0.0523069534739
0.0337353219053
0.014791567941
-0.00433750266741
-0.023471380969
-0.0424385290099
-0.0610784500107
-0.0792434207958
-0.0967996577204
-0.113628649283
-0.129627859355
-0.144710710517
-0.158807042052
-0.171862775951
-0.183839344852
-0.194713130524
-0.204474585798
-0.213127208037
-0.220686311276
-0.227178010873
-0.232637887873
-0.237109592591
-0.240643741049
-0.243296598823
-0.245128873536
-0.24620455725
-0.246589895354
-0.246352370764
-0.245559773232
-0.244279511853
-0.242577832654
-0.240519179267
-0.238165726589
-0.235576992224
-0.232809456924
-0.229916211821
-0.226946985174
-0.223947879424
-0.220961262138
-0.218025889424
-0.215176860981
-0.212445694832
-0.209860414948
-0.2074457108
-0.20522302704
-0.203210692361
-0.20142415115
-0.199876050343
-0.198576397819
-0.197532727142
-0.196750230327
-0.196231882185
-0.195978551419
-0.195989118966
-0.196260562101
-0.196788034925
-0.197564934855
-0.19858294976
-0.199832115443
-0.201300854615
-0.20297595924
-0.204842664295
-0.206884657293
-0.209084049364
-0.211421430228
-0.213875882924
-0.216425011927
-0.219044955985
-0.2217104722
-0.224394986279
-0.227070621506
-0.229708373819
-0.232278205919
-0.234749173252
-0.237089616066
-0.23926735379
-0.241249905427
-0.243004723451
-0.244499522469
-0.245702556327
