0.0
0.00893290930636
0.0187744716136
0.0291160862515
0.0389427294066
0.0479278201172
0.056777855035
0.0664550980668
0.0767888995359
0.0866527880453
0.0955931102984
0.104383716298
0.113998830645
0.124277931096
0.13412184961
0.143068952326
0.151809523654
0.161256415494
0.171406992101
0.181243872775
0.190144357758
0.198757044773
0.208078542341
0.218148010003
0.227937228726
0.23677181459
0.24528164122
0.254439179906
0.264321711364
0.274023078532
0.282802528839
0.291162559094
0.300130774329
0.309868312745
0.319489508117
0.328187239672
0.336387608731
0.345146029046
0.35466896866
0.364135640996
0.372737530853
0.380774385526
0.38930337654
0.398624842951
0.40794465008
0.416438363775
0.424311302829
0.432581823604
0.441635690375
0.450750576651
0.459106540379
0.466799173423
0.4748002459
0.483609983648
0.492531163578
0.500710826812
0.508223147657
0.515965698176
0.524459225874
0.533108584421
0.541101784006
0.548429413529
0.5558766006
0.564060673651
0.572492653696
0.580270393134
0.587349353955
0.594526887638
0.60239319017
0.610500000653
0.618013999579
0.624885478569
0.631785045489
0.639280519978
0.647103546544
0.65441111053
0.660996104373
0.667554898733
0.674721857891
0.682219879721
0.689202576304
0.695502763552
0.701796047709
0.708599669424
0.715715132094
0.72245422263
0.728507533966
0.734413392612
0.740809828571
0.747596379069
0.754020069358
0.759714442355
0.765289876872
0.771363391693
0.777738935202
0.783803340605
0.789260902153
0.794503276545
0.800101188269
0.806063838439
0.81183453155
0.816950350528
0.821768838553
0.827004590609
0.832609172923
0.837948378146
0.842722557089
0.847264369455
0.852070558233
0.857162262418
0.862135624993
0.866631455201
0.870755738998
0.87508779872
0.879821451802
0.884413475358
0.888460856296
0.89223513909
0.89622538285
0.900461632191
0.904558749331
0.908294442387
0.911751405337
0.915235823108
0.918999013493
0.922763621065
0.926086606871
0.929068601988
0.932177801113
0.935543916145
0.938785052393
0.941656498109
0.944347065605
0.947057702989
0.949863699809
0.952681734421
0.955237705046
0.957465805665
0.959672156262
0.962088690562
0.964481799296
0.966512499313
0.968326159269
0.970219614443
0.972150388078
0.973983694716
0.975660452624
0.977144105338
0.978513111957
0.97993113879
0.981389883223
0.982628665856
0.98358791625
0.984563592804
0.985621582881
0.986532699109
0.987258448524
0.987917191669
0.988511042582
0.988993092469
0.989424129786
0.989808522178
0.990008931159
0.990077993082
0.99017817159
0.990198687893
0.990014513618
0.989769488049
0.989552491426
0.989197522542
0.988627598962
0.988033743063
0.98747065592
0.986759470042
0.985887195607
0.984947816906
0.983908992433
0.982793471064
0.981696665785
0.980513241233
0.979052552081
0.977457770692
0.976015224122
0.974590497293
0.972869802825
0.970919536591
0.96897897868
0.967079170026
0.965136477518
0.963067989612
0.960761277251
0.958265855279
0.955885786278
0.953678350309
0.951232175004
0.948358404041
0.94543278919
0.942741860377
0.940075348728
0.937147967637
0.933947486048
0.930624916113
0.927391029964
0.924336951674
0.921160296632
0.917509306256
0.913630967286
0.910056653111
0.906719827838
0.903077991085
0.898984137209
0.894798056516
0.89081072289
0.886982507818
0.883028656685
0.878651755995
0.873959592156
0.869484962927
0.865411938148
0.861173964715
0.856321982593
0.851238058288
0.846486204866
0.842013148655
0.837348298963
0.832221010967
0.826804631446
0.821547554144
0.816697985282
0.811854510146
0.806407207409
0.800520784515
0.794948642723
0.789865121137
0.784645154797
0.778820995759
0.772672227631
0.766749674133
0.761223787113
0.755742440396
0.749755704547
0.743238488811
0.736893339149
0.731154218798
0.725473700858
0.719120828916
0.712266691425
0.705687971109
0.699631265112
0.69360487082
0.687076806974
0.680035288898
0.67307016022
0.666695619907
0.660554657331
0.653827879682
0.646424845459
0.639186745703
0.632644487407
0.626251113327
0.619275494711
0.611746376984
0.604295508762
0.597418993558
0.590847560747
0.583814587396
0.576063866513
0.568292535936
0.561254262208
0.554603228711
0.547388889482
0.539475046546
0.531614416462
0.524389589902
0.517527991962
0.510264000946
0.502310916221
0.49423889786
0.486807888502
0.479933026947
0.472677960435
0.464619819429
0.456480529952
0.449033246101
0.442078065396
0.434775871414
0.426776149342
0.418640923396
0.41108702999
0.404120931609
0.396978654382
0.389093387331
0.380979459876
0.373517520761
0.366692708878
0.359665669869
0.351944209314
0.344049845052
0.336753618323
0.330068403123
0.323329436883
0.316016280398
0.308453957961
0.301452981254
0.295162928861
0.288882893305
0.282056407544
0.275042279388
0.268618376972
0.26288893277
0.257246293963
0.251251717907
0.245151416939
0.239576229526
0.234714106491
0.230079669427
0.225244759095
0.220414320925
0.216134553182
0.212552402045
0.20928835538
0.206059235208
0.203029316881
0.20053312643
0.198646877914
0.197150767292
0.195919401673
0.195083388275
0.194760735431
0.194868941124
0.195340223263
0.196290428379
0.197787667951
0.19968151561
0.201788319211
0.204167516347
0.207095122257
0.210650248215
0.214524780167
0.21836274662
0.222257903604
0.226723613956
0.231903595125
0.237272131294
0.242369081194
0.247404362389
0.252991065977
0.259283357371
0.265707370645
0.271741572595
0.277556792613
0.28382496156
0.290836970993
0.297985628089
0.304608696153
0.310904767431
0.317637816639
0.325120793011
0.332722575587
0.339743075925
0.346367555661
0.353346281156
0.3610468677
0.368920859596
0.376192240879
0.382971183563
0.390065918146
0.397899332416
0.405933700203
0.413344652078
0.420197207735
0.427313376377
0.435138109078
0.44319777236
0.450670136412
0.457523373242
0.464581861919
0.472352667994
0.48039371088
0.487876758668
0.49468891081
0.501626389479
0.509254232063
0.517187695531
0.524614671644
0.531337755054
0.538116153045
0.545587305949
0.553388275068
0.560713513481
0.567338931437
0.573937979819
0.581166619543
0.588757574109
0.595947926285
0.602437258086
0.608809053446
0.615796850212
0.623198238449
0.630202856101
0.636513294242
0.642684006413
0.649392880937
0.656497318742
0.663280177913
0.669424485167
0.675350688029
0.681737851706
0.688590619628
0.695165107649
0.701056399998
0.706717806502
0.712821148901
0.719347487546
0.725612442899
0.731271472351
0.736700687508
0.74245721688
0.748635615482
0.754667533044
0.760073848999
0.765163947985
0.770582839507
0.776441020379
0.782134836553
0.787217302155
0.792039860683
0.797146769405
0.802599065984
0.807966922995
0.812817516948
0.817309384415
0.821996297469
0.827083272788
0.832135249784
0.836629640171
0.840761731768
0.845136734878
0.849849045081
0.854480766058
0.858677800781
0.862539512979
0.866493129479
0.870744373297
0.875034132047
0.878919342831
0.88237602021
0.885932548942
0.889842502517
0.893719692887
0.897191819405
0.900355624181
0.903572502958
0.90699223767
0.910422556997
0.913593988766
0.91641321138
0.919163580837
0.922176778723
0.925254871301
0.927990090534
0.930401276931
0.932834331887
0.935437302153
0.938000915098
0.940339144746
0.942466025082
0.944486279076
0.946585160482
0.948767404069
0.950747995154
0.952416068436
0.954022352967
0.955769921894
0.95749606904
0.958976858101
0.960297716327
0.96159348421
0.962854476165
0.96408413483
0.965227593817
0.966175245326
0.96698472244
0.96782607002
0.968684406401
0.969353787493
0.969833094154
0.970321344356
0.970794296827
0.97111829242
0.971341287482
0.971521429603
0.971601169195
0.971564507601
0.971483162123
0.971334514958
0.971037358663
0.970679931837
0.970320225278
0.969806367678
0.969120218955
0.968448280191
0.967801401861
0.966983071777
0.965960160379
0.964909890863
0.963873022782
0.962748427357
0.961517470001
0.960152661808
0.958627456792
0.957093334439
0.955657430893
0.954110653894
0.952242766159
0.950246926883
0.948404410438
0.946600828693
0.944574195558
0.942314912298
0.939962470573
0.937640282346
0.935402176432
0.933098100664
0.930473797729
0.927603608954
0.924884736333
0.922385083123
0.919690250044
0.916587264859
0.913357612662
0.910288973322
0.9073352185
0.904265914804
0.900888705206
0.897248207969
0.893692553533
0.890432383586
0.88711504827
0.883307372931
0.879211200552
0.875351845901
0.871766236716
0.868029685206
0.863893546508
0.859511983879
0.855226392733
0.851227637197
0.847258631816
0.842845312555
0.838003980299
0.833327461155
0.829096996969
0.824823609244
0.820022594045
0.814890750537
0.809927551162
0.80530048577
0.800704566136
0.795701986991
0.790245713532
0.784840807
0.779926340645
0.775159790905
0.769856621293
0.764046188276
0.758397476374
0.753223451695
0.748122142735
0.742568382703
0.736552651941
0.730561932555
0.725025499434
0.719749623219
0.714052944687
0.707731697074
0.701442160073
0.695732413637
0.690247364289
0.684278648701
0.677752542046
0.671262616719
0.665254145197
0.659526714547
0.653473854881
0.646802275256
0.640024128771
0.633814106079
0.628001786466
0.621789113512
0.614898299473
0.607967091509
0.601608290536
0.59559539671
0.589269807495
0.582353647067
0.575278278869
0.568708486598
0.562630824523
0.556303068288
0.549271482025
0.542049938722
0.535422686167
0.529299947872
0.522904301085
0.515885265757
0.508690130496
0.501977050817
0.495796558564
0.489488795343
0.482545986034
0.475316095502
0.46859239323
0.462507366954
0.456305501167
0.449462010151
0.442384950938
0.435786669181
0.429774563459
0.423736073135
0.417153059228
0.410282616659
0.403824533707
0.398024934809
0.392305303532
0.386053748494
0.379518764499
0.373417741475
0.367952292275
0.362593338104
0.35681387524
0.350797986321
0.345160704807
0.340144623328
0.335341830164
0.330231477153
0.324908750264
0.319955387811
0.315617324097
0.31152556436
0.307238091629
0.302836767845
0.298793911834
0.295319770752
0.292140364262
0.288914044933
0.285684068726
0.282800924533
0.280421723827
0.278348582193
0.276366848764
0.274519771583
0.273002731868
0.271892268324
0.271091700159
0.270504004566
0.270166407443
0.270159725757
0.270447426382
0.270962169878
0.271773556326
0.272985970171
0.274513372202
0.276153335757
0.277932352385
0.280093478139
0.28272406821
0.285625498483
0.288531653069
0.291458740147
0.29474182844
0.298577545875
0.302706892041
0.306690505918
0.310524616846
0.314720821283
0.319541114105
0.324607107663
0.329427296857
0.334020864752
0.338920757101
0.3444511297
0.350256721487
0.355767181216
0.360915520357
0.366286533972
0.372333491971
0.37867554232
0.38464819016
0.39019604784
0.395930718642
0.40232900784
0.409037450308
0.415368135049
0.421214493378
0.427157066705
0.43374015035
0.440684588097
0.447241446861
0.453252641922
0.459322107482
0.46602245256
0.473107168216
0.479807930692
0.485922329564
0.492038776217
0.498741655362
0.505854155338
0.512618003551
0.518759183267
0.524855742267
0.531519792118
0.538615592317
0.54539832633
0.551525029751
0.557542112322
0.564093555385
0.571091735666
0.577819899297
0.583878156568
0.589779517215
0.596197585838
0.603065224706
0.609704491161
0.615687790736
0.621439790041
0.62764760072
0.634323769792
0.640830504837
0.646684137414
0.652244981472
0.65824681995
0.664730917127
0.671053950951
0.676759893141
0.682149768478
0.687891239741
0.694094044047
0.700208585654
0.705753050998
0.710913892432
0.716371614104
0.722334364389
0.728223759439
0.733534820101
0.738479245747
0.743675451506
0.749309538911
0.754900426394
0.760001845399
0.764722795604
0.769590191895
0.774905021915
0.780254224097
0.785090837161
0.789516037381
0.794096590199
0.799089977228
0.804086607004
0.808627095941
0.812818123628
0.817090077081
0.821693939906
0.826384629732
0.830677280506
0.834542650743
0.83845297112
0.842725112608
0.847074119784
0.851006826733
0.854565442553
0.858192270657
0.862081786779
0.866031027765
0.869685451471
0.872961938015
0.876189517961
0.879675101983
0.883289501867
0.886598142707
0.889494625299
0.892390249228
0.895540832381
0.898730102011
0.901660668762
0.904288409313
0.906839409489
0.909530551854
0.912318810275
0.914936153528
0.917197570619
0.919335691983
0.921674302957
0.924090491244
0.926269866179
0.928179120866
0.930026597376
0.931951023564
0.933886830127
0.935706090856
0.937312741343
0.938748867569
0.94023711119
0.941817698695
0.943244395718
0.94441599446
0.945510647096
0.94666506803
0.947782218393
0.948750924639
0.949610239992
0.950379957517
0.951072326864
0.951758501446
0.95238618382
0.952841808912
0.953180285164
0.953526390087
0.953837810965
0.953986733591
0.954031929102
0.95408401416
0.954054034058
0.953872910103
0.953628602112
0.953352808977
0.952988174793
0.95252765003
0.951995790175
0.951354762327
0.950613761765
0.949887815312
0.9491331581
0.948166840694
0.947041589604
0.945966658427
0.944928507044
0.943736970319
0.94234850273
0.940882950445
0.939409487922
0.937935239349
0.936415773362
0.934699053152
0.932762159818
0.930854746139
0.929103975879
0.927257397366
0.925085908819
0.922757135473
0.920536317377
0.918396777577
0.916144555362
0.913657694608
0.910964827149
0.908278702881
0.905779917068
0.903282960247
0.900434733887
0.897290026051
0.894268961369
0.891489743481
0.888612445732
0.885381853583
0.88192725738
0.878533056052
0.875335442323
0.872169849195
0.868693234666
0.864844402932
0.861037969931
0.857579868606
0.854154360129
0.850295591024
0.846089183953
0.841995597082
0.838190690105
0.834411730382
0.830313078497
0.82583939214
0.821347090455
0.817208957271
0.813237283015
0.808871673333
0.804014955255
0.799214086919
0.794838541355
0.79056556213
0.785907726931
0.780837933736
0.775756057346
0.771025546901
0.766517960198
0.761701501797
0.756340759287
0.750906268195
0.745951189797
0.741267329082
0.736194024168
0.730593296863
0.724969244817
0.719755647457
0.714803497637
0.709579030381
0.703819920796
0.69790332088
0.692419647669
0.687345923067
0.681996115635
0.676019730064
0.669919202618
0.664292218246
0.659027294642
0.653508168241
0.647433816986
0.641179416862
0.635316532067
0.629907018165
0.624362979147
0.618200474843
0.611780762891
0.60581697586
0.600346784963
0.594705472726
0.588463717129
0.581996008182
0.575931994687
0.570345558196
0.564704413999
0.558519859809
0.55201040485
0.545875762752
0.540313299334
0.534722906904
0.528548132805
0.522059116225
0.515966866941
0.51042535717
0.504888837318
0.498868274671
0.492524413353
0.486487721292
0.481036143808
0.475688701371
0.469859389421
0.463668100299
0.457799550019
0.452546209705
0.447412475346
0.441857631588
0.435997446247
0.430409626659
0.425397160414
0.420586141191
0.415435237824
0.409968981689
0.404746673183
0.400118980949
0.395743614937
0.391088627493
0.386177889268
0.38150661482
0.377378628304
0.373532699882
0.369513226259
0.365296689948
0.361299152119
0.357812776425
0.354640347755
0.351392623308
0.348033787742
0.344893643714
0.342203034865
0.339826656921
0.337476392342
0.335108016738
0.332961342262
0.331210983378
0.329751105266
0.32839340129
0.32714047299
0.326130170575
0.325414297568
0.324935003403
0.324648167778
0.324574612944
0.324734922539
0.32510847645
0.325669954445
0.326445337371
0.327515848567
0.328866169833
0.330334300074
0.331863659541
0.333634353633
0.335815848546
0.338278494323
0.340736355816
0.343175426025
0.345865829283
0.348991196201
0.352412671327
0.355787130222
0.359019306651
0.362444802245
0.366379462049
0.370657493847
0.374793258912
0.378662125098
0.38271148053
0.387299213719
0.392215979881
0.396966007623
0.401387856828
0.405908299604
0.410972062626
0.416422320477
0.421687572163
0.426515798795
0.431371360302
0.436795542609
0.442619898185
0.448233127597
0.453379949465
0.458498662471
0.464156361727
0.470246097696
0.47614454141
0.481529318626
0.486799441843
0.492582835783
0.498834484278
0.504898543232
0.510423361591
0.515794525085
0.521645214737
0.527982882235
0.534156688008
0.53977228172
0.545179672643
0.551013515454
0.557346699631
0.563549715907
0.569185690003
0.57457927067
0.580360261242
0.586649468049
0.592848818572
0.598467183913
0.60379490234
0.6094695896
0.615647170188
0.62176773665
0.627314888057
0.632547514537
0.638092605003
0.644124868268
0.650146083092
0.655615385385
0.660710757799
0.666066154348
0.671911046602
0.677781611391
0.683110884861
0.688038860793
0.693209560783
0.698851049016
0.704529724395
0.709720131172
0.714487001431
0.719411730783
0.724786894001
0.730255096926
0.735269320272
0.739816882233
0.744491893528
0.749630302942
0.754854133929
0.759645965816
0.764003764183
0.768428432583
0.773243908454
0.778179453923
0.782762246059
0.786892421183
0.791012022831
0.7955344262
0.800212243459
0.804519479632
0.808389570047
0.812255597322
0.816455204972
0.82077880421
0.824808254152
0.828453186413
0.832014033912
0.835851322727
0.8398801626
0.843638118092
0.846967832768
0.850220232533
0.853747912922
0.857416932198
0.86082148532
0.863879929169
0.866859975222
0.870009850712
0.873305610288
0.876432532639
0.879191878683
0.881805931821
0.884605716497
0.887565482745
0.890323629658
0.892733502499
0.895061394191
0.897528261713
0.900069391671
0.902478577731
0.90461904592
0.906599914291
0.90865420538
0.910833423611
0.912908220789
0.914673750742
0.916297538801
0.918037718362
0.919833655186
0.921486083638
0.922936723595
0.924273606067
0.925609867696
0.926974425954
0.928287171807
0.92940879259
0.930352155931
0.931319388658
0.932344609559
0.933246916007
0.933967590299
0.934616171803
0.935255157129
0.935833976192
0.936325257453
0.936742245476
0.937049471064
0.937270039574
0.937477619741
0.937617940075
0.937621046761
0.937554458603
0.93747720634
0.937310196769
0.936994443297
0.936635199664
0.936288012646
0.935836421432
0.935236205419
0.934566440614
0.933860598424
0.933108893803
0.932302209791
0.931387590867
0.93031317499
0.92917618394
0.928116108204
0.927023311799
0.925694045153
0.924198045324
0.922744810317
0.921349378161
0.919861086268
0.918188503397
0.916365729715
0.914504902651
0.912726128304
0.910966527377
0.908975141838
0.906713613445
0.904477699411
0.902428547739
0.900337124177
0.897957048318
0.895369401595
0.89281102722
0.890377194312
0.887954093411
0.885311008841
0.882365818191
0.879383692038
0.876646828412
0.873986107155
0.871002080165
0.867683741006
0.864409348846
0.861373327889
0.858364247404
0.855086026751
0.851494119591
0.847849454126
0.844447936186
0.841208385075
0.837699378688
0.833756251912
0.829777372101
0.826136688916
0.822629957375
0.818804498478
0.814589916583
0.810337428175
0.80635768626
0.802567028772
0.798561773746
0.794103786541
0.789510463909
0.785267114327
0.781297776345
0.777047937598
0.772297386736
0.767463317633
0.762980186947
0.758737178477
0.754282609746
0.749377021402
0.744291454809
0.739519503903
0.735106138091
0.730517998896
0.72537734765
0.720036570034
0.715085307055
0.71049655593
0.705711878443
0.70043105513
0.694950412476
0.689774966282
0.684993764583
0.680127504262
0.674734393221
0.669040789723
0.663686483366
0.658817114017
0.653852156276
0.648338825051
0.642561956557
0.637103416583
0.632090280523
0.627050561691
0.62152193046
0.615656654951
0.610053976807
0.604980368921
0.599957009121
0.594409928405
0.588505436908
0.582891563749
0.577795566216
0.572752434285
0.567246193717
0.561388819726
0.555754440108
0.550641940262
0.54568540271
0.540306947787
0.53452527364
0.528957258356
0.523945599094
0.519100016697
0.513852573779
0.508233359761
0.5028100684
0.497911357767
0.493229770028
0.488239333204
0.482878156297
0.477660554605
0.472979365072
0.468563174264
0.463866404479
0.458817772942
0.453915699158
0.449533672578
0.445432549824
0.441131338892
0.436537921712
0.432058498349
0.42806316742
0.424385687555
0.420573243673
0.41650835724
0.412554861357
0.409060471929
0.405894909886
0.402667065265
0.39926415722
0.395973008642
0.393090776697
0.390535046783
0.387983892432
0.385334063844
0.382814138073
0.380651494113
0.378787379298
0.377001457574
0.375216584683
0.373570193623
0.372217126234
0.371134581946
0.370177507779
0.369298041076
0.368594697532
0.368138483662
0.367874779374
0.36775827928
0.367834283692
0.368120957612
0.368563146037
0.369130845823
0.369880637932
0.370887511636
0.372124248977
0.37347729021
0.374879835929
0.376423244918
0.378286672085
0.380448182062
0.382655372656
0.384795690673
0.38707565622
0.389744378822
0.392723463411
0.395690145908
0.398527799724
0.401463291571
0.404783370587
0.40846079998
0.412118356634
0.415537492868
0.418993220167
0.422884053596
0.427173837146
0.431393717117
0.435296762345
0.439206032764
0.443539975017
0.448275364988
0.45295901875
0.457276839015
0.461515197688
0.466177449373
0.471295335911
0.47636013884
0.480984790336
0.485472253421
0.490381884915
0.495748624979
0.50106897984
0.505942388291
0.510615895498
0.515673130092
0.521219721025
0.52675054671
0.531803844429
0.536585081298
0.541718529469
0.547356824927
0.552992247864
0.558152626077
0.563003907426
0.5681598186
0.57383221502
0.57953350897
0.584758300826
0.589628790624
0.594747661753
0.600379622164
0.60606939004
0.61129666618
0.616147283886
0.621195405464
0.62675393738
0.632408449961
0.637602207935
0.642389894832
0.647332301215
0.652760858767
0.658306444714
0.66341710027
0.668117827586
0.672928114401
0.67819584249
0.683623495239
0.688640688696
0.693208474017
0.697846238631
0.702926461897
0.708179114089
0.713040576245
0.717456784704
0.721922998291
0.726789089412
0.731839789267
0.736556996183
0.740810574671
0.745046356228
0.749663109848
0.754494010719
0.759012657738
0.763055093506
0.76707070231
0.77145117978
0.776022596581
0.780323375551
0.784185089871
0.787956931507
0.792030111662
0.796323294466
0.800401756976
0.80402723882
0.807522166866
0.811325836482
0.815345621304
0.819142198233
0.822532387784
0.825791621921
0.829276651067
0.832953082467
0.836480555008
0.839637989484
0.842599736309
0.845756897968
0.849144844222
0.852378949618
0.855235480502
0.857930115648
0.860791555863
0.863815015267
0.86670928742
0.869310981937
0.87173363071
0.874235289526
0.876914936514
0.879522415581
0.881811561105
0.883906110013
0.886101866756
0.888443700998
0.890675215614
0.892643464652
0.894476449098
0.896342613546
0.898288564981
0.90019288452
0.901877602374
0.903368794746
0.904875442499
0.906490259724
0.908042551196
0.90935762839
0.910538848132
0.911754577085
0.912987954775
0.91414488117
0.915163612027
0.916049894271
0.91688614734
0.917742175684
0.918569273265
0.919238111583
0.919760088533
0.920283521419
0.920811146653
0.921229740322
0.921533040558
0.921781718669
0.921979375577
0.922097120025
0.922149537504
0.922143114026
0.922042306451
0.921874369211
0.921670058369
0.921366054854
0.920955432752
0.920529156208
0.920088747466
0.919519692075
0.918801272359
0.918062759245
0.917346257724
0.916546331581
0.915609467081
0.914565960182
0.913465246267
0.912371736354
0.9112768949
0.910048621879
0.908613358131
0.907126693702
0.905753921562
0.904371674546
0.902766756077
0.900972615661
0.899175792429
0.897456591228
0.895729828459
0.893844248276
0.891736239871
0.889548278478
0.887497262181
0.885529002294
0.883337313215
0.880843187054
0.878329672477
0.876001537917
0.873710079481
0.871200357899
0.868432070048
0.865596928191
0.8629104765
0.860348593033
0.857608385292
0.854506565744
0.851304738801
0.848351933585
0.845548983827
0.842503643087
0.839107293552
0.835645030126
0.832389340007
0.829283602992
0.826014122196
0.822374856063
0.818571739727
0.815008274549
0.811704283873
0.808216700316
0.804286576045
0.800221779369
0.796431327467
0.792867833232
0.789134105577
0.78500260111
0.780686470204
0.776591167546
0.772805416833
0.768928314432
0.764587078031
0.760004775636
0.755703087204
0.751744473438
0.747658582721
0.743114419107
0.738349116081
0.733822412913
0.729635989187
0.725415490184
0.720761179219
0.71579600194
0.711057339319
0.706745040423
0.702411180613
0.697591452107
0.692465033556
0.687587225837
0.683118329817
0.678654252435
0.673774125362
0.668560409514
0.663520602592
0.658933246718
0.654433743375
0.649490974294
0.644158690935
0.639024702251
0.634379330621
0.629820545647
0.624849106761
0.619519451259
0.614337542421
0.609617219448
0.605061235112
0.600137930001
0.594799540899
0.589577062507
0.584868054223
0.580365172545
0.57549735149
0.570233053832
0.565083570947
0.560410992262
0.555968621278
0.551233413166
0.546102345158
0.541031167838
0.536441963441
0.532150892583
0.527604683273
0.522660405182
0.517775546527
0.51336184947
0.509248335818
0.504931519835
0.500257541793
0.495617896533
0.49141821884
0.487555746482
0.483562785571
0.479239899285
0.474935113191
0.47105452255
0.467518328799
0.463895959835
0.459994240925
0.456112033132
0.452621794126
0.449479279965
0.44631472979
0.442935277266
0.439577600028
0.436574880419
0.433908454902
0.431268220397
0.42848238184
0.425732276336
0.423295546727
0.421180521713
0.419143049314
0.417030789774
0.414978476379
0.413204289619
0.411710290376
0.410317654029
0.408934850753
0.40765494019
0.406597726302
0.405764835486
0.40507434492
0.404472718147
0.403995427138
0.403704487201
0.403589823349
0.403608129501
0.403775115894
0.404131299188
0.404640221229
0.405227712979
0.405938066443
0.406884238896
0.408054045583
0.409320320116
0.410609240815
0.412006136245
0.413663873668
0.41558971412
0.417609009823
0.419567530099
0.421564387308
0.423866724082
0.426502444275
0.429187589383
0.43172956801
0.434289659855
0.437176039799
0.440414403559
0.443696009562
0.446789007046
0.449829738789
0.453176088459
0.456928862607
0.460733088759
0.464267672215
0.467698545666
0.471454116541
0.475641102645
0.479866822083
0.483783797978
0.487554511875
0.491611838728
0.496108828686
0.500680780104
0.504909336242
0.508919644662
0.513207057046
0.517968568331
0.522814123782
0.527277583378
0.531478282694
0.535930936872
0.540846886164
0.545870308145
0.550519074769
0.554849178588
0.559391640383
0.564417519664
0.569580690768
0.574357634611
0.578763335505
0.583344780101
0.588405000664
0.593617967375
0.598464531092
0.602910268566
0.607482386728
0.612534639804
0.617767981787
0.622647123263
0.627094839578
0.631614459399
0.636596269365
0.641780145449
0.646637425047
0.651051957044
0.65548696314
0.660372569429
0.665488507599
0.670290090978
0.67463890897
0.678967584581
0.683707951883
0.688688002684
0.693390280783
0.697650016129
0.701842606085
0.706412596078
0.711255180257
0.715842300349
0.719969167958
0.724004048112
0.728386009938
0.733031485787
0.737447357499
0.741430236057
0.745300015223
0.749462334895
0.753898347098
0.75815610419
0.761968886178
0.765625283523
0.769556249947
0.773761525403
0.777798911662
0.781407333846
0.784865738491
0.788560923297
0.792499154598
0.796318376063
0.799742184644
0.802962630046
0.806373969383
0.810043754912
0.813621794412
0.81680164197
0.819773376576
0.822934744393
0.826320733842
0.82961571334
0.832573007356
0.835315272004
0.838169866284
0.841232828426
0.844259914019
0.84696903156
0.849426630493
0.851989616561
0.854768578044
0.857487921294
0.859911141478
0.862127822746
0.864404520136
0.866828993737
0.869225611108
0.871394900187
0.873336042535
0.875281318221
0.877391556432
0.879490436244
0.881341434465
0.882989731132
0.88466050553
0.886435804923
0.888167000811
0.889718850497
0.891112433557
0.892461894826
0.893875423124
0.895295295571
0.896546829253
0.897611910312
0.898651665796
0.8997573109
0.900818658247
0.901716490599
0.902503854882
0.903264279104
0.904004203608
0.904703253862
0.905309824493
0.905792654589
0.90620793931
0.906621459801
0.906996908567
0.907245839442
0.907397472066
0.907539605928
0.907635314611
0.907622052938
0.907536783097
0.907418379292
0.907240720758
0.906974681568
0.906634623882
0.906231170865
0.905767649793
0.905275932891
0.904724764595
0.904033400964
0.903250522454
0.902495412492
0.901740309358
0.90084579516
0.899791455909
0.898704037485
0.897647229124
0.896558978758
0.895358051442
0.894001988423
0.892553414702
0.891154589797
0.889811522306
0.888335009014
0.886618571241
0.8848319042
0.883165921722
0.881535154441
0.879731107833
0.877712835828
0.875621625187
0.87361499264
0.871689894074
0.869649216167
0.867335400726
0.864889631487
0.862594702409
0.860439292494
0.858112582207
0.855475246219
0.852744939293
0.850167685772
0.847711290465
0.845130742677
0.842259642202
0.839224707574
0.836330217418
0.833646993238
0.83085574801
0.82769055726
0.824351698376
0.821214686905
0.818289314344
0.815238560617
0.811848723419
0.808278679001
0.804855599137
0.801677189871
0.79845132674
0.794849037947
0.790988012971
0.787312328494
0.783951942009
0.780525291272
0.776699409208
0.772640655333
0.76875433329
0.765159381864
0.761550750764
0.757577792428
0.75330336212
0.749164856066
0.745397102036
0.741667053062
0.737527147324
0.733065765581
0.72876987926
0.724841146178
0.720947757076
0.716683474576
0.712091736743
0.707606790523
0.703505578819
0.699528613626
0.695191902772
0.690466231103
0.685847108715
0.681654795771
0.677589148559
0.673159837346
0.668356826478
0.663643280326
0.659333072522
0.655200401752
0.650770479278
0.645937039462
0.641140008586
0.636778889643
0.63264458353
0.628204914924
0.6233472838
0.618533644686
0.614152888871
0.610008942398
0.605617128282
0.60083401304
0.596043374947
0.591666378197
0.587585485193
0.583292032043
0.578583373274
0.573852944366
0.569552036018
0.565564686818
0.561395310933
0.556851466362
0.552273548277
0.548082920651
0.544229005979
0.54025576011
0.535919295457
0.531519655425
0.52750229867
0.523851052026
0.520118303253
0.516056590757
0.511938149102
0.508170134076
0.504762019533
0.501325173636
0.497604783071
0.493818677116
0.490355985785
0.487260649461
0.484185770967
0.480878249516
0.477516171586
0.474446541667
0.471726158806
0.469066298921
0.466231596874
0.463355591824
0.460745416278
0.458466784659
0.456279886735
0.453984803636
0.451682204759
0.449610167061
0.44782721336
0.446164480264
0.444464361126
0.44278221919
0.441298772129
0.440075217753
0.438984892006
0.437910466052
0.436903621443
0.436077992032
0.435445690047
0.434938761853
0.434523621294
0.434226505241
0.434069308306
0.434048786062
0.434159808534
0.434405927696
0.434804237822
0.435339677379
0.435954542185
0.43665336724
0.437530491446
0.438632502673
0.439852524883
0.441063946481
0.442332909843
0.44382851672
0.44557608129
0.447425269442
0.449227574817
0.451037982492
0.453072062174
0.45541427494
0.457876786048
0.460218063156
0.46249428849
0.465017748072
0.467895866269
0.470874949209
0.473688878723
0.476404783868
0.479350781599
0.48267197936
0.486120457299
