0.707106781187
0.701996150358
0.703230129917
0.71340379263
0.728201135743
0.739456746995
0.738854328835
0.722277486733
0.691993906929
0.657928686893
0.636119239624
0.640864198306
0.674707947631
0.725569127247
0.77336982064
0.799938366875
0.794142713685
0.753389209497
0.685586609056
0.610657007242
0.561967947685
0.570647834441
0.636109918769
0.726359191953
0.806062258678
0.850128289794
0.845229439644
0.788637566873
0.689575977659
0.572957848465
0.487530300443
0.49262476051
0.589085709771
0.718065890037
0.828700132359
0.891619604365
0.89189270224
0.826251044541
0.703197081331
0.547829658417
0.416474482788
0.407027548966
0.533481357702
0.699754943721
0.839965355763
0.922480381578
0.931649269614
0.863515029363
0.725247233422
0.538728001715
0.356747504783
0.317156889277
0.473127770133
0.673834885869
0.840586160523
0.941546303664
0.961407373321
0.895907362761
0.751075503229
0.544499350517
0.316732088072
0.225456580125
0.411414293449
0.64312736087
0.833124943639
0.951356655113
0.982929663059
0.923543386799
0.778645351539
0.562987002904
0.305121874836
0.139368198052
0.353088463038
0.608934025548
0.816666497844
0.949807964847
0.993799206076
0.943980725241
0.805137801364
0.590821700216
0.324421143654
0.0921871034664
0.30797310605
0.576183391548
0.794329275769
0.938111677248
0.993326254353
0.954769787171
0.826590226506
0.622323771136
0.366421889588
0.135846334749
0.286747322796
0.548437415324
0.768911215976
0.919097955708
0.983854884082
0.957166659082
0.842676126672
0.654529960261
0.420780280922
0.220254512774
0.297769516165
0.529310345384
0.741323451331
0.891975047823
0.963316938802
0.948477181935
0.850661936401
0.684224062389
0.479617036153
0.311046264449
0.339363640462
0.524179377159
0.71623295761
0.860107056156
0.933520011504
0.928627700342
0.848561083439
0.707701325793
0.536542826311
0.399454489183
0.400491062173
0.534382032286
0.696186497359
0.825753535654
0.896681882129
0.899624809135
0.837414821277
0.724270195782
0.588810705853
0.482798331418
0.471643466256
0.559704261265
0.683291891615
0.789721316081
0.85195551801
0.859766384863
0.815243386999
0.731609409308
0.633783604215
0.559498749539
0.546624954276
0.598746047279
0.681229243389
0.756798420389
0.803006651745
0.810908042443
0.782287934445
0.728534860404
0.669049572124
0.627113738743
0.619766492197
0.646323331045
0.689557315154
0.729230082674
0.752347117918
0.754695825762
0.739547721149
0.715857033525
0.69506632259
0.685810319163
0.689126056924
0.699225483604
0.707848426987
0.708871879768
0.701616407825
0.691162923832
0.685800278588
0.692084329326
0.710482993653
0.734295133118
0.752382269141
0.754465521346
0.73575148711
0.699103120745
0.655627612973
0.623987396279
0.62308657561
0.65807591543
0.715122609553
0.771363238637
0.806404586982
0.807054711926
0.769136405956
0.699371714907
0.616960683915
0.555680762936
0.552880722488
0.615218222795
0.710300172097
0.798521388013
0.852114837947
0.856089509673
0.806053127898
0.709275625597
0.588376252311
0.489201416668
0.475939668787
0.563729917713
0.695319640299
0.814377024321
0.887860816334
0.899311955338
0.843972699596
0.728158332862
0.573665852465
0.430785865798
0.395387836158
0.506400369977
0.672268556704
0.819479771702
0.912443536065
0.933766041737
0.878355997947
0.751701248686
0.572585022973
0.386641932943
0.314581249502
0.445608565681
0.643329531811
0.816025239665
0.927683895866
0.960575637204
0.908980139584
0.778020389
0.583956552297
0.363318356604
0.240568803768
0.385194049623
0.609724618731
0.803552309028
0.931759840234
0.977158892378
0.933381971427
0.804709072459
0.605731195583
0.365458969247
0.188939209078
0.33279072543
0.575701623656
0.784695769121
0.925799830861
0.982602683413
0.948772652359
0.827628337655
0.632699207179
0.390106784794
0.182922153938
0.297649232539
0.54468209519
0.761600770277
0.91214075747
0.979208566899
0.956340410685
0.846290733435
0.662030105096
0.430451761929
0.225800090362
0.290246435099
0.520628565099
0.735248036943
0.889808660171
0.965047065258
0.953579374233
0.857872065032
0.69058700856
0.479775644627
0.295422065718
0.314949034752
0.508890972242
0.710092922819
0.861850114577
0.941538598825
0.940205663227
0.860070683913
0.714134436301
0.530683100808
0.373105974044
0.364562886231
0.511596191243
0.688667757242
0.83057242218
0.910603981742
0.917958315294
0.854036407817
0.732075496963
0.579746812417
0.451054073073
0.429220816131
0.5299558757
0.673307575065
0.796894111459
0.871265980889
0.884630656318
0.837441320785
0.742019985667
0.623882298584
0.525741363297
0.501153052414
0.563476340353
0.667776674115
0.765173211852
0.827128121206
0.842107112299
0.810267440661
0.742296597979
0.659677911377
0.593185925229
0.573365296529
0.607459812841
0.672322836345
0.737260861122
0.780366948195
0.7922887125
0.773795505108
0.733732160478
0.687442192039
0.653151978679
0.643457538373
0.658687437052
0.687347992317
0.715155534557
0.732064195048
0.73474001308
0.726452767184
0.714289441659
0.705437800982
0.704176269653
0.708941440806
0.713789667002
0.712618528686
0.702607783387
0.686894700418
0.672984912405
0.670326603054
0.68461418489
0.712881809165
0.744446815122
0.766274311912
0.767679923662
0.744271636742
0.699649421104
0.647268543974
0.608993024309
0.606702902024
0.64625080484
0.711273529085
0.775448257652
0.816098698616
0.819283772548
0.780609125301
0.706434145317
0.615975323594
0.544993522315
0.53567593225
0.598649792058
0.699535676381
0.795565824157
0.856521584023
0.866071031513
0.819193008413
0.72250822193
0.596860586271
0.486761251823
0.46090369487
0.544455777522
0.679331446557
0.804895804382
0.886035190941
0.904887683072
0.855740614287
0.744208354828
0.590010823518
0.438801642489
0.385131544701
0.485686705244
0.652682972007
0.805672746814
0.906547702541
0.936653939274
0.889595109687
0.769934302639
0.595311100589
0.406664230151
0.313114896869
0.424741554809
0.620054634802
0.79710416064
0.916309287371
0.958917503423
0.917965267381
0.797078713725
0.611591720551
0.39574140216
0.255065752117
0.367894554935
0.585418235247
0.78146958036
0.916058660225
0.97063220219
0.938130676347
0.821606564987
0.634599368891
0.406016407043
0.225204222395
0.322090240696
0.552001586316
0.760989655938
0.90789193451
0.973690020472
0.951070110396
0.842759551622
0.661551613688
0.434023947786
0.23579281409
0.297192881675
0.523182673016
0.736327677979
0.890652316407
0.966042094339
0.954416428078
0.85791974544
0.689011371675
0.474028738813
0.281468383697
0.302147363852
0.504558423027
0.711606696143
0.867110646691
0.948832978353
0.947625578402
0.864918465042
0.713041648379
0.518950561376
0.345545125489
0.335737234385
0.499095578283
0.689260338032
0.839574014362
0.924026411546
0.932024503473
0.864184187787
0.732611986091
0.564564711667
0.416389786136
0.389946513094
0.50892044332
0.671435940959
0.808720289642
0.890804806923
0.90568534397
0.853339771867
0.74521034096
0.607239788955
0.487486820493
0.455900818554
0.534769868098
0.662238818172
0.778564271911
0.852220796206
0.870211666585
0.832250798176
0.749041884408
0.643654158741
0.554077918058
0.525549534015
0.573017840458
0.662610533719
0.751026798492
0.81010683118
0.827241147418
0.802076048958
0.744365702699
0.673056657415
0.614742056997
0.594995355825
0.620419710733
0.673306228074
0.728009827901
0.765334776705
0.776352874496
0.761624599985
0.729516083484
0.693413167405
0.667579549755
0.661260561146
0.673540726614
0.69470138061
0.713282511888
0.722225359415
0.720558803731
0.712428658127
0.704875167594
0.703900479898
0.710764142275
0.721025355797
0.727376870101
0.723507470026
0.707254141729
0.683169041746
0.661814989513
0.655516531343
0.671319711537
0.705434573507
0.744956911064
0.774073131512
0.780235339348
0.758005217361
0.710436241093
0.650657543562
0.602122720667
0.59124418215
0.62834474405
0.697099799271
0.768823052171
0.818362711511
0.829442052145
0.796030114742
0.723151167382
0.628439423854
0.54623115183
0.522806289227
0.578091144155
0.680076159584
0.782456569403
0.852427896628
0.871670620383
0.833359206724
0.742311694913
0.617079154975
0.497758278278
0.45275743906
0.522376516362
0.655825837251
0.787287502077
0.877688291976
0.907362034212
0.868997382487
0.766403033013
0.617006877117
0.461124983653
0.384871083314
0.463285525865
0.624991314238
0.782512881943
0.892554295728
0.93438507876
0.900276906514
0.793053419418
0.627982519226
0.441509222162
0.326319812262
0.405442387236
0.590905654888
0.770141921164
0.897461208947
0.951602253669
0.924358992617
0.818137342037
0.646374935187
0.440299049386
0.286380656706
0.35414835788
0.556211166491
0.752201066599
0.894122349308
0.960367017244
0.941943295528
0.840875457141
0.669837761316
0.456315347844
0.275284067128
0.317765553702
0.524110616049
0.729495535328
0.881662166583
0.958527605983
0.950507960089
0.858764551519
0.695395312848
0.486149827916
0.296736828234
0.306028747106
0.499942129094
0.705595501603
0.86257337194
0.947077074772
0.949194774748
0.869332781684
0.718900401977
0.523359207307
0.342316801174
0.32260865307
0.487303324139
0.682681603686
0.838697553088
0.927937920731
0.939407574285
0.87294009615
0.739246334781
0.563755179295
0.401232318071
0.363731390667
0.48941867795
0.663146357453
0.810519905978
0.900155484435
0.919252592987
0.867063016875
0.75371702527
0.603600661135
0.465531300415
0.421419960885
0.507918189892
0.651100683363
0.781881504962
0.866425201117
0.890095696214
0.851389273798
0.760105601865
0.638843491588
0.528536774291
0.486537350651
0.540152737103
0.647814799185
0.754813960702
0.828401206526
0.853273185049
0.827086669099
0.758841166649
0.668597122805
0.587939866363
0.554097646359
0.583492772929
0.654637046335
0.731327270536
0.786840367867
0.807940384594
0.792465974608
0.747992985567
0.690540382055
0.64132359341
0.620368920107
0.634454095042
0.672402503559
0.714999439407
0.745882312986
0.757217715722
0.749044420215
0.727644375716
0.703273443449
0.686062643299
0.681382068687
0.687820639372
0.698537538918
0.706414064834
0.707478195717
0.702908396423
0.697995615917
0.698666254041
0.707676722177
0.722723440716
0.736793506595
0.741620811368
0.731632136485
0.706681413593
0.673891030619
0.646405245806
0.639224983593
0.660007449804
0.702347053789
0.749774001352
0.784502601734
0.792961939758
0.769284297034
0.716556368756
0.649018579454
0.592111632479
0.575877513682
0.613746237338
0.688116707874
0.766853695184
0.822671593705
0.838411208072
0.807342450577
0.733499113042
0.63384463783
0.542835705492
0.509827105424
0.561428764492
0.666514819623
0.775401819782
0.852518819066
0.87816527771
0.844785816231
0.756227696316
0.629446343864
0.50248111904
0.443841515049
0.504201077735
0.637625295035
0.774317509393
0.872248489897
0.909903874749
0.878973170061
0.782439409366
0.635931658571
0.476094999564
0.384005532465
0.446281220528
0.604433409178
0.765259588155
0.882012812312
0.93226605213
0.907058414728
0.808416266897
0.650330922765
0.465567722661
0.336648262271
0.391602425021
0.569236698407
0.750180100658
0.883591274495
0.946510314023
0.929277650091
0.833144342239
0.670812133601
0.471445517407
0.310265413727
0.346439538869
0.534509571757
0.729452931165
0.876015850586
0.950617126659
0.943054477508
0.853868343685
0.69461541455
0.491865109362
0.31172280033
0.319950163107
0.505417740944
0.706437422079
0.861398589401
0.945289290235
0.947489358634
0.868097247237
0.717894046174
0.521815578285
0.339096982686
0.31860588701
0.485664205042
0.683355996118
0.841444738388
0.932126165525
0.943762912483
0.875960347669
0.739095559606
0.557305895446
0.384893256513
0.343658591039
0.479025212837
0.662321401482
0.816424172206
0.910041111061
0.93004643548
0.875220473538
0.755431288265
0.594157232186
0.440722152151
0.389695812045
0.488542794512
0.647438981873
0.789927644878
0.881456666029
0.907333368912
0.86537198781
0.764816036555
0.628283284398
0.499201506488
0.447735626071
0.512959926573
0.640309981761
0.763942642928
0.84808576461
0.876798554984
0.847034893754
0.767168475974
0.658173603929
0.556553483841
0.511549977425
0.550163551391
0.642578932028
0.740267692592
0.81058231175
0.837768138465
0.818626732774
0.760531314332
0.68146846422
0.609573811844
0.576367375106
0.596966930344
0.655779445338
0.722528799098
0.772572120526
0.79292714934
0.781429218734
0.744712489696
0.696662111423
0.655606561236
0.637814700017
0.648291350708
0.678068023787
0.711688984539
0.735815255693
0.743845889431
0.736574362173
0.720325332008
0.703836949394
0.69439600048
0.694684746757
0.701539287395
0.708226220744
0.709033951041
0.702365925038
0.691674435584
0.684070432595
0.686628984739
0.701634499905
0.724245920493
0.744883682507
0.753707480323
0.744173453925
0.715755679392
0.676040229968
0.640261399201
0.6264464308
0.645159638985
0.690666143017
0.744613949786
0.786602404455
0.801400273314
0.781867400005
0.729810481468
0.658074225876
0.592193222639
0.565392411419
0.596998506877
0.671999109015
0.756448402022
0.820339840627
0.844269104092
0.820007958031
0.750195775691
0.649782423347
0.55075946682
0.503305690115
0.543153924167
0.645693281148
0.758938237173
0.844379926605
0.879896651604
0.856051328979
0.775105897377
0.651963001751
0.520444259645
0.445040666757
0.487069442271
0.614119718396
0.753398103937
0.85880468554
0.906698563996
0.886978511705
0.800931134953
0.662291957229
0.503315197578
0.395417350415
0.431997419582
0.579254654832
0.741194456255
0.864987826734
0.925679107251
0.91274012275
0.826536445871
0.679333422538
0.500702811768
0.36085181758
0.382863018733
0.543476918258
0.722715600216
0.861958315635
0.935053976651
0.930885400865
0.849190946986
0.700767654872
0.512353150436
0.348101772698
0.34707562865
0.511222737717
0.701008175901
0.851475660595
0.935246322365
0.940357769794
0.866185136391
0.722742472923
0.534468595951
0.358780259924
0.331540994559
0.48598413785
0.678154041969
0.835108220122
0.927463819706
0.942083430309
0.877629094604
0.743816964959
0.563799885503
0.38961609862
0.340812010722
0.472000754781
0.656272548132
0.813272329547
0.910570311674
0.933988331797
0.881201317591
0.761281872028
0.596565382225
0.434442073171
0.373404773936
0.473221942638
0.639193556512
0.789176217822
0.886855459739
0.916871048129
0.876111051886
0.772745126391
0.628281305442
0.485567538194
0.421852114723
0.489798558817
0.62878759577
0.764468340177
0.857878352025
0.891998904592
0.862981448501
0.778061992964
0.657308900215
0.538540280836
0.479684568979
0.52063125033
0.627269331098
0.740915243452
0.824025357879
0.858554112271
0.840046833544
0.774961660571
0.681061212808
0.589601461861
0.541476775117
0.562866603565
0.636482123492
0.722169973754
0.788664330944
0.818970113782
0.808493258748
0.763027978284
0.697551245534
0.635266873698
0.601961802501
0.611514566477
0.655117633205
0.709497583661
0.753456186646
0.774473842931
0.769286113477
0.742976197366
0.706881675696
0.675038017034
0.659422061221
0.663849738664
0.682458212053
0.704509976673
0.720423339477
0.725880048612
0.721933839246
0.713647760394
0.70736933953
0.706884039587
0.711408776901
0.716564435234
0.716672201597
0.708548798233
0.69323474076
0.676997454273
0.669049585772
0.676434606175
0.699269042441
0.729747358472
0.755695957316
0.765978226034
0.754005256597
0.720110427266
0.673040939771
0.629938984346
0.612113360051
0.632289995999
0.683549486533
0.744557615543
0.792752581187
0.811536937053
0.792994222739
0.738668103617
0.66150483092
0.587518697365
0.552874882482
0.581640352196
0.659721301243
0.750209074267
0.820773499731
0.850756308815
0.830827978437
0.762536824923
0.659938618474
0.553992719722
0.495659133629
0.527694855248
0.629940480895
0.747687662287
0.839495501825
0.881884415255
0.86449239647
0.788335545229
0.666770672735
0.53141585208
0.4439614723
0.472843778893
0.595981103146
0.738344428071
0.850150668663
0.905683709351
0.893811196004
0.814844714657
0.680986428652
0.521870765209
0.403034488893
0.420771661355
0.559537881138
0.722201951307
0.851544216469
0.920221251198
0.916349825238
0.839409376884
0.700342065419
0.525983952379
0.379254934518
0.377916283087
0.524742708047
0.702023125168
0.845186374938
0.925682927329
0.930867932315
0.859465556786
0.721363004647
0.541106545879
0.375780229485
0.35034104792
0.494764091551
0.679731494336
0.832653933257
0.923260844351
0.937958353522
0.874697549118
0.742571517957
0.564717263753
0.392696925229
0.344134148767
0.473631599631
0.657077076364
0.814135357835
0.911846046504
0.935617700002
0.882659331159
0.76125329224
0.59332913238
0.426077213135
0.361587130285
0.465994330006
0.637888774407
0.792548754435
0.893363808464
0.924463551321
0.882459738783
0.774992181139
0.622831703491
0.469191238751
0.398260802313
0.473338620038
0.624234917387
0.769491950173
0.869141896849
0.905570481476
0.874582732419
0.783216645398
0.651084177946
0.51708498026
0.448070705253
0.495836127767
0.618444304834
0.746525472827
0.839387678235
0.878079355106
0.857470398574
0.783805884438
0.675206114539
0.565369290895
0.504923547619
0.531540025692
0.622908592823
0.727204370982
0.807231022368
0.844043250395
0.83192238974
0.776230561267
0.69314962228
0.610297992167
0.563205883807
0.575845733899
0.63699737979
0.712921766928
0.774344856822
0.804651891394
0.798595684269
0.760756181808
0.704572068702
0.650508352906
0.620258517014
0.625668253315
0.660317376398
0.705389229101
0.742522150219
0.760658846253
0.757076832408
0.736226149876
0.70786075352
0.683850870968
0.673166883021
0.677559246029
0.691527576738
0.706432742132
0.715192713437
0.715365512655
0.709630998047
0.703689527797
0.702931945848
0.709196397367
0.71953871374
0.727674722907
0.727181401125
0.715082491328
0.693606267942
0.670617414719
0.657647781611
0.664013565193
0.690260494655
0.72680946294
0.759296205597
0.774871885053
0.765640547433
0.731044915966
0.679514012061
0.628829004722
0.602613819444
0.617662444447
0.66946296108
0.735522261926
0.790733139784
0.816744858882
0.804170082509
0.7530378379
0.674635044975
0.593910352484
0.548093918246
0.567128695111
0.6422678963
0.736055336606
0.813382259345
0.851500823097
0.839657609414
0.777849750574
0.677906265026
0.567946195757
0.49702816502
0.514330286751
0.610032217259
0.729487334269
0.827988823352
0.879423165445
0.871652064341
0.804279761087
0.688749911303
0.553132482903
0.453624402627
0.462302922058
0.574214892898
0.71595106066
0.833522438846
0.898510030509
0.897722928844
0.829879913632
0.705511086191
0.550839466865
0.423304612119
0.416240036672
0.538313544045
0.69771234394
0.831280551527
0.908742091714
0.916362991133
0.851948921651
0.724891502094
0.559330785351
0.409514815957
0.381281007349
0.505275869705
0.676351563857
0.822479057019
0.911183119139
0.928006356067
0.870021443949
0.745478227106
0.576888713498
0.414061230177
0.363399446158
0.479013828209
0.653633157569
0.807212236937
0.904777385899
0.930740461275
0.881586200203
0.764604884314
0.60074955901
0.43566911928
0.366973983077
0.464137282906
0.633123932207
0.788112558918
0.891100261758
0.924981762424
0.885559968086
0.779639944001
0.626892875643
0.469144798023
0.390767417593
0.463066467458
0.616927120499
0.766760585517
0.871238492273
0.911543268949
0.88239593153
0.790070974744
0.653278457684
0.51003700658
0.430557782242
0.477342740176
0.607613649849
0.744757364693
0.84536572885
0.889309611321
0.87030326732
0.79367936534
0.676954674437
0.553923174175
0.480617069915
0.506106746736
0.607843905863
0.725354723436
0.81643761203
0.860244947467
0.849887514562
0.789679715589
0.695466478775
0.596389475157
0.534755065838
0.545327756908
0.617694086427
0.709913413716
0.78589156227
0.825516938106
0.821811692497
0.778270075131
0.70840566184
0.635775833213
0.589846244614
0.59197170068
0.63736135966
0.70041725438
0.755312713349
0.785611538263
0.785434993441
0.757953122956
0.713848499595
0.669628968053
0.642587694576
0.642408029179
0.665697947168
0.69896379508
0.728034477897
0.743566722782
0.742914489147
0.729690657102
0.711411316788
0.696339423266
0.690025997427
0.692567673693
0.699533742991
0.705077202887
0.705425460545
0.700868959351
0.695284205365
0.694263528499
0.701579302534
0.716090082245
0.731843852381
0.741063981791
0.73735097719
0.718819896517
0.689457909968
0.659704029635
0.643576657591
0.651646173111
0.683577269386
0.727384254504
0.766089127207
0.785252804817
0.776428626634
0.73910294513
0.681954115195
0.623850531792
0.591257994715
0.604227539264
0.658883880103
0.730591556931
0.791969770657
0.823089810578
0.813648788353
0.763143042347
0.682233442798
0.595168776912
0.540632492433
0.5535185992
0.628617948261
0.726730075865
0.810224234204
0.854743063291
0.848262454989
0.789792555407
0.690225301399
0.576039639455
0.495178520177
0.501786604978
0.593666527503
0.715563345738
0.819664667208
0.87818052758
0.877703277232
0.816503720906
0.704677507137
0.568275207207
0.459753084337
0.453535289831
0.5572675318
0.699129868519
0.821284237404
0.893147108833
0.900407019764
0.840598900548
0.722745898415
0.571007698072
0.437606505705
0.412776189358
0.521906495758
0.678917766331
0.816188829749
0.900505012937
0.916656409586
0.861448006021
0.742949575003
0.583312011122
0.431643683103
0.385040016987
0.490970302067
0.65630133053
0.804220001168
0.899044042935
0.924520923755
0.876660751567
0.762597770126
0.602802505213
0.442332027538
0.375738965821
0.469199971939
0.634673070914
0.787798243817
0.89011368534
0.924144910222
0.885065033778
0.779213503547
0.625887771859
0.466365811668
0.386130137597
0.459548689628
0.616086864167
0.76844726928
0.874809683081
0.916164582037
0.886716599549
0.792029508159
0.650459709977
0.500052502246
0.414470732859
0.464537314391
0.603063162966
0.747513208866
0.853194932833
0.899513388629
0.879806710769
0.798797002755
0.673615000431
0.53894004516
0.456084866949
0.484688829566
0.598660552928
0.728146428944
0.827876029934
0.875874205577
0.86476570044
0.798544719254
0.692912009995
0.578625977246
0.504851336208
0.517089394903
0.603542338798
0.711798747496
0.800139242658
0.846253015798
0.842182293947
0.791215195197
0.707397037078
0.616829742419
0.556829270281
0.558879271156
0.618374619149
0.700423929023
0.771374688209
0.810979107249
0.811463708564
0.775493440412
0.715081426117
0.650811382191
0.608303982259
0.606373028691
0.64263261727
0.69636327489
0.744786853456
0.772753163707
0.774323460053
0.752027049678
0.715435233209
0.67874676699
0.656171153286
0.655415124761
0.673522655398
0.699539558769
0.721805660473
0.733021441498
0.731640094668
0.721271956033
0.708611733103
0.700286785106
0.699403828854
0.704127400216
0.709473839951
0.710322195376
0.704356718341
0.693710606359
0.684339154862
0.68315137698
0.693837210164
0.714025837628
0.735905853512
0.749733677597
0.747944582778
0.728149211797
0.69450007424
0.658200258761
0.635413683298
0.639658102879
0.672143851426
0.720074656667
0.764748048406
0.789959207701
0.785789872407
0.750543158261
0.691955940502
0.62824460084
0.586888627891
0.592176018337
0.644378497867
0.718943619624
0.786276552366
0.82457822143
0.821957335382
0.776394426807
0.696963452292
0.606150356829
0.541643673884
0.542612120309
0.611384059247
0.710366700929
0.7993369309
0.851711562351
0.853914172436
0.803313977216
0.708761201777
0.594077461783
0.503852494549
0.49457018464
0.575799578217
0.69606901856
0.804608586559
0.87092428854
0.879954210116
0.828527906819
0.724783728827
0.591741412481
0.476508188233
0.451375187596
0.539693412635
0.677347661348
0.802939208129
0.882687436666
0.900130946035
0.851337720242
0.743762637314
0.598840042382
0.4626515593
0.417748061645
0.506099582377
0.655501122259
0.794282238757
0.885752442182
0.912426915722
0.869397771422
0.763238321621
0.613741788392
0.463939589243
0.398940558472
0.479381842383
0.633474441151
0.780735751288
0.881288263096
0.916729384279
0.881314609038
0.78062229263
0.633162748308
0.478597505896
0.397591002197
0.462800119174
0.613243984003
0.763534223986
0.870274015279
0.91361707863
0.887026498101
0.795100429263
0.655209923543
0.504150913875
0.414183693509
0.459594188165
0.597466165096
0.743939374514
0.852671852303
0.90202427813
0.884624817182
0.80429197482
0.677086356435
0.536877645044
0.446016250564
0.471370998714
0.58924328909
0.724935054565
0.830774704459
0.883392209691
0.874398706451
0.807022793833
0.696140215102
0.572284846891
0.487583505974
0.496437278896
0.589682578106
0.708069762046
0.805744956615
0.858463341719
0.856832942132
0.803272687287
0.711424890806
0.608003934027
0.534823016295
0.532631151392
0.600030279415
0.695409907603
0.778945010947
0.82735495076
0.831032668287
0.791512257756
0.72075265055
0.641057474377
0.583691976841
0.576412646756
0.620265125839
0.689279490291
0.753393946219
0.792695543787
0.798610598436
0.772206216385
0.72330193416
0.669133527313
0.630552793515
0.623452372283
0.648129827901
0.689957976568
0.730386736239
0.755766673364
0.760364650351
0.745700263156
0.719147955007
0.691763639341
0.674148846201
0.671651513501
0.682211278653
0.698262419597
0.711891273434
0.718224374419
0.716937330478
0.711587267563
0.707152548777
0.707267030965
0.712131817306
0.718044390871
0.719896967282
0.713917704332
0.700137025273
0.683223113701
0.671109769243
0.671781404755
0.688173495341
0.7154425364
0.743184034414
0.760104343222
0.758070166002
0.734816120474
0.695275620764
0.652340838212
0.624406511025
0.627335416611
0.662947357077
0.71673291895
0.767520815147
0.797400147094
0.795602786119
0.759962360476
0.697907102574
0.627972659261
0.579298238788
0.579633600558
0.631858236138
0.710517942306
0.783742777986
0.827870854099
0.829908136776
0.787062540534
0.707461913214
0.612435107525
0.539673205917
0.532006062418
0.597308607459
0.698268174209
0.792269674636
0.850853707467
0.859132851036
0.813518225945
0.72178687171
0.605840346029
0.508114922337
0.487040144311
0.560968865368
0.681129872767
0.79392305683
0.866763555382
0.883077125512
0.838424050596
0.739821879642
0.608455749319
0.487809379182
0.448705221145
0.525301337458
0.66001653435
0.788426864982
0.874279942915
0.899681076678
0.859318976641
0.759249931519
0.619177639922
0.48103418465
0.421967866596
0.494395244813
0.637722779927
0.777637327296
0.874304972448
0.908695663166
0.874736246125
0.777589287203
0.635360969663
0.487227708263
0.410052375132
0.471346525637
0.616095259664
0.762689733842
0.867658768425
0.910557920244
0.884481602667
0.79377334992
0.655215108851
0.505072139791
0.415160709437
0.459811588584
0.597560470604
0.744586090431
0.854121000643
0.904125826031
0.886741219835
0.805469238342
0.675927983408
0.531530380189
0.436439201955
0.462536468237
0.585382459604
0.726168182102
0.835791778819
0.890556311469
0.881555413115
0.811476652626
0.694923595518
0.562567900883
0.469745196368
0.479089118198
0.581026846323
0.708957743192
0.813819012061
0.87051968407
0.869136359805
0.811482686492
0.711021667701
0.595526819594
0.511198728057
0.508134197512
0.586127771009
0.69492825484
0.789364559222
0.844076195824
0.848587233126
0.803926783724
0.722079720279
0.627279160322
0.556485325057
0.546653916647
0.601331477891
0.686606641642
0.765219855683
0.813535485622
0.821284539249
0.789020780159
0.727078002819
0.655434808648
0.60169081392
0.590458986729
0.624976984644
0.684585795829
0.742648259438
0.780029138711
0.787963050681
0.767001867209
0.72568901956
0.679003263587
0.644944058863
0.636994279477
0.655871998535
0.689898763318
0.723535613299
0.744981376732
0.749135980779
0.737526083122
0.716810343533
0.696175164735
0.683785950383
0.683145131433
0.69163596181
0.702727984367
0.710241550537
0.711314969891
0.707154135258
0.702082477985
0.701035268805
0.706504983641
0.716704583362
0.726272303206
0.729140971798
0.72131117602
0.703178076788
0.680580574513
0.663389203041
0.661489761992
0.678834615321
0.710131801564
0.743403530394
0.765515096065
0.767033618485
0.744807288575
0.703194833132
0.655003890884
0.619975509962
0.61692272873
0.65046448756
0.706487462061
0.762494901139
0.798718724641
0.802779272279
0.771213979864
0.710208192307
0.636955471658
0.580310225434
0.571204726541
0.617852017009
0.696647159988
0.774204220192
0.824990052615
0.834338702103
0.797953363683
0.722386757863
0.626855372315
0.54671629006
0.526580923651
0.582458334532
0.681417437878
0.779038164103
0.844517650553
0.861251765071
0.824019494738
0.738862951918
0.625358322478
0.522141451711
0.486354649818
0.546457241037
0.661649117179
0.776668846297
0.856071720596
0.881504854669
0.846953451286
0.757558385553
0.63198968678
0.509181253807
0.454837239888
0.513312121212
0.639794850234
0.768642771242
0.860271689942
0.894682614523
0.865115570267
0.775974836789
0.64453479698
0.508051837205
0.435297258981
0.485894969343
0.617552824544
0.755981030667
0.857662973967
0.901006093461
0.878246587456
0.793097773312
0.661560167168
0.518401255404
0.430680647833
0.467932132312
0.597253113294
0.739692263339
0.848001403201
0.899189914555
0.884459664038
0.806613614901
0.680508458291
0.538226651035
0.441756730649
0.462745194343
0.582009403475
0.72228767108
0.833200594133
0.89019785681
0.88357011639
0.815139698342
0.698704759744
0.563934568551
0.465914863188
0.47105876843
0.573611095839
0.705152713851
0.814260227694
0.87466475713
0.875706088589
0.818285070956
0.714980196253
0.593085757607
0.500163049891
0.492607134827
0.574140673658
0.690303951259
0.792190931109
0.852548574848
0.859850783692
0.814284824822
0.727070542887
0.622557597008
0.540465765881
0.525121326924
0.584653620524
0.68030505158
0.769572645473
0.825901619101
0.837251678153
0.803219859792
0.733740165499
0.649661560597
0.582572393322
0.564698029732
0.604077420454
0.67605334369
0.7476708085
0.795616319429
0.808441648931
0.785291428507
0.734645987421
0.673322380573
0.624349330613
0.608724562503
0.631648852514
0.678869307038
0.728421342155
0.762968602739
0.773641359785
0.759870685209
0.728429415523
0.691459787768
0.663059468265
0.653879843974
0.665215624999
0.689166644824
0.714128728117
0.730780854842
0.735120938613
0.728316242672
0.715480855675
0.703292283472
0.696809512986
0.697236431777
0.701765656168
0.705646974298
0.705360412867
0.700439187823
0.694036076934
0.691251399176
0.696121125535
0.708876950523
0.725190390748
0.737767737208
0.739805008134
0.727726189774
0.703265265759
0.674077458277
0.652209359142
0.64951117804
0.670232469568
0.707345264678
0.746589603772
0.773174941454
0.776671124569
0.75348891084
0.708096780946
0.65407287576
0.612742314882
0.605706765952
0.639593917066
0.699556651486
0.760944609579
