0.707106781187
0.710881524754
0.719399840896
0.725878482229
0.723142049557
0.708002957205
0.683918438178
0.661060988323
0.652171729278
0.666266878256
0.70106785027
0.743388900214
0.7765424647
0.786974168467
0.767257058281
0.718831642933
0.65393792179
0.596994130053
0.578102626345
0.612460321412
0.685303759426
0.765070629617
0.82338738142
0.841731020084
0.812155247478
0.737698962741
0.634389498514
0.536480127732
0.497325428622
0.549121299668
0.659974149688
0.776273482576
0.860223957422
0.890055059015
0.8570481142
0.764313144695
0.62790268377
0.485221063718
0.412526508869
0.477267401938
0.625456493636
0.776092117295
0.884626655813
0.928254496655
0.897526596184
0.794603665678
0.633561577549
0.448531208657
0.328250937305
0.400196820402
0.585293187899
0.767524946939
0.898694249092
0.956603998811
0.931787858166
0.825214904806
0.648846267777
0.430236382514
0.250390336486
0.319811846451
0.540611334193
0.750748557007
0.902759560826
0.975488971866
0.959631428047
0.855141349684
0.6723450372
0.43310761999
0.193288949704
0.242218143285
0.495199584831
0.72692118369
0.895999895849
0.982593227958
0.977290821601
0.879734764691
0.699184892002
0.454406363767
0.180727106712
0.180950810443
0.455075229126
0.700420453185
0.881812581802
0.980184424431
0.985527739213
0.897706122194
0.725916797962
0.488429072867
0.21933659794
0.162133846983
0.424871545079
0.672592324118
0.860323700731
0.967855589865
0.984221449935
0.908821022625
0.750972226871
0.530005065114
0.286493174916
0.201132700208
0.411606382923
0.647105370516
0.833102816625
0.945012107502
0.971050001449
0.909736356466
0.770056937653
0.572732934795
0.362490355961
0.27337869916
0.419776332641
0.628439775576
0.804356266202
0.915447819481
0.948460766963
0.901212438976
0.782112623579
0.612862993221
0.438258679757
0.356470596783
0.448217010544
0.618048951098
0.774590643236
0.879199402757
0.916176951753
0.882579844631
0.78620626362
0.648397853353
0.510339934542
0.441831968515
0.494152001401
0.619531453282
0.747342704822
0.838111390435
0.874247462103
0.852116413072
0.779356307196
0.675603769706
0.575050730498
0.524058649634
0.55142152749
0.634121583435
0.726640959858
0.796122883774
0.825872208992
0.81218720682
0.762602986033
0.694021366301
0.631172874498
0.600356871697
0.613782460085
0.659535737003
0.713114560863
0.753906857854
0.770845688558
0.762356589193
0.735556119867
0.703037314886
0.678279578786
0.670108085724
0.678414382478
0.695171246265
0.709837479879
0.715518012095
0.711615874558
0.702975380156
0.69731811821
0.700851177591
0.713980737296
0.730379796422
0.740694495379
0.737250546204
0.717134592097
0.684685390264
0.652286250383
0.636721212314
0.649751752212
0.689065118855
0.739332715455
0.781019142
0.798059274005
0.781720411126
0.732615800397
0.662208049056
0.594717807311
0.564044298105
0.59248567618
0.667430490656
0.75445337844
0.822162977105
0.849872805548
0.827481368266
0.756488412459
0.651366578399
0.543884034975
0.487816082292
0.526750440645
0.636119766037
0.758336808703
0.851616091527
0.892457970528
0.870042352213
0.785302418896
0.652327023636
0.504453659845
0.411994138295
0.455382370283
0.598104378945
0.753399394516
0.871028122467
0.925891851284
0.907269700173
0.815537323579
0.662854875159
0.479414863309
0.340974660045
0.380075253422
0.554564882784
0.739827183207
0.88024363286
0.950233958157
0.938952767573
0.846290757599
0.682396234627
0.472548282599
0.284291417701
0.305646308528
0.508691099421
0.718831264926
0.878458686931
0.963110294651
0.961544817424
0.873027329039
0.706513006564
0.483030555668
0.254760815911
0.240658440002
0.465148341784
0.694044018956
0.868826624583
0.966459601008
0.975404959858
0.894184996921
0.731625493206
0.506869028278
0.261604827648
0.200936632215
0.428275802882
0.666536982072
0.851549311779
0.960020850489
0.980112101649
0.909442743937
0.756532481285
0.540532500041
0.301156915178
0.20611597594
0.40532366045
0.639856995958
0.828032011239
0.943307367191
0.973208232176
0.91510795424
0.776823801975
0.577922054559
0.3595339649
0.253804413102
0.402081302896
0.618334787154
0.801772613844
0.91945047672
0.956974776335
0.91174819688
0.79115080087
0.614909196769
0.424867538896
0.323786772216
0.4199060718
0.604108151757
0.773458482703
0.888201588479
0.931222529567
0.89900498356
0.798595161828
0.649297868271
0.491134380528
0.402433803109
0.457532612924
0.601050735262
0.746699968388
0.851241561638
0.895662848735
0.874965891841
0.795821263194
0.676802133837
0.553228182211
0.481846320169
0.509431022448
0.610586264165
0.725029091265
0.812297154096
0.853174604429
0.841736654761
0.783812810946
0.696619474111
0.608767959792
0.557663634395
0.569127555524
0.631502150625
0.709421834073
0.772320776877
0.803703369271
0.798650914407
0.762051031683
0.708081065641
0.656833444664
0.628492682646
0.63306228218
0.663737416577
0.703196276898
0.73491045956
0.749390639055
0.74567812595
0.729078232462
0.708959638211
0.694751493705
0.69118645877
0.696312801353
0.703843672838
0.707136327417
0.703170157419
0.693806937045
0.685780020634
0.686994257803
0.700632855097
0.723041435746
0.74495080177
0.75576491665
0.747930716952
0.719949214699
0.678443886216
0.63840275322
0.619358095033
0.635408010531
0.682591420557
0.741550211148
0.789895804984
0.810614592615
0.794512527801
0.741811131093
0.664231629642
0.587456726507
0.548683075496
0.575053210875
0.654516766118
0.748915379377
0.823850254902
0.857431769453
0.83914527747
0.769308451741
0.661051707251
0.545270160007
0.477364060528
0.508793016858
0.619312352513
0.747371083656
0.84797494535
0.895854638879
0.879589621451
0.799357274498
0.667615366515
0.514995564663
0.408629531206
0.437547943521
0.577551618865
0.73710791452
0.862158200658
0.925660158248
0.915355543201
0.830981628709
0.683558218901
0.500395685515
0.349473567263
0.365079644592
0.531654313879
0.718863028171
0.865443689804
0.944294198222
0.942861399636
0.859977388973
0.705150182121
0.501714096716
0.308906907837
0.297858923145
0.48605822525
0.695987985005
0.860645414221
0.953449377493
0.962110477007
0.884606433894
0.729346523777
0.516896653012
0.295478757445
0.245407480133
0.444070624167
0.669250755049
0.847795710337
0.953084397925
0.972712414386
0.903996946508
0.754452030035
0.543355218982
0.312618496369
0.223921502444
0.412202594542
0.641750954615
0.827869104687
0.942509296099
0.972410964105
0.914584977899
0.77610111832
0.575687589638
0.353503898776
0.243514655783
0.397068534974
0.61790422933
0.804461668687
0.924504957145
0.963084769684
0.916772078605
0.792761130464
0.60975344529
0.407659678964
0.295015493103
0.402030547266
0.59973482716
0.778217025577
0.898714047481
0.944172820479
0.910097824227
0.803397325114
0.642805956592
0.467336984723
0.36353607826
0.428345390528
0.591299587279
0.752242873799
0.866559943145
0.915207220401
0.892688286666
0.80504792942
0.670667273356
0.5260035518
0.437735974254
0.471908862833
0.595011357056
0.730140508574
0.831704748063
0.879094954466
0.866205595039
0.798127152754
0.692144993809
0.580418244414
0.511493830268
0.526412789447
0.610290400555
0.712744618649
0.794654931736
0.835799372767
0.829996008148
0.781716853632
0.706106648579
0.628947031088
0.582222712542
0.587679128783
0.637586087598
0.703520637071
0.758693930783
0.787171026568
0.784208403855
0.754459659861
0.710210632771
0.668690801775
0.646344914493
0.650252279606
0.674125396315
0.704075281894
0.727225826813
0.736407004669
0.731407845829
0.718153996592
0.705292680787
0.699621653376
0.702783311476
0.710633679354
0.716107999457
0.713385451313
0.701294764355
0.684422337918
0.671670544401
0.672546087902
0.690912418299
0.721192108484
0.751050488078
0.767524616966
0.761929498747
0.732102649992
0.684473359665
0.63525558451
0.607210746281
0.61829919622
0.666791616892
0.732050760448
0.788829381673
0.817457915935
0.807333366716
0.757443950717
0.677834617885
0.592848224165
0.541390391391
0.557637801909
0.635025784005
0.734029061014
0.817105051226
0.859830222908
0.849877373292
0.786285428499
0.680279484082
0.559538529862
0.476728070567
0.491433772998
0.59586516602
0.727108675314
0.83573832231
0.894124538358
0.88869840496
0.817811139242
0.692321174018
0.539406760891
0.418806654767
0.423059745918
0.551372826272
0.711792020225
0.843828457746
0.917903964214
0.920081194696
0.847948989087
0.710938054935
0.533566843054
0.374067670966
0.357322987154
0.505268861861
0.690917866617
0.843611331599
0.932548498656
0.943780705592
0.87465778326
0.733131390255
0.54079350738
0.348907339347
0.300700722343
0.460502607808
0.665362244685
0.834881204901
0.937717040297
0.95946181335
0.897111267465
0.757513043803
0.559951172686
0.348751147161
0.264706700517
0.42270563412
0.638054547273
0.818636413013
0.932589049253
0.964880821582
0.9117652623
0.779629807148
0.586422520593
0.372069190768
0.260791577507
0.398070964542
0.612716756677
0.798130285178
0.919686047095
0.961491415009
0.918759393113
0.797741722395
0.616228049945
0.41209598292
0.290181436892
0.391515060504
0.591428379149
0.77399822579
0.898867669118
0.948622850766
0.917460415454
0.810949877203
0.646892503526
0.462080485521
0.343552737997
0.406504543546
0.57851677111
0.749105931547
0.871435506109
0.925708445516
0.905635592819
0.815999674806
0.674014622682
0.51485287229
0.408935754926
0.440918814036
0.576897453119
0.726672527648
0.840363907176
0.895424950357
0.884916835627
0.813125784842
0.696085444591
0.566042458481
0.477936361019
0.489187215454
0.587023381577
0.708027725895
0.80606281393
0.857653005317
0.854859149762
0.801429715483
0.711776155937
0.613387491561
0.546526926814
0.546778098333
0.609774207921
0.696758881726
0.771705521399
0.813842168749
0.815289326526
0.779237496307
0.718296433344
0.653509911155
0.610623529925
0.607996217578
0.642762642039
0.69439412249
0.740509749343
0.766947379787
0.768535278426
0.748324374795
0.716373881562
0.685856517032
0.668410980567
0.668761843419
0.682639185381
0.700624715258
0.713823987416
0.71798127538
0.714451427339
0.708161171172
0.705440515285
0.709727925483
0.719083544493
0.727321198501
0.727733796592
0.716499702661
0.694997701956
0.670484682099
0.654897536984
0.658965571438
0.684745980287
0.723498980267
0.760151704135
0.780050214029
0.773838364768
0.739783559615
0.685227470135
0.627771507129
0.593141141569
0.603191721337
0.656306934477
0.72862674591
0.792143394013
0.825873967149
0.818288322222
0.76786409618
0.684401804796
0.592066687955
0.531104882578
0.54136557071
0.620025304073
0.724826387524
0.814909548653
0.864331683761
0.85994730889
0.799582685836
0.69329229081
0.567357503557
0.473228952944
0.476138818882
0.577388229007
0.712219629382
0.827327305654
0.893078527147
0.89520170613
0.830886069704
0.709276384556
0.555378956872
0.424726097126
0.411559869861
0.531811904517
0.693565821037
0.831338219476
0.913050800549
0.923560030052
0.859779872058
0.729827455584
0.556058387522
0.390921761247
0.351919776889
0.4852951159
0.669490217402
0.826798187376
0.923747379521
0.944472856165
0.885327199293
0.753478822129
0.568803499828
0.377579764005
0.305773275357
0.442646605072
0.642393381448
0.814383945446
0.924138035503
0.955551895926
0.904164986241
0.776215838493
0.589883705297
0.385989294329
0.283343108084
0.409787000562
0.615914637134
0.797097889193
0.916618354495
0.957992119299
0.916060902869
0.796239069978
0.615945258853
0.412827611252
0.290959201651
0.391712864472
0.591883539657
0.775322307526
0.90105534202
0.951268070916
0.920095736774
0.812161324331
0.644375961546
0.452847731409
0.326619701299
0.393738909565
0.574484499852
0.751588970991
0.878377200292
0.934787757228
0.914166665225
0.820759362371
0.670873736306
0.499105040329
0.380370888259
0.416421976804
0.567176961926
0.729326267364
0.851455260435
0.910838117822
0.899677631505
0.822008578498
0.69356138513
0.546695242749
0.442699918833
0.455776094239
0.571010188246
0.70972465489
0.820552499938
0.878979666408
0.876042883387
0.81504935961
0.710815742383
0.592438384656
0.507874236838
0.507424183281
0.58766232351
0.696243760588
0.788533649634
0.84050761378
0.842973266831
0.798362582994
0.720003951137
0.632565700696
0.570764948087
0.565307117547
0.615642823108
0.690930572315
0.75857984919
0.798399484608
0.802541672148
0.773137883518
0.721383664305
0.666105241184
0.629009975025
0.624936655061
0.651910455966
0.693687278398
0.731667550122
0.753346877092
0.75463330993
0.738671363857
0.71409234302
0.692045685155
0.681304164787
0.683915509776
0.69480951906
0.70601478344
0.711242502131
0.708526154703
0.701025626807
0.695236500036
0.697234764943
0.708622296457
0.725078072667
0.738359229985
0.740218062575
0.726414892771
0.699052319486
0.667030161877
0.644472959381
0.644976100634
0.672382056799
0.716760056293
0.760507154973
0.786948683383
0.785245859592
0.752438436735
0.695053934753
0.630597137499
0.58634181761
0.588341625046
0.639534718363
0.716026292361
0.787011142587
0.828884567354
0.828566468833
0.783125069207
0.700574551189
0.603215002132
0.530644733475
0.527631360757
0.599931836606
0.706504075286
0.803388204499
0.861771783406
0.866672471262
0.814622718263
0.71359724506
0.586837825648
0.48171060482
0.466088725464
0.556131279422
0.690450400572
0.811358727179
0.886266392276
0.898792583194
0.844747616452
0.731711642228
0.58169888258
0.44357485393
0.407068885884
0.509732053468
0.668271772074
0.81077612383
0.90178654124
0.924070529121
0.872535356759
0.753924111988
0.588382601859
0.421621376429
0.35709214501
0.464872582169
0.642058623133
0.802182165499
0.907371036499
0.940021599506
0.894513892439
0.776419239623
0.604028251779
0.41829769281
0.323925783233
0.426625231461
0.615054826237
0.788025423039
0.90498958361
0.947645672666
0.910181834375
0.797235504769
0.625636346927
0.432607628451
0.31457038723
0.399908387269
0.589237833162
0.768658827293
0.894269022933
0.946441230048
0.918711730191
0.815025658232
0.651064016633
0.461672027894
0.33204936914
0.390724986098
0.568624257224
0.74657973623
0.875998341662
0.935651726788
0.917937649634
0.82635374005
0.675947320002
0.499619026339
0.371215071292
0.401786265094
0.55653293083
0.724845053505
0.852840386314
0.917204541494
0.908988153428
0.831062492128
0.698232390864
0.541525402664
0.423574559996
0.431352371166
0.554750473587
0.704712580375
0.825226938148
0.890686752766
0.891085123231
0.828285020208
0.71633939337
0.583988813724
0.482656129449
0.475846670609
0.565707417598
0.68959059629
0.795733174568
0.857240965525
0.863642287081
0.816141001918
0.727352560319
0.62277133463
0.542467374193
0.529318847916
0.588701764657
0.681655334082
0.767005434583
0.819501384195
0.828751541236
0.795768612484
0.731322304609
0.656353108883
0.599583484963
0.586735444363
0.621313014237
0.681570746462
0.740203463676
0.777990367197
0.786323226255
0.766450899895
0.727189612555
0.683444107774
0.65224520903
0.645220958347
0.66188956442
0.691039803251
0.718787688027
0.735501536857
0.737718143204
0.728141061142
0.713682061289
0.701915198523
0.697683794652
0.700763494761
0.706401328933
0.708790803449
0.704573213854
0.694946706817
0.685414904244
0.68290760638
0.692338182621
0.712427297563
0.735581063393
0.751566492626
0.751870719518
0.732928060395
0.698060039139
0.658178949888
0.630474996512
0.630802850317
0.66286569594
0.714442750725
0.765225330224
0.796599897042
0.796770982466
0.762627856892
0.700693599483
0.628806000007
0.576367204243
0.573693473085
0.626030497107
0.707684114485
0.785201302137
0.833293476051
0.837562632256
0.794347354086
0.711002319075
0.608727462848
0.526855942979
0.514664854014
0.584303986208
0.69414684258
0.796906796239
0.861957833895
0.873145729312
0.825903576482
0.727273230923
0.598852490271
0.485258924466
0.45610767986
0.538679925965
0.67393338404
0.800101987355
0.882130401741
0.902579148879
0.855964612893
0.748428644643
0.600295158731
0.456430760513
0.403140773591
0.492518506718
0.648740814346
0.794999572295
0.892724991247
0.923438562593
0.881086233753
0.770831147717
0.611080995352
0.44345570951
0.362003452396
0.450273476641
0.621694271816
0.783942828056
0.895363285369
0.936427620617
0.90064496717
0.792549926402
0.628853317602
0.447100918238
0.339056469895
0.416041924209
0.594373022314
0.767220835256
0.889578824606
0.940853697049
0.91374769986
0.81212435412
0.651456933756
0.466129538708
0.339865356267
0.396063719042
0.570509013518
0.746929830146
0.875919921751
0.935752382698
0.918239741459
0.82639157089
0.674882569305
0.495923678467
0.363591711457
0.394674747544
0.553694274748
0.726018451737
0.856965221568
0.922938747745
0.914873811545
0.83487667216
0.69704721936
0.532034893317
0.404368433131
0.412397148825
0.545942031755
0.705540503498
0.832947642322
0.902069654161
0.902785586085
0.836372512362
0.716091316561
0.570840031042
0.455810586666
0.44742892953
0.550254754086
0.688802109549
0.806109630753
0.874065646451
0.881437344265
0.829013807389
0.729084469297
0.607971246123
0.511196858184
0.494358800071
0.566933073646
0.678367855748
0.779178290793
0.841267230945
0.852651115276
0.8137010853
0.735666339159
0.641421861123
0.566364064031
0.547898900239
0.594244178996
0.675035252833
0.753105524387
0.803897697662
0.816113996954
0.789780777126
0.734710322668
0.669420744095
0.618732083032
0.604544626096
0.630888931308
0.680882972524
0.731200300555
0.764592146843
0.773020534053
0.757147468189
0.725013210903
0.689719662185
0.665144835172
0.659945114903
0.673084048057
0.695316964803
0.715499350478
0.726185745134
0.72569240504
0.717375597564
0.707598554184
0.702617520109
0.704959445
0.711986824838
0.717751265197
0.716651409349
0.706499092136
0.690082288911
0.674996614833
0.670436477733
0.681969745005
0.707402712157
0.737247292399
0.759225779242
0.763099608043
0.744353899808
0.706136299019
0.659796460655
0.624030620519
0.61808939457
0.648687026751
0.703591863663
0.760543673874
0.799022898062
0.805490190007
0.775221523108
0.713580267781
0.63738592116
0.575924863425
0.562919297596
0.609809315237
0.692701183995
0.775817190879
0.831443390695
0.843575385883
0.806963270302
0.727306209303
0.623765723327
0.533300291634
0.506811511821
0.566253230246
0.674806030598
0.782563765379
0.855759874169
0.876306701381
0.83823499197
0.746668026742
0.620677272983
0.500680264358
0.454002376367
0.520792470286
0.651416334915
0.780925027868
0.870784750381
0.901285584937
0.865622982703
0.7682299499
0.626806588835
0.481081250744
0.40940431547
0.476947478879
0.625097498147
0.772981446788
0.877880591602
0.918887496551
0.888287592783
0.789963164368
0.640244935555
0.47590080488
0.378256271449
0.438303690106
0.597230063317
0.758982568942
0.876618899195
0.928234400796
0.905222206839
0.810593600831
0.659510708808
0.485574300756
0.366383754985
0.410626117472
0.571281449254
0.740772750619
0.867484534857
0.928291419221
0.914071713669
0.826891785523
0.680792863773
0.506923735406
0.375687358769
0.398769274303
0.550738937734
0.720890046781
0.852581333395
0.920669598948
0.915415290368
0.838180577887
0.70196149522
0.536176678845
0.403491092145
0.405146611701
0.5380630704
0.7005306226
0.832004083326
0.9049737335
0.908486405737
0.843228676913
0.721208523497
0.570084232137
0.445018623215
0.429926355564
0.536588904947
0.682957314745
0.807871908879
0.881866844027
0.892577879949
0.839957914927
0.735331541409
0.604194315749
0.493761338801
0.469060011291
0.547273092797
0.670570695589
0.78273548454
0.853423872096
0.869235099449
0.82917643194
0.743837043818
0.636190941628
0.544926467085
0.517382958527
0.569299676451
0.664540561281
0.757684912911
0.81994218721
0.837974883664
0.810098749365
0.745566990564
0.66412376013
0.595425392619
0.571025596258
0.601823167039
0.667229644292
0.735764399125
0.783799356513
0.799740886199
0.782272142493
0.739002639381
0.685409987373
0.641647666461
0.625362960074
0.64139114123
0.678551439814
0.71886521719
0.747436959314
0.756793410568
0.747288576608
0.72504339367
0.700032373961
0.682365447533
0.677713881994
0.684900477332
0.697454449535
0.708003049698
0.712165450608
0.709830770727
0.704997904952
0.702970220157
0.707054358957
0.716487711773
0.726426666129
0.730349803595
0.723436023674
0.705299266337
0.681274927539
0.66145553372
0.656788672026
0.672997170013
0.705655201385
0.742329901755
0.76878652279
0.774077624826
0.753450993115
0.710253664462
0.656915382945
0.614444076145
0.605013675839
0.637089611101
0.697218997152
0.760528640426
0.804464415457
0.814487334009
0.785361442291
0.721865681224
0.640421407321
0.571101136024
0.550967449608
0.595685581993
0.681606104004
0.770505940002
0.832599834129
0.850389520298
0.817781670984
0.739594206257
0.633592505135
0.535479325312
0.498213729226
0.551061461349
0.659914362707
0.772128067398
0.851789858256
0.879273631765
0.847429154077
0.760438615002
0.635645268586
0.510497356612
0.45093281375
0.506410788573
0.634519860716
0.767238442535
0.86318286337
0.901219739848
0.873230210745
0.782551171874
0.645417510297
0.498070462394
0.41335772288
0.464440121145
0.606428584796
0.755898889472
0.866390476033
0.915385590536
0.893933991349
0.804397521682
0.661693832192
0.49953558354
0.391110794779
0.430252589119
0.578732802184
0.739640218685
0.861623076077
0.920681967819
0.907201688064
0.822800355108
0.68108980018
0.513086476056
0.387548130291
0.408799785809
0.554844183037
0.720991913614
0.850791088713
0.918429862714
0.913438637151
0.836929569127
0.70149549887
0.535931191655
0.402619097741
0.403582925686
0.537130337233
0.700960342137
0.833884088414
0.908044101381
0.911808454232
0.845522259105
0.720923066068
0.565002710785
0.43354672178
0.416832133872
0.529321542533
0.682538867779
0.81275378305
0.889980447395
0.90147525349
0.846615984574
0.736348453402
0.595993433527
0.474579072448
0.446272175384
0.533230456004
0.668282323073
0.789886147025
0.866284404073
0.883715257607
0.840620758283
0.747027421352
0.626422156669
0.52080810713
0.487540878004
0.548757714779
0.659400819993
0.766111630631
0.837139405444
0.85803061954
0.826552906384
0.751583145231
0.65408712186
0.56857267863
0.536645256493
0.575705447147
0.65851743859
0.744347436852
0.804631147689
0.825282820467
0.803943501377
0.748413873017
0.6763069169
0.613904820268
0.588595483275
0.611152440979
0.66616068822
0.726724891753
0.771038106793
0.787427231336
0.774168322451
0.738059427926
0.692611243569
0.655131980265
0.640304730395
0.652087241274
0.681624888533
0.714190732529
0.737381758718
0.744860464293
0.737046393676
0.719839017387
0.701831909186
0.690689295317
0.689657983665
0.696371829036
0.704803886208
0.709099890264
0.706856635841
0.699999197729
0.693752585361
0.693876913883
0.703068204646
0.718701946688
0.733765673008
0.74033161023
0.733016238765
0.711433972329
0.681617856041
0.655398165085
0.646227192807
0.661618297293
0.697335130333
0.739538049585
0.772018069788
0.782148922968
0.764097212506
0.720387313506
0.662869102664
0.61292484131
0.59556376119
0.623308252768
0.684341081413
0.752521126045
0.803331851505
0.820352306285
0.796709161252
0.735894838072
0.652843810172
0.576273404735
0.544881684341
0.580898289683
0.66489868761
0.75738757285
0.82628480279
0.852328605607
0.827610889171
0.755334142392
0.651271618165
0.548108831109
0.497545534529
0.537063232738
0.640972530939
0.755541796366
0.841725267319
0.8779496375
0.855511236003
0.776872169928
0.657293643998
0.530364168285
0.456985917951
0.494118419572
0.613536064034
0.74691735784
0.849051454901
0.896312566063
0.87912651854
0.799113689544
0.670309938266
0.525099330632
0.428247836801
0.456389065217
0.585342155004
0.732935863522
0.848341615077
0.906244643294
0.896088498686
0.818820788182
0.68724879949
0.531445120584
0.414961343023
0.428314134753
0.559334525132
0.715833278383
0.841289952994
0.908747613953
0.90657048056
0.835024572906
0.706079658913
0.547513248059
0.418580721925
0.413840990687
0.537904379554
0.696561954097
0.827945636802
0.903167697553
0.90958898598
0.846509482351
0.725035919769
0.571084469409
0.438479727612
0.416427753766
0.524904239736
0.677889936002
0.809964638528
0.889866684243
0.90410007438
0.851118644834
0.74100201593
0.598088341753
0.470493043881
0.435729637226
0.522696037038
0.662241134588
0.789408451537
0.870638670484
0.891278177687
0.849102147466
0.753102275684
0.625948123836
0.510072438549
0.468741679889
0.532067967985
0.651184358213
0.767113527947
0.84556107562
0.870659949824
0.839443588961
0.759871636638
0.652428982527
0.553460859009
0.511904686924
0.553432060443
0.647461697226
0.745920473653
0.816447905151
0.842845636342
0.821461809504
0.759422587064
0.674600658248
0.596423116518
0.560223977538
0.584461850177
0.651828770828
0.727899902395
0.785399235649
0.809529294589
0.796424755995
0.752231149751
0.69176244063
0.636813719628
0.610131577136
0.622406302048
0.664146541018
0.71425044192
0.753521066681
0.770961158731
0.763929141164
0.737487362397
0.702612002735
0.672811227456
0.659202299855
0.665096395235
0.68463673872
0.707302978105
0.723715816782
0.729291442763
0.724843274105
0.714990994275
0.705943669484
0.702217070869
0.704301158221
0.708863718082
0.711034728756
0.707338838141
0.69791773881
0.686875920187
0.681070797449
0.686103506364
0.702561831622
0.725049641108
0.744394066967
0.751619350827
0.741374587673
0.714162270957
0.677535055368
0.645321742896
0.633415344281
0.650770792669
0.691926099121
0.740515386502
0.778348378815
0.791740134753
0.774167884223
0.727848450851
0.664909085085
0.607891892009
0.584509150645
0.610559497379
0.674528540117
0.748074866739
0.804602402501
0.826559054507
0.806210752496
0.746064355499
0.660239808909
0.5771356234
0.537252140741
0.567875980667
0.652207943173
0.748940677093
0.823691833004
0.855685908767
0.836129921285
0.767185556283
0.66321402332
0.555172026999
0.494391273646
0.524388881559
0.625576605729
0.742931707375
0.834917238777
0.878114246264
0.862587619222
0.789798720734
0.673376226878
0.54429324599
0.460434665802
0.483867344871
0.59700029061
0.7311449633
0.838118196364
0.892484251232
0.88321696646
0.810906364007
0.688131419824
0.5443653544
0.439048026275
0.450344853043
0.569277784818
0.715647150216
0.834857683309
0.89960436291
0.897899700966
0.829410656813
0.705729423535
0.554387430191
0.432599004684
0.427539959743
0.544479783168
0.697163487399
0.825089271716
0.898861745264
0.905534939244
0.843853209322
0.724359722891
0.572716514599
0.442052200959
0.419734974778
0.526393149654
0.678244466658
0.810171377864
0.890440388978
0.905050871928
0.852066605154
0.741033448866
0.595849282172
0.464850048722
0.428271587028
0.517805891656
0.66138308591
0.792111289781
0.875898198604
0.897433612077
0.854115308822
0.754650674836
0.621264675859
0.497323467247
0.451784628728
0.520164117479
0.64805651654
0.771584146925
0.855117837532
0.882094170587
0.848996656085
0.763640169844
0.646504626751
0.535739723012
0.487571097405
0.534768660677
0.641125895687
0.751216047961
0.829731177867
0.859443279134
0.835987269284
0.766193488917
0.668616036793
0.575702949848
0.530833665569
0.560073325824
0.641830865858
0.733123115998
0.801806394088
0.831020312377
0.815982712091
0.762458315071
0.686638532825
0.614732289467
0.577813227148
0.593684588768
0.650329339488
0.718396872892
0.772197638372
0.796996235063
0.788469731829
0.751465007594
0.699116419688
0.650663411388
0.625637091289
0.633511219645
0.66725792987
0.709548678879
0.743619898128
0.759313661968
0.7542394904
0.732874906014
0.704706546409
0.681138559033
0.670907527439
0.675898638269
0.690854790223
0.707277252315
0.718016481197
0.720017999486
0.71494381784
0.707756408523
0.703799515221
0.705790401385
0.712285261311
0.718563688759
0.719308632406
0.711547502101
0.696642557435
0.680378331066
0.671195200514
0.676067618104
0.695765583847
0.723540285283
0.748334404031
0.759679960046
0.751234553116
0.722851587362
0.68201859504
0.643494530582
0.625299186813
0.639106722523
0.680951202252
0.733707067959
0.777357167761
0.79653470553
0.783503891387
0.739233433562
0.67465819582
0.611731646564
0.579717159287
0.598754356351
0.660798353035
0.737250419024
0.799629043199
0.828480783456
0.814592135722
0.759129402555
0.674486148325
0.586996057205
0.536752763741
0.556398559563
0.635743527794
0.733919780409
0.814360604749
0.854298223385
0.843089794457
0.781367903708
0.681634036025
0.571857128495
0.500345247835
0.515289136309
0.607804712206
0.72458598941
0.821323875374
0.872545946336
0.86653399678
0.803047472342
0.693881531339
0.566676521249
0.473763439315
0.478861532902
0.57943553876
0.71093366859
0.821741115516
0.883840450349
0.884602495803
0.82294736169
0.70962594045
0.571025419345
0.459632167412
0.450539569695
0.552652781075
0.693653641967
0.815411119002
0.887500801327
0.896191370338
0.839600499486
0.727327447921
0.584058164443
0.459972685361
0.434672479516
0.53098056971
0.675144195376
0.803551669106
0.883540991182
0.900135608404
0.850703429869
0.743960944922
0.602772791693
0.473652508848
0.433640608212
0.517235451797
0.657663561817
0.787990254196
0.873254944537
0.897176026099
0.856201522677
0.758350816066
0.624890111157
0.498122112107
0.447592223711
0.513457027024
0.642757202396
0.769443254865
0.856527656669
0.886583370447
0.855040881698
0.768972276623
0.648129764696
0.530350877317
0.475070067823
0.521627335198
0.633294484701
0.750293277279
0.834833497416
0.868580577196
0.846255610722
0.773830564278
0.669390281237
0.566064650614
0.512051424385
0.541059524489
0.630789795347
0.732417525885
0.809957659184
0.844614117135
0.830640988679
0.77294592171
0.687534817783
0.602475399113
0.554765659792
0.569945211787
0.635949923741
0.717112931263
0.782664432918
0.814796003977
0.807623402771
0.765205545797
0.700991774368
0.637239141238
0.600150525196
0.606393987325
0.649662436653
0.706940844014
0.755454243706
0.780754439169
0.777758199289
0.750015099856
0.708145601562
0.667751334752
0.644589530818
0.646870758239
0.67052104113
0.702776969082
0.730224210296
0.744300279659
0.742537291961
0.728385624525
0.709245419256
0.693328752292
0.686331782613
0.6889129926
0.697050817331
0.704984622111
0.708401394626
0.706583654576
0.702291124114
0.700036393957
0.703496967692
0.712732314674
0.72376828983
0.730565531425
0.727975092204
0.714210978324
0.692369768115
0.670421144346
0.659014405656
0.66595296522
0.690940381888
0.724995597257
0.754958878595
0.769013374564
0.760333693027
0.728921447623
0.68280617142
0.637998172125
0.614978977525
0.627880959416
0.672849752408
0.730847995972
0.779893754625
0.803318521914
0.792499081949
