0.5
0.555910014191
0.558626174817
0.559026180072
0.55804407549
0.556383240569
0.556517337487
0.559001702389
0.556070541159
0.539387781059
0.545437932899
0.555184932638
0.55619938934
0.554711025347
0.554432119356
0.560704079588
0.554017941307
0.555959538949
0.564724453187
0.550554991241
0.558918792411
0.551927079066
0.553399456057
0.55382941829
0.554181183992
0.555175304696
0.555015845855
0.556735683761
0.554592602387
0.555896349306
0.556397815429
0.556166634456
0.556272164946
0.556158705513
0.553315192828
0.550891222933
0.553844170245
0.557309584704
0.557113249854
0.556696798762
0.556990809124
0.557155518821
0.557541179196
0.557399559572
0.557865255963
0.555770633542
0.554436654676
0.55435437728
0.553693674844
0.55306983884
0.553076616257
0.548149386649
0.54817618198
0.562254970011
0.550618711907
0.551237144232
0.538087502713
0.539939943533
0.542258934947
0.541973361417
0.543216767305
0.544535835906
0.543826634761
0.531617703481
0.535406951052
0.540204158475
0.540830496187
0.539739246875
0.538934300103
0.545531283644
0.542297602095
0.543514257569
0.525977416359
0.502091813272
0.5260576322
0.524726971601
0.525086461263
0.525340818704
0.526284610298
0.53104881814
0.53241541295
0.526466127494
0.508577733111
0.517289915552
0.520399661065
0.52038296859
0.519483972885
0.515748798381
0.526173976805
0.522781882175
0.526700570062
0.507621226005
0.506967286844
0.507997305574
0.507411371044
0.5070088333
0.506502283865
0.508671976674
0.50910274223
0.508846982408
0.508419409276
0.50539726913
0.506983330837
0.507634776721
0.508474364009
0.509120006136
0.507959926043
0.500237056197
0.499603672804
0.505388902879
0.505985339299
0.505322736836
0.504459589634
0.50440292028
0.504303861774
0.504251371861
0.504109173502
0.503725301497
0.502885532197
0.502644524758
0.502728971857
0.502428394572
0.502104793321
0.500576591042
0.495829097046
0.498217346591
0.504895938679
0.499104718688
0.491983079313
0.490148751399
0.490679594907
0.490883878796
0.490904767283
0.491090702257
0.491382388427
0.491723189242
0.484537239181
0.486470213761
0.487606266835
0.487517786977
0.487101862269
0.481299066519
0.480306500455
0.47695842261
0.480273299325
0.459222749913
0.456545207578
0.456996612935
0.456876035917
0.456799886242
0.455805990094
0.457529882034
0.460407882264
0.460268355249
0.454463002589
0.448828554531
0.450673350929
0.450979979212
0.451119353549
0.444992208548
0.437836121198
0.44070374968
0.440900678799
0.440285323711
0.420299853425
0.424485985858
0.424338242811
0.424135205848
0.423846072489
0.421342944597
0.423232797196
0.423638812166
0.423333687882
0.421548150852
0.421039119208
0.42137773082
0.421399183577
0.422277298036
0.419627839419
0.417659590967
0.414603445628
0.41536380546
0.415286732323
0.413375687269
0.413335634046
0.413689421263
0.413304374593
0.413534170639
0.413159804737
0.412956634318
0.412477496184
0.412514551931
0.412446700421
0.412722978124
0.412109840349
0.412508448282
0.407990467477
0.406956728701
0.407060139744
0.408465835929
0.406643979091
0.404432688874
0.404622125696
0.404604640891
0.403746149284
0.40306696507
0.402473722074
0.402516383612
0.402023295788
0.400739749622
0.40163087896
0.401282106069
0.40138803536
0.39895713398
0.39208096636
0.387539620966
0.387350671891
0.387585811758
0.380005297405
0.382124731441
0.382541319661
0.382502909031
0.382512460799
0.378433098468
0.379077449472
0.379248137568
0.379211704323
0.37778389845
0.377308356363
0.377082428499
0.377037542535
0.37738197629
0.371156368385
0.367100209018
0.367062493871
0.366672866281
0.36551308016
0.363574955231
0.364908418026
0.365233246962
0.364927210294
0.365827597152
0.364063109781
0.364506122544
0.36377635717
0.364266235222
0.364528396325
0.363792784751
0.363356438443
0.363716517344
0.365020844782
0.366252123485
0.366560352059
0.368390102177
0.366524899087
0.365345722796
0.364695347151
0.36515630659
0.3646350493
0.364487765993
0.365778055366
0.365728231205
0.365783082975
0.365726888475
0.366480613145
0.36687257191
0.366195416777
0.36645480737
0.366639821887
0.361638716564
0.361247216542
0.363450023466
0.364501687382
0.36127713505
0.362089001155
0.362114372746
0.362040681831
0.360870301299
0.359666216522
0.359326831588
0.359316388057
0.359047488234
0.359805026901
0.358578536654
0.358481685711
0.358943227693
0.355553528657
0.352983978674
0.352022662239
0.35238475221
0.351644178455
0.353917347743
0.354793832226
0.355506871589
0.355177942957
0.354719397096
0.35564437334
0.355846078821
0.354975093686
0.355388599049
0.354850764063
0.354067689171
0.352829471367
0.353517398508
0.355681311989
0.366352923933
0.371072854356
0.370922969967
0.370416819097
0.373934243586
0.37480876211
0.375671170443
0.374695416079
0.374130629521
0.37887775409
0.383680015578
0.382508666016
0.382293531646
0.382397733673
0.383644728832
0.386408910958
0.385628183187
0.385995297544
0.395586616591
0.411545314075
0.413298259993
0.413544634502
0.411881102516
0.412251162839
0.412537031228
0.413046667884
0.411891199532
0.412591319357
0.415613095181
0.415986099133
0.415242593034
0.416928066165
0.41786973667
0.421156670532
0.418311824198
0.420054104153
0.419136438934
0.41921995227
0.419420441061
0.423511194001
0.422165654736
0.420471713725
0.420863599289
0.420963863265
0.420538744153
0.419921614201
0.419219915065
0.418424301045
0.41810734384
0.41815125215
0.418706060481
0.416860365805
0.418736145523
0.421717911333
0.421168709069
0.414780710791
0.416054715222
0.41675916354
0.417055204661
0.417678005672
0.419121419882
0.418677512131
0.419050528997
0.419862787834
0.422354733452
0.421850506105
0.421511743127
0.421739512537
0.421040890794
0.41782235329
0.416797976863
0.422770434816
0.424848695203
0.447659929904
0.447986553393
0.448119383167
0.447497910396
0.449739162911
0.451229428142
0.452549431361
0.449849928897
0.447093094355
0.45624272005
0.459105078797
0.458306449032
0.459402625315
0.454210198102
0.473927335317
0.477275635369
0.475795251684
0.474846683268
0.487785124379
0.503910130462
0.504270635467
0.503486095046
0.503446457007
0.505339373947
0.511202542037
0.511162408677
0.509484877596
0.508311190012
0.510607248992
0.509952472543
0.510011242556
0.513108537892
0.512561309455
0.52332162857
0.517705650107
0.520537892963
0.522588280596
0.522481906467
0.523891588771
0.525403322128
0.523186619539
0.522175652244
0.523655035937
0.523168216294
0.522711366321
0.522775845708
0.522459781867
0.521807990579
0.520772692239
0.521683420726
0.52256734613
0.522453550256
0.525109873115
0.527371137081
0.524658270595
0.522052688767
0.522319420003
0.522317345838
0.522174831901
0.52270322785
0.522769160661
0.523378434244
0.523738923195
0.524388336564
0.524565199805
0.524260287355
0.525986941604
0.524972546055
0.526086955342
0.513058527025
0.516696433369
0.527650870988
0.526407711986
0.530280591877
0.52937756547
0.52773346092
0.526462556803
0.52872424839
0.533099779122
0.533260422119
0.531280738409
0.525367198666
0.528589889957
0.528793169701
0.529249512706
0.527631035332
0.518985671166
0.55047329366
0.548290390206
0.548948785912
0.535279397405
0.538179198738
0.541300561834
0.541372016694
0.539234726057
0.534682940615
0.546610101176
0.554265728465
0.554352272056
0.550499458462
0.547173517104
0.547132802807
0.546300026733
0.548007645737
0.538501805972
0.540376685669
0.549768981418
0.546351122691
0.550613165211
0.545754848384
0.543579069565
0.545234149121
0.545131420166
0.543126663891
0.539445772784
0.543312455802
0.542543774112
0.54224722523
0.542047587711
0.542008519954
0.540386485915
0.539420064463
0.543654121509
0.545534003675
0.545427458435
0.543240621615
0.544400005373
0.544415948244
0.544153282384
0.544318091802
0.544053897899
0.543806391178
0.543231408455
0.543549854238
0.545038605996
0.543927547241
0.543767407427
0.544529786455
0.545114358666
0.550033422501
0.548014047859
0.535634861954
0.524837676923
0.53362862674
0.538943560218
0.534067929344
0.531623477276
0.531214082502
0.528639030664
0.524552175573
0.527979526211
0.527292591396
0.527842199468
0.525663912884
0.521442058516
0.521608223568
0.521271368591
0.524566662214
0.50790223674
0.501446840232
0.504931833007
0.503116336232
0.505522754563
0.482187998478
0.479523057772
0.479957658866
0.479574116827
0.473622372801
0.458825180671
0.47338606727
0.479277717842
0.478832179327
0.475244338145
0.475805657835
0.475778494532
0.475550828552
0.476014643517
0.428487442262
0.439325127271
0.439812555093
0.440665231619
0.440169833864
0.43245825858
0.431620117123
0.433097826874
0.432506041012
0.425790695456
0.420620574723
0.424463097025
0.425082164111
0.424362121882
0.424255655227
0.42490850528
0.422049407958
0.422566641335
0.428889367683
0.424330817974
0.424316921106
0.421656081786
0.423477711902
0.424044164007
0.424052356298
0.424251760608
0.423621214886
0.423345030264
0.423845935822
0.425073426796
0.42539192165
0.424230694034
0.424464354844
0.424681142898
0.425995065842
0.431837285866
0.429420601047
0.410096212727
0.408000811783
0.416526466992
0.416788761096
0.415986528275
0.416536227733
0.416752239745
0.415496783565
0.407866379646
0.406491261274
0.406115169691
0.406365566338
0.404548303372
0.404738993236
0.403288022921
0.401877033322
0.408528461149
0.372423441296
0.366472187879
0.351184859458
0.351186429746
0.35141193724
0.34345620674
0.3439156151
0.345697838171
0.345444094977
0.330419445578
0.316600847643
0.323248902149
0.326345772609
0.325291590038
0.326849267308
0.326511319977
0.325841278128
0.326788588775
0.314520102413
0.258566557297
0.269140758705
0.268547356128
0.269201699714
0.265509898862
0.265045101027
0.265756681071
0.266855320171
0.265628593121
0.253858298971
0.254050834825
0.255967659341
0.256167515677
0.255817164549
0.257155060842
0.257485173815
0.256899244421
0.258295756317
0.257178712934
0.257881994314
0.257660154113
0.258014152488
0.258327187914
0.258199181258
0.258340576099
0.258308571229
0.257247417903
0.256875312483
0.260190910066
0.260688989384
0.260143818415
0.260290964913
0.259198791238
0.261324337096
0.266801508691
0.273096044646
0.268102928809
0.257761624438
0.259139252026
0.264392191333
0.264469741064
0.264908248071
0.267040792701
0.267748389027
0.2659745664
0.26177505751
0.259060756959
0.260061061504
0.259100274978
0.258500849989
0.257749587868
0.250607639425
0.249103092109
0.254660064886
0.22799787411
0.220906512945
0.214275934486
0.215927600864
0.216616314936
0.218524317659
0.219564665544
0.221290673337
0.2206398024
0.206026827828
0.2048453691
0.206126903643
0.206157082651
0.205898231724
0.200104792311
0.198062017839
0.197325625151
0.197691650744
0.182529347691
0.172430634852
0.173882520659
0.173841589187
0.173863343596
0.173663704339
0.17371460565
0.174090640174
0.173662633464
0.174003782071
0.174392477787
0.174889231307
0.174624211783
0.174773995531
0.177420853769
0.185456325333
0.185875184721
0.185919957718
0.185150067512
0.199478316684
0.201391043723
0.203308560327
0.202851439971
0.202621771333
0.205106436245
0.205732012041
0.204801302435
0.203798397042
0.206635504724
0.208663823061
0.207373523609
0.207776994055
0.208650901347
0.213957972456
0.220897322623
0.238095954648
0.241671471104
0.226208106843
0.226523311937
0.228900113396
0.229299114332
0.227749283021
0.229256958125
0.232368963052
0.234865854016
0.232939242999
0.231931837169
0.23181320318
0.230785486055
0.230747803087
0.229139152391
0.222097049349
0.21567219542
0.220141278219
0.223274071448
0.22051218682
0.2150615367
0.216632934048
0.216629163895
0.216543921957
0.216296211557
0.216516549738
0.216828802115
0.216273154913
0.216469336291
0.217259347524
0.216095784358
0.216278878451
0.212075104473
0.206543543638
0.205679346621
0.205782135207
0.20594752798
0.222913171376
0.228460712262
0.230766011423
0.230482069132
0.229753557336
0.230796162942
0.232257695448
0.22991921381
0.229425886392
0.238721107421
0.24259561737
0.240832268025
0.240464080122
0.240980727609
0.261246998292
0.276927610883
0.277438688469
0.275013859289
0.286075871294
0.313653016757
0.30645254001
0.307998128817
0.306402349221
0.309467191095
0.319826020575
0.318348096361
0.31531597268
0.316752554436
0.32167353064
0.32154774671
0.319440073823
0.321894492164
0.322656237548
0.35124680442
0.3572525868
0.372517936128
0.365240903608
0.358200020121
0.354225609152
0.357101080142
0.355112732639
0.354475830179
0.358757582168
0.360197521481
0.363488409936
0.363218164803
0.363862810138
0.363782449909
0.361885491608
0.365356873054
0.364311525959
0.348458472127
0.349269703869
0.365750116804
0.368196749063
0.363300065008
0.365479343962
0.36630205013
0.363827179216
0.362177814822
0.36113322143
0.360608683605
0.361275252141
0.362518989756
0.364900951519
0.362226873513
0.360822874527
0.366650567753
0.361368411048
0.365035239721
0.364129264625
0.366276601923
0.369416599963
0.390270292468
0.39212173974
0.395221443479
0.393008004268
0.391269583199
0.399816046277
0.400437093607
0.39749232419
0.400021412971
0.406244764385
0.407233605523
0.404745230874
0.405488443612
0.405942665099
0.446907643249
0.454317173859
0.453227259173
0.452030296356
0.483034307517
0.479714495353
0.478518344203
0.477863728848
0.475595460421
0.485723005318
0.490509211421
0.487167126003
0.486881019458
0.490949170963
0.492566335199
0.496869603977
0.495377580166
0.497364012111
0.511364023605
0.526089755275
0.531759258618
0.534178030675
0.523323768899
0.526370223826
0.522633748774
0.524042155359
0.523025829063
0.523684955744
0.527383631587
0.525756155991
0.526021228509
0.528233250095
0.530543477148
0.532552963795
0.53242932941
0.534826976416
0.523483273122
0.518891289169
0.522520563434
0.537437089846
0.536195190761
0.532427376379
0.53316802994
0.532457578035
0.531201616782
0.531120650261
0.52830255486
0.527439920365
0.528065177498
0.52874969599
0.527455086724
0.522697291739
0.52818810601
0.538699257941
0.541681375405
0.532012793182
0.532262164927
0.532491383346
0.536078792918
0.536795111657
0.542901709346
0.542552591098
0.540361371265
0.539440624521
0.545538107006
0.545138196482
0.545071917231
0.547303741866
0.54821184995
0.548686860339
0.546086421529
0.550622232945
0.543547292356
0.56162565448
0.562999975735
0.562873572146
0.564202451066
0.579557760335
0.572000502116
0.575295313474
0.573345712677
0.568373615035
0.567426953737
0.56436578177
0.563289230155
0.566580022296
0.5610539209
0.575125545947
0.577848351073
0.577713081173
0.578265180557
0.575927957899
0.560179316159
0.562694854805
0.560762748724
0.560078714676
0.562302663965
0.564265374868
0.56533101614
0.565380674747
0.565998012495
0.559440731245
0.557420155144
0.557353228207
0.562232356096
0.560220352895
0.561387526691
0.558928074855
0.556665986625
0.547858271017
0.545899384292
0.552353651696
0.558085400851
0.556458278565
0.555295533633
0.554762003487
0.555281413706
0.555219074561
0.552758453432
0.552698951423
0.552114692917
0.551285967878
0.550716433156
0.544625997678
0.543749599098
0.560764729701
0.566892663509
0.563283874722
0.547730222361
0.546594179698
0.544046914332
0.543317743234
0.546106571411
0.54848650475
0.548513526095
0.546139388771
0.542013757599
0.542400544465
0.543343166013
0.545868907789
