0.5
0.520077347366
0.521021214329
0.519177945201
0.519635058522
0.532834554666
0.535918589482
0.540325343138
0.541581737876
0.547774914994
0.555916456936
0.555928629133
0.554674918974
0.554879802669
0.535781479763
0.522139147512
0.521089890902
0.520740739588
0.521247368441
0.505044685277
0.507541131409
0.522576793045
0.522841797111
0.521310531827
0.521465400821
0.522262272824
0.523661587696
0.523538979327
0.527873657925
0.528695217414
0.528022018795
0.527800101461
0.538530602582
0.537432802131
0.530583214708
0.527414760317
0.525248977212
0.524404536565
0.524268261401
0.536722010949
0.541351833413
0.533598152187
0.530895768423
0.530780701817
0.530217944772
0.52903952785
0.528634111927
0.528088111395
0.525081058352
0.523226196147
0.522601279899
0.530371754508
0.527306717341
0.511071116531
0.515093763446
0.522887417593
0.51799764733
0.518084464264
0.519075838545
0.527316913376
0.525335554686
0.525462252419
0.525204823296
0.524989326044
0.520456225883
0.520187148685
0.517637232797
0.514215370207
0.503328956839
0.49151549136
0.491290130002
0.491558542247
0.489584940359
0.505303157779
0.523755255753
0.523683755469
0.523726541322
0.524675622046
0.524665486566
0.523775434421
0.526065414687
0.525977685421
0.534756977848
0.538751902536
0.538236737356
0.536673784649
0.533246686146
0.494193902028
0.487463454198
0.487331053811
0.487058061796
0.480813574745
0.484233816097
0.487912944848
0.491520473697
0.491383059309
0.490955295771
0.489747576553
0.490003715703
0.49074088728
0.49143122976
0.497317969307
0.497079825958
0.494964287853
0.496248560998
0.498854557693
0.489931506335
0.486346823156
0.487542199749
0.482993637995
0.481881080339
0.482367495748
0.491914239738
0.492312325451
0.48996699526
0.489548818783
0.48910303738
0.48866192482
0.488385397352
0.488182182782
0.48778967783
0.481975978828
0.480891939516
0.484591960545
0.489161534887
0.483960849079
0.476973978729
0.478876702529
0.469402829193
0.468671779088
0.46958271933
0.47062267289
0.46837701981
0.467858429806
0.467683469302
0.467932000767
0.467561488555
0.468029153084
0.467926267709
0.46503488726
0.463276810351
0.452747970031
0.450281571858
0.450035046151
0.447611298038
0.445699219154
0.461167163387
0.462864005724
0.463242110814
0.463530114619
0.462289763981
0.455569850695
0.455741199947
0.455550667104
0.455246715376
0.458415688386
0.459365923489
0.458931262712
0.458309165076
0.45217918259
0.426164169378
0.425942712907
0.425638214605
0.425548934897
0.422157219403
0.429707814809
0.430752040802
0.431265801815
0.4312025157
0.4291070273
0.428179625624
0.428323569909
0.428320783661
0.429004895779
0.429553599227
0.428437632079
0.427539490563
0.427875895603
0.420528742801
0.415077863642
0.413497278752
0.413905444072
0.410422890911
0.410017132593
0.410636031005
0.412787521911
0.412522810992
0.412484055026
0.412039066249
0.411857689495
0.411669876255
0.411752345214
0.411919368757
0.41151037778
0.406702915057
0.407100225781
0.407056190012
0.406812719579
0.402498246095
0.401391884487
0.39917087152
0.395259959118
0.395432033781
0.395915444171
0.395976076762
0.395373765561
0.395351570792
0.395264582789
0.395060987405
0.395182619426
0.395695742124
0.395296294952
0.393510721527
0.392499850861
0.386076332074
0.384370462173
0.384774308861
0.383033620077
0.378611687938
0.381211284494
0.381483618355
0.381495921799
0.381996915732
0.380498257873
0.380190842063
0.379914667433
0.379883523184
0.379406894924
0.379075984522
0.37869144641
0.378616853262
0.379349901815
0.374745553932
0.371128503744
0.371081383648
0.370400435353
0.370393389728
0.366778598391
0.368064076601
0.368395853497
0.367992201647
0.369254971373
0.369194283915
0.369564640133
0.369029773741
0.369393387337
0.369436357353
0.368649533503
0.367951680375
0.368394324972
0.369505061496
0.36639770137
0.366866438438
0.368107503714
0.366192352654
0.364434423329
0.362917072296
0.363365000626
0.363004905754
0.362884479121
0.363872269288
0.363781177291
0.363767255692
0.36396120734
0.364452437792
0.364822894776
0.364172211823
0.364531639154
0.364605688727
0.360615097705
0.359376767437
0.360631394404
0.361543398004
0.358836995331
0.360162603154
0.360119581123
0.360116714979
0.35917213619
0.357976034271
0.357569970407
0.357530201179
0.35745996873
0.358159556987
0.356732013711
0.356653041208
0.357527382801
0.354466444718
0.351848141953
0.350646738413
0.350701462652
0.349961290506
0.353012042946
0.353948242351
0.354638540208
0.354195862167
0.353446556076
0.353313842873
0.353524406887
0.352599700562
0.352847683238
0.352517865449
0.352077106167
0.350853453286
0.351381837667
0.352327077231
0.360962990607
0.366359976448
0.366354175153
0.365753510343
0.366885457616
0.368762287633
0.3696644162
0.368727458213
0.369001388022
0.374083964585
0.376201012476
0.37560396525
0.375435383934
0.375372562201
0.376706480603
0.379024389955
0.378561461219
0.378673268091
0.381924978138
0.388162596281
0.3901345348
0.390541663773
0.38929285243
0.386258221162
0.386462967356
0.387257579045
0.386543949714
0.389242243776
0.393964983031
0.393636297848
0.39357320845
0.395629043636
0.396431234205
0.399351148498
0.402882883424
0.406126466254
0.402995224599
0.401146342023
0.401571033648
0.412211369091
0.410437319533
0.410404044159
0.411247787904
0.411173921181
0.41070048043
0.409715361198
0.408197157544
0.406846914724
0.406583745713
0.406933644766
0.40872668445
0.407956455393
0.407335346161
0.41211618625
0.412655355707
0.403629915831
0.404474494112
0.406045634958
0.407923865193
0.40917168166
0.409980928956
0.409462662927
0.409822906902
0.407156733969
0.407259706998
0.406520043955
0.404362757668
0.403906269187
0.402688663411
0.401016383096
0.399776120854
0.39945747897
0.405825690706
0.440380361549
0.442176550752
0.442207934755
0.441373599713
0.446415051594
0.44704420274
0.447768824831
0.44551035704
0.449126164405
0.455181714304
0.455384033161
0.453936984984
0.453731431927
0.444619096777
0.451144762497
0.452533765894
0.451286900821
0.451240094662
0.466726023845
0.479425026293
0.481487684521
0.480993078729
0.480520775206
0.480417428629
0.4824493086
0.483054242316
0.483031017234
0.496528177452
0.501022022419
0.500530241398
0.500461983395
0.503243946509
0.492683600382
0.495503173721
0.504126336232
0.50447618269
0.502933447728
0.500250868494
0.506729378893
0.515078609255
0.51369087625
0.515498319653
0.516618722442
0.51598490769
0.515868344063
0.514279033683
0.516283686852
0.513979291719
0.512790133605
0.5137476116
0.520593471605
0.521611987214
0.525657550038
0.532051446345
0.522063811163
0.515554724128
0.515965287953
0.522611666975
0.522319714464
0.520359436354
0.520283587505
0.520804407855
0.521377490215
0.520642157123
0.520765713194
0.518633922454
0.511624878217
0.510239339492
0.51070060051
0.508213382202
0.505495829986
0.503823327658
0.531149676536
0.544810865228
0.545324051994
0.544758820841
0.544632729898
0.539751534875
0.537871640214
0.536454809694
0.535044193605
0.540455937311
0.543535389807
0.543135544856
0.541200992028
0.538774566148
0.524327385778
0.532020369594
0.531986075016
0.531536017103
0.53304251954
0.578700805374
0.58605878695
0.587284396901
0.587575140895
0.588168978534
0.584566662579
0.585952070454
0.585520920239
0.588225729012
0.602037974814
0.602864562295
0.602218535735
0.601983250996
0.590859172534
0.565305674622
0.566695789355
0.570027921253
0.570094041762
0.570935552589
0.575666128856
0.583025641475
0.586425886671
0.586528326222
0.591020050894
0.591192834435
0.591048654262
0.591098856304
0.593279029665
0.594687276696
0.590660996719
0.588447155667
0.591135953107
0.593782199683
0.592285382065
0.604353544164
0.606173050951
0.588930623978
0.587340518169
0.589412572805
0.594740300964
0.593765141624
0.594617673818
0.593901266433
0.596393119597
0.596397144696
0.596982904809
0.599132747894
0.59419588296
0.58013381489
0.580840467569
0.579070794245
0.579323203558
0.575263666123
0.576309492052
0.593704410824
0.581771444152
0.581864735572
0.582320630243
0.581053347162
0.57267083055
0.572796420059
0.571404576952
0.570805577396
0.573824447756
0.574820266236
0.574322828053
0.56825556944
0.564840582965
0.557651314219
0.559748652087
0.559695818847
0.559706554519
0.5694570238
0.604176224296
0.605369655723
0.607299789604
0.60778343199
0.606989798299
0.601964602815
0.602298063697
0.600479630224
0.602180378485
0.596849839419
0.595455266766
0.595768466454
0.595110936509
0.563812532163
0.545677770574
0.547159514471
0.545679299482
0.546599095914
0.556453412619
0.561295290705
0.565549113422
0.567710930749
0.568588257558
0.576001502935
0.575443572793
0.575342286109
0.575560546993
0.573318686286
0.566406037602
0.559700117491
0.558595571369
0.559377107299
0.547473565196
0.546620664785
0.556319438829
0.554270806424
0.544154198815
0.545029884215
0.546348421133
0.548356360768
0.549594269054
0.550787447417
0.551165892922
0.552831846258
0.552820881045
0.556046435686
0.55815846824
0.546344297042
0.533014721773
0.532301170556
0.52622715454
0.526453544837
0.526623739857
0.527668718439
0.521621813592
0.512953990794
0.513770547464
0.514125845497
0.513790002589
0.513180562919
0.513375897109
0.513001101284
0.511814785263
0.510456545578
0.512635467779
0.511660443337
0.499917517345
0.49358287431
0.490076430152
0.487663623694
0.488903433321
0.488960887171
0.495840029276
0.50083391975
0.501866835614
0.503405315296
0.504056974135
0.508296749833
0.50683052771
0.506520495303
0.504483283822
0.496803283582
0.477734317588
0.477274043629
0.477652459985
0.478255908893
0.444682999715
0.446619721107
0.44571267676
0.444718050315
0.448104915857
0.452128880307
0.452127579054
0.455762109713
0.455746255971
0.460175274435
0.467716085843
0.466163913474
0.465953706444
0.465430203837
0.444150576181
0.438018033041
0.433958448619
0.43308865517
0.431154840112
0.418626310881
0.419453497039
0.423621696519
0.418503707891
0.417404874645
0.417453997141
0.417460936014
0.418339445877
0.419389515439
0.422591283745
0.422414415434
0.421112174933
0.423071554061
0.424857293365
0.422451642033
0.405965693101
0.403125009162
0.395761925132
0.388630222044
0.387897178363
0.389685874361
0.389626312994
0.381600472376
0.381739180975
0.382356537407
0.383039988328
0.384639430646
0.385396620363
0.385565178735
0.382878086634
0.380780869762
0.379955468351
0.379483101264
0.377472058234
0.369197235853
0.358067406819
0.353228542179
0.354165450751
0.356686787182
0.355930954513
0.356246213818
0.354897489357
0.35674518677
0.356483373606
0.362511014201
0.369072285504
0.368455405568
0.368148001566
0.367242817401
0.343553198931
0.338045678553
0.336935394489
0.336112718138
0.338429706882
0.326527531995
0.32983045849
0.329051705062
0.328815021276
0.329656734335
0.329071231913
0.328763749349
0.330099871789
0.32843365982
0.34086060932
0.340660227565
0.339386231273
0.339829856974
0.338106688358
0.323327781552
0.325494049075
0.324797921869
0.323127285737
0.325705929898
0.316969303787
0.318252733146
0.318056164569
0.31489333409
0.317577247028
0.318607342095
0.31865492553
0.318864055366
0.319572164278
0.321545063864
0.318451964476
0.319359886999
0.321590581371
0.321028672807
0.320219998751
0.31818120032
0.319788948536
0.304326218565
0.298298618519
0.298157924956
0.298217197033
0.2965217536
0.296250230807
0.299285336666
0.301090593605
0.30235682881
0.302709714685
0.302639188657
0.301438266298
0.29957295708
0.297107798238
0.290394737078
0.287925771201
0.289493427238
0.288324811539
0.286849141566
0.282382172432
0.286741025372
0.28471682419
0.284499514763
0.284519638729
0.284774539978
0.285291698848
0.285692851557
0.295800842207
0.296466906046
0.295292937943
0.295421185001
0.288863393458
0.280028381994
0.27749674132
0.277775643331
0.278357848822
0.28844338733
0.295542077169
0.297362772908
0.296775523513
0.29497382725
0.298762834522
0.301323058703
0.300385748819
0.299015626219
0.303859752017
0.308973931299
0.306591925493
0.306403048861
0.307041003885
0.31262504383
0.338477516944
0.339357110228
0.336971093074
0.343525138772
0.33961879168
0.33410241606
0.335104834666
0.332789941185
0.335539789025
0.349576980363
0.349093098754
0.348229667673
0.348868952442
0.351406703743
0.351233740896
0.350674359317
0.354465254996
0.355250978063
0.369086183128
0.37338426093
0.384203422556
0.378003751497
0.371740797847
0.359023901128
0.360304967294
0.358754812358
0.358108259404
0.363508971669
0.365487324708
0.367409518667
0.36869215983
0.368973337699
0.368636288297
0.367582142779
0.374596406957
0.372222798267
0.356558070143
0.356929626808
0.371543899361
0.374353700915
0.368607445256
0.374516862633
0.374946829535
0.371550763735
0.37031583678
0.369057030039
0.368413771596
0.36991111977
0.372310008954
0.375620656885
0.372680303838
0.370985762687
0.375444956216
0.368605457691
0.376530783197
0.371580480628
0.374126664472
0.376366817857
0.401572366581
0.405532496108
0.408219534885
0.404895614894
0.403357306881
0.411824478558
0.412891463138
0.409457780772
0.409278873986
0.413643971946
0.414725094423
0.413021802715
0.413483955456
0.412380061029
0.462845382428
0.486981674014
0.485451459771
0.484436563795
0.494215854771
0.491518038126
0.491301484166
0.490154322182
0.488656933487
0.509731328154
0.51904361234
0.517642913509
0.516797149745
0.519219291213
0.521187268198
0.525339841441
0.52725003652
0.529205490848
0.538392153732
0.561556708028
0.56947510315
0.573229140743
0.568764914889
0.55947940746
0.554985808014
0.555674300573
0.55442736728
0.555947635061
0.567794561597
0.566551984651
0.567038167202
0.568760757647
0.570492766434
0.573182835042
0.582909834671
0.589771507186
0.576892654225
0.573172573674
0.576726017417
0.594911556321
0.592758635984
0.591107061587
0.593206457673
0.591987085182
0.590677792467
0.589717386589
0.586323843624
0.584548188067
0.585791321894
0.587160458198
0.586228590336
0.582252112837
0.581770379353
0.589125500918
0.600838284456
0.5880078018
0.5890846036
0.590840762426
0.596908384697
0.609318008049
0.611768949988
0.610529922571
0.608669286413
0.610429318937
0.613807566741
0.61297418492
0.609627910596
0.609941054899
0.610329115239
0.611380579009
0.610677925404
0.612144416886
0.621602714474
0.689445146004
0.693806156568
0.692786238623
0.693007873787
0.699835096383
0.701511028585
0.702790972989
0.700039256838
0.705918431357
0.730206723267
0.731217769076
0.729775830982
0.729625155428
0.72483828209
0.731142145826
0.733271050951
0.732127184746
0.732754591699
0.752131060816
0.763196542817
0.768643679423
0.768276203855
0.767005601483
0.762689638653
0.763279593248
0.763511640453
0.763213079839
0.775271439954
0.781762041766
0.780888999402
0.781091271422
0.783629207192
0.782252419683
0.784529791215
0.796132338849
0.795125939154
0.786459637798
0.78750268115
0.795263457107
0.803598373707
0.799565608314
0.799783253393
0.799395090543
0.799645752541
0.799307791577
0.797619496794
0.79704458402
0.794541455469
0.793720072141
0.793645456436
0.792744020143
0.792438226861
0.793410320561
0.797309352968
0.795366545242
0.782511457641
0.783066535197
0.785516283038
0.78849499329
0.787058071747
0.786761222397
0.786180845215
0.786622222792
0.788961686726
0.789168154984
0.78748660074
0.783964235682
