0.9999999999999996
0.9994287037505971
0.9991096126403444
0.999509932587717
0.9991244858738825
0.9982672964746137
0.9983259076388676
0.9981857624693922
0.9970556286074768
0.996714106367174
0.9964636005068864
0.9953531170585558
0.9944972165696465
0.9939954020080892
0.9929530955741375
0.9916472327202919
0.9911064123631373
0.9898625558598172
0.9883779589913714
0.9877743100198398
0.9862079595622208
0.9845988291938933
0.9836507804222052
0.9821650400959726
0.9801189495347148
0.9788232375944121
0.977790934382472
0.9751246896968775
0.9736312940521913
0.9727606670148723
0.9699061268862678
0.9679492347949515
0.9668115874255196
0.9644390989073425
0.9616034456150694
0.9602915754702085
0.9584544669663262
0.9549363940139849
0.9535616338677605
0.9517070269932186
0.9482176735453639
0.9463336955679904
0.9442972697371249
0.9411517238581386
0.9384093406891673
0.9366323379452478
0.9334154971628849
0.9302128094296512
0.9287677416575288
0.9251393221297559
0.9219250699144232
0.9202567737464564
0.9166781781716837
0.913157604623132
0.9110216275638277
0.9081702985514799
0.9038064739955507
0.9015419107227707
0.8992971198497759
0.8943153711945089
0.8918804165453671
0.8896679677769883
0.8849411408695191
0.8816812055382542
0.8794627773131585
0.8754299414700635
0.8710862005232176
0.8691525104936138
0.8654169402497168
0.8605844087628787
0.8586274619223848
0.8548618319248249
0.8501469433691276
0.8475271878625403
0.844105181856216
0.8393606500211787
0.8361042797075416
0.833378043637504
0.8281866684065332
0.82474119246205
0.8223862262043207
0.8169342127355586
0.8132331449967031
0.810824572305019
0.8058154500553951
0.8013089972329506
0.7989617632337831
0.7947196044829001
0.7892716197397281
0.7870472878200455
0.783316011319637
0.7774867488848348
0.7748708467468762
0.7714919816745361
0.7658655698103516
0.7623830118424183
0.7595200722077463
0.7541629625479861
0.749949204893465
0.7475278854702692
0.7422727100515126
0.7377215528651484
0.7353004973058453
0.7302859889183609
0.7254479969682601
0.7228480841592502
0.7183927052657173
0.7130723617731952
0.7104149259693473
0.7065974101994847
0.7007956362100453
0.6979665213915084
0.6946794171456567
0.688718600639787
0.6853278233585581
0.6825818326643177
0.6768588037282733
0.672690061203809
0.6704203636308124
0.6651708166084769
0.6603486529834895
0.6581646906572892
0.6535057287705962
0.6482456818489322
0.6458113639867149
0.6417867364611425
0.6362976903772398
0.6335671089858211
0.6300900370979885
0.6245673305234792
0.6215330391896775
0.6184555055611007
0.6130275647167385
0.6095458994915482
0.6069013936157567
0.6016272934291693
0.5976267232578004
0.5954594032122922
0.5904564669578821
0.5860138647403652
0.5840355703067397
0.5795857571022301
0.5747086267209472
0.5725334604475343
0.5689133850798853
0.5636388364879532
0.5611383574809421
0.5583028124016689
0.5529336954607158
0.5501127323359775
0.5476847678398122
0.5426693940932583
0.5393607304449929
0.5371326474521342
0.5326645509400738
0.5287761582408352
0.5268339430950902
0.5227698017112601
0.5185648226496229
0.5168356498423687
0.5130738010131792
0.5088187167005149
0.5069482223219326
0.5037190727952378
0.499369295841072
0.49714366243026287
0.49471263302882934
0.490169235493757
0.48770428087099243
0.48588535144361134
0.48141829795650143
0.4786995582855434
0.4770902723214408
0.47318478015337695
0.4699732267124743
0.4684411347856079
0.4652823029776996
0.461587933178785
0.46019176646180004
0.45753968934148154
0.45375522098176413
0.4523147452805786
0.4499776490970686
0.4464432201722927
0.4446366309155967
0.44275798546025946
0.4394296175378698
0.43728763318023994
0.4359571117566131
0.43270166341517424
0.43045328853637427
0.429434046039161
0.4264097992105228
0.4240582977781438
0.4230609065927491
0.42060954709701703
0.41797883346520337
0.41699784794040007
0.41519703503243516
0.4123300788251751
0.4113866248235308
0.4100202448179462
0.4072627484935896
0.4061382197053569
0.40506338433943667
0.40268985791539214
0.4012293999003614
0.40046821348846207
0.3984698265235941
0.39679534542904704
0.39629810690570794
0.39456671759785283
0.39290737095373207
0.3924469606520209
0.391036602524229
0.38944393773019775
0.3889208501509782
0.3879407943706834
0.3863500973316488
0.385827602598682
0.38525046962407067
0.3837091299330787
0.3831763811753418
0.3828699386297394
0.38154640027274656
0.3809111828406731
0.38080173083786556
0.3798332227957779
0.3790591296276353
0.3791234478202117
0.3785108356117871
0.37771702872246843
0.3778286075550585
0.377527263971834
0.3768508257693981
0.37691757319818936
0.3768869660225443
0.37639847032991064
0.3764310921593592
0.3766294078382987
0.37635479232887464
0.37640271269818126
0.37675093685440714
0.37670025389426787
0.37679755941517834
0.3772468778162017
0.37742880906793774
0.377583332775507
0.3781328779781782
0.37854256207064685
0.3788085202042251
0.3794008628038799
0.3800337150756909
0.38045209132278573
0.3810598334549169
0.3818782814908511
0.3824829487622572
0.38311932068440174
0.3840699898421808
0.3848994122507713
0.38561039601141656
0.38660707029946856
0.38767702561918604
0.38851048470707666
0.3895151314904727
0.3907927865113243
0.39178270633914836
0.3928156255413761
0.39423130521657873
0.3954453684205399
0.3964998279339262
0.39799713949728327
0.3994591342179662
0.40056941759334563
0.4020974333374638
0.4037992949040845
0.4050075397150089
0.4065373791096917
0.40845450732264466
0.4098258335919801
0.4113101695662251
0.4134038190296899
0.4149944732941315
0.4164416453475362
0.41863992550589013
0.4204844047950703
0.42193311827658037
0.42415880726714145
0.4262984964835895
0.42776036998380784
0.4299723992679705
0.4323772158644009
0.4339269430918777
0.43608666107187366
0.4387074896333046
0.4404310976121909
0.4424921408031541
0.4453006617835761
0.4472762972862987
0.4491717507566603
0.4521419564838428
0.45438231257631223
0.4561707561392996
0.45919182445269074
0.46172624015473424
0.4635183957014228
0.4664280385505743
0.46934470082230306
0.4711825212720721
0.47388890320520743
0.47716368748460564
0.4791019354216715
0.4816350888606937
0.4851141665722937
0.48726938292405375
0.48967559788259873
0.4931984553819756
0.4957310544062521
0.4979401941092074
0.5014801002677468
0.5043816536328725
0.506415781849112
0.5099725567509891
0.5131472976919427
0.5151599810309645
0.5186142986161438
0.5220788104570291
0.5242103550793189
0.5273616985051973
0.5311853011848334
0.533462919737698
0.5362651288716073
0.5403914516841238
0.5428482145254976
0.5454227200369158
0.5496050826341936
0.5524524098304888
0.5548385738842466
0.5588603302400081
0.5622175989822392
0.5644267668140961
0.5682389401694689
0.5720056611765076
0.5741507604659384
0.5777789770805767
0.5817805169338132
0.5840956673253611
0.5874418559629149
0.5916138034365728
0.5942024913402674
0.5971710156332064
0.6015363543362078
0.6043474330135987
0.606998625137073
0.6114675007275281
0.614571191218403
0.6170073856752869
0.6213627676594223
0.6248941098102063
0.6271735224149899
0.6312224218524752
0.6352354795762709
0.6374172696700917
0.6411087199227569
0.6454775798574762
0.647800688702372
0.6510994639299107
0.6556274815629002
0.6582917769718332
0.6611908880376001
0.6657263845946942
0.6687441748178057
0.671329028551988
0.6757642375135124
0.6791229522564708
0.6815361298251986
0.6857850714202643
0.6894845674976304
0.6918032705784106
0.6957880505617393
0.6998240996342984
0.7020551703987337
0.7057213508551583
0.7100221852521328
0.712352920599128
0.7155908130631828
0.720086884437699
0.7227169709031835
0.7254567358317525
0.7300405099070366
0.7330257193030382
0.7353541104590926
0.7398044406429067
0.7431585753759342
0.7453365680523791
0.7494017982257911
0.7531550379140748
0.7553514639467878
0.7589486074966487
0.7630544879660076
0.7652335655095222
0.7684966185152141
0.7727121362175413
0.7749847704018417
0.7779920664150932
0.782143687194027
0.7847191486569097
0.7873606298619625
0.7914877153781389
0.7944188538185233
0.7965732715739223
0.800710243487211
0.8038722973794974
0.8057633782481957
0.8096737719001038
0.8130746705443016
0.8150266814713979
0.8183717007365904
0.8221774375194918
0.8242163882745676
0.8269571984114993
0.8310503956152074
0.8331506393733128
0.8355644880384693
0.8395435065227561
0.8418840758608779
0.8441553159313613
0.8477605142219322
0.8505596205590191
0.8525287788498344
0.8558950424355796
0.8589911481261517
0.8606456083617761
0.863938354209092
0.8670386171706591
0.8686831166889587
0.8717248019099757
0.874883371211212
0.8767215353387886
0.8791842021528474
0.8826075333463023
0.884538059039318
0.8864520581030587
0.8900439025897059
0.8920063675879679
0.8937212045316785
0.8970457362861122
0.8993350759963955
0.9009450383421016
0.9037431006860972
0.9064974921191489
0.9079080976637722
0.9103310605950399
0.9132561335983843
0.9145685256017617
0.9168398678203099
0.9195994256388389
0.9211220888561966
0.9231302632189081
0.9257350337842902
0.9275141523299246
0.9290846229251688
0.9317448437359644
0.9335279929107707
0.9348008016247293
0.9374680385859802
0.939256866546385
0.9404421074854661
0.9428108963394553
0.944829386571306
0.9459417382461589
0.9478268073922957
0.9501484923827705
0.9511244022720708
0.9526598196339058
0.9550356624733307
0.9560930993413337
0.9573995202063829
0.9595412548751826
0.9608960228211588
0.9619568548063934
0.9638200108196233
0.9653515120502644
0.9662109589316632
0.9678937582867466
0.969411305762788
0.970229182356208
0.9717581054232703
0.9732150369579193
0.9740625431732923
0.9753558668959919
0.9768432769626467
0.977594358162065
0.9786365130575418
0.9801620557019978
0.9808712429796139
0.9816639954962894
0.983140203393694
0.9839770107165255
0.9845199758615392
0.9858337504377632
0.9868240692370743
0.9871748044179326
0.9882188054231118
0.9892796886075974
0.9896376101438947
0.9903558178993636
0.9913978872064452
0.9918955117023538
0.9923406297550665
0.9933078880693417
0.993803684522147
0.9941562999140986
0.994921170846211
0.9953650223950288
0.995717757854384
0.9962501528942721
0.9967241788882328
0.9969895878156816
0.9974190324490397
0.9979271977587072
0.9979607281173197
0.9983761713366003
0.9987972281330363
0.9987399580443838
0.9990033142576403
0.9993199139479426
0.999416778802033
0.9993307740900998
0.9996820966128318
0.9998598899979158
0.9995041059950958
0.9998016785960938
0.9999135146978153
0.9995959466885833
0.9995684960889595
0.9996490685402376
0.9995320663490519
0.9991101526004421
0.9992686420179518
0.9991239175947333
0.998594836960863
0.9986495640877983
0.9983582191428921
0.997966653785293
0.9976685754335235
0.9974240418945366
0.9970460767971461
0.9965296900523429
0.9964177995374317
0.9957940392125405
0.9953244547890696
0.9951501960258009
0.9943542030089402
0.9938969271400818
0.9935003716837102
0.9928831308195228
0.992124621603903
0.9917141273652781
0.9912953851680997
0.9901612871703475
0.9898254034769871
0.9893848711536564
0.9881895392822155
0.9876376601138821
0.9871342689510824
0.9861757600185679
0.9851719323951916
0.9847766743502111
0.9839408891784356
0.9826468186312108
0.982312018982066
0.9813866425042724
0.9801443436814387
0.9795346835022498
0.9786373493576658
0.977475436895947
0.9765571610928351
0.9758498142502562
0.9745421289709987
0.9735474109929682
0.9729520021246368
0.9714342457331129
0.970449173412907
0.9697530356304287
0.9682924224448229
0.9671028586077787
0.9663736019364951
0.9651459100003889
0.9635662568027433
0.9629355795068231
0.9618579891306197
0.9600355057461978
0.9593089526943517
0.9583114805094342
0.9565199913670347
0.9554607845016112
0.9546070009429698
0.9529445927101412
0.9515313347726179
0.950844810654204
0.9492238434947691
0.947651772447202
0.9469055070505759
0.9453440815673002
0.9437120932118929
0.9428107798681526
0.941394258349915
0.9396381934727969
0.9386711021931495
0.9374285363409448
0.9355008704407792
0.9344755244638526
0.9333578953486122
0.9313268965899533
0.9301375877609959
0.929162789514256
0.9271649371869694
0.9256776863616984
0.9248959235136005
0.9230276371142584
0.92125808329379
0.9204887298370463
0.9188444228220152
0.9168575071135826
0.9159492520655875
0.9145569271411702
0.9124535847706557
0.9113733013392795
0.9101922017040427
0.9080945860363103
0.9068459299942971
0.9057451542279084
0.9037318528860965
0.9022881307073154
0.901257074166898
0.8993201241366946
0.8976563071322681
0.8967845017643157
0.8948950214542898
0.8930928312145198
0.8922675697451389
0.8905190959213213
0.8885715569132265
0.8876464037991278
0.8861869942380214
0.884046915648137
0.8829529894436879
0.8818482231917607
0.8795937390998411
0.8783537526035091
0.8774058698241457
0.8752729711560558
0.8738147032854717
0.8728778240262186
0.8710248731880409
0.8692505282633062
0.8683760072631962
0.866741723662587
0.8647932054436578
0.8639639498344418
0.8624206200532066
0.8604796384661015
0.8595637886745513
0.8581448908134277
0.8562281501369402
0.8550875593729191
0.8539854238882115
0.8519768926756012
0.8507096504186717
0.8498686054541869
0.8478143109707089
0.8464705506273406
0.8456989836818265
0.8438319478901473
0.8422633717801189
0.8414744892739094
0.8399707735037393
0.8381200609089199
0.837349632322801
0.8361132780288001
0.8341452433687532
0.8333574792208253
0.8322243599243432
0.8303828015510273
0.8293612414936892
0.8283908215079832
0.8267014507903065
0.8254467498728429
0.8246876608489977
0.8230442889902014
0.8217071484470395
0.8210842322762822
0.819482787035198
0.8181195958241152
0.8174569374913863
0.8160849060023498
0.8146041008009934
0.8138922765841933
0.812833481095514
0.8111759782454183
0.8104886528664259
0.8096425492968955
0.8079634733548393
0.8071704401310074
0.8064583607493467
0.8049460509242193
0.8039411195881612
0.8033487373025996
0.8020511216612385
0.8008516647517102
0.8003972876331507
0.7992313453756441
0.7979868513786286
0.7975163934203747
0.7964969069183658
0.7952864680895015
0.7947226064812317
0.7938982493828146
0.7926803116718932
0.7920785040884227
0.7914563814323657
0.7902244155812683
0.7895863960919968
0.7891028026535732
0.7879315222073461
0.7872285439921596
0.7868253021643379
0.7858157542314553
0.7849744510407297
0.7846859442534867
0.7838561308749277
0.7829236215516545
0.7826492391168538
0.7820064042803894
0.781068166202378
0.7807384751719443
0.7802516887520788
0.7793692970889825
0.7789685999480949
0.7786325029973018
0.7778382032220122
0.7773794645755872
0.7771346339609521
0.7764414680015074
0.7759671613239603
0.7757646680573834
0.775183734218097
0.7746724837455964
0.7745493998317395
0.7740777080330952
0.7735653222259049
0.7734597691920615
0.7731257398665508
0.7726241605088374
0.7725156678199943
0.772309958701618
0.7718354689047076
0.7716923426839132
0.7716312423492195
0.7712218660554078
0.7710513613933191
0.7710582271592983
0.770768242375713
0.7705961484687487
0.770617607918299
0.7704614869885438
0.7702699779095028
0.7703331050590334
0.7702778162579553
0.7701280848636761
0.7702008823868483
0.7702197200402636
0.7701419800371565
0.7702386545639487
0.7703043375274365
0.770302982167655
0.7703891969744389
0.7705519158867324
0.7706024767219518
0.7707135653719638
0.7709258712469033
0.7710388665351295
0.7712059821174287
0.7714394433950822
0.7716317487540856
0.7718242797089158
0.772081569347436
0.7723625859187571
0.7726045858882635
0.7728708951558853
0.7732109859460204
0.7735181118395614
0.7738376253018783
0.7741835620959369
0.7745810643685075
0.774917215333935
0.7752999484145016
0.7757683000898855
0.7761581128900346
0.7765429049082297
0.7770672937342495
0.7775354629478536
0.7779417751078067
0.7784936850518684
0.7790359565559293
0.7794636309340696
0.7800436532303184
0.7806785338877804
0.7811261980534849
0.7817087963827745
0.7824196286883478
0.7829383273875006
0.78350136618771
0.7842816074247614
0.7848500486738486
0.7854266503715892
0.7862436710339318
0.7869166622625676
0.7874645856622593
0.7883074950664929
0.7890866822768842
0.7896428101739498
0.7904863646117614
0.7913512950963326
0.791927684908219
0.7927728998443209
0.7937244308086671
0.7943510955690561
0.7951490185595215
0.7961823736930982
0.7968979258650005
0.7976296039350476
0.7987462932471314
0.7995184013347383
0.8002285805318574
0.8013743785800382
0.8022715194877134
0.8029434347327802
0.8040648835152563
0.8051069179847148
0.8057843734188719
0.8068401070601031
0.8080139539965404
0.8086980941477427
0.8097163762431405
0.810977170212933
0.8117371375939868
0.8126840242976454
0.813985478978172
0.8148788451949608
0.8157397411106112
0.8170786860227105
0.8180622247526073
0.8188719330489501
0.820227778292839
0.8213299725938168
0.8220978177001832
0.8234277912508637
0.8246514769579076
0.8254354294735886
0.8266727004558968
0.8280418786540761
0.8288212802367462
0.8299699362495792
0.8314583857526029
0.8323099319720809
0.833336128835406
0.8348782990067424
0.8358768004135162
0.8367935954843635
0.838332936854153
0.8394678631228338
0.8403135237325765
0.8418033228146431
0.8430946257584223
0.8439067181603617
0.8453159150733316
0.8467262161414086
0.8475806746706058
0.8488798890323015
0.850398278533261
0.8512615042747044
0.8524783266563897
0.8540645681770875
0.8550054075032366
0.8560984528888512
0.8577263431796627
0.8588022320782995
0.8597650322003471
0.8614135325008184
0.8626210996038175
0.8634637074891776
0.8650746575161004
0.8664370282053341
0.8672359571595954
0.8687124820035931
0.8702169846179657
0.8710861455204483
0.8723660566662579
0.8740160916068973
0.8749155905227984
0.8760655066099727
0.8777613265778703
0.8787479519473469
0.8798041213075535
0.8814483012120888
0.8825836295565642
0.8835667408595584
0.8851471565948825
0.8864400066536299
0.8872897991757837
0.8888513249926415
0.8902556621675264
0.8910269494283871
0.8925244451997738
0.8939888464092717
0.8948322434629811
0.8961395608883822
0.8977400955532704
0.8986449570148983
0.8997249240248508
0.9014469610780732
0.9024237700078879
0.9033434443636154
0.9050469808641405
0.9061325510188287
0.9070288423528989
0.908564724819986
0.9098551951122439
0.9106797543275387
0.9120655382511805
0.9135305724579229
0.9142714476216802
0.9155871087233227
0.9170642084387114
0.9178473006429061
0.9190828417225061
0.9205478474365545
0.9214401082412352
0.9224907187082866
0.9240106630136197
0.9250057318609316
0.9258321837382877
0.9274241514420245
0.9284427314082194
0.9292021685341461
0.930717160348439
0.9318560735997365
0.932588379009021
0.9338932494013858
0.9352450041478697
0.9359342792808368
0.9370335334461338
0.9385021643256344
0.9391854860942974
0.9401886751448227
0.9416220879172669
0.9424092598949299
0.9433174131383021
0.944648231764075
0.9456159149121496
0.946355417407615
0.9476525514022797
0.9486736835889455
0.9493207649914198
0.9505999647837584
0.951636296037175
0.9522605031302573
0.9534391638313147
0.9545518657355504
0.9551870715781738
0.9561641382401066
0.9573983973742372
0.9580063676904297
0.9588215299585218
0.9601203209357437
0.960758985122188
0.9614573946992606
0.9626867121812733
0.9634872769328192
0.9640625182686838
0.9651619066254231
0.9660864674161558
0.9665889996328751
0.9675660129234038
0.9685481011093882
0.9690376736071239
0.9699160051685278
0.9708952771921253
0.9714454205615018
0.9721987191980236
0.9731732524869737
0.9737281813082789
0.9743818856519899
0.975358373422227
0.9759122676461413
0.976468031306467
0.9774229960509562
0.978053114500446
0.9784937904500978
0.9793962651971689
0.9801005270372011
0.9804487816928733
0.9812452762242424
0.9820196525657185
0.9823416125767448
0.9829833097135463
0.983794016590277
0.9842010280198573
0.9846639301022743
0.985481392233937
0.9859258592343715
0.9863039523187407
0.9870509800012609
0.9875080215004566
0.9878715634369089
0.9884897079326281
0.9890037561050532
0.9893473643529014
0.9898777455153086
0.9904296442350419
0.9906892356855046
0.991202662201998
0.9917416340240508
0.9919308864012977
0.9924064563339717
0.9928988937363208
0.9931577801106591
0.9934757251234281
0.9939977758394288
0.9943054061808219
0.9944582315019427
0.995009183801006
0.9953091905248856
0.9954047788573911
0.9958534143397209
0.9961696192152873
0.9963329439638432
0.9965799430411048
0.9969683914189872
0.9971414951004525
0.9972690168578392
0.9976830290392588
0.997782217442907
0.9979343484863026
0.9982158153616598
0.9983404672044272
0.9985069314956828
0.9986652343161104
0.9988586093457398
0.9989293601982634
0.9990934667439219
0.9992905953152668
0.999229352723831
0.999439906092556
0.9995495026174781
0.9995136026606943
0.9996361042161296
0.9997313443345939
0.9997682401622763
0.9997036167876094
0.99988676728073
0.9999018250407385
0.9997341453127208
0.9998978191385866
0.9998854346476914
0.9997633844499758
0.9997618084214207
0.9997941616135364
0.99972615961794
0.9995599362428043
0.9996689965349402
0.9995388417444961
0.9993568371778256
0.9993904847925207
0.9992417853627598
0.9991054437082334
0.9989941005062499
0.9989035792379256
0.9987317942756463
0.9985797076799147
0.9985247048778996
0.9982399547167895
0.9981199294735755
0.9980179632825328
0.9976961301147612
0.997554481066133
0.9974053777832799
0.9971432394974876
0.9968631565928263
0.9967761591541864
0.9965352229836988
0.9961228690231758
0.9960491411167719
0.9958179276991934
0.9953725816324042
0.9951965158902855
0.9950029348204829
0.9945959497103815
0.9942751620603736
0.9941510809386079
0.9937508415455589
0.9933394551877319
0.9932053145159189
0.9928106702499769
0.9923816564452937
0.992155562013016
0.991802540824497
0.9913494064043064
0.9910854663008077
0.9907608524268551
0.9902570788566866
0.9899732438477907
0.9896658834554728
0.9891083469594733
0.9887872588462828
0.9884955299947221
0.9879232948524984
0.987518490122212
0.9872960794593639
0.9867290110799781
0.9862177626007282
0.9860186840043688
0.9855093351208608
0.9849014836720852
0.9846396794163849
0.9842283300068453
0.9835495980655798
0.9832231721224474
0.9828874936316635
0.9822005753611657
0.981794001817487
0.9814791141970743
0.9808356272679809
0.9803419716804518
0.9800056753284143
0.9794136227852366
0.9788321586198769
0.9785358904899224
0.9779403603306802
0.9773176815918024
0.9770383166287455
0.9764508990665073
0.9758035878078557
0.9754673657074082
0.9749572834652662
0.9742370703988026
0.9738392439254625
0.9734602604591537
0.9726586224438104
0.9722075921660428
0.9719064133010739
0.9711141038769502
0.9705882704232027
0.9702589015337685
0.969589843708357
0.968918242219752
0.9685928235093787
0.9680325800146182
0.9672555804316806
0.9669418774839349
0.9664168623266546
0.9656497269706087
0.9652821770929291
0.9647629478419839
0.9640444529823504
0.963566472718128
0.963138203736811
0.9624011288913698
0.9618471949835979
0.9615323752493661
0.9607429758950872
0.9601847770662268
0.9598748004998544
0.9591261723030486
0.958501145222599
0.9581650201949008
0.9575568489446618
0.9567953494552918
0.9564541169336949
0.9559824966806063
0.9551325566936988
0.954786475809064
0.9543470509891109
0.9535410541956637
0.9530943423853094
0.9526912283295018
0.9519810342321481
0.9513868388038738
0.9510669456000174
0.9503971283962628
0.9497499910999769
0.949467022869674
0.9488004685700389
0.9481592026936579
0.9478435888400883
0.9472393162621658
0.9465739001316524
0.946200140053038
0.9457336123662945
0.9449868987453854
0.9446164970253157
0.9442355215316868
0.9434483197909103
0.9430527686280408
0.9427151705638445
0.941985221910029
0.9414795646791306
0.9411877609643727
0.9405659981684534
0.9399467588611915
0.9397014013241286
0.9391534589112378
0.938484159607423
0.9382343407701009
0.9377399494796027
0.9370903487547206
0.9367592377174004
0.9363542828943829
0.9357192021057824
0.9353406994870084
0.9350115136509586
0.9343732798122685
0.9339739667600023
0.9336968499631584
0.9330723773402781
0.9326382723821328
0.932384210302938
0.93182635157495
0.931331171179322
0.9311116374791815
0.9306355231825009
0.9300734493757201
0.9298735432477726
0.9294787580206787
0.9288929088652054
0.9286438860643422
0.9283388077426071
0.9277676335276007
0.9274641698260699
0.9272264415123742
0.9266999078390391
0.9263443236617885
0.9261523410311818
0.9256797334951696
0.9252894847454476
0.9251005518777342
0.9246924282877377
0.9242793324079691
0.9241050470044475
0.9237471840332071
0.9233205701457732
0.9231600942169415
0.9228566191316256
0.922431206399857
0.9222440860012949
0.9220129875512177
0.9215872618886355
0.9213738290530661
0.9212137764685582
0.9208039863616045
0.9205576080716695
0.9204525414879285
0.9200912940286299
0.9198166753846685
0.9197091873759538
0.919433980841885
0.9191255021012017
0.919021170594335
0.9188143728559012
0.9184938748204873
0.9183964985008498
0.9182324672024912
0.9179433882800204
0.9178273424912047
0.9176924977095565
0.9174437410965203
0.9173060050614165
0.9172150054619451
0.9169884928386249
0.9168336606082171
0.9167986643055155
0.9165864704094185
0.9164431008929665
0.9164139202628652
0.9162501350371999
0.9161034523023818
0.9160756519993978
0.9159757250912407
0.915812359126667
0.9157898034944354
0.915749099441517
0.9155927895388706
0.9155734650082001
0.9155531716129546
0.9154395251946682
0.9154123014823679
0.9154070470282606
0.9153434716695726
0.9152950573843035
0.9153243471979043
0.9152887531345093
0.9152554599372061
0.9152952846155377
0.9152799227975094
0.9152731184469182
0.9153203950663706
0.9153288349086538
0.9153407980207147
0.9153875084359987
0.9154393502219799
0.9154598494981868
0.9155227030874479
0.9155944486953816
0.9156322980577354
0.9157154878187572
0.9157980402100943
0.9158659163552444
0.9159511135882235
0.9160507784468579
0.9161491326864479
0.9162494937234011
0.9163572110165057
0.9164762610220699
0.9165979462804948
0.9167238907591704
0.9168498166194516
0.9170014006070859
0.9171324400492966
0.9172749605280364
0.9174512327937583
0.9176023125306765
0.917746183187142
0.9179431122721503
0.9181212753851066
0.9182723977111722
0.9184829453468397
0.9186843018797304
0.9188452141611079
0.9190656286777716
0.919301848184225
0.9194681490389887
0.9196912392483909
0.9199562858267896
0.9201444408280108
0.9203633893006387
0.9206548640424322
0.9208602280058208
0.92108286736388
0.9213902903212214
0.9216326445835458
0.9218427867951923
0.9221633943822215
0.9224414471245602
0.9226522621414788
0.9229786828484314
0.9232866756906614
0.9235036166475608
0.9238305121508407
0.9241761014472203
0.9244030545199262
0.9247159924579959
0.9250954722872393
0.9253451029621541
0.925638649035973
0.9260511699844047
0.9263204236544229
0.9266017753662614
0.9270316527239656
0.9273478055613088
0.9276037120096698
0.9280372758598926
0.9284016385455978
0.9286510481251882
0.9290707894958861
0.9294807021044963
0.9297338957683657
0.9301339829874571
0.9305874760321691
0.9308606097222418
0.9312306568802853
0.9317127691199824
0.93201605205206
0.932362100807195
0.9328621811323767
0.9331924053845485
0.9335228954452881
0.9340284178239302
0.934411205744864
0.9347106378705672
0.9352189823557563
0.9356487236796387
0.9359305192737698
0.9364277682793074
0.9369018604706355
0.9371795283330856
0.9376466554690546
0.938169310389279
0.9384751642797275
0.9388822047481044
0.9394495690331224
0.939790969086125
0.9401494443506822
0.9407378055351154
0.94111056636539
0.9414503002237495
0.9420184978737256
0.9424551051464148
0.9427787879644428
0.9433132880995857
0.9438122182098416
0.9441202245177996
0.9446334152489851
0.9451730644317172
0.9454658921347232
0.9459672466586996
0.9465244483767461
0.9468505560764892
0.9473000306838845
0.9478855564293126
0.948257998670739
0.9486355498974985
0.9492617126697271
0.9496610666067239
0.9499888393388422
0.9506184550144804
0.9510643765158534
0.9513814736378374
0.9519561094977185
0.9524748968052297
0.9527947004451959
0.953296687724874
0.9538906957950579
0.9541924170037577
0.954659420228398
0.9552715950862113
0.9555995908812167
0.956039005928158
0.956632016926652
0.9570228274208822
0.9574132812592996
0.9580045612186676
0.9584454549389347
0.9587685933293825
0.959378092819449
0.9598431637529363
0.9601394689364853
0.9607324604472786
0.9612274124691625
0.9615379622982998
0.9620566850035613
0.962626058875102
0.9629300166301863
0.9633687808680041
0.9639970444907452
0.9643091940585704
0.9646969528166948
0.9653230264810456
0.9656839537652823
0.9660430193135421
0.9666226458076955
0.9670641433086254
0.9673716299982299
0.9679154137850084
0.9684095308353119
0.9686848668522384
0.9692094942357204
0.9697107443011876
0.9700008714540537
0.9704879405244045
0.9710081158020133
0.9713145709523974
0.9717346938789793
0.972291509655722
0.9726078684851376
0.972960070243041
0.9735449172873278
0.973875468170303
0.974188969105377
0.9747570793557183
0.9751472807842615
0.9754141914353771
0.9759316027394237
0.9763919143139377
0.9766276306995283
0.977084913369966
0.9775825341438926
0.977827004217777
0.9782298723239976
0.9787399605589281
0.9790166979949861
0.9793649345133835
0.9798670574574257
0.9801757809172328
0.9804779894776381
0.9809674795743006
0.9812883903461235
0.9815679262029646
0.9820392276770308
0.9823932275865866
0.9826342617378494
0.9830842606758166
0.983475778125003
0.9836811088638054
0.9840929742993114
0.9845111169215666
0.9847094156129651
0.9850612201959138
0.9855065599685793
0.985735573600757
0.9860058029642423
0.9864656208880681
0.9867329642679725
0.9869427401151567
0.9873831813982721
0.9876675382542534
0.9878714476912703
0.9882506830617194
0.9885736302849868
0.9887757000518081
0.9890970536557121
0.9894546508079083
0.9896376338143972
0.9899351224132651
0.9902899245140743
0.9904506953596027
0.99074157178047
0.9910742135144694
0.9912586598832159
0.9914974073388475
0.9918322761361397
0.9920560299273908
0.9922126976206858
0.992570531022414
0.9927941884099142
0.9929126338106613
0.9932473073641306
0.9934832841720331
0.993614985520087
0.993865460630809
0.994146376133664
0.994295342079034
0.9944636784946004
0.9947787100208035
0.9949053994620396
0.995061610101955
0.9953414549518732
0.9954762265810612
0.9956400999736525
0.9958527711409937
0.9960370178123541
0.9961672555786107
0.9963619632209881
0.9965603375247774
0.9966343614204607
0.9968516918079284
0.9970218188554572
0.9970840944936
0.9972864786066624
0.9974416658751433
0.99753867930444
0.9976602480936867
0.997856662834785
0.9979478482662442
0.9980034131833205
0.9982246976758238
0.9982983744558604
0.9983468979825565
0.9985180141507645
0.9986179818114559
0.9986827980973707
0.9987732332558652
0.9989202921742134
0.9989631027869844
0.9990203961152719
0.9991678734997804
0.9991876068135352
0.9992581829050936
0.9993474168338986
0.999395511705251
0.9994567256785417
0.9995148786841568
0.9995815277055456
0.9995977476584477
0.9996716924382382
0.9997205175899851
0.9997006638742514
0.9997856020364367
0.9998101279080263
0.9997994237314457
0.9998450039363437
0.9998882894036111
0.9998784995490647
0.9998628726116313
0.9999382100363494
0.9999136037771452
0.9998655532209367
0.9999218763707175
0.9999112547667581
0.9998614226710413
0.999866661534729
0.9998847906443907
0.9998333296234831
0.9997932405701714
0.9998216676050683
0.9997608263687225
0.9997049284167534
0.999701073376687
0.9996542979916367
0.9995928932563263
0.9995628333008518
0.9995223835211422
0.9994482433480518
0.9994144693913184
0.9993629315543069
0.9992680707908865
0.9992262879955228
0.9991713571123976
0.9990591709437315
0.9990020142031097
0.998962111503388
0.9988361557087027
0.9987496098352392
0.9987286280777746
0.9985992712509351
0.9984750843797664
0.9984380764992271
0.998341461348079
0.9981780671445794
0.9981188911398576
0.9980525077551106
0.9978725959999332
0.997789723293611
0.9977266717932303
0.9975602439450308
0.9974367917979771
0.9973587364775814
0.9972199742045512
0.9970589571321123
0.9969799720390056
0.9968432286361506
0.996669136309519
0.9965996884447211
0.996441298559944
0.9962730167614949
0.9961776260795829
0.9960301498723705
0.9958441088439371
0.9957222175049396
0.9956150134580745
0.9953870711738091
0.9952579576414059
0.9951819654301215
0.9949322042424491
0.994785368631914
0.9946965443359187
0.9944854411013135
0.994283869732639
0.9941822052888314
0.9940244209268859
0.9937641015719176
0.993673440122042
0.9935273129572099
0.993263394303459
0.9931495313136374
0.9929940347670075
0.9927643730704538
0.9925962017836529
0.9924544970022036
0.9922362350360614
0.9920294837120114
0.9919289610117189
0.9916805246128453
0.9914781906600347
0.9913770015282968
0.9911228112859454
0.9909171222324854
0.9907875059657414
0.9905795799178607
0.9903226868850238
0.9901911131557577
0.9900382038752662
0.9897287217285966
0.9896005959360547
0.9894629419966403
0.989157320336577
0.9889957617927017
0.9888545531386869
0.9885977730870418
0.9883644043352837
0.9882520956990335
0.988022801964687
0.9877503185396391
0.9876518331800137
0.9874222707312983
0.9871598614829787
0.9870338860630087
0.9868146879129627
0.9865609867028005
0.9863985701158375
0.9862251800884373
0.9859467638837935
0.9857750299538456
0.9856372204948399
0.985331497098662
0.9851622752740288
0.9850265100967669
0.9847356885862267
0.9845283268020487
0.9844051202605899
0.9841583097914889
0.9838941321918053
0.983787657459954
0.9835786478948446
0.9832820361401029
0.9831716069691087
0.9829813413170093
0.9826907984502374
0.982539615165642
0.9823820040960651
0.9821086786775093
0.9819164555760604
0.9817905326740431
0.9815240043313657
0.9813195505367867
0.9812006458841347
0.9809406431594301
0.9807252245069518
0.9806067549643541
0.9803683381977928
0.9801330650187575
0.9800171786272555
0.9798123352414713
0.9795499328202277
0.9794405033418898
0.9792630439377296
0.9789847643888901
0.9788555081407228
0.9787151596718505
0.9784395442006562
0.9782752382975198
0.9781673628612395
0.9779119221680845
0.9777187457959108
0.9776229954201102
0.9773975740981868
0.9771785325634323
0.9770785817661001
0.9768872692594724
0.9766548260626897
0.9765449343672178
0.976381784935717
0.9761470886981831
0.9760364339795513
0.9758869098881761
0.9756585624197196
0.975531392924652
0.975407329741803
0.9751815328833028
0.9750332451930384
0.9749401837380777
0.9747174361846901
0.9745559015714514
0.9744846433160597
0.9742783294506442
0.9740997548845557
0.9740271966643149
0.9738615630553052
0.9736613080827721
0.9735759841869781
0.973454785648582
0.9732397903684942
0.9731532442458661
0.9730514123393612
0.9728498688752971
0.9727470572911988
0.9726553467640873
0.9724822647692207
0.9723542316381404
0.9722756718147079
0.9721224954293337
0.9719800287133304
0.9719240058530121
0.9717746237941198
0.9716341957895377
0.9715819676783142
0.9714492011504838
0.9713107154834023
0.9712443498677907
0.9711488160414545
0.9709964222451191
0.970928932165916
0.9708667581649273
0.9707073806517325
0.970637528189068
0.9705911286498609
0.9704500904856921
0.9703671067234224
0.970321471465627
0.9702156893946661
0.9701097259123496
0.9700781012974287
0.9699936207844406
0.9698807717335063
0.9698566483543631
0.9697823850348084
0.9696844502408888
0.9696499692949087
0.969589163441775
0.9695034953684726
0.9694601624709028
0.9694229497678039
0.969338292902976
0.9692935224627298
0.9692765209288431
0.9691937413058896
0.9691552790797278
0.9691392959743622
0.9690755740985284
0.9690301887713684
0.969020905193857
0.9689814622136396
0.9689258388689784
0.9689232660803834
0.968903524586687
0.9688502734544078
0.9688484446631304
0.9688372562298923
0.9687981644590877
0.9687905962728109
0.9687908076498039
0.9687671973574792
0.9687529448538658
0.9687662719519783
0.9687519332631899
0.9687451200427472
0.9687601438577815
0.9687547601888565
0.9687548646060458
0.9687740595796337
0.9687786991141738
0.9687841540770114
0.9688053340705728
0.9688236380943577
0.9688337638566051
0.9688609115002873
0.9688855201618223
0.9689030118127412
0.968934104259241
0.9689662223392018
0.968994174764482
0.9690255773784202
0.969064246003446
0.9691030743862671
0.9691417594568295
0.9691810383091257
0.969229427157606
0.9692744818863942
0.9693185059495534
0.9693728203885331
0.9694279742104842
0.9694730946639505
0.9695333349477029
0.969599107837771
0.9696513690254421
0.9697105812106508
0.9697865146052435
0.9698459121653478
0.9699080071840004
0.9699912081203116
0.9700585515419369
0.970122113242319
0.9702103427622442
0.9702918083776585
0.9703548901754042
0.9704455010488479
0.9705381708299572
0.9706066100071203
0.9706970697168342
0.9708021093313869
0.9708741017402244
0.9709644238647902
0.9710793889998598
0.9711622974846931
0.9712470241667452
0.9713701267361904
0.9714628151460515
0.9715477124085544
0.9716752206199011
0.9717800336884987
0.9718624182666195
0.971993145967983
0.9721138354490648
0.9721938401033925
0.9723243624254739
0.9724570221086128
0.972541356969813
0.9726677339842246
0.9728144013256601
0.9729049025333816
0.97302263076979
0.9731823698262296
0.9732870519725345
0.9733911512932779
0.9735600218981247
0.973676375178002
0.9737780535380152
0.9739446779109333
0.9740790428152831
0.9741792795499105
0.9743376291142664
0.974494770270348
0.974594076564047
0.9747442232838764
0.9749157642505897
0.9750171977721194
0.9751644473722354
0.9753430916031519
0.9754535034009633
0.9755928541117436
0.9757773892501871
0.9759076130026685
0.9760272527260349
0.9762236130906248
0.9763648705818707
0.9764729366026347
0.9766744671899085
0.9768287977408978
0.9769337667987772
0.9771245004261634
0.9773023259211167
0.9774115741243481
0.9775787201186207
0.9777824288939283
0.9778922928320235
0.9780452341979631
0.9782615283623907
0.9783783877455209
0.978525168815049
0.9787354905253985
0.978879011647405
0.9790125701948083
0.9792170260081656
0.9793827662206586
0.9795011298976004
0.979707678423445
0.9798853355843757
0.9799950402611566
0.9802007818806268
0.9803871178602221
0.9805059369847428
0.9806906087640613
0.980897291898155
0.9810209249628162
0.9811794739849766
0.9814102629624275
0.981535405633752
0.9816759461758594
0.9819123486741257
0.9820562486615867
0.9821857904012862
0.9824083102143193
0.9825817225313594
0.9826991016346395
0.9829044080312113
0.9831047008772231
0.9832100148048296
0.9834060989659856
0.9836145344715976
0.9837295559241703
0.9839117680112347
0.9841229761467382
0.9842517990797492
0.9844140722715893
0.9846342077218225
0.98477059362577
0.9849111741470342
0.9851405143697336
0.9852857744051132
0.9854134939639247
0.9856405666701923
0.9858036215525381
0.9859199914620163
0.9861310163422575
0.9863226060227185
0.9864250081706017
0.986614712720757
0.9868263063358751
0.9869337166194525
0.9870989257785028
0.987319904954599
0.9874427685824926
0.9875859978724442
0.9878063819411989
0.9879467533480786
0.9880708635957168
0.9882836505487761
0.9884373832907934
0.988554976236134
