1.00000001039
0.999952272291
0.999809643483
0.999571979438
0.999239346288
0.998811818048
0.998289465533
0.997672428639
0.996960801537
0.996154756611
0.995254462115
0.994260132981
0.993171961437
0.991990201738
0.990715093054
0.989346912436
0.987885960274
0.986332544934
0.984687000421
0.982949670955
0.981120937014
0.979201183847
0.977190836938
0.975090313016
0.97290006639
0.970620537777
0.968252242491
0.96579566804
0.963251330574
0.960619774974
0.957901564545
0.955097262331
0.952207449749
0.949232753631
0.9461737888
0.943031185246
0.939805616353
0.936497743549
0.933108258311
0.929637867898
0.926087275024
0.92245723557
0.918748487039
0.914961790121
0.911097941538
0.907157713489
0.903141923092
0.899051379167
0.894886920417
0.890649388994
0.886339662269
0.881958583181
0.877507058142
0.872985971003
0.868396230913
0.863738761224
0.859014488924
0.85422435384
0.849369319265
0.844450339712
0.839468387577
0.834424447594
0.829319514721
0.824154590929
0.818930683351
0.813648822475
0.808310028124
0.802915357247
0.7974658361
0.791962525046
0.786406498655
0.780798823422
0.775140571393
0.769432839863
0.763676708448
0.757873284262
0.752023672046
0.74612898538
0.740190344752
0.734208866135
0.728185684664
0.72212194635
0.716018780695
0.709877347172
0.703698793204
0.69748427285
0.691234946521
0.684951983539
0.678636548423
0.672289812037
0.665912969404
0.659507183187
0.653073650586
0.646613555216
0.64012808275
0.633618446317
0.627085832173
0.620531447023
0.613956482321
0.607362151285
0.600749657172
0.594120210495
0.587475024785
0.580815298736
0.574142255055
0.567457096912
0.560761066646
0.554055363971
0.547341210377
0.540619834709
0.533892444944
0.52716026235
0.520424510884
0.513686401622
0.506947149766
0.50020797782
0.493470109891
0.48673475994
0.480003134788
0.473276463155
0.466555951762
0.459842818251
0.453138274833
0.446443537423
0.439759808451
0.433088298218
0.42643021032
0.419786740679
0.413159079081
0.406548417522
0.399955945846
0.393382864641
0.386830364421
0.380299628997
0.373791847611
0.367308192336
0.360849832561
0.354417947525
0.348013693009
0.341638218675
0.335292679446
0.328978242131
0.322696048469
0.316447241463
0.310232952935
0.30405431765
0.29791246936
0.291808530328
0.285743627129
0.279718866659
0.273735357611
0.267794207737
0.26189650731
0.256043350046
0.250235809417
0.244474968291
0.23876190744
0.233097704961
0.227483432756
0.221920159594
0.216408946883
0.210950848069
0.20554691138
0.20019818701
0.194905706415
0.189670503422
0.184493620265
0.179376108244
0.174319008768
0.169323360469
0.164390208799
0.159520600573
0.154715578725
0.14997619394
0.145303504979
0.140698573586
0.136162472547
0.131696296797
0.127301142629
0.122978130516
0.118728398435
0.114553105005
0.110453445992
0.106430646858
0.102485968044
0.0986207152962
0.0948362382717
0.0911339139075
0.0875151864717
0.0839815637249
0.0805346194181
0.0771760124474
0.073907515011
0.0707309957839
0.0676484355609
0.0646619441012
0.0617737620371
0.0589862026388
0.056301727773
0.0537229407382
0.0512525696484
0.0488934496738
0.0466484687903
0.0445205573317
0.0425126318682
0.0406275161357
0.0388678403372
0.0372359166835
0.0357336014506
0.0343621345166
0.033121969012
0.0320125980603
0.0310322131947
0.0301776745671
0.0294445408848
0.0288270017342
0.028317956937
0.0279092092836
0.027591677706
0.0273556203538
0.0271909437315
0.0270874850369
0.0270351315242
0.027023985285
0.0270448053382
0.0270890212167
0.0271488261396
0.0272172072155
0.0272879430843
0.0273556870583
0.0274159322303
0.0274649961656
0.0274999770311
0.0275186700293
0.0275196714934
0.0275023297879
0.0274667385238
0.0274136936844
0.027344492979
0.0272612469478
0.0271668167486
0.0270648113854
0.0269596144184
0.0268564405417
0.0267612981382
0.0266809950939
0.0266231241299
0.0265959971552
0.0266083113876
0.0266692835656
0.0267884863924
0.0269755920156
0.0272401308135
0.0275911953772
0.0280372130299
0.0285857160489
0.0292431350571
0.0300146597838
0.0309041321813
0.0319140777725
0.0330458038738
0.0342995048801
0.035674419633
0.0371689289185
0.0387807526897
0.0405072058066
0.0423452979596
0.0442918504497
0.0463436128474
0.0484973371359
0.0507498200129
0.0530979467115
0.0555387227112
0.0580692646121
0.0606867821577
0.063388651663
0.0661723817289
0.0690356108637
0.0719760988201
0.0749917305454
0.0780804883558
0.0812404519161
0.084469789958
0.0877667470831
0.0911296260501
0.0945567983117
0.0980466952789
0.101597796456
0.10520862608
0.108877751906
0.112603773239
0.116385324362
0.120221065243
0.124109676699
0.12804988378
0.132040424243
0.136080051794
0.140167539739
0.14430166788
0.148481226564
0.152705014003
0.156971838402
0.161280510184
0.165629848409
0.170018687282
0.17444587119
0.178910235615
0.183410630075
0.187945896685
0.19251489016
0.197116473331
0.201749507842
0.206412851546
0.211105367061
0.215825921051
0.220573370925
0.225346588902
0.230144428505
0.234965757558
0.239809436618
0.244674348597
0.249559363567
0.254463348968
0.259385184349
0.264323732902
0.269277879725
0.274246493382
0.279228455625
0.284222633371
0.289227909806
0.294243162805
0.299267275941
0.304299128837
0.309337601316
0.314381574216
0.319429949631
0.32448161132
0.329535464565
0.334590395922
0.339645309512
0.344699108566
0.349750691069
0.354798962936
0.359842830316
0.364881202058
0.369912997994
0.374937147568
0.3799525654
0.384958189897
0.38995294408
0.394935772245
0.399905619975
0.404861432286
0.409802162226
0.414726766724
0.419634209673
0.424523458616
0.429393487348
0.43424327698
0.4390718058
0.443878072943
0.448661075631
0.453419825239
0.458153342116
0.462860641996
0.467540748329
0.472192705776
0.476815546882
0.481408317058
0.485970077957
0.490499887694
0.494996831849
0.499459985782
0.503888452854
0.508281329114
0.512637725039
0.516956760873
0.521237572554
0.525479292972
0.529681069936
0.533842061608
0.537961442869
0.542038374012
0.54607205853
0.550061687282
0.554006461449
0.55790560653
0.561758358007
0.565563966195
0.569321681585
0.573030776888
0.576690525672
0.58030022066
0.583859146022
0.587366641865
0.590821998847
0.59422457978
0.597573721968
0.600868793341
0.604109164678
0.607294241667
0.610423410794
0.613496074244
0.616511680506
0.619469655597
0.622369451772
0.625210543735
0.62799241095
0.630714535328
0.633376434448
0.635977616393
0.638517641648
0.640996033517
0.643412365609
0.645766214183
0.648057179396
0.65028485174
0.652448858555
0.654548834664
0.656584427344
0.658555294674
0.660461114366
0.662301568734
0.664076380539
0.66578526263
0.667427955506
0.66900420213
0.670513778747
0.671956458329
0.673332030106
0.674640303666
0.675881108533
0.677054291482
0.678159681489
0.67919716506
0.680166613652
0.681067929802
0.681901017592
0.682665810312
0.68336224839
0.683990292348
0.684549906302
0.685041089654
0.685463826022
0.68581813624
0.686104044739
0.686321595295
0.686470854581
0.686551879329
0.686564759772
0.686509596462
0.686386504395
0.686195609914
0.6859370557
0.685611006753
0.685217615484
0.684757078943
0.684229597199
0.683635371179
0.682974627131
0.682247597782
0.681454530241
0.680595701521
0.679671374013
0.678681838859
0.677627409262
0.676508388761
0.675325131464
0.674077948122
0.672767200441
0.671393247587
0.669956480214
0.668457272655
0.666896027369
0.665273152497
0.663589080454
0.661844244618
0.660039083057
0.658174062152
0.65624963855
0.654266298299
0.652224545205
0.650124856906
0.647967760447
0.645753757849
0.643483394864
0.641157200448
0.638775727506
0.636339539956
0.633849195821
0.631305288481
0.628708405759
0.626059140134
0.623358108182
0.620605910331
0.617803174778
0.614950523479
0.612048603539
0.609098056634
0.606099533929
0.603053706999
0.599961231675
0.596822795979
0.59363907949
0.590410781951
0.587138591996
0.583823216477
0.580465376416
0.577065789075
0.57362517068
0.570144253894
0.566623762749
0.563064442211
0.559467025269
0.555832272643
0.55216094409
0.548453803663
0.544711617761
0.540935168184
0.537125225149
0.533282567013
0.529407965244
0.525502221766
0.521566111641
0.517600427488
0.513605983371
0.509583575881
0.505534001713
0.501458084417
0.497356615815
0.493230427931
0.489080327756
0.484907131545
0.48071165693
0.476494728514
0.472257175139
0.467999813507
0.463723463714
0.459428959386
0.455117127454
0.450788794297
0.446444802771
0.442085977662
0.437713161995
0.433327179223
0.428928862982
0.424519050889
0.420098561911
0.415668229202
0.411228880771
0.406781347394
0.402326466666
0.397865055612
0.393397944957
0.388925963884
0.384449934041
0.379970681344
0.375489030007
0.371005800367
0.366521803007
0.362037860866
0.357554781595
0.353073370074
0.348594427557
0.344118748525
0.339647143714
0.335180408721
0.330719344671
0.326264735099
0.321817383171
0.317378060034
0.312947549925
0.308526624204
0.304116053423
0.299716599184
0.295329025063
0.29095408695
0.286592537672
0.282245120614
0.277912573071
0.273595637388
0.269295045908
0.265011533901
0.260745821538
0.256498633167
0.25227067854
0.248062657087
0.243875259094
0.239709168115
0.235565060702
0.231443610105
0.227345498404
0.223271395889
0.219221964529
0.21519786439
0.211199742538
0.2072282405
0.203283982962
0.199367594175
0.195479692069
0.191620877261
0.18779176351
0.183992948821
0.180225021739
0.176488562698
0.172784147233
0.169112349461
0.165473738679
0.161868872715
0.158298308027
0.154762592343
0.151262256325
0.147797817435
0.144369791347
0.140978679677
0.137624972291
0.134309176115
0.131031803831
0.127793349427
0.124594311999
0.121435189921
0.118316458026
0.115238574366
0.112202005896
0.109207211507
0.106254644772
0.10334475454
0.100477993282
0.0976547997144
0.0948756138527
0.0921408697411
0.0894510117327
0.0868065045128
0.0842078089832
0.0816553991665
0.0791497635283
0.0766913789259
0.0742806566413
0.071918037777
0.0696039606189
0.0673388562385
0.0651231607869
0.0629573982068
0.0608420744071
0.0587777088454
0.0567648506372
0.054804062337
0.0528958201094
0.0510406393236
0.0492390465826
0.0474915666636
0.0457987200523
0.0441610432418
0.0425790600271
0.0410532817907
0.0395842013331
0.0381722906494
0.0368179653002
0.0355215963405
0.0342835027542
0.0331039308851
0.0319830424853
0.0309207933531
0.0299169690306
0.0289712090265
0.0280829469135
0.0272513909699
0.0264755758006
0.0257543370927
0.0250862390294
0.024469610646
0.0239025559509
0.0233828531362
0.0229079371869
0.0224751021458
0.0220814447369
0.0217238980778
0.0213992671357
0.0211042672917
0.0208355674894
0.0205898300231
0.0203637468426
0.0201540908774
0.0199577789536
0.0197718445468
0.0195934815641
0.0194200663113
0.0192491216369
0.0190781221043
0.0189047944597
0.0187270329081
0.0185428765793
0.0183505263687
0.0181485025839
0.017935440714
0.0177101249756
0.0174715097972
0.017218704638
0.0169508039734
0.0166670566524
0.0163668549882
0.0160496988746
0.0157151906187
0.0153630082774
0.0149929191735
0.0146047832844
0.0141985443226
0.0137742320073
0.0133321458298
0.0128727807007
0.0123967646592
0.0119049613334
0.0113985261976
0.0108786461986
0.0103466311776
0.00980430776665
0.00925395158445
0.00869842451842
0.00814169471849
0.00758936183286
0.00704859608774
0.00652902878034
0.00604356220784
0.00560898326803
0.0052460480563
0.00497921539839
0.004833390467
0.00482839394516
0.00497314493866
0.00526337960416
0.00568408876354
0.00621529546329
0.0068370222849
0.00753200036612
0.00828660133567
0.00909016091825
0.00993451729587
0.0108134414989
0.0117221001139
0.0126564205382
0.0136132186053
0.014589910242
0.0155843202882
0.0165946001602
0.0176194326179
0.0186576145279
0.0197080348895
0.0207697068724
0.0218417387179
0.02292321804
0.0240132946183
0.0251111874108
0.0262161464419
0.0273274456008
0.0284443941594
0.0295663196484
0.030692553798
0.0318224380972
0.032955319181
0.0340906177109
0.0352278052065
0.0363663272379
0.037505643833
0.0386452301646
0.0397845283631
0.0409229330586
0.0420598770151
0.0431947884812
0.0443270912207
0.0454562414439
0.0465817791343
0.0477032023992
0.0488200166363
0.0499317383061
0.0510378824467
0.0521379311987
0.0532313889022
0.0543177648966
0.0553965672869
0.0564673101453
0.0575295222601
0.0585827286344
0.0596264539041
0.0606602252584
0.0616835776834
0.0626960914348
0.0636973435358
0.0646869157171
0.0656644002092
0.0666293955297
0.0675814528159
0.0685201338025
0.0694450079086
0.0703556447215
0.0712516132984
0.0721325435382
0.0729980779915
0.0738478511363
0.0746815089723
0.0754987117071
0.076299100832
0.0770823192973
0.0778480251795
0.0785958875271
0.0793255764478
0.0800367728544
0.0807291631436
0.0814024428209
0.082056307776
0.0826904632064
0.0833046350506
0.0838985749266
0.084472038444
0.0850247914815
0.0855566151416
0.0860672867213
0.0865565492897
0.0870241754924
0.0874699414404
0.087893627002
0.0882950279329
0.0886740009951
0.0890303917135
0.0893640580387
0.089674875596
0.0899627316636
0.0902274886875
0.0904690366868
0.0906872771035
0.0908821271447
0.0910535102785
0.0912013627341
0.0913256304518
0.0914262698307
0.0915032493883
0.0915565527533
0.0915861915396
0.0915921906804
0.0915745922072
0.0915334571809
0.0914688629657
0.0913808722576
0.0912695576117
0.0911350156709
0.0909773548041
0.0907966960749
0.0905931926017
0.0903670250727
0.0901183813868
0.0898474735135
0.0895545352708
0.0892398103041
0.0889035514616
0.0885460411047
0.0881675843715
0.0877685083992
0.0873491560192
0.0869098782953
0.0864510559068
0.0859730925218
0.0854764110588
0.0849614693987
0.0844287745367
0.0838788560121
0.0833122746478
0.0827296313637
0.0821315496983
0.0815186337055
0.0808915403887
0.0802509604157
0.0795976117946
0.0789322517891
0.0782557097573
0.0775688482075
0.0768725656411
0.0761678129905
0.0754555871055
0.0747369042507
0.0740128378067
0.0732845139346
0.072553109948
0.0718198562625
0.0710860234908
0.0703529338211
0.0696219678347
0.0688945542403
0.0681721795951
0.0674564185619
0.0667489201919
0.0660513787334
0.0653655594494
0.0646932902259
0.0640364073402
0.0633967670301
0.0627762919499
0.0621769302053
0.0616006535937
0.0610494844274
0.0605254947567
0.0600307373511
0.0595672634499
0.059137111981
0.0587422882049
0.0583847536043
0.0580664107966
0.057789092587
0.0575545395317
0.0573643681749
0.0572200228446
0.0571228163197
0.0570738995669
0.0570742367871
0.0571246280764
0.0572257943169
0.0573782236713
0.0575822119893
0.0578378696688
0.0581451123982
0.0585035635328
0.0589126914095
0.0593717906529
0.0598799807346
0.060436221708
0.0610394106976
0.0616883031153
0.0623815341684
0.0631176492437
0.0638951158836
0.0647123313254
0.0655676445438
0.0664593673005
0.0673857855617
0.0683451703851
0.0693357775232
0.070355859909
0.071403680433
0.0724775145743
0.0735756548503
0.0746964546224
0.0758383203444
0.0769996750682
0.0781789813054
0.0793747458808
0.0805854914666
0.0818097490243
0.0830461098101
0.0842931947015
0.0855496606566
0.0868142147566
0.0880856331828
0.0893627117833
0.0906442791974
0.091929203456
0.0932163875116
0.0945047794106
0.0957933530927
0.0970811220263
0.0983671274811
0.0996504373758
0.100930116366
0.102205264108
0.103475004855
0.104738479505
0.105994856892
0.107243379935
0.10848330023
0.109713889
0.110934442897
0.112144282089
0.113342709322
0.114529054396
0.115702666456
0.116862914271
0.118009174193
0.119140864445
0.120257412989
0.121358262206
0.122442866222
0.123510699737
0.124561253697
0.125594036799
0.126608571289
0.127604395065
0.128581065306
0.129538134739
0.130475158248
0.131391713943
0.132287384615
0.133161765002
0.134014473223
0.134845159889
0.135653474799
0.136439084486
0.137201667974
0.13794091262
0.138656485524
0.139348082316
0.140015406408
0.140658167644
0.14127609255
