0.0
0.00692095956296
0.0138199837719
0.0207207146207
0.0276185633246
0.0345116182567
0.0413987491229
0.0482781892209
0.0551492018694
0.0620101464825
0.0688597024164
0.0756966028356
0.0825195967231
0.089327420867
0.0961188217842
0.102892563644
0.109647398452
0.116382081285
0.123095385849
0.129786073734
0.13645291384
0.143094692338
0.149710186707
0.156298178515
0.162857472246
0.169386864875
0.175885164741
0.182351177829
0.188783723808
0.195181628241
0.201543727871
0.207868853123
0.214155847824
0.220403560517
0.22661086238
0.232776625415
0.238899727012
0.244979049883
0.251013488752
0.257001952843
0.262943353084
0.268836616513
0.274680668079
0.280474447515
0.286216908633
0.29190701959
0.297543751271
0.303126086352
0.308653023312
0.314123556963
0.319536717412
0.324891527512
0.330187027963
0.335422272855
0.340596325792
0.345708260132
0.350757160216
0.355742136795
0.360662292042
0.365516755836
0.370304669553
0.375025182081
0.379677469202
0.384260704352
0.388774088076
0.393216825255
0.397588133872
0.401887256168
0.406113434294
0.410265936938
0.41434404389
0.418347045215
0.422274253559
0.426124985858
0.429898590614
0.433594419781
0.437211840672
0.44075023881
0.444209018404
0.44758760114
0.450885418586
0.454101913957
0.457236564279
0.460288832911
0.463258222971
0.466144246814
0.468946437152
0.471664335513
0.474297513411
0.47684554404
0.479308039994
0.481684603666
0.48397487248
0.486178492216
0.488295119751
0.490324446632
0.492266173506
0.494120007166
0.495885689778
0.497562959956
0.4991515941
0.500651377726
0.502062122991
0.503383632888
0.504615764423
0.505758360641
0.506811313454
0.507774511192
0.508647852694
0.50943126772
0.510124687323
0.510728088224
0.511241433565
0.511664733767
0.511997990972
0.512241252087
0.51239456188
0.512457993619
0.512431634484
0.512315572166
0.51210992605
0.511814841626
0.511430469006
0.510956978979
0.510394560875
0.509743409024
0.509003766025
0.508175868228
0.507259975502
0.506256352301
0.505165295037
0.503987111428
0.502722118866
0.501370680513
0.499933127888
0.498409846071
0.49680122724
0.495107690955
0.493329646579
0.49146754123
0.489521825902
0.487492974518
0.485381482071
0.483187848393
0.48091258942
0.478556243388
0.4761193609
0.473602497144
0.471006248178
0.468331203179
0.465577965625
0.462747174829
0.459839467597
0.456855499209
0.453795940934
0.450661476745
0.44745279869
0.444170615919
0.440815660087
0.437388658019
0.433890371081
0.430321564886
0.42668301491
0.422975511673
0.419199863865
0.41535688436
0.41144740797
0.407472266254
0.403432330041
0.399328449962
0.395161511292
0.390932400025
0.386642009405
0.3822912569
0.377881054436
0.373412334776
0.368886045124
0.364303143474
0.359664591482
0.354971366741
0.350224456583
0.345424847004
0.340573543916
0.335671549184
0.330719892201
0.325719588478
0.320671678907
0.315577218879
0.310437247982
0.305252832958
0.300025041172
0.294754946107
0.289443639337
0.284092212466
0.27870175947
0.273273391522
0.267808216207
0.262307344946
0.25677190113
0.251203006093
0.245601780593
0.239969353686
0.234306880854
0.228615513975
0.222896403435
0.217150712202
0.211379601386
0.205584237108
0.199765784875
0.193925415416
0.188064293648
0.182183589795
0.176284484071
0.170368168884
0.164435825885
0.158488640752
0.15252779274
0.14655446973
0.140569878604
0.134575215739
0.128571678464
0.122560459439
0.116542752066
0.110519778126
0.104492748731
0.0984628753705
0.0924313648718
0.0863994255985
0.0803683203766
0.0743393238903
0.0683137267913
0.0622928502347
0.0562780702837
0.0502708879949
0.0442729977646
0.0382863773516
0.0323135830438
0.0263583985181
0.0204276734785
0.0145376209533
0.00874445811862
0.0034853273883
0.00422168083067
0.0096370874978
0.0153831156121
0.0211756513725
0.0269705698823
0.0327541651219
0.0385203242096
0.0442656021977
0.0499876396956
0.0556845962691
0.0613549168567
0.0669972086458
0.0726102220041
0.0781927844465
0.083743744056
0.0892619790274
0.0947463937182
0.100195922459
0.105609526528
0.110986175182
0.116324843807
0.121624522141
0.126884213899
0.132102950374
0.13727976558
0.142413699994
0.147503807035
0.152549147664
0.157548810033
0.162501887778
0.167407484447
0.172264714505
0.177072702858
0.181830581574
0.186537497485
0.191192601613
0.195795061518
0.200344049977
0.204838763945
0.209278419624
0.213662244227
0.21798947126
0.222259351656
0.226471152363
0.23062413778
0.234717596619
0.238750831537
0.242723149616
0.246633881123
0.25048236149
0.254267939902
0.257989984102
0.261647872932
0.265240994058
0.268768758643
0.272230592184
0.275625936475
0.278954243965
0.282214986864
0.28540764988
0.288531717292
0.291586701887
0.294572124994
0.297487533723
0.300332474488
0.303106520528
0.305809258295
0.308440282654
0.310999213168
0.313485688364
0.315899344404
0.318239848537
0.320506878527
0.322700131003
0.324819317599
0.3268641608
0.328834390773
0.330729766246
0.332550044867
0.334295022133
0.335964494796
0.337558282788
0.339076217747
0.340518151841
0.341883968903
0.343173541914
0.344386762424
0.345523533828
0.346583789211
0.347567465811
0.348474525915
0.349304935922
0.350058691288
0.350735797767
0.351336278644
0.351860170681
0.352307529436
0.352678417298
0.352972919185
0.353191137549
0.353333180504
0.353399190998
0.353389296121
0.353303660402
0.353142455909
0.352905874934
0.352594124567
0.352207416515
0.35174598871
0.351210093635
0.350599996756
0.349915979807
0.349158335506
0.348327366632
0.347423389655
0.34644675104
0.345397793626
0.34427688747
0.343084399198
0.341820725823
0.340486275677
0.339081468852
0.337606730732
0.336062509523
0.334449272324
0.332767477901
0.331017629121
0.329200222916
0.327315758576
0.325364763324
0.323347767448
0.321265330402
0.319117999633
0.316906354215
0.314630977359
0.312292470639
0.309891451623
0.307428537486
0.304904359617
0.302319558601
0.299674781855
0.296970697303
0.294207974714
0.291387299575
0.288509365715
0.285574880901
0.282584561522
0.279539132152
0.276439330971
0.273285900938
0.270079601764
0.266821194778
0.263511464854
0.260151193509
0.256741165177
0.253282174565
0.249775025414
0.246220526128
0.242619487381
0.238972748251
0.235281149158
0.231545544264
0.227766787214
0.223945748331
0.220083295818
0.216180289113
0.212237611559
0.208256137274
0.20423674966
0.200180340393
0.19608782351
0.191960105324
0.187798102024
0.183602733774
0.179374926594
0.175115607246
0.170825703587
0.166506154103
0.162157892045
0.157781856292
0.153378994834
0.148950269759
0.144496630074
0.140019032447
0.135518435605
0.130995801272
0.12645210453
0.121888312934
0.117305398674
0.112704326462
0.108086072195
0.103451631657
0.0988019906244
0.09413813484
0.0894610545089
0.0847717409289
0.0800712134199
0.0753604904385
0.070640598179
0.065912571092
0.0611774572663
0.0564363624098
0.0516904437175
0.0469409130991
0.0421890817835
0.0374364271909
0.0326847542749
0.0279364846268
0.023195170856
0.0184670055524
0.0137653130675
0.00912877583438
0.00474426615772
0.00262515617518
0.00602788539372
0.0105192465574
0.0151534900551
0.019824399409
0.0245051848627
0.0291855948985
0.0338605432916
0.0385269752989
0.0431827954929
0.0478263780213
0.0524563520254
0.0570715015676
0.0616707108723
0.0662529589279
0.0708172986081
0.0753627845674
0.0798885003504
0.0843935477615
0.088877044288
0.0933381234568
0.0977759267719
0.10218960581
0.106578320703
0.110941241289
0.115277581598
0.119586550845
0.12386736365
0.128119242854
0.132341425344
0.136533151249
0.140693674089
0.144822254984
0.148918159326
0.152980667526
0.157009068181
0.16100266717
0.164960769264
0.16888269695
0.17276777308
0.176615340064
0.180424753919
0.184195375988
0.187926579105
0.191617749315
0.195268278481
0.198877564539
0.202445015087
0.20597005023
0.209452101542
0.212890606072
0.21628502621
0.219634838058
0.222939520211
0.226198577457
0.229411508497
0.232577834204
0.235697075069
0.238768768163
0.241792465087
0.244767718007
0.24769411074
0.250571220151
0.25339864169
0.256175982042
0.258902863536
0.261578917278
0.264203791648
0.266777152884
0.269298672995
0.271768043802
0.27418496828
0.276549145279
0.27886029183
0.281118133008
0.283322410137
0.285472872141
0.287569290894
0.289611454262
0.291599161253
0.293532221484
0.29541046465
0.2972337299
0.299001850903
0.300714684431
0.302372107199
0.303973999516
0.305520254876
0.30701078933
0.308445511815
0.309824359861
0.311147281494
0.312414230989
0.313625183749
0.314780118574
0.315879049433
0.316921971214
0.317908924895
0.318839935234
0.319715041327
0.320534292927
0.321297760414
0.322005519278
0.322657657793
0.323254284425
0.323795523417
0.324281501952
0.324712363353
0.325088268371
0.325409376174
0.325675860666
0.325887912838
0.326045730928
0.32614952972
0.326199526043
0.326195950303
0.326139037753
0.326029046042
0.325866231077
0.325650870698
0.325383253493
0.325063677845
0.324692458679
0.324269914397
0.323796379593
0.323272180855
0.322697665317
0.322073192969
0.321399126903
0.320675843912
0.319903735491
0.319083196649
0.318214635343
0.317298470783
0.316335135216
0.315325057735
0.314268672509
0.313166434959
0.312018803203
0.310826248252
0.309589240352
0.308308255803
0.30698380051
0.305616358917
0.304206440845
0.302754557753
0.301261242415
0.299727022088
0.298152443016
0.296538054364
0.294884410971
0.293192063776
0.291461574507
0.289693502709
0.287888423466
0.28604691188
0.284169557374
0.282256960303
0.280309726302
0.278328461199
0.276313781876
0.274266298956
0.272186638563
0.270075415528
0.267933263024
0.265760809389
0.263558692784
0.261327553156
0.259068040334
0.256780797592
0.254466484504
0.252125747106
0.24975925466
0.247367666901
0.244951654458
0.242511883412
0.240049032514
0.237563768596
0.235056765446
0.23252870251
0.229980247772
0.227412085637
0.224824889504
0.222219352943
0.219596166784
0.216956015582
0.21429958943
0.211627576366
0.208940664315
0.206239540379
0.203524891602
0.200797403153
0.198057760039
0.195306651056
0.192544762085
0.189772775465
0.186991373982
0.18420123251
0.181403043783
0.178597492036
0.175785262586
0.172967037876
0.170143503046
0.167315327014
0.164483179688
0.161647727611
0.158809628158
0.155969534773
0.153128100341
0.150286002563
0.14744389277
0.144602427419
0.141762256227
0.138924026813
0.136088382103
0.13325596074
0.130427395705
0.127603318034
0.124784351737
0.121971115601
0.119164222642
0.116364276614
0.113571871086
0.110787591476
0.108012039198
0.105245821343
0.102489531499
0.0997437586655
0.0970090949717
0.0942861152202
0.0915753664636
0.0888773999408
0.0861927525308
0.083521948126
0.080865503202
0.0782239753459
0.0755978950377
0.0729877852133
0.0703941673829
0.0678175588186
0.065258461511
0.0627173753752
0.0601947962842
0.0576912166619
0.0552071223685
0.0527429808749
0.0502992451783
0.047876358416
0.0454747469912
0.043094815877
0.0407369957018
0.0384017922185
0.0360896823242
0.0338011678577
0.03153679405
0.029297126278
0.0270826118202
0.0248937842116
0.0227312235074
0.0205955590414
0.0184875153536
0.0164082211403
0.0143591858427
0.0123426154459
0.0103621312995
0.00842434042473
0.0065426746538
0.00475010355027
0.00314971032837
0.00213526660838
0.0024822944397
0.00379618697895
0.00538433362638
0.00704187472664
0.00871149351006
0.0103724622382
0.0120156268592
0.0136363854979
0.0152320997857
0.0168011479928
0.0183424738526
0.0198553467476
0.0213391273896
0.0227933532906
0.0242176783847
0.0256118214483
0.0269755505141
0.028308692854
0.0296111134639
0.0308826957796
0.0321233499812
0.033333009895
0.0345116159341
0.0356591059174
0.0367754512812
0.0378606402362
0.0389146765702
0.0399375690939
0.0409293019134
0.0418898875902
0.0428193516975
0.0437177283009
0.0445850641519
0.0454214405895
0.0462269471077
0.0470016852897
0.0477457717083
0.0484593420497
0.0491424950405
0.0497953303563
0.0504179758932
0.0510105662346
0.0515732417257
0.0521061586269
0.0526094888617
0.0530834112719
0.0535281114697
0.0539437899304
0.0543306541527
0.0546889076192
0.0550187730787
0.0553204824745
0.055594279747
0.0558404164935
0.0560591245551
0.0562506484025
0.056415242121
0.0565531658437
0.0566646837393
0.0567500929004
0.0568097032354
0.056843829111
0.0568527971547
0.0568369495352
0.056796613147
0.0567320897112
0.0566437089895
0.0565318042172
0.0563967102726
0.0562387693375
0.0560583476073
0.0558558075698
0.0556315160381
0.0553858454272
0.0551191767002
0.0548319095302
0.0545244501367
0.0541972119305
0.0538506217388
0.0534851169699
0.0531010915096
0.0526989348109
0.0522790489089
0.0518418306385
0.0513876686969
0.0509169920917
0.0504302848921
0.0499280035172
0.0494106195961
0.0488786160802
0.0483324758712
0.0477726159237
0.0471994898954
0.0466135490732
0.0460152408991
0.0454050097325
0.0447833368907
0.0441506943372
0.0435075462256
0.0428543568658
0.0421915908084
0.0415197466777
0.0408393330979
0.0401508590451
0.0394548429666
0.0387518184648
0.0380422782861
0.0373266603758
0.0366054285341
0.0358790291195
0.0351478851102
0.0344124385465
0.0336732624982
0.0329308709066
0.0321857863706
0.0314385478982
0.0306897030947
0.0299397068368
0.0291890350617
0.0284381701994
0.0276875795435
0.0269377146681
0.0261890702214
0.0254421407996
0.0246973935573
0.0239552868649
0.0232162684694
0.0224808241062
0.021749493293
0.0210227928556
0.0203012586234
0.0195854486001
0.018875900508
0.0181730113984
0.0174772243346
0.0167889542226
0.0161085699801
0.0154364158355
0.0147730811342
0.0141190988493
0.0134749917486
0.012841320661
0.0122186918821
0.0116075777497
0.0110084371197
0.0104217737771
0.00984807710357
0.00928781173171
0.00874150822144
0.00820979070491
0.00769323558744
0.00719243969412
0.00670802378091
0.0062406923686
0.00579138678093
0.0053611167256
0.00495107038235
0.004562676704
0.00419759444349
0.00385714604769
0.00354289428833
0.00325650025167
0.00299952085535
0.00277323610449
0.00257958075067
0.00242019307874
0.00229572408056
0.0022058494883
0.00214909436078
0.00212203619662
0.00211955387444
0.00213650703025
0.00216771131355
0.00220835115086
0.00225431652634
0.0023024643434
0.00235028510352
0.00239598682491
0.00243844940011
0.00247724126569
0.00251302132264
0.00254693697832
0.00258073388803
0.00261681358486
0.00265817147848
0.00270718215061
0.00276654585414
0.00283944252071
0.00292904347986
0.00303835074374
0.00317073080869
0.00332961857989
0.003517499971
0.00373633385296
0.00398755191055
0.00427180839085
0.00458866234895
0.00493783955963
0.00531888185491
0.00573120350549
0.00617417536568
0.00664726903568
0.00714992082756
0.00768158702581
0.0082417683694
0.00883001482255
0.00944597672834
0.0100893442051
0.0107598359519
0.0114572100641
0.0121812604227
0.0129316166702
0.0137078115418
0.0145095151211
0.0153363969196
0.0161881255773
0.0170644438631
0.0179652708632
0.0188904286407
0.0198397494295
0.0208130816844
0.0218102651051
0.0228309991925
0.0238750431349
0.0249421687554
0.0260321423141
0.027144722735
0.0282796394505
0.0294366156607
0.0306153720911
0.0318156202767
0.0330370635752
0.0342794593127
0.0355426013385
0.0368262464823
0.0381301570182
0.0394540999727
0.0407977974238
0.0421608576776
0.0435429454825
0.0449437133427
0.0463627983432
0.047799837707
0.0492545499251
0.0507266126309
0.0522156937017
0.0537214584963
0.0552435730328
0.0567816512534
0.0583353052942
0.0599041532751
0.0614878035426
0.0630858557138
0.0646979116944
0.0663235701855
0.0679624182084
0.069614036826
0.0712779995315
0.0729538817779
0.0746412674158
0.076339728528
0.0780488329504
0.0797681476036
0.0814972285225
0.0832356093493
0.0849828211116
0.0867383946611
0.0885018503387
0.0902727036474
0.0920504880769
0.0938347337842
0.095624959005
0.0974206799241
0.0992214120111
0.101026658293
