0.0
0.0617872507384
0.135905328042
0.132199362371
0.137193647546
0.185756706613
0.24913189289
0.265580660229
0.271186620859
0.342473730926
0.385465937444
0.390491693841
0.434655111913
0.509540951047
0.534045882004
0.525195997385
0.562195173119
0.630957610525
0.651998176894
0.658227494213
0.707591290328
0.785400775691
0.792550875884
0.831162726757
0.888725876855
0.906967767677
0.917988792594
0.960042715864
1.02973353953
1.05572985763
1.08731969703
1.1825979347
1.16890259806
1.19146109827
1.25248335
1.31158848954
1.31488642863
1.32925439568
1.39096075933
1.42331883615
1.42947389271
1.48735435078
1.55912970089
1.57334173219
1.58158992555
1.63073316728
1.68495764026
1.68191203412
1.7004587108
1.76336735634
1.83342090257
1.82486839735
1.86943992655
1.93747218284
1.93992718037
1.9677085453
2.03277542308
2.08163260304
2.08380557228
2.09866534506
2.18668600183
2.20123594364
2.24801259534
2.31471759493
2.34174441414
2.34769804548
2.37854232041
2.44137080554
2.454803635
2.45814352886
2.51847255366
2.58031158893
2.59346309922
2.62299023985
2.68778764587
2.71574209607
2.70674593822
2.73371988475
2.8143209567
2.85220485701
2.83209978411
2.86415804335
2.96025816465
2.97311813502
3.02454417972
3.07210325008
3.09108176223
3.10498591312
3.14378610324
3.20729700879
3.2235420926
3.27602498507
3.35064219857
3.34437797112
3.36305683342
3.4005035261
3.47429174411
3.47016864968
3.47774328184
3.53204229125
3.58311872145
3.59122278733
3.63628242037
3.70583703486
3.72091419892
3.7228099329
3.76539525383
3.83229976422
3.83773335853
3.83714525557
3.87420367394
3.97800056259
3.97509690274
4.04439356469
4.08052483876
4.07977776944
4.11266349284
4.17694228825
4.21278571024
4.21377891984
4.25892714129
4.32665040837
4.32446471396
4.3536647459
4.40826141918
4.46689860585
4.46517642253
4.47242702073
4.53374769242
4.56336797954
4.5660226215
4.61095067265
4.68281527701
4.69827826018
4.71379074347
4.77546163119
4.80435350526
4.80092097683
4.82695466091
4.89739098962
4.95462681152
4.92294158996
4.98517028688
5.04456425056
5.05850770165
5.0958686802
5.15215014594
5.16966696682
5.18181072085
5.22742434171
5.27477565763
5.27831674124
5.31961493586
5.38653361588
5.4102472612
5.42505766085
5.43668400335
5.51547112392
5.51179606012
5.51708525791
5.55259057363
5.63273004177
5.63569660117
5.65088437274
5.72157381368
5.74103440387
5.7471360455
5.79470790725
5.85912926018
5.87082473418
5.85263110848
5.89843210027
5.98796627677
6.00071018944
6.05810395998
6.08931897262
6.09285009324
6.11720402798
6.17165688234
6.1988770267
6.19698900295
6.24515756343
6.30084499541
6.31134877576
6.33612153048
6.382213643
6.44199604462
6.43043429903
6.42751835648
6.48007830228
6.54036676717
6.53499915482
6.53597366376
6.61965034716
6.64831262947
6.66492942757
6.72018245364
6.74373487701
6.74879272666
6.77410430334
6.83116698305
6.8880316828
6.87608105257
6.95815324184
6.97287694467
6.98796160322
6.99034205954
7.06356098217
7.07794297226
7.08527692497
7.12248192937
7.16562941708
7.16893308532
7.20457350922
7.27260230199
7.30010879565
7.30419996724
7.30967770751
7.38325142843
7.39119102599
7.3960052808
7.39116211927
7.50002057627
7.50235369195
7.50686619568
7.57223011318
7.58405534579
7.59924632157
7.6511338412
7.70114248783
7.71301574605
7.70528189956
7.77520423778
7.80997245047
7.82933448816
7.83904316924
7.90947230762
7.91439497148
7.92345269878
7.95335845543
7.99209342107
7.98565795221
8.02217322745
8.08284711365
8.10164930679
8.1175188207
8.16087278145
8.20980689079
8.19593075044
8.19833177069
8.23458338037
8.32281197998
8.29667323568
8.27564259095
8.36010044564
8.39568747087
8.41294894857
8.45551136674
8.47662167282
8.4874780792
8.51405657698
8.56526441733
8.594841281
8.60436597527
8.65927218915
8.68575756793
8.70355196519
8.68153147146
8.74924227315
8.76688968116
8.76867080545
8.77519298122
8.83930476027
8.84737752934
8.87017501289
8.92728444503
8.95451287247
8.95038485114
8.96855264195
9.03070593826
9.05321913724
9.04533716287
9.0148376419
9.13116922206
9.14589361607
9.15325738071
9.20155649629
9.20102723175
9.2216842804
9.26386769323
9.29988381217
9.30488329629
9.32138779755
9.38353236091
9.39295039887
9.41436552692
9.40339873281
9.49094683255
9.48809341572
9.48821801774
9.48012819623
9.5534398326
9.54349598763
9.5564419287
9.60771376743
9.64098419355
9.64177225849
9.68732898922
9.7235675019
9.71673799105
9.72722512963
9.75042570337
9.84438805948
9.80861379805
9.8130103694
9.87261125521
9.89450462719
9.89035144555
9.92379890855
9.95118568696
9.96147574418
9.98710800739
10.0286946168
10.0346450672
10.0522110132
10.0903792895
10.1356434311
10.1467621667
10.1250607083
10.1674581747
10.1995515862
10.1971196743
10.1656625762
10.2463774461
10.2660439837
10.2570300156
10.2980077657
10.3308819701
10.3298153787
10.3604821567
10.410422239
10.4380573751
10.4148674345
10.4103298552
10.4944670778
10.519267051
10.4932729661
10.5446368342
10.5467962404
10.5685064321
10.5760565994
10.6131110356
10.6077714274
10.6322843815
10.678788207
10.693414283
10.7122748444
10.7176385324
10.7832685566
10.7737166076
10.7732633332
10.7343265271
10.840767674
10.8269067611
10.8032857184
10.8274604919
10.8890399636
10.8848851592
10.9216590361
10.9437286493
10.9473456289
10.9612339335
10.9858354768
11.0549561858
11.0353197172
11.0450898867
11.0916485077
11.1007764427
11.0774511213
11.0880989376
11.1308563691
11.133807925
11.1396604619
11.1740809423
11.178919405
11.1957489651
11.2411311399
11.2754965129
11.27368215
11.2676938494
11.2904321058
11.337698368
11.3296431581
11.271867409
11.3378542078
11.385046435
11.3485704175
11.3800838626
11.3988120444
11.4081929943
11.4375806171
11.4745708157
11.4944676322
11.4773080135
11.5060612199
11.5473965563
11.5716841513
11.5103839002
11.5704501723
11.5832851731
11.6036473069
11.5561706108
11.6131844844
11.6010474954
11.6163327536
11.6515715031
11.6739210336
11.6806388363
11.7023393751
11.7461676178
11.7379468533
11.7383288528
11.6972840267
11.804846038
11.7906622415
11.7424235839
11.7569045281
11.8157690617
11.810846393
11.8179758508
11.8381058873
11.8475051997
11.8627971695
11.8925312659
11.9230454154
11.9248294327
11.9153665785
11.9676990503
11.9746943865
11.9574876302
11.9263652467
11.990510706
11.9812295735
11.9532259147
11.9816653989
12.0040594182
12.0077052607
12.036787772
12.0661304976
12.0599583755
12.0690545118
12.0890977306
12.1376107348
12.1206571832
12.0644690858
12.1061587485
12.1717421585
12.1110560127
12.1329029015
12.1364075578
12.1573336982
12.1624244451
12.1887977305
12.1944704173
12.1965913093
12.2283133699
12.2472105892
12.2661027314
12.222715323
12.2652925924
12.2813788742
12.2957999998
12.2016443119
12.2790464164
12.2706158342
12.2714234602
12.2613922608
12.3060237949
12.3019538719
12.3237880709
12.3524335405
12.3502499881
12.3513901975
12.3319450142
12.4106866435
12.406013732
12.344536284
12.3769293791
12.3987030755
12.3954001226
12.3511966995
12.3893953811
12.394646824
12.4064977406
12.4271415729
12.4327393404
12.4407222413
12.4435679178
12.4863808923
12.4879719005
12.4861316946
12.4294972246
12.506570914
12.4862275346
12.4389431476
12.4320595782
12.4909388057
12.4668903981
12.4629041805
12.4909215219
12.4917727708
12.5062301067
12.5290996848
12.5636015314
12.5437791646
12.5084786406
12.5440460789
12.5951971327
12.5170519585
12.5124732163
12.5314972179
12.5587968163
12.5175781777
12.5390455457
12.5345391927
12.5429255121
12.5662669175
12.5773648802
12.5873800403
12.5829081798
12.6050594234
12.6169839941
12.6194375886
12.519365785
12.5905045293
12.5992045939
12.5773817455
12.5139916493
12.5761418292
12.5730454319
12.5741652204
12.5869091615
12.59031888
12.5952089588
12.5979214767
12.6425815835
12.6501331454
12.5801757788
12.6225609949
12.6231640126
12.6327449338
12.529063208
12.5921616873
12.5843752977
12.5825345851
12.5742145982
12.5832739932
12.5850514613
12.6068942753
12.6315644844
12.6259968164
12.6301977398
12.5866921663
12.6548928465
12.6318653905
12.5883889843
12.5314707337
12.6232034359
12.5657871895
12.5401101832
12.5536233377
12.5646997879
12.5713890786
12.5876164375
12.603084041
12.5927679707
12.5774678009
12.6102039685
12.6343754911
12.5742150784
12.5333133817
12.5775748877
12.5989825729
12.5142068836
12.5245366577
12.5259343694
12.5275555338
12.5222493618
12.5362781757
12.5387731579
12.547514067
12.5660066873
12.5723042674
12.5642561477
12.4982546824
12.5384024538
12.5684788872
12.5051630033
12.4455053047
12.4872235522
12.4966596892
12.4464095178
12.454412668
12.4584655857
12.4688731536
12.4774046578
12.4944066217
12.5041783669
12.4550659223
12.4801686563
12.482920878
12.5052494062
12.3716894004
12.4433289832
12.4229467935
12.4077606973
12.344504766
12.3843438088
12.3763486007
12.3781034939
12.389854452
12.3880717187
12.3911708444
12.3777660372
12.4215218936
12.4053027109
12.3644241882
12.3041923451
12.3886458573
12.31660148
12.2551116742
12.2697660118
12.2859470849
12.2724708992
12.2676822677
12.2699015796
12.2692841767
12.2708478459
12.2843643932
12.2914402574
12.27199592
12.2219177877
12.2673530087
12.2713415607
12.1755340394
12.1548180651
12.1825276521
12.1769526688
12.114477035
12.1285936736
12.1352430394
12.1316068725
12.1438233251
12.1455440388
12.1375984308
12.1121177944
12.1268910445
12.1654143891
12.0639660382
12.038376197
12.0523938856
12.079836876
11.9634144473
11.9771384978
11.9760004779
11.9890501463
11.9785715617
11.9772871229
11.9783448018
11.9682028094
11.9787769414
11.979046129
11.9979400547
11.8879586363
11.9415931555
11.9200057898
11.9060069282
11.7795857698
11.847375695
11.8258680614
11.7852900508
11.7826867239
11.7906533588
11.7923546911
11.7941467638
11.8134220525
11.8077142669
11.7594675642
11.741353912
11.7885038556
11.7417360627
11.6210887702
11.6596116611
11.6709343042
11.638030428
11.5934004249
11.5982148104
11.5945579296
11.5957092244
11.5920273156
11.5916411185
11.5954429585
11.5707612509
11.5975633261
11.5846731281
11.5124044134
11.4570067767
11.5136764388
11.4884919242
11.3869656136
11.3827303237
11.4045202661
11.3699953431
11.3628474844
11.3610015647
11.3623677384
11.3572903881
11.3639258557
11.3931891812
11.3046005547
11.2787805255
11.2887590777
11.3253709886
11.1761017129
11.1827711896
11.1779598319
11.1887802908
11.1256956638
11.1263085086
11.1195823388
11.1250098512
11.1301044448
11.1252655113
11.1307385433
11.0730386697
11.0975727604
11.0865931299
11.0762956331
10.9308924646
10.9890549439
10.9578310068
10.8662898561
10.8614994927
10.8694927426
10.8717725078
10.861008809
10.863415517
10.8640540993
10.8264712001
10.8321008026
10.8458930347
10.8392614682
10.6972512852
10.7451190603
10.7434082748
10.7081697261
10.6043504227
10.6315613808
10.6184843675
10.5922324828
10.5721031974
10.5759091069
10.5766382987
10.574277128
10.5837689792
10.5662491338
10.5284454435
10.4674459566
10.5290947682
10.4647416407
10.3594349648
10.3505183335
10.3843668166
10.3103125316
10.2739627168
10.2711726713
10.2822699508
10.2762156176
10.2747748242
10.2854501412
10.2473238639
10.2102195187
10.220113339
10.2480967117
10.1251189513
10.1034592849
10.1039148611
10.1097419818
9.98160158798
9.98954016668
9.98641339256
9.97578330089
9.95635772823
9.95825414134
9.95540449396
9.93673413959
9.94223413343
9.94359804292
9.91758394805
9.81031717288
9.8426038799
9.8264186945
9.67797512832
9.68041153045
9.67837111594
9.68732403684
9.63500917682
9.63140428142
9.62859120845
9.6179229194
9.61309291709
9.60783693679
9.61793230136
9.52551521533
9.55456352003
9.54029093955
9.51686967626
9.36321914279
9.41483374075
9.39705436281
9.34618874726
9.28009141513
9.30110039176
9.2824637153
9.27681951551
9.27500367768
9.26522400952
9.25163751098
9.21382313569
9.25824547929
9.17853208375
9.07347507147
9.08445178998
9.11459623845
9.02547123185
8.94793228593
8.95168219124
8.96548823136
8.93886397359
8.91967475461
8.91412131313
8.90593158212
8.88927898137
8.89012079608
8.90087099112
8.83338506396
8.78669169534
8.79662011423
8.79789534957
8.65169025214
8.63003929752
8.63905788839
8.57869645773
8.53941371977
8.54696465457
8.5480382972
8.53831017349
8.5364344876
8.54338819209
8.49954854206
8.4434341278
8.46412132396
8.47890421667
8.31021921495
8.29988797049
8.2914319747
8.31465593067
8.20094156662
8.20085851731
8.18687966519
8.18176807718
8.15929935519
8.15150720183
8.15958009865
8.12941481396
8.13774104002
8.11937534994
8.10627042784
7.95771609028
8.00533290738
7.98273365542
7.90554235802
7.81285280801
7.84683442234
7.81436259759
7.77732579255
7.76708728859
7.76855430792
7.76475837753
7.74933658011
7.77404085568
7.73082817436
7.63305355918
7.64454132624
7.65930570841
7.60178086204
7.47969719981
7.49601241122
7.5018254705
7.44098586614
7.39429834544
7.39114106417
7.39085808875
7.38493910906
7.38062891106
7.3791277278
7.35364269667
7.30992841078
7.32401755549
7.31893133342
7.20576193997
7.14462947989
7.16831380004
7.04937359295
7.01139216793
7.00705543947
7.02449399398
7.00038632796
6.99218017367
6.99602566747
6.96602086493
6.94367458216
6.94808406192
6.97215313728
6.85584150059
6.82217591055
6.81460648029
6.84729605042
6.68865082812
6.68367568819
6.6658104584
6.66330761329
6.60284293641
6.60332426105
6.60292339749
6.5973697312
6.60061844104
6.58701348443
6.57994083965
6.49026625836
6.51015698714
6.48257941152
6.35992546258
6.31534791964
6.33578848026
6.32721604595
6.23281568402
6.22260350631
6.22793133893
6.22912937582
6.21813927703
6.221867345
6.21489273233
6.15877368326
6.15704203166
6.15879499159
6.15139182657
6.01418801409
6.03436316059
6.02690521732
5.96665183449
5.86977083888
5.88611195477
5.87616375433
5.84958415177
5.85131124176
5.84883373448
5.84250074582
5.82418157708
5.83767765723
5.82062098012
5.73540191998
5.69854567087
5.73249584494
5.62818546317
5.55449413094
5.53903397555
5.57667375875
5.53517167438
5.51236049779
5.50647189219
5.5014803741
5.49565515658
5.48610807684
5.49967360483
5.46709870192
5.43310146977
5.42701887032
5.45126822884
5.3151182719
5.27896454056
5.27654998965
5.28310606952
5.18223100547
5.18704225151
5.18254913181
5.1792113467
5.17937668802
5.17453447999
5.17602437757
5.14466232378
5.15564890766
5.14412953064
5.03132814663
5.01721025547
5.00718378475
5.05646460726
4.92560928587
4.91745056788
4.91306613741
4.92779837311
4.89672861926
4.88945655104
4.89002195915
4.89157362311
4.89746728978
4.89347198939
4.90946667757
4.81474779466
4.82269147178
4.8137700973
4.81034111394
4.67117083711
4.69702474512
4.65560755631
4.63577472325
4.63738559013
4.64364023412
4.65486889349
4.66211638785
4.67530742019
4.65595281337
4.60890437682
4.61390074718
4.63656771893
4.63090304826
4.5147491319
4.50861791728
4.54740258337
4.52859538907
4.46987503009
4.46194108586
4.47244030702
4.47896171619
4.47821103626
4.48725794221
4.49818303411
4.49541567418
4.4921466373
4.50192986363
4.45861901681
4.39504608772
4.41093992987
4.376688166
4.33140101948
4.32866999475
4.36366789288
4.36388762781
4.35417267891
4.35450172953
4.36851201447
4.37576719841
4.39283779198
4.40582234792
4.38438134057
4.34964088204
4.33343902959
4.41667636071
4.33788150897
4.31022618359
4.29520981301
4.34671318304
4.29719851724
4.29782660721
4.30780502564
4.33863451141
4.36275096854
4.35919074584
4.3734269208
4.35557382467
4.35986480695
4.36227205525
4.37449888249
4.3035309144
4.31905280761
4.33654996308
4.32807290374
4.30814014419
4.31852746751
4.37158845041
4.3865986735
4.39527097749
4.39281107553
4.40900269457
4.41382845996
4.4175484288
4.48107705493
4.42174810587
4.42219849104
4.4349016879
4.48937964044
4.40348240312
4.41183969137
4.44353814883
4.48024063751
4.47869211332
4.48462253766
4.51172555184
4.54185892249
4.54511306099
4.55568958297
4.57821842842
4.5508531193
4.56905652882
4.55254961346
4.57510649277
4.54950242265
4.62523864365
4.6680172777
4.6503413511
4.64764124516
4.6768232336
4.71303368334
4.72123058638
4.73321655743
4.76818403093
4.77415810095
4.77248202685
4.82703771166
4.83852770361
4.79634696682
4.79187043446
4.87893733271
4.86913758027
4.8583670147
4.86394594958
4.91677515751
4.95790554984
4.95420619546
4.97814344244
5.01032701355
5.02996584566
5.03321757898
5.0349763965
5.05898261537
5.05356643895
5.16879453254
5.16066565479
5.13637636829
5.13729322512
5.23440788923
5.24275152757
5.24401455888
5.25003134807
5.29672897456
5.32296326604
5.32891557774
5.38048693347
5.39218337964
5.39353911457
5.3911691155
5.48421444748
5.43450370801
5.44764279539
5.45990046163
5.53590370939
5.54878198039
5.56202600171
5.62408847053
5.65365243323
5.66131950966
5.67557640264
5.70369370493
5.72524079363
5.73861731552
5.80818485863
5.80953293972
5.78393566091
5.83850541491
5.94194606296
5.91551809636
5.91162536045
5.94929643729
6.00571672344
6.01281696016
6.02621193437
6.07065264529
6.11383241972
6.11723600979
6.13653183171
6.18058359076
6.16381026854
6.17424165561
6.23618949797
6.28044745468
6.27042745856
6.29513615168
6.38143470546
6.40320448632
6.39495946265
6.44196502012
6.49120631066
6.51572029462
6.51678314871
6.550875279
6.57797698039
6.56332326867
6.66363083907
6.69818080663
6.68656094063
6.67870790723
6.78519299042
6.79803426753
6.79682512986
6.80891385515
6.88412092614
6.91992470216
6.9255728955
6.95209911423
6.99010585377
6.99919946069
7.0015593015
7.07542181054
7.07886456112
7.08763796138
7.08824859295
7.1844886607
7.20111398598
7.2213022575
7.31969744895
7.34194224748
7.34995895311
7.36179335086
7.40167806779
7.42925274006
7.43608511049
7.50697558351
7.51979491986
7.51874150102
7.5422140977
7.65252572062
7.62983686636
7.62983823855
7.66801927824
7.75733829901
7.75778096329
7.77039477612
7.81220924177
7.87159920816
7.87416977024
7.88661519007
7.92873504169
7.94688890432
7.9578540816
7.97359013122
8.04145973946
8.04597805465
8.11245159122
8.2103385108
8.19758627742
8.1903509559
8.25305116718
8.30949287965
8.32436657031
8.32681703886
8.37110967071
8.39849967722
8.39754412968
8.45003003769
8.50652569991
8.50546992228
8.49688612094
8.5811283094
8.61722751198
8.61438124914
8.62689612196
8.71164480922
8.75630430297
8.75727267171
8.79180918497
8.83656861657
8.85018765804
8.85791979609
8.89808613329
8.92908835539
8.94011307022
8.98064569477
9.06026388898
9.04811084805
9.05982514259
9.17579027885
9.20030633122
9.20513605517
9.21349268093
9.27189091643
9.29326606688
9.30055572662
9.34266588541
9.38538319345
9.39667080453
9.40417737606
9.47663804255
9.47702774877
9.481724119
9.51333898277
9.61353361571
9.6169860863
9.62207548359
9.67524830792
9.74154128001
9.73660695091
9.75816132552
9.80298294144
9.83594056538
9.84068284107
9.85365090074
9.91442144025
9.9102286113
9.9748422235
10.063782362
10.0538778574
10.0516038856
10.1090070924
10.1722295543
10.1752393238
10.1793890765
10.22605356
10.2718682081
10.2808319961
10.3070123437
10.3493595096
10.3610987907
10.3562072865
10.4105739058
10.463398374
10.4652267648
10.4633681475
10.5327511973
10.5982485906
10.5970549065
10.6612771939
10.7018230426
10.7159507716
10.7227503075
10.7495890235
10.7865594603
10.7953318855
10.8534389819
10.9030293059
10.8897867428
10.8944678741
10.9929934664
11.0214840923
11.0215063736
11.0269211332
11.1017605648
11.1243321753
11.1355144253
11.1682916818
11.2182650031
11.2303243272
11.2319583641
11.271273098
11.2962445852
11.3048903074
11.3175934234
11.3865744956
11.4183868565
11.4300642837
11.5153063339
11.54863678
11.5390282255
11.5681306486
11.6228807741
11.6510940856
11.652761175
11.6811364169
11.722714985
11.7143532075
11.7493253032
11.8178023014
11.8304313646
11.8284634939
11.8657889443
11.9318895266
11.9317978555
11.9394886267
11.9957073121
12.0486651566
12.0547710648
12.0684823741
12.1070412168
12.1269190589
12.1259905011
12.1583792141
12.2020775851
12.2210097372
12.2162811475
12.2870208598
12.3274073698
12.3230303793
12.3979883662
12.4405215398
12.4526718119
12.4552551256
12.49041819
12.5223681012
12.5259891288
12.561760345
12.6001441216
12.6124260734
12.616536678
12.6712118642
12.7017959588
12.7007756996
12.7070781665
12.7858021086
12.8122481084
12.8191499581
12.8397452544
12.9004234942
12.9101210565
12.9145473789
12.945354732
12.9813511446
12.9923652224
12.9876714358
13.0333363312
13.0688952722
13.0909589129
13.1775897938
13.183246272
13.1800977163
13.2062278186
13.2659056159
13.2824177639
13.2835185446
13.3120204123
13.3490301601
13.355752253
13.3764175462
13.4148369239
13.4387425632
13.4336363405
13.4538938879
13.5093140933
13.5197797214
13.5247958017
13.5612505392
13.6226510696
13.6285496779
13.6514552499
13.6937047259
13.7116253245
13.7135180063
13.7330333339
13.7629103471
13.7912470996
13.801225002
13.8669749724
13.8660743318
13.8632435638
13.9184502668
13.9648269974
13.9718145385
13.9709604636
14.0139954336
14.0413943085
14.0475150424
14.0709741057
14.1101176256
14.1305532801
14.1309353767
14.1513379648
14.1807545589
14.1869929508
14.1943110698
14.2402759229
14.2780298903
14.2820429745
14.3072271703
14.3658471801
14.3647834608
14.3753634845
14.4132225027
14.4465923042
14.4567090893
14.4538628634
14.4972346604
14.5052639961
14.5255744368
14.5706269918
14.5895387256
14.5918830583
14.6078786874
14.6567809784
14.667092246
14.6686237705
14.6980433069
14.7427173837
14.7541562302
14.7662548398
14.7878260135
14.814696174
14.8088022537
14.8222666525
14.8520762919
14.8820297773
14.8753507224
14.8910151664
14.948304603
14.9515314061
14.9894499705
15.0271075187
15.0412853261
15.0435859053
15.0609575518
15.0896213258
15.1066353473
15.1232205823
15.155379615
15.1616323966
15.1649139872
15.1901281801
15.2223555493
15.2280164689
15.2263477312
15.2647315385
15.2936022662
15.301878766
15.3189615144
15.3585354037
15.3764800762
15.373075105
15.3856444525
15.4120484767
15.429207676
15.4277975097
15.433190311
15.476654716
15.4871059104
15.5260404191
15.5546073746
15.5459397221
15.5594328489
15.6012229662
15.624805423
15.6304931201
15.6378741717
15.6722950961
15.6738480702
15.6901702808
15.6980994596
15.7291243189
15.7291343041
15.7378591909
15.7571825175
15.7747414206
15.7767114769
15.8020593394
15.8417983857
15.8525639903
15.8574553526
15.8843855919
15.908039351
15.9049432377
15.915531509
15.9223039319
15.964946041
15.9539320773
15.9735818714
15.9988582453
15.9933021024
16.0255122787
16.0520314635
16.0644526843
16.0646353312
16.0863339815
16.1128052265
16.1185491359
16.132151945
16.1451954889
16.1716806459
16.1743263748
16.1794104101
16.1853473997
16.200029231
16.1989905629
16.2176508384
16.2404588466
16.2514220356
16.254721529
16.2937168632
16.3064639193
16.3050581182
16.3245907041
16.3495027241
16.3710798513
16.3583523138
16.3597734814
16.3851807117
16.4003804555
16.4172049044
16.4241599463
16.4219756398
16.4352105021
16.4621794309
16.4752631866
16.476103458
16.4885111652
16.5172121612
16.5282375168
16.5411508368
16.5393875162
16.5635896411
16.5614553319
16.5679633288
16.5531906694
16.5833034286
16.5836998423
16.5885279369
16.6073477335
16.6219339257
16.6323088928
16.6621428463
16.676544331
16.6768075972
16.6847696272
16.6901210103
16.7251470364
16.7231557587
16.7284644875
16.7357968858
16.7294444783
16.7468074537
16.7451266029
16.7589804003
16.7556690768
16.7755199644
16.791921902
16.797539313
16.8087191652
16.8288429236
16.8519350148
16.8485697319
16.8490564636
16.8391744747
16.8667802789
16.8633305361
16.8543303044
16.85581884
16.878681836
16.8756656421
16.9015816716
16.8986180608
16.9023494072
16.9280437027
16.9490960946
16.9652700035
16.9536175093
16.9646768525
16.972862795
16.9870798646
16.9690109343
16.9679655632
16.9755675753
16.9876412989
16.9804524008
16.9858722674
16.985612889
16.9992620274
17.0250688929
17.0339492034
17.0395694042
17.0445923169
17.0637948125
17.0630539966
17.0671287441
17.0349784026
17.0674736878
17.0684779651
17.0548269949
17.0534893469
17.0562635447
17.075308653
17.0866940628
17.093689137
17.0943662149
17.1033109188
17.118059703
17.1346201346
17.1413905461
17.1210063893
17.1371807556
17.1359480946
17.1471186761
17.103399033
17.124522597
17.1169847083
17.1268256052
17.1213062208
17.1320718924
17.1367927808
17.1581220569
17.1723454495
17.1669863086
17.1722906069
17.1662907078
17.1983760242
17.1888296322
17.1656368489
17.14832441
17.176857775
17.1665342161
17.1592195051
17.1494371399
17.1578281583
17.1769897909
17.1857067473
17.1923181042
17.1896729096
17.2006980125
17.2097944681
17.2210995447
17.1987283217
17.1859430027
17.1979853284
17.2066292807
17.1647870244
17.1612461533
17.1662527347
17.1761933981
17.1736912845
17.1780721038
17.1811245146
17.1951063661
17.2100662793
17.2107210613
17.2114512205
17.1856744229
17.2097691566
17.2168521213
17.1848104828
17.1746315059
17.1603096408
17.1841608905
17.1547247817
17.1584282008
17.1555963586
17.1679056832
17.1783952359
17.1829338201
17.1900541227
17.1764948282
17.1957136011
17.1938255429
17.2025923016
17.1355833133
17.1639455865
17.1532107142
17.1533790363
17.1040996627
17.1269950926
17.1212981788
17.130261411
17.1304115964
17.1275100486
17.1394135123
17.1444946822
17.1693990768
17.1574889167
17.1350803469
17.1203037827
17.1384955717
17.1174524165
17.0661807505
17.0705386066
17.0800510703
17.0783143406
17.0630644792
17.0646203676
17.0666171837
17.079308217
17.0863725603
17.0924372475
17.0832684369
17.069483721
17.0817605443
17.0832797466
17.0283736131
17.0088364353
17.026008285
17.0226073537
16.9836308836
16.974780026
16.9849174656
16.9930734109
16.9960415091
16.9959547029
16.9965510322
16.9889928456
17.0038957663
17.0158262981
16.9650060658
16.9518334936
16.9406939377
16.9690169541
16.8913524844
16.8913819229
16.8836325685
16.8975902633
16.8799801801
16.8810398725
16.8839401471
16.8892911035
16.9016060228
16.8968524447
16.9015596462
16.8470025835
16.8743715161
16.8641564722
16.8579086619
16.7690277485
16.7974282262
16.7830096741
16.7632620058
16.7471777593
16.7468441552
16.762212373
16.7658368383
16.7783319127
16.7706036217
16.7516457452
16.7520262563
16.7593914741
16.7435745478
16.6595930626
16.6788711622
16.6831869181
16.6607415896
16.6077343652
16.6153272081
16.6171192905
16.6187950219
16.6113362499
16.6147860643
16.6150806129
16.6138512061
16.6226422059
16.6175177736
16.5734806609
16.5412355541
16.5700078139
16.5401591176
16.4872944319
16.4571712668
16.47890387
16.4571823553
16.4415780079
16.4385662264
16.4433842334
16.4461184517
16.4533894922
16.4631338068
16.4205058911
16.4050400849
16.4041979815
16.4303197656
16.3291740639
16.3206923109
16.3118242903
16.3267737204
16.2572715857
16.2588716446
16.2591399856
16.2658341975
16.2629584586
16.2582671136
16.261424665
16.2363635486
16.2561550403
16.2502861644
16.2339573813
16.1497863228
16.1630885689
16.1502018174
16.0756483505
16.0616521244
16.0602925101
16.0752964281
16.0532261577
16.0558506272
16.0514863227
16.0436214293
16.0487931259
16.0507967811
16.0470569469
15.9682354892
15.9890776691
15.9843243558
15.9558439086
15.8594923872
15.8829328039
15.8822275201
15.8563111815
15.8177815833
15.8262721295
15.8286790451
15.8306876736
15.8332336166
15.8270375156
15.8031306519
15.77703363
15.8056341211
15.7499310169
15.6899265334
15.6635648606
15.694250088
15.6355793832
15.592279034
15.5873816545
15.598201872
15.5900085904
15.5855938936
15.5888767974
15.5715612917
15.5634055675
15.5633384449
15.5776599825
15.4933286055
15.4740529536
15.470747526
15.4856169918
15.3680859307
15.3594315422
15.3607560804
15.3482743189
15.3222488692
15.3167958321
15.3242783611
15.3177926938
15.3289487249
15.3275627182
15.2972048651
15.2503606019
15.2495671469
15.2547560652
15.1273084154
15.1214139333
15.1144913842
15.1315808194
15.0584105535
15.0592544319
15.0530877906
15.054765162
15.047782936
15.047209132
15.0467659642
15.0047914678
15.0189913942
15.008263108
14.9854039042
14.867304188
14.9023974773
14.8916684622
14.8447062319
14.7686960389
14.7841660346
14.7785941213
14.761732944
14.7573623343
14.7548917124
14.7468053777
14.737707182
14.7563619004
14.7058317294
14.6355363371
14.630358511
14.6579681991
14.5867250405
14.507781422
14.507577486
14.5229676254
14.4804902783
14.4562541886
14.4574316747
14.4554891303
14.4528997241
14.4494173412
14.4528162534
14.4047558974
14.383091097
14.3877098643
14.3950396375
14.2747671593
14.2373396994
14.2447732298
14.1847629265
14.1483107859
14.1378177205
