-1.0
-0.99990297708
-0.999615473215
-0.999137194732
-0.998468237519
-0.997608733091
-0.996558834207
-0.995318758194
-0.993888713745
-0.992268989549
-0.990459898192
-0.988461785953
-0.986275034997
-0.983900063781
-0.981337326687
-0.978587313525
-0.975650550297
-0.97252759864
-0.969219055377
-0.965725553298
-0.96204776038
-0.958186379283
-0.954142148404
-0.949915840935
-0.9455082643
-0.940920260841
-0.936152707384
-0.931206515101
-0.926082629252
-0.920782028723
-0.915305726372
-0.909654768706
-0.903830235705
-0.897833240542
-0.891664928464
-0.885326477748
-0.87881909935
-0.872144036571
-0.865302564839
-0.858295990729
-0.851125652359
-0.843792919426
-0.836299192744
-0.828645904024
-0.820834514958
-0.812866516904
-0.804743431672
-0.796466810761
-0.788038235109
-0.779459314504
-0.770731686637
-0.76185701811
-0.752837003703
-0.743673366045
-0.734367855205
-0.724922247508
-0.715338346358
-0.705617981737
-0.695763009767
-0.685775312371
-0.675656796064
-0.665409392342
-0.655035057591
-0.644535772487
-0.633913541648
-0.623170392788
-0.612308376351
-0.601329565841
-0.590236057112
-0.579029968002
-0.567713437678
-0.556288625724
-0.54475771281
-0.533122899918
-0.521386407923
-0.509550477105
-0.497617366086
-0.485589352282
-0.473468731335
-0.461257816609
-0.448958938762
-0.436574444736
-0.424106697831
-0.41155807742
-0.398930978352
-0.386227810518
-0.373450998026
-0.36060297878
-0.347686204539
-0.334703140206
-0.321656263382
-0.308548063749
-0.295381042327
-0.282157711598
-0.268880594829
-0.255552225596
-0.242175147247
-0.228751912037
-0.215285081187
-0.201777224305
-0.188230918855
-0.174648749673
-0.16103330818
-0.147387192169
-0.133713005381
-0.120013356938
-0.106290860856
-0.0925481354043
-0.0787878026407
-0.0650124880951
-0.0512248201841
-0.0374274297189
-0.0236229492897
-0.00981401257847
0.0039967457365
0.0178066906366
0.0316131872738
0.0454136014331
0.0592052998124
0.072985650816
0.0867520249862
0.100501795471
0.114232338536
0.127941034486
0.141625267782
0.155282427484
0.168909907869
0.182505108934
0.196065436549
0.209588303033
0.223071128023
0.236511338759
0.249906370582
0.263253667463
0.276550682546
0.289794878532
0.302983728219
0.316114714997
0.329185333301
0.342193088858
0.355135499514
0.368010095644
0.380814420615
0.393546031245
0.40620249783
0.418781405051
0.431280352511
0.443696955092
0.456028843428
0.46827366422
0.480429080754
0.492492773512
0.50446244056
0.516335798012
0.528110580213
0.539784539844
0.551355449199
0.562821100304
0.574179305343
0.585427897026
0.59656472861
0.607587674925
0.61849463266
0.629283520753
0.639952280782
0.650498876726
0.660921296036
0.671217550096
0.681385674489
0.6914237294
0.701329799436
0.711101994228
0.720738449339
0.73023732635
0.739596813244
0.748815124488
0.757890501059
0.766821211675
0.775605552815
0.784241849068
0.792728453305
0.801063746189
0.80924613775
0.817274067403
0.825146004204
0.832860447127
0.84041592455
0.847810995426
0.85504424963
0.862114308091
0.869019823096
0.875759477795
0.88233198683
0.888736097236
0.894970588346
0.901034272071
0.906925992696
0.912644626684
0.918189084168
0.923558308677
0.928751277378
0.933767001089
0.938604523617
0.943262923327
0.947741312995
0.952038839939
0.956154686152
0.960088067379
0.963838234479
0.967404473622
0.970786106241
0.973982489201
0.976993014072
0.979817107715
0.982454233074
0.984903888915
0.987165609977
0.989238966574
0.991123564279
0.99281904534
0.994325088245
0.995641407817
0.996767755025
0.997703915974
0.998449713686
0.999005007692
0.999369694006
0.999543705117
0.999527009096
0.999319610665
0.998921551233
0.998332908745
0.997553797715
0.996584368096
0.995424805908
0.994075333983
0.992536211479
0.990807733871
0.988890232458
0.986784073991
0.984489661771
0.982007435136
0.979337869415
0.976481475591
0.973438799187
0.970210421882
0.966796960944
0.963199069076
0.959417434244
0.955452778474
0.951305858988
0.946977468049
0.942468432644
0.937779614368
0.932911908383
0.92786624382
0.922643584191
0.917244926869
0.911671302957
0.905923776541
0.900003444183
0.893911436018
0.887648915019
0.881217076818
0.874617149254
0.867850391328
0.860918094394
0.853821581532
0.846562207269
0.839141357276
0.831560447073
0.823820923007
0.815924261931
0.807871970776
0.799665586298
0.791306674064
0.782796828676
0.774137673899
0.765330862105
0.756378074007
0.747281017746
0.738041428288
0.728661068408
0.719141727804
0.709485222795
0.699693395802
0.689768114429
0.679711272157
0.669524787691
0.659210604596
0.648770690875
0.63820703779
0.627521660491
0.61671659758
0.605793910607
0.594755683709
0.583604022482
0.572341054118
0.560968927385
0.549489811969
0.537905898098
0.526219395716
0.514432533921
0.502547561385
0.490566745567
0.478492372314
0.466326745286
0.454072185109
0.44173102971
0.42930563365
0.416798367675
0.404211618212
0.391547786247
0.378809287711
0.365998552945
0.353118026142
0.340170164897
0.327157439355
0.314082332043
0.300947337587
0.287754962111
0.27450772278
0.261208146995
0.247858771824
0.234462144134
0.221020819828
0.207537363374
0.194014347286
0.180454351555
0.166859963338
0.153233776422
0.139578390741
0.125896411839
0.112190449923
0.0984631199311
0.0847170409692
0.0709548357436
0.0571791300635
0.0433925521968
0.0295977324846
0.0157973028969
0.00199389648601
-0.0118098531125
-0.0256113122661
-0.0394078478624
-0.0531968276726
-0.066975620922
-0.0807415987924
-0.0944921348792
-0.108224605589
-0.121936390828
-0.135624874434
-0.149287444671
-0.162921494741
-0.176524423411
-0.19009363536
-0.2036265417
-0.217120560505
-0.230573117302
-0.243981645374
-0.257343586415
-0.270656391088
-0.283917519458
-0.297124441491
-0.310274637452
-0.323365598391
-0.336394826775
-0.349359836906
-0.362258155416
-0.375087321578
-0.387844887418
-0.400528418892
-0.413135496116
-0.425663713815
-0.438110681779
-0.450474025193
-0.462751385292
-0.474940419795
-0.48703880336
-0.499044228036
-0.510954403196
-0.522767056431
-0.534479934145
-0.546090801859
-0.557597444655
-0.568997667249
-0.580289294426
-0.591470172
-0.602538166986
-0.613491168031
-0.624327085653
-0.635043852292
-0.645639423463
-0.656111777909
-0.666458917996
-0.676678870036
-0.68676968408
-0.696729435118
-0.706556223333
-0.716248174411
-0.725803439908
-0.735220196692
-0.744496648126
-0.753631024654
-0.7626215839
-0.771466611044
-0.780164418862
-0.78871334812
-0.797111768309
-0.805358077803
-0.813450704206
-0.821388104219
-0.829168763158
-0.836791196949
-0.844253951816
-0.851555604551
-0.858694762747
-0.865670064621
-0.872480179954
-0.879123810264
-0.885599689034
-0.891906581957
-0.898043285853
-0.904008630145
-0.909801477374
-0.91542072309
-0.920865296105
-0.926134158286
-0.931226304879
-0.936140765243
-0.940876602819
-0.945432915361
-0.949808834606
-0.954003525634
-0.958016188889
-0.961846059679
-0.965492408314
-0.968954540162
-0.97223179506
-0.975323548526
-0.978229211694
-0.980948231389
-0.983480090231
-0.9858243055
-0.987980430456
-0.98994805465
-0.991726803729
-0.993316339556
-0.994716359522
-0.995926596845
-0.996946821478
-0.997776839751
-0.998416494458
-0.99886566449
-0.999124264283
-0.999192245284
-0.999069595453
-0.998756339295
-0.99825253767
-0.99755828661
-0.996673719048
-0.995599004434
-0.99433434861
-0.992879993776
-0.991236217555
-0.989403333874
-0.987381693066
-0.98517168162
-0.982773722171
-0.980188272404
-0.977415825345
-0.974456910294
-0.971312092201
-0.967981971613
-0.964467184226
-0.960768400361
-0.95688632597
-0.952821702118
-0.948575304875
-0.944147944954
-0.939540466325
-0.934753747926
-0.929788703085
-0.924646279248
-0.919327457799
-0.913833253051
-0.90816471295
-0.902322918987
-0.896308985844
-0.890124061235
-0.883769324775
-0.877245988162
-0.87055529579
-0.863698524081
-0.85667698129
-0.849492006854
-0.842144970702
-0.834637274255
-0.826970349699
-0.819145659745
-0.811164697204
-0.803028983907
-0.794740071692
-0.786299541824
-0.777709004656
-0.768970099296
-0.760084492162
-0.75105387789
-0.741879979098
-0.732564545842
-0.723109355312
-0.713516211004
-0.70378694264
-0.693923406275
-0.683927483731
-0.673801082279
-0.663546133822
-0.653164594089
-0.642658443584
-0.632029686701
-0.621280351362
-0.610412488506
-0.599428171068
-0.588329494608
-0.577118576674
-0.565797556363
-0.554368593904
-0.542833869559
-0.531195583989
-0.519455957868
-0.507617231343
-0.495681663639
-0.483651531921
-0.471529131243
-0.45931677464
-0.447016792386
-0.434631531572
-0.422163355519
-0.409614643227
-0.396987789331
-0.384285203507
-0.37150931004
-0.358662547171
-0.34574736587
-0.332766230599
-0.319721618506
-0.3066160189
-0.293451932771
-0.28023187215
-0.266958359841
-0.253633928954
-0.240261122404
-0.226842492443
-0.213380599755
-0.199878013213
-0.18633730968
-0.172761073339
-0.159151895217
-0.145512372476
-0.131845107774
-0.118152709272
-0.104437789923
-0.0907029669747
-0.0769508614804
-0.0631840978307
-0.0494053032218
-0.0356171071732
-0.0218221410368
-0.00802303747069
0.0057775704377
0.0195770492562
0.0333727657313
0.0471620873641
0.0609423829148
0.0747110227823
0.0884653795791
0.102202828702
0.115920748783
0.129616522193
0.143287535633
0.1569311807
0.170544854184
0.184125958672
0.197671903045
0.211180102884
0.224647980615
0.238072966571
0.251452499314
0.264784026098
0.278065003367
0.291292897262
0.304465184094
0.317579350844
0.330632895657
0.343623328329
0.356548170509
0.369404956367
0.382191233228
0.394904561946
0.407542517389
0.420102688643
0.432582679372
0.444980108806
0.457292611976
0.46951784018
0.48165346136
0.493697160328
0.505646639628
0.517499619873
0.529253840179
0.540907058559
0.552457051718
0.563901616256
0.575238569033
0.586465747496
0.597581010114
0.60858223635
0.619467327401
0.630234206824
0.640880820798
0.651405138544
0.661805152348
0.672078877829
0.682224355064
0.692239648659
0.702122848141
0.711872068139
0.721485448169
0.730961154054
0.740297377953
0.749492338707
0.758544282136
0.767451480778
0.776212235005
0.78482487329
0.793287752464
0.801599258053
0.809757803708
0.817761832193
0.825609816091
0.833300257808
0.840831689907
0.848202674922
0.855411805532
0.862457705728
0.869339030701
0.876054467141
0.882602733275
0.888982578508
0.895192784844
0.901232166774
0.907099571504
0.912793879101
0.918314001674
0.92365888493
0.928827508237
0.933818884695
0.938632061355
0.943266118568
0.947720170864
0.951993367482
0.95608489229
0.959993963997
0.963719835647
0.967261794691
0.970619164277
0.973791302885
0.976777604502
0.979577498443
0.982190448749
0.984615955737
0.986853555659
0.988902820794
0.990763359442
0.992434814999
0.993916867385
0.995209232957
0.996311664449
0.997223951056
0.9979459173
0.998477424079
0.998818369108
0.998968686616
0.99892834741
0.998697358319
0.998275762197
0.997663638857
0.996861104671
0.995868312598
0.994685451739
0.993312746376
0.991750457832
0.989998883807
0.988058358308
0.985929251518
0.983611968889
0.981106952244
0.978414679546
0.975535664742
0.972470457677
0.969219642673
0.96578383959
0.962163704125
0.95835992732
0.954373235489
0.950204389481
0.945854184596
0.941323451331
0.936613054836
0.931723894804
0.926656904918
0.921413051922
0.915993337068
0.91039879539
0.904630495509
0.898689539309
0.892577060658
0.88629422669
0.879842237344
0.873222325033
0.86643575442
0.859483821242
0.852367852947
0.845089208698
0.837649278889
0.830049484926
0.822291278247
0.814376140167
0.806305582539
0.798081147033
0.789704404882
0.781176956278
0.772500429517
0.763676481942
0.754706799211
0.745593094984
0.736337110462
0.726940613041
0.717405397413
0.707733284968
0.697926123344
0.687985786087
0.67791417164
0.667713203628
0.65738483065
0.646931025762
0.636353786139
0.625655132029
0.614837106519
0.603901775961
0.592851229181
0.581687577116
0.570412952163
0.559029507388
0.547539417043
0.535944875831
0.524248098497
0.512451319305
0.500556790879
0.488566784834
0.476483591127
0.464309517562
0.45204688935
0.439698048246
0.42726535254
0.414751176695
0.402157910804
0.389487960169
0.376743744248
0.363927696374
0.351042263916
0.338089907484
0.325073100481
0.311994328552
0.298856089012
0.285660890661
0.272411253214
0.259109706842
0.245758791579
0.232361056238
0.2189190588
0.205435365736
0.191912551451
0.178353197801
0.164759893554
0.151135233959
0.137481820277
0.123802259282
0.110099162774
0.096375146694
0.0826328307574
0.068874838327
0.0551037957026
0.041322331622
0.0275330768215
0.0137386636082
-5.8274802843e-05
-0.0138551047163
-0.0276491924485
-0.0414379049006
-0.0552186104159
-0.0689886787709
-0.0827454818088
-0.0964863939857
-0.110208792859
-0.123910059288
-0.137587578232
-0.151238739274
-0.164860937045
-0.178451571726
-0.192008049606
-0.20552778356
-0.219008193493
-0.232446706874
-0.245840759232
-0.259187794592
-0.272485265904
-0.285730635714
-0.29892137659
-0.312054971613
-0.325128914782
-0.338140711135
-0.351087877779
-0.363967944231
-0.376778452865
-0.389516959378
-0.40218103312
-0.414768257728
-0.427276231615
-0.439702568405
-0.452044897419
-0.46430086369
-0.476468128632
-0.48854437084
-0.500527286342
-0.512414589059
-0.524204011056
-0.535893302809
-0.547480234172
-0.558962594608
-0.570338193631
-0.581604861147
-0.592760447508
-0.603802824538
-0.614729885802
-0.625539547004
-0.636229746347
-0.646798444006
-0.657243623536
-0.667563292283
-0.677755481591
-0.687818247204
-0.697749669461
-0.707547853799
-0.717210931287
-0.726737058931
-0.736124420069
-0.745371224162
-0.754475706686
-0.763436130934
-0.772250787754
-0.7809179959
-0.789436102271
-0.797803481869
-0.806018538759
-0.814079706236
-0.821985447135
-0.829734254085
-0.837324648775
-0.84475518342
-0.852024441045
-0.85913103559
-0.866073612209
-0.872850846776
-0.879461446616
-0.885904151271
-0.892177732455
-0.898280994333
-0.904212773377
-0.909971938344
-0.915557391482
-0.920968068369
-0.926202938164
-0.931261003521
-0.936141299705
-0.940842896597
-0.945364898378
-0.949706443648
-0.953866705576
-0.957844891381
-0.961640243328
-0.965252038881
-0.968679590757
-0.971922247105
-0.974979390473
-0.977850438685
-0.980534845671
-0.983032101134
-0.985341730702
-0.987463295545
-0.989396392216
-0.991140653857
-0.992695749836
-0.994061385852
-0.995237303736
-0.996223280577
-0.997019130399
-0.997624703758
-0.998039887736
-0.998264605905
-0.99829881713
-0.998142517048
-0.997795738008
-0.997258548882
-0.996531055097
-0.995613397751
-0.994505754214
-0.993208338596
-0.991721401416
-0.990045229609
-0.988180145765
-0.986126507777
-0.983884710285
-0.981455183969
-0.978838395514
-0.976034847293
-0.973045076545
-0.969869656623
-0.966509196516
-0.96296434072
-0.959235769039
-0.95532419513
-0.951230368002
-0.946955071749
-0.942499125216
-0.937863381877
-0.933048728839
-0.928056087317
-0.922886412881
-0.917540695015
-0.912019956974
-0.906325254951
-0.900457677675
-0.894418347494
-0.888208419625
-0.881829081964
-0.875281554595
-0.868567088748
-0.861686968062
-0.854642507899
-0.847435055071
-0.840065987525
-0.832536713182
-0.824848670827
-0.817003329741
-0.809002189305
-0.800846778745
-0.792538655889
-0.784079407618
-0.775470649994
-0.766714027649
-0.757811213516
-0.748763907997
-0.739573838541
-0.730242760269
-0.720772455236
-0.711164732131
-0.701421425692
-0.69154439575
-0.681535528066
-0.671396733613
-0.661129948203
-0.650737132061
-0.64022026872
-0.629581365612
-0.61882245359
-0.607945586454
-0.596952840576
-0.585846313714
-0.574628125265
-0.563300416177
-0.551865348305
-0.54032510403
-0.528681885471
-0.516937914037
-0.50509543065
-0.493156695038
-0.481123985341
-0.468999597501
-0.456785844403
-0.444485056295
-0.432099580068
-0.41963177882
-0.407084031344
-0.394458731053
-0.381758286358
-0.368985120094
-0.356141668991
-0.343230383219
-0.330253725536
