0.0
0.0244008014718
0.0461102951507
0.0676787636483
0.0891023175683
0.110349301901
0.131383530913
0.152167658995
0.172664279651
0.192836355027
0.212647377642
0.232061482772
0.251043680942
0.269559831665
0.287576725203
0.305062220649
0.321985272545
0.338316024723
0.354025818243
0.369087261516
0.383474359303
0.397162499663
0.410128489869
0.422350618785
0.433808728559
0.444484244453
0.454360203049
0.46342121834
0.471653601287
0.479045421745
0.485586393318
0.491267971503
0.496083426941
0.500027740764
0.503097680849
0.505291759016
0.506610307533
0.507055451724
0.506631059339
0.505342754581
0.503197969935
0.500205857214
0.496377314449
0.491724915518
0.486262956472
0.480007431026
0.472976008183
0.465187893904
0.456663982558
0.447426798157
0.437500433415
0.426910552242
0.415684351838
0.403850630384
0.391439840908
0.378484012591
0.365016922148
0.35107417925
0.336693329515
0.32191403243
0.306778378435
0.291331356931
0.275621449919
0.259701230368
0.243628611304
0.227468750482
0.211296050902
0.195197557756
0.179278318925
0.163668573693
0.148534598185
0.134094239647
0.120638028031
0.108554794609
0.0983498534426
0.0906289935299
0.0860026537619
0.0848881223373
0.0873063730523
0.0928519755484
0.100870941552
0.110683028944
0.121710072298
0.133506997721
0.145745147937
0.158183885971
0.170645436961
0.182995921397
0.195132110618
0.206972790263
0.218452707542
0.229518185516
0.240124440496
0.250233671364
0.259813729343
0.268837119839
0.277280009077
0.285121964009
0.292345682145
0.298936425766
0.3048818797
0.3101720391
0.314799054553
0.318757116568
0.322042336072
0.324652695472
0.326587976219
0.327849746423
0.328441308623
0.32836757107
0.327635072732
0.32625200998
0.324228113306
0.321574571281
0.318304151621
0.314431135154
0.309971177902
0.304941355347
0.299360155779
0.293247576899
0.28662504451
0.27951522837
0.27194233895
0.26393219064
0.255512134773
0.246711191535
0.237560090536
0.228091692715
0.21834126577
0.208346650182
0.198148935924
0.187793274408
0.177329741692
0.16681462214
0.15631217174
0.145897188509
0.1356585203
0.125702867457
0.116160242472
0.107190837747
0.0989905622317
0.0917936690798
0.0858666354995
0.0814849159099
0.0788880875664
0.0782188213906
0.0794750811075
0.0825068043467
0.0870573735171
0.0928255922292
0.099517676267
0.10687559596
0.114686261357
0.122778574749
0.131016430393
0.139292087873
0.147519720275
0.155630201679
0.16356716584
0.17128398995
0.178742159102
0.18590955265
0.192758749033
0.199266608428
0.205413746774
0.211183721248
0.216562703209
0.221539111582
0.226103603252
0.23024897919
0.233969553318
0.237261245667
0.240121740528
0.242550167113
0.244547038298
0.246114087957
0.247254327048
0.247972140582
0.248272949731
0.248163158235
0.24765031294
0.24674299209
0.24545067957
0.243783728872
0.241753294244
0.239371426063
0.236650913289
0.233605121579
0.230248141939
0.226594716332
0.222660068264
0.218459881324
0.214010207256
0.209327630315
0.204429136476
0.199331737178
0.194052723544
0.18860972244
0.183020464349
0.17730273309
0.17147417287
0.165552503616
0.159555589973
0.153500983504
0.147406007832
0.141288012837
0.135164171736
0.129051446604
0.122966251862
0.116924708162
0.110943300246
0.105037941193
0.0992239093273
0.0935167001188
0.087931772454
0.082484634121
0.0771907262493
0.072065557794
0.0671257867276
0.0623887841325
0.0578723689417
0.053596219847
0.0495822357933
0.0458546653273
0.0424401467569
0.0393670854538
0.0366660707826
0.0343677955227
0.0324985257773
0.0310769563037
0.0301098100208
0.0295878559113
0.0294849913205
0.0297599356592
0.0303626570263
0.0312405337927
0.0323416982478
0.033619422712
0.0350343029214
0.036554128751
0.0381533673369
0.0398115421424
0.0415128519164
0.0432456512013
0.0450004995611
0.0467695678637
0.0485465813086
0.0503260566121
0.0521029076363
0.0538717366442
0.0556267933411
0.0573627714527
0.0590736978679
0.0607525467414
0.0623921044395
0.0639847360384
0.0655223391858
0.0669962457795
0.0683971817494
0.0697159628317
0.0709432807151
0.0720694054089
0.0730846639169
0.0739795609702
0.074744979631
0.0753721199008
0.0758522824785
0.0761776933314
0.076341686476
0.0763381812875
0.0761622447419
0.0758105321497
0.0752814410677
0.0745754281356
0.0736948919062
0.0726451485706
0.0714354602611
0.0700788244711
0.068592914064
0.0670013252283
0.0653348787846
0.0636332226526
0.0619450199242
0.0603296378918
0.0588595281615
0.0576188723053
0.0567015155103
0.05620767924
0.0562372042015
0.0568809280487
0.058210506929
0.0602708951916
0.0630785817803
0.066623085081
0.0708721879251
0.0757795843235
0.0812916685771
0.0873530748902
0.0939097282137
0.100910338576
0.108307821347
0.116059211548
0.124124844619
0.13246814762
0.141055174757
0.149854388256
0.15883610988
0.167971613338
0.177233377335
0.186595047308
0.196030857345
0.205515551287
0.215024259926
0.224532571194
0.234016576564
0.243452453774
0.25281656648
0.262085795243
0.271237202567
0.280248052539
0.289095971435
0.297758919803
0.306215257832
0.314443695242
0.3224233524
0.330133869754
0.337555422565
0.344668697438
0.351454966582
0.357896158592
0.363974933507
0.369674664953
0.374979448105
0.379874229683
0.384344868301
0.388378083149
0.391961544558
0.395083872432
0.397734770706
0.399905040628
0.40158648077
0.40277206517
0.403456020348
0.40363370468
0.403301736918
0.402457975973
0.401101618315
0.399233260359
0.396854764082
0.393969374537
0.39058186418
0.386698435551
0.382326735983
0.37747597682
0.372156955305
0.366382076547
0.360165402095
0.353522690659
0.346471534518
0.339031404306
0.331223680394
0.323071827406
0.314601508686
0.305840771569
0.296820208593
0.287573152159
0.278135997244
0.268548513913
0.258854200652
0.249100738992
0.239340476935
0.229631044712
0.220035928092
0.210625030806
0.201475241684
0.192670819521
0.184303470763
0.176471709326
0.169279315321
0.162832743597
0.157236904652
0.152589048543
0.14897150575
0.146444062824
0.145036921074
0.144746079945
0.145532202985
0.147323686854
0.150023201235
0.15351536369
0.15767505859
0.1623749623
0.167491027798
0.172906323862
0.17851294577
0.18421292903
0.189918555208
0.195551642166
0.201042763567
0.206330700019
0.211361570375
0.216087993629
0.220468395559
0.224466393055
0.228050611444
0.231194206791
0.233874313631
0.236072016679
0.237772227476
0.238963581418
0.239638408398
0.239792567496
0.239425801829
0.238541934341
0.237148746583
0.23525847589
0.232888229313
0.230060358171
0.226803047823
0.223150860617
0.219145701889
0.214837816978
0.210286669526
0.20556218374
0.200746091181
0.195933141696
0.191232098354
0.186766197717
0.182672934309
0.179102612629
0.176214737356
0.174172205374
0.173133435623
0.173242514127
0.174618777007
0.177347770988
0.181475364586
0.187006477723
0.193908051298
0.202115454983
0.211541118557
0.222083006407
0.233631998151
0.246077509136
0.259311408567
0.273230551375
0.287737982575
0.302743338483
0.318162728889
0.333918386016
0.349938159776
0.366154896091
0.38250586507
0.39893225874
0.415378828612
0.431793378216
0.448126418598
0.464330966592
0.480362269524
0.496177663793
0.511736356926
0.526999292253
0.541929178642
0.556490354501
0.570648685952
0.584371569683
0.597627884498
0.610388053576
0.622623955814
0.634308940709
0.645417857038
0.655927022837
0.665814294209
0.675059021095
0.683642065549
0.691545864878
0.698754407281
0.705253232662
0.711029476704
0.716071912291
0.720370884105
0.723918346426
0.726707900651
0.728734762842
0.729995830676
0.730489582989
0.730216176775
0.729177387541
0.727376651819
0.724818998294
0.721511074572
0.717461132925
0.712679084233
0.707176308893
0.700965799395
0.694062084401
0.686481229685
0.678240794538
0.669359765238
0.65985861003
0.649759241906
0.639084975829
0.627860465773
0.61611175471
0.603866196382
0.591152433428
0.578000437296
0.564441424092
0.550507925691
0.536233715564
0.521653780805
0.506804400436
0.491723130269
0.476448865882
0.461021837395
0.445483655318
0.429877409314
0.41424774442
0.398640969843
0.383105122842
0.367690128695
0.352448029819
0.337433081503
0.322701792975
0.308313170224
0.294328856497
0.280812988886
0.267832030251
0.255454462438
0.243750052222
0.232788755612
0.222639042688
0.213365601074
0.20502658641
0.197670078742
0.191330313317
0.18602403219
0.18174749474
0.178474757598
0.1761572058
0.174725184233
0.174091591989
0.174156105921
0.17481009818
0.175941661405
0.177439949768
0.179198769491
0.181118897991
0.183109571468
0.185089422932
0.186986756112
0.188739379944
0.190294219973
0.191606808931
0.192640863892
0.19336773368
0.193765700975
0.193819804396
0.193521549737
0.192868492887
0.191864186856
0.190518024884
0.188845447029
0.186868077498
0.184613615708
0.182116325167
0.179417453783
0.176565444889
0.173616327834
0.170633983649
0.167690351858
0.164865327273
0.162246058049
0.159925857646
0.158002504795
0.156575262547
0.155741094462
0.155590528184
0.156202896847
0.157641934685
0.159952012123
0.16315590879
0.167254797438
0.172229498245
0.178043243291
0.184645327475
0.191974988879
0.199965222846
0.208545779719
0.217645567365
0.227194623766
0.23712528823
0.247372907143
0.257876173199
0.26857725584
0.279421873442
0.290359125587
0.301341242526
0.312323407316
0.323263611873
0.33412242624
0.344862793754
0.355449796573
0.365850620562
0.376034522059
0.385972516719
0.395637325523
0.405003440085
0.414046950654
0.422745509973
0.431078267926
0.439025867376
0.446570438378
0.453695481309
0.460385888698
0.466627971039
0.472409411797
0.477719222165
0.482547719417
0.486886528838
0.490728616666
0.494068244035
0.496900881047
0.49922326038
0.501033360555
0.502330382441
0.503114699808
0.503387825166
0.503152449149
0.502412424244
0.501172640746
0.499439046624
0.497218641581
0.494519459217
0.491350530988
0.487721732631
0.483643866487
0.479128709388
0.474188784396
0.468837383501
0.463088579347
0.456957185785
0.450458694889
0.443609173748
0.436425258531
0.428924204919
0.421123737104
0.413041984431
0.404697524999
0.396109285792
0.387296579857
0.378278927686
0.369076022908
0.359707875714
0.350194627766
0.340556458852
0.330813618454
0.320986387963
0.311095129798
0.301160132846
0.29120148674
0.281239281015
0.271293526997
0.261383964519
0.251530147553
0.241751466026
0.232067119174
0.222496063786
0.21305690476
0.203768044396
0.194647755501
0.18571392684
0.17698411803
0.16847570112
0.160205797599
0.152191284908
0.144448589338
0.136993766341
0.129842715537
0.123010769765
0.116512517982
0.110361749246
0.104571218193
0.0991524918142
0.0941151164806
0.0894661189731
0.0852100538659
0.0813480393738
0.0778768874226
0.0747887728158
0.0720709150239
0.0697059051127
0.0676714136799
0.0659403197589
0.0644824863641
0.0632656225869
0.0622557311877
0.0614187825389
0.0607218152325
0.0601338142728
0.0596263712222
0.0591737747178
0.0587538558588
0.0583482489418
0.0579418770004
0.0575230715468
0.0570834869445
0.0566182018151
0.0561256383088
0.0556067780778
0.0550654717068
0.0545087687286
0.0539463004487
0.0533902216807
0.052855149531
0.0523582745599
0.0519195593082
0.051560493177
0.0513038468191
0.051174225379
0.0511967412446
0.0513960671298
0.0517956350528
0.052416789343
0.0532785589347
0.0543962188088
0.0557806050653
0.0574388619152
0.0593742819632
0.061586360181
0.0640714419465
0.0668233253621
0.0698344431611
0.0730960164678
0.0765978907323
0.0803299000889
0.0842821569317
0.0884446607342
0.0928076195894
0.0973614627381
0.102097227328
0.107006495524
0.112080638112
0.117311307195
0.122690643441
0.128210817086
0.133864035468
0.139642417231
0.145538053461
0.151543036697
0.157649191859
0.163848125332
0.170131389095
0.176490270526
0.182915722697
0.189398389017
0.195928618001
0.202496648175
0.209092323967
0.215705029005
0.222324023757
0.228938325626
0.23553664203
0.242107408117
0.248638783977
0.255118875204
0.261535592547
0.267876536486
0.274129263441
0.280281315595
0.286320137362
0.292233124098
0.298007628998
0.303631134083
0.309091241745
0.314375556862
0.319471842832
0.324368144621
0.329052692987
0.333513973334
0.337740775269
0.341722232542
0.345447927259
0.348907782096
0.35209214703
0.354991940476
0.357598583372
0.359904041635
0.361900845062
0.36358215418
0.364941827028
0.365974358045
0.366674935801
0.367039490462
0.367064742823
0.366748178325
0.366088055281
0.365083434068
0.363734276944
0.362041421808
0.36000647114
0.357631944692
0.354921296486
0.351878894168
0.348510001327
0.344820706501
0.340818095184
0.336510249674
0.331906060793
0.32701536184
0.321848969786
0.316418608616
0.310736916032
0.304817403016
0.298674521045
0.292323698904
0.285781188246
0.27906408871
0.272190468031
0.265179275178
0.258050344759
0.250824288459
0.243522545598
0.236167520851
0.22878239001
0.221391062937
0.214018283124
0.206689540628
0.199431050425
0.192269597089
0.185232408168
0.178347301191
0.171642320586
0.165145416465
0.158884347917
0.152886295123
0.147177509367
0.141782627135
0.136723940662
0.132021133909
0.127690466924
0.123743713241
0.12018769712
0.11702379753
0.11424778892
0.111849676834
0.109813608199
0.10811887733
0.10674093943
0.105652169679
0.104823322676
0.104225020527
0.103829134097
0.103610116975
0.103545912073
0.103619145721
0.103818169454
0.104137405631
0.104577838321
0.105147277601
0.105860547232
0.106739439121
0.1078120267
0.10911210834
0.110678547614
0.112553879709
0.114782725479
0.117410175934
0.120480126704
0.124033716827
0.12810751608
0.132732121287
0.137931737271
0.143723652916
0.150117979012
0.157118142641
0.164721436885
0.172919819319
0.181700651323
0.191047332265
0.200940270876
0.211357528348
0.222275151817
0.233667695353
0.245508607636
0.257770531829
0.270425530003
0.283445054377
0.296800191843
0.310461833525
0.324400614285
0.338586987006
0.35299123339
0.367583554924
0.382334167501
0.397213161937
0.412190557392
0.427236519248
0.442321210293
0.4574148155
0.472487687998
0.487510305805
0.502453377515
0.517287788566
0.531984671193
0.546515521626
0.560852187957
0.574966880713
0.588832260399
0.602421497652
0.615708289923
0.62866690061
0.641272239491
0.653499871465
0.665326097859
0.676727973662
0.687683348802
0.69817092963
0.708170321581
0.717662069082
0.726627659225
0.73504959696
0.742911410946
0.750197732501
0.756894290385
0.762987946953
0.768466713343
0.773319827177
0.777537706635
0.781112011944
0.784035659211
0.786302833857
0.787909015701
0.788850934267
0.789126669702
0.788735581596
0.787678365115
0.785957001842
0.783574802763
0.780536368504
0.776847633349
0.772515780785
0.767549264883
0.76195784815
0.755752529633
0.748945497293
0.741550175467
0.733581152826
0.725054186191
0.715986148888
0.706394982688
0.696299718542
0.685720418818
0.674678113735
0.663194774214
0.651293274598
0.638997372121
0.626331623079
0.613321380289
0.599992720291
0.5863723948
0.572487792169
0.558366860229
0.544038122033
0.529530545044
0.514873530646
0.500096866633
0.485230679048
0.470305306533
0.45535136212
0.440399609805
0.425480912614
0.410626169135
0.395866329839
0.381232250389
0.366754653548
0.352464095817
0.33839088741
0.324565023164
0.311016095782
0.2977731909
0.284864863724
0.272318942197
0.260162358097
0.24842112902
0.237120144392
0.226282868528
0.215931144784
0.206084911724
0.196761971401
0.187977655125
0.179744389255
0.172071406343
0.164964447624
0.158425582135
0.152453049818
0.147041126672
0.142180511985
0.137858811286
0.134060857371
