0.0
6.89852774995e-05
-0.00101746701392
-0.00368593523159
-0.00833587844209
-0.0153283611514
-0.0249753784998
-0.0375302911804
-0.0531797868564
-0.0720374412971
-0.0941387727774
-0.11943842045
-0.147809270178
-0.17904324062
-0.212854416179
-0.248883757805
-0.286705301763
-0.325834633954
-0.365737867641
-0.405842013254
-0.445546605412
-0.484235141092
-0.521287329982
-0.556091131789
-0.588054556089
-0.616616913094
-0.641259281695
-0.661513982512
-0.676972871311
-0.687294305156
-0.692208669172
-0.691522389651
-0.685120397708
-0.67296704456
-0.65510550521
-0.631655732928
-0.602811085032
-0.568833753907
-0.530049018182
-0.48683870615
-0.439633884469
-0.388906916913
-0.335163243695
-0.278932948185
-0.220762142312
-0.161204812136
-0.100814525233
-0.0401369854329
0.0202972253647
0.0799790558811
0.138426757514
0.195190948008
0.249858708307
0.302057097557
0.351455547137
0.397767780685
0.440752597642
0.480214302021
0.51600208029
0.548009016079
0.576170521257
0.600462066016
0.620896867993
0.637522936758
0.650419994356
0.65969629344
0.665485121349
0.667941448886
0.667238507207
0.663564375932
0.657118805985
0.648110085022
0.636752095975
0.623261673867
0.607856063732
0.590750664243
0.572157103564
0.552281368255
0.531322459455
0.509471036055
0.486908383367
0.463805760515
0.440323611422
0.416611363934
0.392807121018
0.369037579282
0.345418242279
0.322053499474
0.299037047398
0.27645224737
0.254372570934
0.232862247683
0.211976782414
0.1917636167
0.172262711474
0.153507203389
0.135524127517
0.118334984373
0.101956377322
0.0864006294104
0.0716763732768
0.0577890995987
0.0447416610316
0.032534779381
0.0211674930728
0.0106375851302
0.000941945757956
-0.00792307799173
-0.0159613492281
-0.0231767024702
-0.0295726801992
-0.0351523316938
-0.0399180541969
-0.0438714252274
-0.0470131219675
-0.0493428201185
-0.0508591637923
-0.0515597291202
-0.051441034179
-0.0504985795324
-0.0487269045021
-0.046119680565
-0.0426698285111
-0.0383696541432
-0.0332110258621
-0.02718556669
-0.0202848784596
-0.0125007911177
-0.00382563568432
0.00574745143675
0.0162242041626
0.0276088722082
0.0399038490712
0.0531092865735
0.0672226601618
0.0822383500728
0.098147173435
0.114935929966
0.132586974181
0.151077677945
0.17038002138
0.190460081095
0.211277594482
0.232785620728
0.254930010002
0.277649177943
0.300873702217
0.324526105172
0.348520843198
0.372763980921
0.397153360127
0.421578568821
0.445921197413
0.470055385886
0.493848006707
0.51715949599
0.539844488924
0.56175276367
0.582730473976
0.602621187129
0.621267410413
0.638512097402
0.654200335244
0.668181201763
0.680309756617
0.690448928392
0.698471816142
0.704263798919
0.707724540375
0.708770587517
0.707336883026
0.703379269291
0.696876227418
0.687830143074
0.676269576454
0.662249428368
0.645852511609
0.627189842529
0.606400161325
0.583650499617
0.559134292185
0.533070680902
0.505702532821
0.477293666009
0.448126526466
0.418498440751
0.388717880683
0.359100347329
0.329963840208
0.301623583579
0.274387865931
0.248551946523
0.224393260848
0.202166869655
0.182099897323
0.164387636346
0.149189097197
0.136623654856
0.126768231538
0.119655182457
0.11527114677
0.11355657695
0.114406561827
0.117672266075
0.123163700051
0.130653195772
0.139879957949
0.150555478336
0.162369529838
0.17499717185
0.188105688726
0.201362596917
0.214442994111
0.227037726184
0.238860533793
0.249655476302
0.259203238753
0.267326941367
0.273896913661
0.278834243937
0.28211340391
0.283763153456
0.28386636067
0.28255823215
0.280023375836
0.276491332632
0.272230819847
0.267543011855
0.262753667033
0.258204531482
0.254244544287
0.251219791941
0.24946383323
0.249289322854
0.250977731002
0.254771129165
0.260865498732
0.269403423424
0.280469111715
0.294084733506
0.310207978363
0.328731364347
0.349483137057
0.372229725375
0.396679753253
0.422489491162
0.449269573268
0.476592894587
0.504003400767
0.531025576704
0.557174575235
0.581966205929
0.604927105056
0.625605311106
0.643579039819
0.658465493363
0.669929182886
0.677688146992
0.681519745879
0.681265087611
0.676831527333
0.668194308737
0.655396610687
0.638548018864
0.617822131335
0.593452593583
0.565727700251
0.534985088626
0.50160483415
0.46600180707
0.42861818253
0.389915425946
0.350366243066
0.310446065061
0.270625840026
0.231364672247
0.193102333722
0.156253643499
0.121202834344
0.0882986947983
0.0578509064931
0.0301270252182
0.00535035820613
-0.0163015438011
-0.0346968353144
-0.0497488890405
-0.0614158935343
-0.0696984775159
-0.074637428231
-0.0763110002535
-0.0748316002619
-0.0703420828076
-0.0630118192457
-0.0530331686259
-0.040617084088
-0.0259889876127
-0.00938512396804
0.00895140815395
0.0287743091083
0.0498375560128
0.0718981360067
0.0947190838807
0.11807223896
0.1417398986
0.165516886139
0.189212071148
0.212649441614
0.23566889185
0.258126805607
0.279896534189
0.300868001179
0.320947676154
0.340058428806
0.358138552569
0.375141206056
0.391033610323
0.405796112386
0.419421039865
0.431911673395
0.443281450417
0.453552495358
0.462754655608
0.47092463021
0.478104750313
0.484342066215
0.489687429521
0.494194658517
0.49791967113
0.500919772988
0.503253141581
0.504978050907
0.5061523801
0.506833236213
0.507076554568
0.506936705235
0.506466163193
0.505715527774
0.504733127444
0.503564867872
0.502254346464
0.500842636391
0.499368285753
0.49786734348
0.496373392045
0.494917552466
0.493528501651
0.492232640634
0.491054090238
0.490014749965
0.489134417149
0.488430841718
0.487919794716
0.487615114268
0.487528794521
0.487671018553
0.488050182049
0.488672944105
0.489544230775
0.490667238695
0.492043436398
0.493672530334
0.495552436212
0.497679250813
0.50004717115
0.502648435602
0.505473257562
0.508509738195
0.51174376122
0.515158890579
0.518736315367
0.522454694399
0.526290056172
0.53021574289
0.534202292083
0.538217344812
0.54222555664
0.546188606676
0.550065117965
0.553810624665
0.557377644779
0.560715682434
0.563771305071
0.566488279432
0.568807766024
0.570668488682
0.572006920582
0.57275777212
0.572854248209
0.572228407365
0.570811776673
0.568535815699
0.565332506734
0.561135002318
0.555878383435
0.549500378215
0.541942073456
0.533148886938
0.523071365002
0.511666011075
0.498896171973
0.484732983525
0.469156248631
0.452155104642
0.433728939888
0.413888058535
0.392654219786
0.370061293884
0.346155632041
0.320996275676
0.294654952705
0.267216299992
0.238777697938
0.209448279819
0.179348869008
0.148611103883
0.117376165227
0.0857937697335
0.0540207830601
0.0222196873633
-0.00944342906854
-0.0408005044301
-0.0716833985384
-0.101926233728
-0.131367303325
-0.159851235587
-0.187231177618
-0.213370734835
-0.238145866149
-0.261446612106
-0.283178846182
-0.303265422883
-0.321647125447
-0.338283623813
-0.353153656703
-0.366255087959
-0.37760472565
-0.387237508954
-0.395205351108
-0.401575562562
-0.406429415539
-0.40985983132
-0.411968937186
-0.412865905059
-0.412663861854
-0.41147704104
-0.409418246549
-0.406595954965
-0.403111680398
-0.399057473738
-0.394513853968
-0.389547883251
-0.384211702117
-0.378541686708
-0.372557624656
-0.366262662668
-0.359644239075
-0.352674679519
-0.345312711228
-0.337505461631
-0.329190914194
-0.320300578426
-0.310762465174
-0.300504545668
-0.289457765984
-0.277559467456
-0.264757495898
-0.251012546876
-0.236301165103
-0.220618663332
-0.203981085694
-0.186426906058
-0.168018052214
-0.148840527974
-0.129004204271
-0.108642035912
-0.0879087707439
-0.0669788597416
-0.0460438893413
-0.0253095579786
-0.00499222222972
0.0146850910552
0.0334969482116
0.051219303972
0.0676342893943
0.082534685845
0.0957274760814
0.107038212169
0.116314560715
0.123429235678
0.12828275345
0.130805659008
0.130960153476
0.12874021427
0.124172456893
0.117316058354
0.108260790007
0.0971260602565
0.0840587055952
0.0692300515734
0.0528331293305
0.0350792877669
0.0161945372855
-0.00358474450368
-0.0240153047127
-0.0448506163957
-0.0658455993039
-0.0867597888695
-0.1073608602
-0.12742813358
-0.14675531532
-0.165153040139
-0.18245097441
-0.198499841549
-0.213172451381
-0.226364322743
-0.237994695029
-0.248006182857
-0.256364379174
-0.263057344198
-0.268094397825
-0.271504824587
-0.273336382797
-0.27365349754
-0.272535312628
-0.270073641153
-0.266371073076
-0.261538741338
-0.255694210838
-0.248959578059
-0.241459441505
-0.233319063599
-0.224662679432
-0.215612066394
-0.206285014615
-0.196793953279
-0.187245357505
-0.177738589787
-0.16836512482
-0.159208280544
-0.150342747357
-0.141834367841
-0.133739982809
-0.126107785929
-0.118977355349
-0.112379703293
-0.106338031001
-0.100867984911
-0.0959780982092
-0.0916703808183
-0.0879409083487
-0.0847804086089
-0.0821747693698
-0.0801057948686
-0.0785516841425
-0.0774874254537
-0.0768856225214
-0.0767169293551
-0.0769504791862
-0.0775541460124
-0.0784952360523
-0.0797408804487
-0.0812580134666
-0.0830139569923
-0.0849765938624
-0.0871145026577
-0.0893972243529
-0.0917953928441
-0.0942808337414
-0.0968265499371
-0.0994069406417
-0.101997851404
-0.104576333525
-0.107120886568
-0.109611411456
-0.112029108787
-0.114356401892
-0.116576950832
-0.118675678033
-0.120638519131
-0.122452476802
-0.124105561061
-0.125586636899
-0.126885422915
-0.127992425337
-0.128898867515
-0.129596602124
-0.130078084942
-0.130336362312
-0.130364955399
-0.130157868328
-0.129709567439
-0.129014932457
-0.128069257374
-0.126868239107
-0.125407973235
-0.123684971785
-0.121696170829
-0.119438942774
-0.116911141693
-0.114111136138
-0.111037848643
-0.107690784438
-0.104070125939
-0.100176786309
-0.0960124190973
-0.0915795583825
-0.0868816752165
-0.0819232291424
-0.0767097468096
-0.071247921832
-0.0655457107621
-0.0596123506224
-0.053458486381
-0.0470962356522
-0.0405392050292
-0.0338025903102
-0.0269032302693
-0.0198596467805
-0.0126919830149
-0.00542210165938
0.00192636326411
0.0093282280038
0.0167566662622
0.0241832644252
0.031578176504
0.0389102319602
0.0461470441608
0.0532551085351
0.0602002378211
0.06694761466
0.0734618994097
0.079707801442
0.0856502220069
0.091254545576
0.0964869503491
0.101314987674
0.105707848764
0.109636402577
0.113074103557
0.115997155734
0.118384720533
0.120219501664
0.121488026518
0.122180934588
0.122293061609
0.121824014782
0.120778265558
0.119164878759
0.116998079568
0.114297065057
0.111085763011
0.10739283607
0.103251493763
0.0986991669477
0.0937766642172
0.0885283134259
0.0830013655021
0.0772448269978
0.0713093514919
0.0652463852953
0.0591072991589
0.052942534732
0.0468011478493
0.0407301746162
0.0347729694349
0.0289693499075
0.0233549333899
0.0179599917433
0.0128094389135
0.00792233291338
0.00331151640266
-0.00101660796563
-0.00506183712551
-0.00882989058583
-0.012332882476
-0.015588298945
-0.0186183935251
-0.021449854566
-0.0241128849579
-0.0266403363862
-0.0290666675242
-0.0314271163013
-0.0337564049539
-0.0360875726088
-0.0384516654899
-0.0408760320377
-0.0433832849673
-0.0459911391547
-0.0487111703508
-0.0515483494203
-0.0545007651556
-0.0575592536589
-0.0607072886754
-0.063921081983
-0.0671702480842
-0.0704178524851
-0.0736209697996
-0.0767320826024
-0.0796994979329
-0.0824684572479
-0.0849824416837
-0.0871843966832
-0.0890177470683
-0.0904273604434
-0.0913614790074
-0.0917722408877
-0.091616532241
-0.090857457881
-0.0894647158422
-0.087415103144
-0.0846927807021
-0.0812903985826
-0.0772085378106
-0.0724547002698
-0.0670446176698
-0.0610009135497
-0.0543523091706
-0.0471335455895
-0.0393841140239
-0.031147369646
-0.0224697481254
-0.0133999270335
-0.00398771139039
0.00571718789158
0.0156653368171
0.0258087073288
0.0361014673512
0.0465001660509
0.0569644076157
0.06745712369
0.0779445849494
0.0883965650079
0.0987861998207
0.109089725283
0.119286266434
0.129357373425
0.139286515543
0.149058662816
0.15865973011
0.168076017644
0.177293592232
0.186297971311
0.195073617914
0.203603409188
0.211868508518
0.219848064964
0.227519049757
0.234856250768
0.241832342258
0.248418027976
0.254582176644
0.260292293249
0.265514875317
0.270215735848
0.274360617316
0.277915710862
0.2808482157
0.283126805141
0.284722265862
0.285608055639
0.285760706555
0.285160359656
0.283791158802
0.281641566196
0.278704691437
0.27497848217
0.270465833288
0.265174669661
0.259117972931
0.252313707254
0.244784528163
0.236557743387
0.227665024875
0.218141939313
0.208027703329
0.197364802326
0.186198596464
0.174576617956
0.162548349486
0.150164866884
0.137477960157
0.124539957974
0.111403299927
0.0981200750422
0.0847415485654
0.0713178281878
0.0578976133513
0.0445276650133
0.031252730343
0.0181154226474
0.00515571333517
-0.00758912894735
-0.0200846080637
-0.032298834934
-0.0442030654278
-0.055771588093
-0.0669813772058
-0.0778124505816
-0.0882476495578
-0.0982725111463
-0.107875260759
-0.117046684152
-0.125779967224
-0.134070411769
-0.141915558715
-0.149314933173
-0.156269602339
-0.162782369251
-0.168857460411
-0.174500273701
-0.179717287416
-0.18451589407
-0.188904228825
-0.192890870099
-0.196484862542
-0.199695531344
-0.202532195358
-0.205004152688
-0.207120516316
-0.208890078421
-0.210321134153
-0.21142143017
-0.212198074474
-0.212657323375
-0.21280458106
-0.212644301134
-0.212179861544
-0.211413530101
-0.210346390164
-0.2089782825
-0.207307769189
-0.205332093112
-0.203047153498
-0.200447507454
-0.197526364127
-0.19427560196
-0.190685805852
-0.18674632685
-0.182445342687
-0.17776993334
-0.172706233474
-0.167239540672
-0.161354461556
-0.155035127711
-0.14826540218
-0.141029114756
-0.133310301184
-0.125093568156
-0.116364393363
-0.107109425643
-0.0973169514428
-0.086977285722
-0.076083193806
-0.0646302863855
-0.0526176077732
-0.0400481290959
-0.0269290583976
-0.013272514495
0.000904017222566
0.0155772744309
0.0307177518077
0.0462892388498
0.0622484146634
0.0785447684874
0.0951201276598
0.111908453923
0.128836026676
0.145821294289
0.1627750532
0.179600767621
0.19619504069
0.212448113517
0.228244529089
0.243464302846
0.257983732092
0.271676560993
0.284415654218
0.296074298442
0.306527903597
0.315655869718
0.323343441772
0.329483666435
0.333979394296
0.336745494824
0.337710731506
0.336819668788
0.334034718454
0.329337765474
0.322731700972
0.31424166118
0.30391608146
0.291827333379
0.278071978955
0.262770765046
0.246067963011
0.228130282184
0.209145501514
0.189320428923
0.168878440019
0.148056519076
0.127101959876
0.106268569272
0.0858125338395
0.0659882994113
0.0470437958677
0.0292156369368
0.0127248676618
-0.00222789429853
-0.0154668558521
-0.0268449910874
-0.0362477514526
-0.0435962384605
-0.0488497608909
-0.0520074996449
-0.0531096150556
-0.0522374710854
-0.0495128911089
-0.0450965076852
-0.039185205121
-0.0320087904419
-0.0238255165187
-0.0149171561625
-0.00558355854752
0.00386423035616
0.0131105871853
0.0218422423828
0.0297554065496
0.0365630501592
0.0420019166719
0.0458388534873
0.0478769640414
0.0479608607255
0.0459809604136
0.0418769600994
0.035640118874
0.0273143201482
0.0169959795015
0.00483265993523
-0.0089795649348
-0.0241998967523
-0.0405477402295
-0.0577086453661
-0.0753410884238
-0.093083965206
-0.110564651123
-0.12740737236
-0.143241663096
-0.157710827918
-0.170480095533
-0.181244217472
-0.189734489776
-0.195724918703
-0.199037347793
-0.199545523394
-0.197177983637
-0.191919648935
-0.183812147055
-0.172952888796
-0.159492870097
-0.143633335375
-0.125621368849
-0.105744495084
-0.0843245065729
-0.0617108729873
-0.0382732384181
-0.0143935189386
0.0095408893245
0.033145350035
0.0560457164388
0.077884358725
0.098327222337
0.117069619132
0.133840930913
0.148408935061
0.160583007332
0.170216361557
0.177207351326
0.181499881258
0.183082881302
0.181988815442
0.178291541586
0.172103410279
0.163571781444
0.15287504325
0.140218150993
0.125827867035
0.109948175463
0.092835232064
0.0747524028127
0.0559658627837
0.0367398543248
0.0173324569725
-0.00200794933388
-0.0210463043223
-0.039563812611
-0.0573603743143
-0.0742565590679
-0.0900950982503
-0.104741899863
-0.118086608168
