0.0
0.000341100705769
0.000210966709319
-0.000612994572842
-0.0023421307313
-0.00517365941005
-0.00928790486834
-0.0148458133229
-0.0219868220489
-0.0308270576991
-0.0414578690694
-0.0539447844024
-0.0683268486698
-0.0846163327592
-0.102798883224
-0.122834000413
-0.144655898334
-0.168174739853
-0.193278124515
-0.21983288995
-0.247687176716
-0.276672659867
-0.306606975275
-0.33729626241
-0.368537790357
-0.400122624742
-0.431838294125
-0.463471416645
-0.494810249847
-0.525647129554
-0.555780766922
-0.585018376529
-0.613177612336
-0.640088292517
-0.665593898472
-0.689552839566
-0.711839469655
-0.732344857226
-0.750977347017
-0.76766280723
-0.78234475737
-0.794984160415
-0.80555912269
-0.81406432289
-0.820510326639
-0.824922731734
-0.827341184654
-0.827818306585
-0.826418513754
-0.823216793548
-0.818297423305
-0.811752670376
-0.803681492368
-0.794188231789
-0.783381368083
-0.771372266948
-0.758274043573
-0.744200430718
-0.72926475172
-0.713578982161
-0.697252863563
-0.680393148748
-0.6631029049
-0.645480925691
-0.627621237791
-0.609612683718
-0.591538607149
-0.573476612125
-0.555498402761
-0.537669700367
-0.52005022287
-0.502693729567
-0.485648121127
-0.468955585441
-0.452652792765
-0.436771112907
-0.421336885276
-0.406371684606
-0.391892634914
-0.377912709838
-0.364441058611
-0.35148333123
-0.339041997346
-0.327116670985
-0.31570441824
-0.30480006646
-0.294396486607
-0.284484879685
-0.275055034885
-0.266095561606
-0.257594130155
-0.249537681089
-0.241912616097
-0.234704963979
-0.2279005359
-0.221485075369
-0.215444362143
-0.209764324699
-0.204431128986
-0.199431246624
-0.194751525842
-0.190379225476
-0.186302057423
-0.182508215205
-0.178986378425
-0.175725728074
-0.172715938964
-0.169947170567
-0.167410055877
-0.16509567301
-0.16299552446
-0.161101505236
-0.159405867158
-0.157901185178
-0.156580314747
-0.155436352923
-0.154462592887
-0.153652480734
-0.152999572217
-0.15249748307
-0.152139846673
-0.15192026553
-0.151832264892
-0.151869251844
-0.15202446456
-0.152290933974
-0.152661438494
-0.153128462389
-0.15368416035
-0.154320314481
-0.1550283061
-0.155799080088
-0.156623115872
-0.157490407803
-0.158390436014
-0.159312156965
-0.160243986597
-0.161173796449
-0.162088926288
-0.162976177244
-0.163821834122
-0.164611682348
-0.165331044483
-0.165964839686
-0.166497615994
-0.166913626533
-0.167196898298
-0.167331320284
-0.167300752241
-0.167089123944
-0.16668058503
-0.166059638246
-0.165211287174
-0.164121197349
-0.162775880459
-0.161162891307
-0.159271029973
-0.157090548287
-0.154613360282
-0.151833288539
-0.148746266719
-0.145350592882
-0.141647152115
-0.137639615697
-0.133334707488
-0.128742345001
-0.123875875883
-0.118752234156
-0.113392038305
-0.107819787704
-0.102063843053
-0.0961565368257
-0.0901341534701
-0.0840368200995
-0.0779085018085
-0.0717967297957
-0.0657524532425
-0.0598297402973
-0.0540853773627
-0.048578532694
-0.0433701983322
-0.038522678281
-0.034098971252
-0.0301620730882
-0.0267742477243
-0.023996260411
-0.0218864978243
-0.020500118444
-0.0198881821052
-0.0200966157705
-0.0211654513952
-0.0231277423425
-0.0260087116075
-0.02982496206
-0.034583538926
-0.0402812607307
-0.0469039944735
-0.0544261013161
-0.0628099739652
-0.0720056949989
-0.0819508617752
-0.0925705230897
-0.103777342041
-0.115471863035
-0.127543036434
-0.139868855299
-0.1523172486
-0.164747105567
-0.177009522701
-0.188949206568
-0.200406039426
-0.211216818504
-0.221217088033
-0.230243136413
-0.23813402735
-0.24473374431
-0.249893334835
-0.253473072167
-0.255344605949
-0.255393002312
-0.253518778418
-0.249639698208
-0.24369250085
-0.235634378474
-0.225444275247
-0.213123919383
-0.198698572119
-0.18221749624
-0.163754112253
-0.143405831368
-0.121293586983
-0.0975609691215
-0.0723730618849
-0.0459150484306
-0.0183903635939
0.0099813604976
0.0389665845344
0.0683204242323
0.0977894064636
0.127114391044
0.156033570417
0.184285600338
0.211612738275
0.237763915028
0.262497878827
0.285586137896
0.306815664329
0.325991650885
0.342939843359
0.357508590916
0.369570763708
0.379025225593
0.385797979
0.389842919033
0.39114231786
0.389706875921
0.385575354515
0.37881397594
0.369515356144
0.357797093904
0.343800221989
0.32768722415
0.309639839743
0.289856712787
0.268550867752
0.245947010976
0.222278667823
0.197785548696
0.172710659534
0.14729740041
0.121787042388
0.0964160434805
0.0714135508873
0.0469991108254
0.0233806536632
0.000752616697496
-0.0207058833021
-0.0408322567195
-0.05948162641
-0.0765277795351
-0.0918637064399
-0.10540200111
-0.117074990573
-0.126834588836
-0.134651923966
-0.140516769304
-0.144436863402
-0.146436912806
-0.146557535739
-0.144854107166
-0.141395384914
-0.136262151209
-0.129545798146
-0.121346823152
-0.111773339698
-0.100939585683
-0.0889644785768
-0.0759701691875
-0.0620806757004
-0.0474206025967
-0.0321138965079
-0.0162827257323
-4.64595155777e-05
0.0164792883496
0.0331834769322
0.049960355751
0.0667100827721
0.0833392319326
0.0997611950691
0.115896480045
0.131672926411
0.147025818947
0.161897918142
0.176239428816
0.190007880353
0.203167950793
0.215691252829
0.227556035528
0.23874686831
0.249254317543
0.25907454709
0.268208921542
0.276663596221
0.284449122012
0.291580006644
0.298074284901
0.303953132035
0.309240438065
0.313962418718
0.318147259262
0.321824737819
0.32502588258
0.32778265052
0.330127660272
0.33209388407
0.333714370574
0.335022081876
0.336049631246
0.336829085959
0.337391821986
0.337768369765
0.337988279981
0.338079992147
0.338070766557
0.337986579834
0.337852040243
0.337690370519
0.337523338929
0.337371218982
0.337252768782
0.337185220886
0.337184267635
0.337264037856
0.337437123511
0.337714573201
0.338105891158
0.338619062405
0.339260558663
0.340035354064
0.340946949565
0.341997380149
0.343187237894
0.344515707013
0.345980565391
0.347578212606
0.34930370068
0.351150763247
0.353111824719
0.355178022534
0.357339287028
0.35958431825
0.361900623557
0.364274599478
0.366691543779
0.369135694701
0.371590265148
0.374037552614
0.376458958626
0.378835034252
0.381145602408
0.38336979035
0.385486109366
0.387472564158
0.389306757098
0.390965962356
0.392427182778
0.393667386221
0.394663542789
0.395392698537
0.395832204313
0.395959787192
0.395753680888
0.395192765641
0.394256728322
0.392926180818
0.391182750986
0.389009297888
0.386389999732
0.383310447332
0.379757796642
0.375720886348
0.371190347263
0.366158649433
0.360620234008
0.354571569836
0.348011182525
0.34093976286
0.333360180475
0.325277476517
0.316698852142
0.307633741012
0.298093809731
0.288092742705
0.27764637466
0.266772614435
0.255491295752
0.243824172487
0.231794828347
0.219428592285
0.206752399215
0.193794736316
0.180585561603
0.167156151008
0.153539040951
0.139767920489
0.125877508846
0.111903498838
0.0978824574639
0.0838517233682
0.0698493082719
0.0559138249193
0.0420844096961
0.0284005964949
0.0149022594926
0.00162950574942
-0.0113774762698
-0.0240784970021
-0.0364334962754
-0.0484026858887
-0.0599467461321
-0.0710269830018
-0.0816055210337
-0.0916455823057
-0.101111663434
-0.109969801574
-0.118187940756
-0.12573616563
-0.132587040231
-0.138715962445
-0.144101492352
-0.148725707913
-0.1525745579
-0.155638213534
-0.157911373848
-0.159393575161
-0.160089520864
-0.160009280334
-0.159168497173
-0.15758855085
-0.15529665431
-0.152325883296
-0.148715132953
-0.144509020781
-0.139757681185
-0.134516500609
-0.128845812494
-0.122810419386
-0.116479091859
-0.10992401665
-0.103220137867
-0.0964444491422
-0.0896752239033
-0.0829912200855
-0.0764708297974
-0.0701912124694
-0.0642274287993
-0.0586515630848
-0.0535318619788
-0.0489319042835
-0.0449098345355
-0.041517608923
-0.0388003070581
-0.036795609194
-0.0355332390798
-0.035034537943
-0.035312226458
-0.0363701563134
-0.038203227853
-0.0407974388408
-0.0441300067762
-0.0481696113843
-0.0528767453281
-0.0582042352464
-0.0640977447487
-0.0704963873148
-0.0773335241482
-0.0845374966297
-0.0920324731087
-0.0997393547896
-0.107576668933
-0.115461498342
-0.12331041192
-0.13104042687
-0.138569877938
-0.145819260201
-0.152712118847
-0.159175778655
-0.165142052741
-0.170547898608
-0.175335972612
-0.179455103221
-0.182860668611
-0.185514947978
-0.187387304812
-0.188454287231
-0.18869973137
-0.188114679325
-0.186697252632
-0.18445247574
-0.181391991087
-0.177533729945
-0.172901531989
-0.167524710485
-0.161437565394
-0.154678863751
-0.14729133561
-0.13932109927
-0.130817093459
-0.12183052842
-0.112414318053
-0.102622525
-0.0925098177594
-0.0821309938943
-0.0715404687517
-0.060791792458
-0.0499372962164
-0.0390276679954
-0.0281115968887
-0.0172354958873
-0.00644323346234
0.00422409658129
0.0147283880084
0.0250345966615
0.035110871093
0.0449286609437
0.054462697213
0.0636909948399
0.0725948163188
0.0811586596105
0.0893701198557
0.0972197810218
0.104701127841
0.111810353808
0.118546221456
0.124909920972
0.130904858797
0.136536460606
0.141811978545
0.146740396434
0.151332127003
0.155598814528
0.159553259595
0.163209146556
0.166580887563
0.169683472257
0.172532299984
0.175143014242
0.177531350897
0.179713064912
0.181703734517
0.183518637195
0.185172727244
0.186680471891
0.188055759792
0.189311814624
0.190461191424
0.191515657723
0.192486082284
0.193382492828
0.194213966272
0.194988585119
0.19571343789
0.196394571998
0.197036966381
0.197644501733
0.198219980742
0.198765093304
0.199280382616
0.199765289981
0.200218124785
0.200636060805
0.201015155058
0.201350347996
0.201635477137
0.201863293793
0.202025474233
0.202112648037
0.202114433793
0.202019460511
0.201815405574
0.201489041396
0.201026312288
0.200412349188
0.199631543454
0.198667680322
0.197503950072
0.196123059357
0.194507360271
0.192638962755
0.19049984039
0.188071950652
0.185337440755
0.18227875642
0.178878819921
0.175121261471
0.170990566405
0.166472280962
0.161553233455
0.156221815744
0.150468151814
0.144284294133
0.137664622135
0.1306059737
0.123107885726
0.11517291141
0.106806829841
0.0980188683124
0.088821893671
0.0792327580771
0.0692723901936
0.0589658795131
0.0483428059841
0.03743724823
0.0262878452637
0.0149378399523
0.00343515829657
-0.00816768894924
-0.0198138629548
-0.0314421193827
-0.0429871263042
-0.0543798220514
-0.0655476522406
-0.0764150104492
-0.0869037200296
-0.0969336374044
-0.106423136304
-0.115289808419
-0.123451332687
-0.130826068642
-0.13733395687
-0.142897455671
-0.14744238513
-0.150898856181
-0.153202227732
-0.154294201543
-0.154123580369
-0.152647217827
-0.14983109328
-0.1456509722
-0.140093239675
-0.133155644944
-0.124847913864
-0.115192181578
-0.104223340256
-0.0919895009978
-0.0785518812875
-0.0639847506196
-0.0483753562446
-0.0318234016538
-0.0144405077651
0.00365050914952
0.02231653264
0.0414152948232
0.0607966660749
0.080303883004
0.0997752262439
0.119045697043
0.137948707916
0.156317943916
0.173989261014
0.19080263442
0.206604037204
0.221247384874
0.234596391776
0.246526196675
0.256925109083
0.265696111327
0.27275805628
0.278046865873
0.281516407846
0.283139121146
0.282906433568
0.28082891233
0.276936137849
0.271276238531
0.263915280186
0.254936342865
0.244438273353
0.232534359652
0.219350712351
0.205024447562
0.189701791132
0.173536019853
0.156685335374
0.139310706532
0.121573681077
0.103634238408
0.0856487436451
0.0677679513153
0.0501351797326
0.0328846772519
0.0161400468359
1.30448740246e-05
-0.0153973544504
-0.030005911374
-0.0437415700218
-0.056547716237
-0.0683822615393
-0.0792173857091
-0.0890390948138
-0.0978465936604
-0.105651405411
-0.112476326302
-0.118354233247
-0.123326886158
-0.127443504036
-0.130759314849
-0.13333416984
-0.135231061647
-0.136514717602
-0.137250276276
-0.13750200914
-0.13733216711
-0.136799957611
-0.135960626737
-0.134864730467
-0.133557560718
-0.132078675478
-0.130461627588
-0.128733849792
-0.126916716612
-0.1250256171
-0.12307026356
-0.12105515377
-0.118979965265
-0.116840158753
-0.114627614216
-0.112331246141
-0.109937727493
-0.107432195874
-0.104798920347
-0.10202195676
-0.0990857811091
-0.0959758938258
-0.0926792928464
-0.0891849666053
-0.0854843055932
-0.0815713396824
-0.0774430187288
-0.0730993781624
-0.0685435942354
-0.0637820084372
-0.0588240655747
-0.0536821930861
-0.0483716236033
-0.042910170894
-0.0373179647198
-0.0316171387775
-0.0258315086229
-0.0199862288821
-0.0141074374259
-0.00822189466246
-0.00235662758076
0.00346141073472
0.00920567184054
0.0148503275498
0.020370560506
0.0257427980503
0.0309449597732
0.0359566662478
0.0407593917564
0.045336582538
0.0496737612272
0.0537586436473
0.0575811173777
0.0611332694477
0.0644093937236
0.0674059111793
0.0701213345248
0.072556201896
0.0747129501791
0.0765957964609
0.0782106274044
0.0795649433114
0.0806676028769
0.0815287170876
0.0821595876464
0.0825724780185
0.0827805132789
0.0827975589406
0.0826380742453
0.0823169884889
0.0818495954467
0.0812514943559
0.0805384049959
0.079726109675
0.0788304610323
0.0778671941104
0.0768519102371
0.0758000508343
0.074726824301
0.0736471637944
0.072575698463
0.0715267851246
0.0705144106947
0.0695521912771
0.0686534220292
0.0678310116084
0.0670974878335
0.0664649957945
0.0659453242372
0.0655498638613
0.0652895912716
0.0651751274464
0.0652166716794
0.0654239957722
0.0658064558446
0.0663729489908
0.0671318953918
0.0680912105994
0.069258263687
0.0706398406355
0.0722420977201
0.0740704975217
0.0761297553148
0.0784237721531
0.0809555587484
0.0837271459534
0.0867395078551
0.0899924846833
0.0934846456005
0.0972132144524
0.101173978599
0.105361150553
0.1097672676
0.114383087958
0.119197510505
0.124197408898
0.129367558073
0.134690594811
0.140146849116
0.145714296794
0.151368514103
0.157082660896
0.162827374158
0.168570754402
0.174278515193
0.179913884747
0.185437698444
0.19080854594
0.195982869025
0.200915107575
0.205557885148
0.209862370031
0.213778425407
0.217254903313
0.220240147794
0.222682285946
0.224529683179
0.225731442097
0.226237933245
0.2260013124
0.224976071537
0.223119777639
0.220393584013
0.216762850305
0.212197945648
0.206674793016
0.200175538516
0.192689226365
0.184212388471
0.174749623965
0.164314129825
0.152928233009
0.140623757605
0.127442345556
0.11343578006
0.0986660914232
0.0832056107021
0.0671369127098
0.050552620404
0.0335550823184
0.0162559109788
-0.00122458556364
-0.0187581710987
-0.0362095764608
-0.0534374620781
-0.0702956071289
-0.0866341866485
-0.102301150862
-0.11714373608
-0.131010063938
-0.143750815528
-0.155220918696
-0.165281352661
-0.173800952288
-0.180658100315
-0.185742514673
-0.18895692594
-0.190218637735
-0.189461022432
-0.186634862591
-0.181709523208
-0.174673931856
-0.165537368562
-0.154330024581
-0.141103313322
-0.125929919264
-0.108903583295
-0.0901386308445
-0.0697691864717
-0.0479481616497
-0.0248459964199
-0.000649026263473
0.0244422870229
0.0502153484381
0.0764476334126
0.102909079246
0.129364612796
0.155576742592
0.181308267335
0.206324998329
0.230398461926
0.253308571534
0.274846213561
0.294815702036
0.313037072728
0.329348192643
0.34360663898
0.355691316899
0.365503810075
0.372969432059
0.378037959412
0.380684046541
0.380907316544
0.378732120169
0.37420697764
0.367403711788
0.358416282809
0.347359356847
0.334366621939
0.319588879698
0.303191955869
0.285354454712
0.266265385343
0.246121713007
0.225125872807
0.203483260049
0.181399756689
0.159079334582
0.136721739044
0.114520306909
0.0926599514175
0.0713153030335
0.0506490724442
0.030810648918
0.0119348758449
-0.00585890123125
-0.0224675402596
-0.0378045519057
-0.0518003739152
-0.0644023746944
-0.0755745770536
-0.0852972878891
-0.0935664664283
-0.100392920332
-0.105801419591
-0.109829585969
-0.112526690581
-0.113952504113
-0.114175899198
-0.113273486296
-0.111328320461
-0.10842848834
-0.104665764858
-0.100134313966
-0.0949295128445
-0.089146718328
-0.082880123809
-0.0762219466664
-0.0692613918071
-0.0620838300996
-0.0547702511465
-0.0473966246488
-0.0400334183437
-0.0327451823239
-0.0255905039555
-0.0186217252462
-0.0118847166178
-0.00541918247085
