0.0
0.0011092781188687117
0.0012638486135701787
0.0016851319078938776
0.0016336482308062991
0.0016720731978195624
0.001997921524145782
0.0021932631337416297
0.002667875692759787
0.002861785216363974
0.003093715233279684
0.0031933035201574395
0.003413077907264764
0.0038096422494029933
0.004157938427868629
0.005180685925139823
0.005258559692816675
0.005551345688029605
0.005516861044319407
0.006436813955224538
0.007425500458570836
0.007736852897345353
0.008267544481090301
0.008013239576934596
0.008408815974815638
0.008341559772219356
0.008904601150585126
0.009462746218119052
0.009606070120601516
0.009917091405016502
0.009589032588101898
0.009974951561805799
0.010151007208153845
0.011076856946688834
0.011777620516925713
0.012128007970181397
0.012644178309805187
0.013154710081495137
0.014030501196145385
0.014357111801724692
0.015213068567822043
0.015770358267182677
0.01570984307765652
0.016122360687135427
0.015414778282356677
0.0160209524439551
0.016084147645371416
0.016733199422490394
0.01709511308054809
0.01691697032642135
0.01745402570176626
0.017496802084694736
0.018320241775789226
0.018595550969906727
0.020284440213832113
0.02144225095149615
0.02164749896570535
0.02227648655779641
0.021839706835890232
0.02354881105333219
0.023710588681165025
0.024237057388400547
0.02444304945085351
0.024072609171985636
0.024213533137520178
0.0238178845372427
0.02488707101599115
0.024984074908257027
0.02622856788836974
0.026964464093011932
0.02629917568910023
0.027280520613884585
0.026195371813703155
0.03245146197948242
0.03319083515900663
0.03364116460981603
0.034109006292303144
0.032645601124724546
0.033743990154635715
0.03342148762496103
0.034665347075788264
0.034824194214110926
0.03484840127637202
0.03480136753670601
0.03409665992578892
0.035196722866544856
0.0348600141861912
0.040491470008278206
0.04137040709469025
0.04141717726823286
0.04193347487790306
0.0402299362401477
0.046355560327765756
0.046283996769104885
0.04795836986566948
0.04806997502824688
0.04750447907786997
0.0477567599543763
0.04696090772800129
0.04885127307253523
0.048829194088955766
0.049617431830391176
0.04941383265254985
0.04901311319397362
0.049529884864705574
0.04953411676136628
0.054824517275567176
0.05545932721938371
0.05648543452468095
0.057265123757736285
0.05747567941192591
0.05918361360315737
0.05927770865540895
0.06164587862827468
0.061381328771966386
0.061865013107229694
0.06086120587197049
0.05966744493178745
0.06079051398094134
0.06027251563776972
0.06236106134256725
0.06214688703327529
0.06278712655522373
0.06303134799467078
0.0636952623979894
0.06518117040477753
0.06569940930583994
0.07013790947762584
0.07057808335979743
0.07115572295563798
0.07120749080198885
0.07068464310969526
0.07278627459171048
0.07223917149199974
0.07396436013662044
0.07225097669151065
0.07202806071668426
0.07168978385552541
0.07112513381917938
0.07299723261375507
0.07242600340858221
0.07749929759136999
0.07565158672563307
0.075931460657919
0.07647749274167058
0.07615095062281091
0.08555567467748781
0.08436929340222515
0.08613365450242705
0.08466269248790811
0.08389659499962551
0.08420960722365436
0.0840476327244194
0.08603022118120413
0.08529992660279712
0.08573663922538032
0.0844380141559046
0.08430890887258932
0.08525000804509068
0.08618760460075073
0.09933792196971845
0.0971211817761713
0.09872371115204737
0.09729960639273921
0.0977115970503022
0.10330122769662924
0.10308499391410242
0.10631440345963192
0.1049831824692449
0.10501389627143501
0.10426939351966058
0.10452203958697084
0.10638740709262245
0.10625743845039563
0.10892685577227731
0.10760820297349818
0.10823507824300702
0.10802192059431226
0.11140964733922964
0.12020231278175698
0.12037352283326738
0.12244556455860262
0.12200436184073607
0.1234082125815367
0.12363732516461841
0.12448859625329002
0.1276071386986557
0.1266933537689625
0.12764631385955513
0.1244706592398116
0.12502365135093657
0.12503787278597578
0.12577561200506704
0.1287802315137667
0.128595008775418
0.129933371092307
0.13116183188941782
0.13318305832463756
0.13468477738445345
0.13625094598311055
0.13997915402809574
0.14012075504333027
0.14118544503883884
0.13922761662394406
0.13989070621020727
0.14095523108508992
0.14093848518687846
0.14259451247760635
0.13936591007784832
0.14005605994024328
0.13797145811379352
0.13898150221514305
0.1402089111526464
0.14128202686587377
0.14607865315340446
0.14484918457185905
0.14609827268560077
0.145341229068081
0.14921870687919733
0.15372665091654364
0.1533440206564317
0.15498691326989877
0.15168050469511463
0.1516985999268057
0.15087397402066186
0.15201855765188768
0.1530859727833473
0.1523000725784114
0.15387080597679448
0.150312877989494
0.15176501663277708
0.15091568082958876
0.16070713602600445
0.16996168697763664
0.16766260708461073
0.17034202136840815
0.16518644424207768
0.17026989681272453
0.1709758548808173
0.17290862146993183
0.17517425325378205
0.17386250006822807
0.17348078723384325
0.17192327129065468
0.17388811293312792
0.17420049558904224
0.1769573925925511
0.181387077628443
0.17940067620565023
0.18082938702366816
0.17863233813178248
0.1931527156484973
0.19810303649946875
0.19940815627314834
0.20182125745277663
0.1990941089289826
0.20189864609105823
0.20022726314136718
0.2036790674440241
0.20553486904473728
0.2052763376043516
0.20544431682611225
0.20228214724782828
0.2040636969334184
0.20274893948931166
0.2079290888633804
0.2106397535189059
0.21120090888977608
0.2124624696509963
0.21355828298680163
0.21845358196739584
0.2194171076160737
0.2225245802495297
0.22411961365490068
0.2238430271617152
0.22422264836901784
0.22043544430693135
0.22292812194002415
0.22212325889987558
0.22397710228342077
0.2237999463624143
0.22180252489489413
0.22207038951760427
0.22008125908946097
0.22277037430318886
0.2231736755917128
0.22761510507480587
0.22896345702686782
0.22984309813983017
0.23102237452895233
0.2295982507770128
0.23585934263990338
0.23613767092115223
0.23731679855000973
0.23621968349802464
0.23314443124341605
0.23323899798634976
0.2309340699532379
0.23358445488825405
0.23275489477858502
0.23446605812286028
0.23366819759142823
0.23057533695735355
0.232483088934879
0.23036399377149053
0.24849183051467086
0.24792763028749543
0.24858144228069906
0.24930403030734094
0.24281373868705902
0.24770302605815714
0.24668139650975407
0.25042682244531755
0.24995101690574423
0.2493643937779933
0.24863076389206887
0.2468520547460321
0.24929594519406084
0.24849351689132054
0.26017936039561596
0.26109791273697114
0.26028894683162673
0.2612297611260863
0.25927623639845687
0.2801973770610496
0.27977740853914945
0.2843572147606095
0.2847980123525827
0.28254857393392574
0.28379651825900215
0.2827971771391458
0.28783863800090015
0.28771748643460604
0.2877643195753452
0.2869690437188147
0.28584080140586976
0.28671866721155626
0.2863337348705076
0.2993718604455591
0.3003937580665591
0.30201413773224395
0.3030296044244382
0.30364977532354
0.3089089669177013
0.3092219949908255
0.31388133221997333
0.3137121738394601
0.3143110075549542
0.31205648208528686
0.30979133928707736
0.3127147504884624
0.31098688746592806
0.31426522919129646
0.3128605863843383
0.3131595687803135
0.3123128369751048
0.3124194986200821
0.31563494558709615
0.3162587911006269
0.32144000201166784
0.322886273879211
0.3237879805242262
0.3242487510749204
0.3232917289159539
0.3281006859610389
0.3271611304899909
0.3292364884637442
0.32420570998945314
0.3228818141655336
0.3218369237225769
0.3194268014435485
0.32212619422444166
0.32073476091782405
0.3252051970495392
0.32117422215058977
0.3207081229223468
0.32146351817011376
0.32119333315812976
0.33444458887280754
0.3319624924610375
0.33438435687573953
0.3311941395540496
0.3275032884734731
0.32910586132735103
0.3289820908125811
0.33219459501453535
0.3302243924689954
0.329651336340536
0.32791863009219097
0.3270506281190735
0.3283020633524718
0.33052386614180823
0.34809957995308655
0.3438303268929905
0.3454647062686336
0.343690373240156
0.34739831420333595
0.35943226817226603
0.359274311252608
0.3656067379329193
0.3629503126161558
0.36288490034470455
0.36227724109060466
0.36359430669323045
0.36705252568139385
0.3665549675669755
0.3673351137868708
0.365661586733267
0.3663086954444767
0.3656329138943801
0.37278660355971077
0.38881392596337383
0.38867460740131954
0.39162855692799986
0.3905169674751935
0.39459112047440337
0.3959721367064764
0.3974924868648452
0.4025425762958287
0.4015944716373086
0.4027815437864475
0.39889711046416537
0.4001968532553598
0.40075121699157457
0.4009755825254931
0.40477245956224145
0.40375855017602713
0.4046363106298791
0.4046919838381533
0.40779074254430386
0.41026053876376456
0.41172583860071627
0.4151499415619576
0.4161473174525174
0.41712739574789526
0.4158760263603224
0.41676329340937224
0.41909478881116785
0.41854377049294744
0.4195442025494153
0.41346919640589597
0.4138144438631474
0.4097346858181618
0.40970167107217337
0.41122145761982654
0.411535230247842
0.41354129441202964
0.41230897460923305
0.41311094732554327
0.41280565726462476
0.41537501665362886
0.4196822731986846
0.41922687813959997
0.42063527120707006
0.41482426103874986
0.41441206606570696
0.4136188638230967
0.4146752614336838
0.415322013160595
0.4136962239986535
0.41392076187641735
0.4095849518341804
0.4100401372978394
0.40964089683275273
0.42040134132738827
0.42875410432749816
0.4251166119349894
0.42784347460233113
0.42187968604625214
0.42842113815722105
0.43046168408432695
0.43349728776844254
0.4371598371779648
0.43404525503396785
0.4343194030671724
0.4331613899314142
0.4357532064336266
0.43656187732040197
0.4374839441926009
0.4405061017060979
0.43810612703529844
0.43932094370248254
0.4377996656859903
0.4591370306598819
0.46744554625569895
0.4688353430892052
0.47232148332870405
0.4690322469821834
0.47433572531078794
0.47327354954578105
0.478042818894452
0.48137228203753035
0.48101629248669475
0.4814149722932565
0.4788185559964503
0.48138635467994373
0.4800137854653877
0.4844064516573344
0.48794744304270626
0.4879008363950385
0.488583809943867
0.4883287409793048
0.49587855846771145
0.4970237978831167
0.49960157005179984
0.5010366280521223
0.5007298384651538
0.5009513338046894
0.49802512223952194
0.5011921859924288
0.5012612233394831
0.5020802802820744
0.5012416430432831
0.4979965749621067
0.4977121919938759
0.49328403055256115
0.49559491399601996
0.496044224399844
0.4979619607693182
0.49813249549435956
0.4992127580829028
0.5000798625134448
0.4994667829067398
0.5032806351259456
0.5038763260724505
0.5044634005618306
0.5028380337131044
0.4976835781884814
0.49816965657532697
0.4954170970083718
0.4970445252227935
0.49546761480250295
0.4954944530984561
0.49416221677946165
0.4897175658125524
0.4905975601100842
0.4896125058485855
0.5027879639154249
0.5010383666078445
0.5007404902666945
0.501547788759531
0.4921771699338206
0.4961940069089248
0.4957722569465065
0.5000207926372077
0.4994097883818799
0.4983004417120568
0.4978900133215313
0.4964543162035326
0.49855932277176307
0.4982861710263904
0.5045867933217335
0.5059343775241119
0.5040491638666711
0.5050216654236772
0.5061791859717446
0.5300411880899164
0.5308145629517615
0.5358441814970663
0.5376140256212658
0.5341437982452719
0.5370011183759884
0.5370907408695996
0.543121588202503
0.5439817647444203
0.5434565306016436
0.5432962699691358
0.5426622202371566
0.5438656181907083
0.5436995881156733
0.5548469042628337
0.5566545958991471
0.5576382278521755
0.5580509558669938
0.559022899297502
0.5664971751748358
0.5667499516426616
0.5707843562113265
0.5709944993073918
0.5711719437844311
0.5698097328395937
0.5682324079476311
0.572026198202549
0.5708002088695054
0.5727802718162679
0.5717869487404768
0.5713099192689999
0.569398352279494
0.5677045535964345
0.5709184776962902
0.5710462268564495
0.5728897764885935
0.5745717320065001
0.5748144068231857
0.5757625035801642
0.5748668748806306
0.5783445447245595
0.5779868584898623
0.5786340388063628
0.5737251443774235
0.5712903157416164
0.5704668528200786
0.5666812884953475
0.5681499052903891
0.566631143303636
0.5678434594705761
0.5641984366966688
0.5621225509907565
0.5625674097538469
0.5614742576563241
0.5671461892000311
0.5654168716601904
0.5664488046979943
0.5640029280110714
0.5552665433891956
0.5567866288062175
0.5567664546804535
0.5593848710518526
0.5569455449461109
0.5566152844959809
0.5554509395213894
0.5537217048752734
0.5545830328820601
0.5560465623036766
0.5662519560914375
0.5633742922709594
0.5630904378914482
0.5629148093671259
0.5664861154212163
0.577802045098755
0.5781190890725827
0.5846764102777471
0.5827540957047324
0.5809585323613324
0.5819249870035104
0.5837362300231048
0.5876809659781117
0.5875466763153889
0.5860861779599572
0.5858107999282594
0.5859502410142897
0.5859818386360316
0.5917585833219093
0.6061729251765037
0.606400016282815
0.6087839801902141
0.6083180950407893
0.6129000602697292
0.6159377588636632
0.6172441090444544
0.6220405962928457
0.6219621626777583
0.6231857611744447
0.6215865469414218
0.6228261631535252
0.624713324246982
0.6243989717584405
0.6271162851021371
0.6268645109434217
0.6269525460616917
0.6254571710911873
0.6270740395990864
0.6295946442456161
0.6300133189364074
0.6315390870312975
0.6320580525211776
0.6320441982158702
0.6324661726222071
0.6323511908740802
0.6346037994708589
0.6339749235532005
0.6340630651556824
0.628795354944126
0.628413913557054
0.6244648197132557
0.6223089880983034
0.6236013133665775
0.6231798506164703
0.6229216172909727
0.6214433596771962
0.6207827211331798
0.6208668596577196
0.6186085728938838
0.6198824960260265
0.6197366860993332
0.6201430126493244
0.6151183170412411
0.6110638383683054
0.6109134665336262
0.6107695094615432
0.6108305321343817
0.6091038358054767
0.6090364516982579
0.6054244027246227
0.6039271880778649
0.604104526882114
0.6090056526478669
0.6135846964750049
0.6104819421141714
0.6114052089643263
0.6079293307117916
0.6068108917683567
0.6091836897418017
0.6114664709722973
0.615367756385215
0.6109200447865056
0.6112140062706909
0.6112659136102647
0.6130397096588303
0.6144233422559389
0.6138612963871499
0.6141771738008722
0.612913013391913
0.6131400152427111
0.6135035405079552
0.6279227071240792
0.6367330483293963
0.6375914272596486
0.6412341868148228
0.6399198135293751
0.6439480942260446
0.6446276554529176
0.6485898083208645
0.6526753664485667
0.6527709841848625
0.6542290012893365
0.6537445675182478
0.6557538533524264
0.6558732262986677
0.6572555466464254
0.6607588711781383
0.6607397877619203
0.6609601422350326
0.65984643886221
0.6652678265494884
0.6663431097094031
0.6675483036473722
0.6680491815420356
0.6673206949093116
0.6673018736906571
0.6663232022716882
0.6680219477047645
0.6691914852631542
0.6690082198139177
0.6691694855236909
0.6664092141326051
0.6658681935528321
0.6609981986854259
0.6613171746499005
0.6622697412019768
0.6621941841097114
0.6619637859801956
0.6617864556051517
0.6616582755334715
0.66160243756557
0.660052862331564
0.6607025656668194
0.6605258998423197
0.6598084997791137
0.654451981971462
0.6537666894815205
0.6516757175849105
0.6511525364113815
0.6499956903786699
0.6493762438979933
0.6485045479583098
0.643571564680436
0.6428016176110362
0.6425578827407809
0.6461783923373002
0.6455585782759579
0.644288310718506
0.644762433455135
0.6348801517249549
0.6310135976541194
0.6313210457405519
0.6337571929928252
0.6338727583146279
0.631054569387807
0.6315463877151586
0.6304155614896186
0.6312482120952044
0.631606929414577
0.6323474369233437
0.6337292975059051
0.6315123210307748
0.6321298365751776
0.6336332605600274
0.6472220017462874
0.6497021629849241
0.6529885818955952
0.6563785218242273
0.6515686494241388
0.6542605135246411
0.6550435007831341
0.6598439173911677
0.6619426313519772
0.6620407632775483
0.6631168818071872
0.6629471965696628
0.664133410625187
0.6643700325434818
0.6691150744411546
0.6720134370160891
0.6723755906004649
0.6730261712536114
0.6729826926034705
0.6787982891799826
0.6789993814188936
0.6816214965459623
0.6820299800949274
0.6817232367995584
0.6820260116544304
0.6810411313929668
0.6838645301236776
0.6839974527233114
0.6849780975161477
0.6862824226104434
0.6853894687570942
0.6838815734508985
0.6810697779180217
0.6829540703380634
0.6831660739606
0.6834138545844475
0.6840398264583241
0.6828410784919935
0.6833532249801461
0.682512600616016
0.6831950053255433
0.6831294799472057
0.6827862982644043
0.6808162300480691
0.6774337582062195
0.6768736684346569
0.6729085236941845
0.6730133161024745
0.6724576342472028
0.6723403062591421
0.6698685662819664
0.6662879109266826
0.6661587490569508
0.6641914272043754
0.664248002960076
0.6639658794477092
0.6635740787134563
0.6625956881107494
0.6492725381345159
0.6480841892034219
0.6477027183074098
0.6489010116572989
0.6471819266644314
0.6467107459127219
0.6462663872957412
0.6435393984187121
0.6438175126172169
0.6442940125589061
0.6475899179023006
0.6468883545446016
0.6450727395843848
0.6457097764076325
0.6432846122893092
0.6488310653680223
0.6494648745081432
0.6539763186306663
0.6539549810183182
0.6474704184092935
0.6496492706894701
0.6503957342136855
0.6537659130797546
0.6543457156992601
0.6532218936641372
0.6540324175560542
0.6533589252194321
0.6540983051386464
0.6560051306477027
0.6640922612536587
0.66529794598956
0.6669955721962938
0.6681138126437395
0.6680236960664642
0.6715055993348996
0.6722317040885489
0.6760423574281346
0.6772345019156941
0.6788069226972828
0.6794564316663446
0.6795008807977075
0.6818702683092814
0.6818335311804908
0.683756462478167
0.6853266553504097
0.6850590932014309
0.6839211880271644
0.6830660898697449
0.6851755740022699
0.6851470045465411
0.6859419002594683
0.685448537638382
0.6841428232744743
0.6849098965629393
0.6839510906814155
0.6851061040128139
0.6846973068243981
0.6851575918456059
0.6828882121156479
0.6814300253398669
0.6789617430322594
0.6757508790798828
0.677306449446008
0.6771649470123038
0.6769216862602995
0.6751214052129523
0.6730578132336834
0.6731057117954911
0.6691661497260469
0.6696298392107948
0.6695558918312109
0.6694031515454162
0.666504488765475
0.6579556068497099
0.6578404775770996
0.656548291694985
0.6569988406160097
0.6556672552116992
0.6558051513613461
0.6529590263283372
0.6499116818680688
0.6502681695666158
0.6510149119539003
0.6536257481900714
0.651804994707517
0.6512401322555359
0.6488046577900087
0.6386185513703356
0.6403430551723599
0.6410508929876745
0.6441630037017764
0.6392406671679309
0.6366666573312056
0.6370811162121555
0.6369673250087113
0.6387170320092378
0.6384097822868748
0.6377238675024091
0.6372172173586844
0.636537245210013
0.6372325701554513
0.641463190824184
0.6481126944152442
0.6487794225573267
0.652104709283158
0.6511589784700007
0.6492219633599905
0.650876170929466
0.6530770633694747
0.6572338972703025
0.6581456029057081
0.6612869773366237
0.6615708357923615
0.6620504835539691
0.6632512069756915
0.6632440196754754
0.6661644907248221
0.6667610007904113
0.6672847376969202
0.6662648283930032
0.6672320062422582
0.6684881239319737
0.669228573854347
0.669484409280372
0.6686219452799531
0.6687049072743386
0.6685815014729304
0.6687775630556257
0.669951816263059
0.6699064699239315
0.6719656376768894
0.6703895446589114
0.6696537557114852
0.666200246566131
0.6654611023634522
0.6674666192227
0.6673301677714504
0.6676523573392101
0.6662894936495067
0.6652592559755934
0.6653027032528965
0.6630406135698006
0.6632861768177826
0.6629235631045786
0.6630669962143102
0.6589319770015639
0.6562986422435936
0.6549312563195984
0.653561445370209
0.6542918081449474
0.6536664951580731
0.653310932636769
0.6485674403169532
0.6467756264298622
0.6466449504732866
0.6467581841572162
0.6478282942399523
0.6464958153237083
0.6464973604386142
0.6370790183243105
0.6282579761325282
0.6286742481779614
0.6293115210515355
0.6301976292373038
0.6250022014962647
0.6250706862586993
0.6232144212400177
0.6227893733857752
0.6236692993420199
0.6231366091116735
0.623932479321393
0.6218706100341316
0.6218199647874778
0.6208544375051097
0.6244034275529817
0.6273658438882189
0.6291987639386584
0.6325247212092888
0.6239875898857831
0.6235962567931335
0.6237321535815434
0.6264769904887902
0.6293631629770168
0.6303558961114646
0.6326252833637418
0.6317325573157881
0.6323243224250443
0.6327715980555186
0.6336044667785596
0.6365434538368442
0.6369279431422707
0.638204939139434
0.6357104765023824
0.6376433577618708
0.6380684967656505
0.6402753596711237
0.6413183958552912
0.6411505226117805
0.6428890044790437
0.6419493349744964
0.6433549945946501
0.6441970268293385
0.6454268233241665
0.6483665516177171
0.647267500090731
0.6467142798723835
0.6443418834668265
0.645412545269113
0.6464229072551244
0.6471944509564809
0.6475021369967981
0.6453826848736245
0.6453730518957085
0.6449873404665356
0.645210373964823
0.6447268195466773
0.6448780423858876
0.6448657416328405
0.6414831123396021
0.640806300936193
0.6378520420930212
0.6383597627764526
0.6395144069881011
0.6392568775233872
0.6379483109218983
0.6340074738248825
0.633464961903059
0.6318940834403379
0.6325775831360096
0.6329279500931365
0.6323145503493448
0.6320218956570921
0.6193338378947052
0.617063594721751
0.616541017052268
0.6172326196228315
0.6166154115922621
0.6145671116664113
0.6140265501775205
0.610439219983455
0.6105783451663933
0.6109529104442164
0.6116368073188843
0.6117799955942386
0.609756630195607
0.6095591340225283
0.6030539935023334
0.6050748543947628
0.6057937478516542
0.608498070921437
0.6080276158042003
0.596618602040308
0.5973185580526547
0.5961707859032801
0.5985529418905197
0.5996754099697276
0.6000435061151974
0.6007650860401254
0.5991907654267647
0.5997745955958738
0.5999465836276441
0.6029904720562927
0.6045832714270848
0.6060581262632012
0.6067798767659892
0.6008702064756255
0.6026498992796109
0.6031453191264061
0.6064518794811234
0.6082977730290438
0.6111018682448446
0.6123921962317506
0.6112611556407636
0.6130345713210215
0.6134267430826468
0.6151369053481276
0.6171407067783846
0.6167799846010404
0.6164023787920907
0.6149962818302899
0.6166323620082025
0.6171322662036153
0.6185821901260457
0.6181848844180498
0.6164102278125541
0.6169900031137748
0.6165395015557
0.6168841548365419
0.6169387742600055
0.6188942209040744
0.6183575470292721
0.6164762479521864
0.615140358149111
0.6129217835464499
0.6155499061611249
0.6162468046720864
0.6167194208728248
0.6153065838351156
0.6129882581028683
0.6128425994341525
0.611170276900578
0.6125847518117015
0.6124051800143028
0.6124213471510167
0.6111331328165728
0.6035062656171927
0.6034100717423293
0.602463772921001
0.603847747815149
0.6030154692420552
0.6026990706555917
0.5999345308115512
0.5967291286221548
0.5972878850925496
0.5973153204473721
0.5990179498183031
0.5981594351886896
0.597207546519585
0.5942666201919218
0.5845094381609148
0.586004424369562
0.5862682254480693
0.5882766153728621
0.582506125612264
0.5769479257913964
0.5758897025166301
0.5743457268729323
0.5761507428447992
0.5763194131704997
0.5762205127969977
0.5752623542930938
0.5741174642557348
0.5741450412795689
0.5744721424780489
0.5780390863984891
0.5789600248871473
0.5812696469910997
0.5770250907462308
0.5703352733289698
0.5708195017042197
0.5720755934915728
0.5755328288261817
0.5767981706400674
0.5813356833563373
0.5806533392717038
0.5799355821464882
0.581048811814614
0.5808434183118403
0.5826587123116481
0.5831986090039889
0.5838373330692682
0.5827912756475789
0.5819551048568824
0.5830733426726026
0.5845015544054895
0.585579905509239
0.5847757697662364
0.5852614856433583
0.5853487405702081
0.5855306264119137
0.5861213146083037
0.5876288238334818
0.590762432074275
0.5896704966970696
0.5889144191385357
0.5869548729953711
0.5868529591189204
0.5896213310038987
0.5902893760083531
0.5915098862329038
0.5900894535602246
0.5889276869929273
0.5889636390389286
0.5894387285596336
0.5892411203984603
0.589449364049729
0.5899388191519337
0.5877313427206867
0.5856673811524247
0.5850391025415034
0.5849181984036498
0.5869942616244986
0.5864822617571528
0.5861845731807167
0.5821083057462613
0.5806830898698632
0.5806275279551762
0.5812209493166745
0.582756750858161
0.5820345399697867
0.5817670178299347
0.5748713702551005
0.5701097934672257
0.5704475853609663
0.5710913284222309
0.5717288524773649
0.565750719057548
0.564379030861462
0.5616266411556738
0.5610690549183739
0.5621832476528268
0.5619156777019383
0.5621693497253016
0.5602002735208965
0.5595547861126438
0.5577383079475335
0.558507763686605
0.5605352090356908
0.5621135739122662
0.5630740487065096
0.5514738169712673
0.5482987324859527
0.5471028013607103
0.5488083363595313
0.5509802850621441
0.5528228690685307
0.5550025315667095
0.5528405875787047
0.5528505671396556
0.5531694365371648
0.5527239197163295
0.5543666152226987
0.5547792240067004
0.555452093542411
0.5521019551344578
0.5518612259542295
0.5523851234373671
0.5551214591031949
0.5562277152997245
0.5564081436840191
0.5581264616468347
0.5573023667144992
0.5581564637434497
0.5590069706240455
0.5619496522713646
0.5642470614384911
0.5630522274940397
0.5627515628465942
0.5614972412764732
0.5625369737446344
0.5640956107829407
0.5658660775264338
0.5666132648257448
0.5648950055987393
0.564644470272584
0.5648388786507879
0.5659289753568799
0.5654022592500352
0.5673151607705069
0.5676843608736281
0.5657500443881499
0.5654342770598763
0.5641415714043571
0.5661101794265239
0.5679345933118752
0.5679474066590079
0.5670599939356515
0.5641912062311436
0.5637178202808032
0.563162911005219
0.5653473493291181
0.5658242854654099
0.5657329618419344
0.5657867407332013
0.55926786102103
0.5590895075702136
0.5590350541582191
0.560208611338829
0.5597807608272871
0.5572907185933895
0.5559701078635024
0.552852698466799
0.5536050165250764
0.5540335524189381
0.5541227356955614
0.5539480380233709
0.5524625094362632
0.5512488119933313
0.5470482210876625
0.5487816278827341
0.5494942811801241
0.5513365369495244
0.5483400652385136
0.5376329846733311
0.5357783833086196
0.5340130025819206
0.5357927931520063
0.5365681488602632
0.5381894680204782
0.5376614702856692
0.5356945459009417
0.5358166483870666
0.5358669353592778
0.5364209597745143
0.5373591941352971
0.5384028089715733
0.5371007447228808
0.5311649801889577
0.5310096511652541
0.5318513190313969
0.5347580341090739
0.5348944376642374
0.5384777384321441
0.5384382391641724
0.5371585562384292
0.5381804678571132
0.5389979360312953
0.541150001213253
0.5416616266716211
0.541310665876865
0.5407640857695312
0.540332514643257
0.5414252828653733
0.5426818036536107
0.5447946473008276
0.5445451894242392
0.5435068039410745
0.5436863165937409
0.5442385850280462
0.5444797710670681
0.5455121200942552
0.5493212983664747
0.5490758661495174
0.5480746618724467
0.5474157485906479
0.5470180877976282
0.5500097385446113
0.5509853755684075
0.5519282280056405
0.5507479600804411
0.5494990502358434
0.5490480077686076
0.5497595143987499
0.5515322905246772
0.5516288405242726
0.5521366463420787
0.5521065820787895
0.54985938634242
0.5501707471898468
0.5504989180937502
0.5520104475068028
0.5514020534188592
0.5509940588767875
0.5483992232005415
0.5467979894309272
0.5477216096082718
0.5478656940328354
0.5488052894341857
0.5482680775270252
0.5475057302042582
0.5448544278244638
0.5420852242969741
0.5433993465792429
0.5441302053591349
0.5451697269464812
0.5393516245909722
0.5351979933212615
0.532882711593574
0.5319554748180086
0.5333986900232912
0.5337272599180821
0.5342284322950972
0.5323397378939843
0.5314021551883179
0.5310074102988186
0.5311853213093608
0.5323704835204286
0.5332545191383582
0.5339185954642353
0.5280841176355768
0.5233061945202446
0.5222846822677369
0.5238649449617228
0.5255816171970542
0.5255912210565278
0.5291892025590642
0.5270233304213539
0.5263471368421674
0.5268401851118452
0.5270502600263074
0.5278796396394423
0.5275791150401508
0.5277834948151637
0.5267303970562718
0.5266408914818559
0.5272623632459682
0.5294000374240129
0.5306163079137475
0.5295847421743933
0.5301072209009057
0.5300185969006024
0.5309016170887972
0.5311616634750517
0.5349471631572991
0.5380337714154031
0.5370289275628519
0.5368198881246047
0.5357973806445553
0.5364833664261562
0.5385524361667311
0.5397592051394147
0.5409024749399323
0.5398783496649916
0.5392942103882518
0.5391496759182886
0.5412827368360623
0.541331766896685
0.5424578457736348
0.5432940005354806
0.5429665028540915
0.5430427636237964
0.5430911066713816
0.5446825401050893
0.5460768501060711
0.545849044431305
0.5455975321795784
0.5429280372888897
0.5429576379730343
0.5430658783249298
0.5440539628028439
0.5450684422451164
0.5449285469607026
0.5444574143154164
0.5415808747093873
0.542532728157838
0.5427472378578453
0.5439825574287691
0.5440212974087741
0.5400970846653236
0.5388386051363657
0.5368036465521745
0.5374212081901937
0.538203128126152
0.5383343779933725
0.5380885560630431
0.5363864433406977
0.5356778591071325
0.5346739810463201
0.5355174166432707
0.5363002400137425
0.5376013198331739
0.5363214402388629
0.5282324181813203
0.5259604706517783
0.5245497811468397
0.5263434180806793
0.5263715946913486
0.5282023517210628
0.5282152413305375
0.5256844956244383
0.5258314166885346
0.5258230722608337
0.5253945186962793
0.5255847531125342
0.5257661904846336
0.5252548115787241
0.523565775946411
0.5235516145923682
0.5240776296112307
0.5266547892530247
0.5263140326880993
0.5268778481355313
0.5269883342486856
0.5264579020173125
0.5273664673728565
0.5279012883674339
0.5327692795164779
0.5333293489157106
0.5323987157304546
0.532209562064285
0.5316414496001007
0.5323479446476094
0.533409866408398
0.5353727637637287
0.5354915955623495
0.5348705549625838
0.534500712231833
0.5349894796307296
0.5364062867349266
0.5364887220879864
0.5397843882833058
0.5404009715330744
0.5400983760985923
0.5403564033263994
0.5404335684571502
0.5430748959129074
0.543730893541289
0.5442106622615622
0.5433644344379919
0.5422458193370054
0.542250927114473
0.5425078607983538
0.5445341359711954
0.544860581137863
0.5451779810186651
0.5452379948413759
0.5446226718462199
0.5458144761849206
0.5461430786200168
0.5475240256526283
0.5469922718077325
0.5461477276014368
0.5451020164018182
0.5440066731205668
0.5454277162514888
0.5456502808623865
0.5458076456096488
0.5450369253869004
0.544369652820794
0.5429236978232878
0.5422733285507696
0.5437007699445123
0.5442014460028389
0.5451702711945451
0.5418443876493734
0.5379013325360027
0.5357583859363135
0.5351442717926082
0.5366675871825346
0.5361604736188188
0.537864901911385
0.5359482095946108
0.5347296306079853
0.5347692202682253
0.5346922273756451
0.5344861313911046
0.5345318819092212
0.5349270584948856
0.5328969299145091
0.5313410756716885
0.530960369073922
0.5321110842050076
0.5336466068094796
0.5316943641225583
0.5346913998710247
0.5328509514780073
0.5323074858467246
0.5329068078729813
0.5338528289688752
0.5362447197567293
0.5351703636212071
0.5351774944026777
0.5344370909416152
0.5344139534448387
0.5347832190580502
0.5360931165632794
0.5374972050086547
0.5366981171241395
0.5368951980113308
0.5365890498992525
0.5376177669577095
0.5380417584608194
0.5396719461826777
0.543747054210365
0.5437651644950686
0.5437651364852524
0.5436428832339639
0.5445257736310366
0.5463497664806234
0.5465291148438294
0.5475727402194163
0.5463959604991298
0.546347584573375
0.5459062699117723
0.5475254233311251
0.548713272100295
0.5490402265946522
0.549641421180148
0.5500688364478635
0.5510881974118479
0.5514911455189926
0.5525445514630843
0.5535277590591152
0.553027697548447
0.5533757379806823
0.5521398314815077
0.552596011507833
0.5533790212934655
0.5535772547303855
0.5540474683802994
0.5534805604297167
0.5530470383847639
0.5514768822083295
0.552967125900266
0.5535244122624905
0.5542871270945157
0.5546266309380128
0.5516741534528772
0.5512469086286615
0.5497074743916033
0.5503567397925604
0.5512119397461075
0.5511860057634645
0.5515818900190247
0.5497751134247957
0.5497934744893443
0.549347867681915
0.5492447620148816
0.549348918129253
0.5498282330415776
0.549271151390067
0.5462090634733076
0.5463273433560214
0.5454386280642408
0.5469292257627643
0.5468370298368609
0.5461049384599496
0.5471277382851027
0.5446824231383853
0.5449687944165204
0.5449746658047327
0.5456620187320029
0.5457455284582414
0.5449639495768807
0.5450708391927328
0.5443219320183618
0.5445044942121288
0.5447232853817523
0.5464730987521431
0.546390973738447
0.5458093916934905
0.5464961338282299
0.5462492305289792
0.5472152193121199
0.5472688844778032
0.5513051996374936
0.5530358978453852
0.5523398862806779
0.5527444846196939
0.5523596913585408
0.5532714317432137
0.5534851954247046
0.554413885280085
0.5547359991987768
0.5540168819964819
0.5539763696817868
0.5540439870313567
0.5559314443887616
0.5561444049894131
0.5573842294883276
0.558049897470844
0.5584091169135119
0.5590474720677938
0.5593272133483956
0.5614884934477051
0.5618681993767816
0.5617338658734695
0.5620450412128456
0.5612886857113364
0.5622722691682218
0.5621389868042376
0.563078893512654
0.5632494746696006
0.5632781100277294
0.562636496242089
0.5625882808200375
0.5646066446853844
0.5646547782803697
0.56561431328235
0.5656493381177086
0.5646964004522825
0.5645126210526766
0.5641181283949865
0.5656058097496547
0.5657029241208369
0.5660985682261283
0.5657361381590114
0.5650776288460215
0.5649125235247969
0.5644272412432503
0.5647292030590982
0.564814657542937
0.5653685950439286
0.5637833846642734
0.5628382450364183
0.5629259919308297
0.5623987655806572
0.5636223261935702
0.5627724331963292
0.5635870522270887
0.5619843766227365
0.5606052128594604
0.5615135350866424
0.5611516795911683
0.5613232112322618
0.5607838182323911
0.5609897685968748
0.5602236252483361
0.5599225882686111
0.560198363944449
0.5607419428246376
0.5617948904381264
0.5604158686587958
0.5621684970598072
0.5617378317162175
0.5615350877648752
0.5621115487390921
0.5621920575918592
0.5656191005407153
0.5648204883461321
0.5643620927661971
0.5646770218149255
0.5643773009128221
0.5646048118293019
0.5645043860186381
0.5658272306441449
0.5649304172178837
0.5649630935643578
0.564810505620327
0.5655780275839098
0.566346721895034
0.5665856906543149
0.5690747000646289
0.5695118731785117
0.569628604009192
0.5698651883484916
0.5704563470690995
0.5724564978115244
0.5720409227177868
0.5725868361867854
0.5724630363467229
0.5725199380466414
0.5725294176621604
0.5729611797971966
0.5741498582152462
0.5738175055477405
0.5739976060471552
0.5738073436628719
0.5751861602313528
0.5756934684682686
0.5760388503035841
0.576901235917623
0.5767573641431891
0.5766739466095712
0.5766197791662061
0.577106490455054
0.5783632757680284
0.578091363643347
0.5786028507667892
0.5781261795279276
0.5783662074029149
0.5773717900824217
0.5777137607162603
0.578298410793722
0.5784426169047667
0.5783979774061895
0.5773779371363628
0.5790767454357654
0.5781668451379611
0.5784011191028071
0.5793593632208195
0.5785404220097412
0.5787873593196035
0.577374043507855
0.5776517448954145
0.5780889927885561
0.5779316938422596
0.5778839702675721
0.5776923021665911
0.5778886539930286
0.5766629497333624
0.577330344443457
0.5775200781980255
0.5783256109509467
0.5780164550282995
0.5772536431095618
0.5796026485330907
0.5782398583952091
0.5781373909741166
0.5785980364097592
0.5785782078908399
0.579057645422797
0.577665552685862
0.5782117403900867
0.5779358106363399
0.5779265750800965
0.5778045223514662
0.5785266797166472
0.5787195708572408
0.5777850799326659
0.5784890484177774
0.5785130094472718
0.5792365922860866
0.5792965644415728
0.5803753903400273
0.5823585457486861
0.5824558140144842
0.5824479382970484
0.5825719879302365
0.5834762946485393
0.5838385179684407
0.5831632367655839
0.5841439354969502
0.5835769418933819
0.5837734946279736
0.5833566643782311
0.5847916952617447
0.5848649978387858
0.5848058423790283
0.5849288140999542
0.5851134173479986
0.5858162490669437
0.5860495379243909
0.5868146682824187
0.5872940254108746
0.5869315021907833
0.5871764729102719
0.5872585841192894
0.5883733659982059
0.5884737682848384
0.5884737184829371
0.5889727642827169
0.5888122960830473
0.5886610143380551
0.5880939608037304
0.5895788702449579
0.5894951856522215
0.5896737071727418
0.5895510995733797
0.5901715367514047
0.5906288258186531
0.5903420600618154
0.5911644863661072
0.5917273208822462
0.5906953963435668
0.5908660311121106
0.5905271570027588
0.5915827318874408
0.5913469871408091
0.5912378418689493
0.5912225365436595
0.5915569914265113
0.5908519386743273
0.5906092697296794
0.5923706429063307
0.5923980832467115
0.5925848111242344
0.5920706829117197
0.593232656083868
0.5930398399695591
0.5920525731934287
0.5926842808946069
0.5929332050071919
0.5921893427417899
0.591557076268587
0.5911487070804853
0.5917753559428728
0.5914719158218694
0.5915065303578636
0.5915957398720149
0.592434502803563
0.5914604493000172
0.5918348164108942
0.5928478086322685
0.5931390388956019
0.5930542423123418
0.5930172340054402
0.5945350228274647
0.5946618825388398
0.5941884067898763
0.5945462665674621
0.5945710238203565
0.594772789159946
0.5938563499548695
0.5940909378121209
0.5943423033298028
0.5939196894244667
0.5938521548590538
0.5942948201535785
0.5951427309863663
0.5947440821984422
0.5950642594987422
0.5951782943696522
0.5952631679623195
0.595138090885813
0.5953303543781083
0.596410658200254
0.5966322230281229
0.5961139611041156
0.59665888090572
0.5969779066679819
0.5976045108877219
0.5967952953158497
0.5974213757380102
0.5974069531797268
0.5973905532205473
0.5968041804060201
0.5977172361989473
0.5984090710294347
0.5983312027434274
0.5983542352948168
0.5984508238747728
0.5987278133331507
0.598294815963605
0.5984776918286117
0.5994355556197057
0.5993055488662299
0.5987230856608372
0.5991633525313839
0.5997334951799421
0.6001954110580042
0.5999012014571771
0.5998887925892136
0.6000117791734757
0.600047129195095
0.5992641101133216
0.601468535521366
0.6021902055567177
0.6022586112622464
0.6019634809774597
0.6027288132563527
0.6023311828237053
0.6017693407363598
0.6016495156279004
0.6029339741230043
0.6024213138896172
0.6020287199085099
0.6017352344800578
0.6023016385251532
0.602225689062252
0.6021807113892433
0.602252199175517
0.6028073287993974
0.6025746435547887
0.6018890652310142
0.6041452739636002
0.6048708399959192
0.6048036826027643
0.6043712373692794
0.6048320951711593
0.6040971263788159
0.6034270722577999
0.6030490059869833
0.6038136959289213
0.6034657401010853
0.6032465016381756
0.6025933832613263
0.603312443828932
0.6026899740814468
0.6026899177084256
0.6027438375380365
0.6036393158446538
0.6033161314657743
0.6032565601447029
0.6036542594117735
0.6037889249757526
0.6034521792341283
0.6033647175707262
0.6035778428311672
0.6039773897976429
0.6037194995494832
0.6036096717481876
0.6042463874875658
0.6043835207766419
