1.00000001039
0.999999632184
0.999999249914
0.99999886398
0.999998467535
0.999998072569
0.999997670714
0.999997266201
0.999996849685
0.999996434508
0.999996011476
0.9999955777
0.999995156044
0.999994713997
0.999994271216
0.99999382894
0.999993374799
0.999992922572
0.99999246029
0.999991997606
0.999991522604
0.999991046579
0.999990562124
0.999990076243
0.999989591184
0.999989093719
0.999988603067
0.999988101658
0.999987583974
0.999987072092
0.999986559065
0.999986028977
0.99998550574
0.999984970832
0.999984441447
0.999983893231
0.999983352699
0.999982803632
0.999982246148
0.999981681182
0.999981124803
0.999980556412
0.999979978923
0.999979413054
0.999978830088
0.999978246888
0.999977650953
0.999977059405
0.99997646679
0.999975860857
0.999975259144
0.999974652412
0.999974038329
0.999973416144
0.99997279298
0.999972175761
0.999971545965
0.999970911067
0.999970278307
0.999969637436
0.999968990773
0.999968339524
0.999967687395
0.999967034691
0.999966376729
0.999965713333
0.999965048344
0.999964368976
0.999963705478
0.999963027583
0.999962354626
0.999961667987
0.999960981571
0.999960294228
0.999959597958
0.999958904818
0.999958213775
0.999957510898
0.999956803145
0.999956094309
0.999955383099
0.999954672999
0.999953957731
0.99995323921
0.999952518297
0.999951791913
0.999951067648
0.999950344795
0.999949611257
0.999948873665
0.99994814124
0.999947400746
0.999946658582
0.999945925994
0.999945176873
0.999944434858
0.999943683201
0.999942930054
0.999942180664
0.999941421087
0.99994066845
0.99993990868
0.999939154758
0.999938390085
0.999937622942
0.999936857327
0.999936102362
0.999935329276
0.999934549466
0.999933787386
0.999933017762
0.999932250381
0.999931476645
0.999930689704
0.999929928732
0.999929140916
0.999928364837
0.9999275818
0.999926801899
0.99992602523
0.999925245303
0.999924471264
0.999923681998
0.99992290092
0.99992211144
0.999921335327
0.999920544548
0.999919760753
0.999918976966
0.999918189054
0.999917405223
0.999916618098
0.999915838079
0.99991505081
0.999914267892
0.999913484836
0.999912699962
0.999911909339
0.999911126214
0.999910343572
0.999909561739
0.999908772826
0.999907991273
0.999907213454
0.999906425679
0.999905651306
0.999904861509
0.999904088375
0.999903297703
0.999902524896
0.999901745672
0.999900968228
0.999900196367
0.999899421462
0.999898644374
0.999897877498
0.999897107225
0.999896336402
0.999895572285
0.999894801236
0.999894037724
0.999893270905
0.999892513887
0.99989174414
0.999890984958
0.999890220902
0.999889481974
0.999888720124
0.999887973064
0.999887214749
0.999886460982
0.999885717455
0.999884978878
0.99988422978
0.999883492643
0.999882747162
0.999882011192
0.999881274891
0.999880545191
0.999879807854
0.99987908736
0.999878364564
0.999877631619
0.999876914786
0.999876199162
0.999875477893
0.999874763606
0.999874058749
0.999873344323
0.99987264154
0.999871933028
0.999871234171
0.999870537457
0.999869843442
0.999869149423
0.999868456721
0.999867775903
0.999867092951
0.999866410085
0.999865731972
0.999865051551
0.999864384083
0.999863713505
0.999863049194
0.999862383592
0.999861727233
0.999861067985
0.999860414552
0.999859769884
0.999859115568
0.999858472214
0.999857826574
0.999857196593
0.999856562117
0.999855927035
0.99985530361
0.999854681342
0.999854060687
0.999853439501
0.999852829097
0.999852216173
0.999851612379
0.999851004485
0.999850408232
0.999849806024
0.99984921651
0.999848627027
0.99984804065
0.999847457596
0.999846878432
0.999846308672
0.999845729387
0.999845166203
0.999844596667
0.99984403519
0.999843479581
0.999842925537
0.999842376782
0.999841833093
0.999841289253
0.999840752135
0.999840218252
0.999839685535
0.999839157017
0.999838630149
0.999838113658
0.999837599592
0.999837076651
0.999836570318
0.99983606715
0.999835566536
0.999835064008
0.999834572655
0.999834080353
0.999833590475
0.999833108659
0.999832631
0.999832150228
0.999831682454
0.999831209872
0.999830748258
0.99983029031
0.999829828696
0.999829366111
0.999828921679
0.999828476715
0.999828029001
0.999827588933
0.999827155919
0.999826727472
0.999826295291
0.999825865886
0.99982544347
0.999825031897
0.999824607343
0.999824208084
0.999823793316
0.999823390324
0.999822983429
0.999822590359
0.999822191192
0.999821800077
0.999821417435
0.99982102839
0.999820651643
0.999820276488
0.999819901923
0.999819533217
0.999819164303
0.999818794415
0.999818441088
0.999818080791
0.999817728719
0.999817378248
0.999817025527
0.999816688803
0.999816339092
0.99981600412
0.999815666393
0.999815334809
0.999815003732
0.99981468128
0.999814356112
0.999814030116
0.99981370808
0.999813403865
0.999813095291
0.999812781442
0.999812479281
0.999812172006
0.999811873366
0.999811580705
0.999811277803
0.999810990478
0.99981070073
0.999810414309
0.99981012661
0.999809847955
0.999809565334
0.999809291011
0.999809013408
0.999808741306
0.999808472773
0.999808201477
0.999807937732
0.999807676613
0.999807413869
0.999807155417
0.999806906089
0.999806655375
0.999806397644
0.999806152404
0.999805902182
0.999805662171
0.999805413713
0.999805176121
0.999804937532
0.999804697657
0.999804460178
0.999804236093
0.999804002522
0.999803774441
0.999803545457
0.999803316146
0.999803095064
0.999802874548
0.99980265258
0.999802438448
0.99980221236
0.999802002523
0.999801784121
0.999801577037
0.999801364731
0.999801155956
0.999800944168
0.999800729692
0.999800535083
0.99980033119
0.99980012431
0.999799930048
0.999799720717
0.999799521275
0.999799333146
0.999799133348
0.999798930679
0.99979873993
0.999798541525
0.999798352645
0.999798158797
0.999797963078
0.999797775523
0.999797593208
0.999797396929
0.999797209468
0.99979702791
0.999796840038
0.999796653434
0.999796463673
0.999796283935
0.999796100515
0.999795923321
0.999795730701
0.999795555804
0.999795369766
0.9997951866
0.999795009681
0.999794831336
0.999794650704
0.999794472585
0.999794293684
0.999794117036
0.999793936585
0.999793754287
0.999793578752
0.999793406045
0.999793227483
0.999793051871
0.999792868485
0.999792691492
0.999792514686
0.999792342139
0.99979215974
0.999791986434
0.999791810677
0.999791626776
0.999791464816
0.999791274499
0.999791101087
0.999790922258
0.999790738437
0.999790567972
0.999790385558
0.999790212871
0.99979002992
0.999789858742
0.999789669092
0.999789491864
0.999789311942
0.99978913253
0.999788947842
0.999788771989
0.999788587171
0.999788404831
0.999788217938
0.999788039634
0.999787855291
0.999787673695
0.999787485994
0.999787300229
0.999787119615
0.999786937387
0.999786746651
0.999786558872
0.99978636781
0.999786174101
0.999785989842
0.999785796157
0.99978560168
0.999785410384
0.999785213702
0.999785023524
0.999784831392
0.999784636462
0.999784444707
0.999784244897
0.999784045181
0.999783847316
0.9997836484
0.999783442031
0.999783245417
0.999783043994
0.99978284996
0.999782641722
0.999782434465
0.999782235041
0.99978202239
0.999781819455
0.999781603818
0.999781394532
0.99978118566
0.999780974537
0.999780767639
0.999780552193
0.999780339746
0.999780118379
0.99977990694
0.999779691451
0.999779472537
0.999779246417
0.999779025719
0.999778813893
0.999778584829
0.999778362612
0.999778143871
0.999777915318
0.99977769098
0.999777459956
0.99977722747
0.99977699613
0.999776768909
0.999776539595
0.999776306014
0.999776073475
0.999775844156
0.999775599322
0.999775357777
0.999775119513
0.999774889528
0.999774649092
0.999774404258
0.999774153908
0.999773917319
0.999773678515
0.999773425831
0.999773185798
0.99977293729
0.999772686302
0.999772431124
0.999772180313
0.999771922683
0.999771681483
0.999771423158
0.999771173495
0.999770914694
0.999770654153
0.999770385492
0.999770135554
0.999769884705
0.999769614231
0.999769351756
0.999769092789
0.999768825335
0.999768562742
0.999768292268
0.999768018346
0.999767754542
0.999767486017
0.999767208718
0.999766947654
0.999766672536
0.999766401584
0.999766123375
0.999765850648
0.999765574676
0.999765297759
0.999765013426
0.9997647406
0.999764459431
0.999764178304
0.999763892421
0.999763614044
0.999763328664
0.999763038153
0.999762757661
0.999762476379
0.999762190751
0.999761894684
0.999761607166
0.999761322459
0.999761028519
0.999760739407
0.999760445918
0.999760155528
0.999759860856
0.999759572232
0.999759272201
0.999758978846
0.999758678258
0.999758380105
0.99975807836
0.999757778588
0.999757477263
0.999757181518
0.999756884188
0.999756579472
0.999756277155
0.999755973577
0.999755671011
0.999755367586
0.999755056234
0.999754752613
0.999754445494
0.999754138463
0.999753826583
0.999753519536
0.999753216694
0.999752903422
0.999752596119
0.999752272336
0.999751969708
0.999751655538
0.999751342563
0.999751026737
0.999750716141
0.999750395865
0.999750082847
0.999749768633
0.999749448054
0.999749132361
0.999748816994
0.999748500434
0.999748186192
0.999747869106
0.999747546108
0.999747229446
0.999746902891
0.99974658515
0.999746266741
0.999745940947
0.999745618528
0.999745296209
0.999744975819
0.999744651389
0.999744324638
0.999743999984
0.99974367583
0.999743349911
0.999743026688
0.999742701892
0.999742377483
0.99974204125
0.999741721426
0.999741389652
0.999741063554
0.999740729686
0.999740404145
0.999740077218
0.99973974451
0.999739407789
0.999739083675
0.999738761045
0.99973841363
0.999738089541
0.999737757256
0.99973743054
0.999737095258
0.999736762188
0.999736424545
0.999736093916
0.999735766256
0.999735418253
0.99973509432
0.999734757957
0.999734418743
0.999734087834
0.999733749817
0.999733414569
0.999733070151
0.99973273154
0.999732408072
0.999732068443
0.999731722137
0.999731392042
0.999731055558
0.999730714495
0.99973037413
0.999730036875
0.999729690294
0.999729357484
0.99972901629
0.999728669324
0.999728325833
0.999727991787
0.999727653723
0.999727310057
0.999726969667
0.999726622512
0.999726284064
0.999725937321
0.999725590444
0.99972525217
0.999724907391
0.999724560778
0.999724225945
0.999723873982
0.999723529015
0.999723173419
0.999722834685
0.999722486348
0.999722144462
0.999721799196
0.999721453287
0.999721103539
0.999720757203
0.999720412203
0.999720063355
0.999719713618
0.999719365742
0.999719012486
0.999718658989
0.99971831889
0.999717967765
0.999717603698
0.999717268273
0.999716913578
0.999716552205
0.999716209683
0.99971585468
0.999715502842
0.99971514293
0.999714795415
0.999714442119
0.999714085697
0.999713733096
0.999713379198
0.999713023634
0.999712656778
0.999712308294
0.999711952074
0.999711597377
0.999711240773
0.999710883372
0.999710523619
0.999710158378
0.999709809571
0.999709450804
0.999709088719
0.999708732
0.999708370445
0.999708007346
0.9997076481
0.999707289932
0.999706917301
0.999706563181
0.999706192546
0.999705832749
0.999705467021
0.999705109771
0.999704747299
0.999704376711
0.999704006574
0.999703640392
0.999703276228
0.999702917397
0.999702548803
0.999702172985
0.99970180404
0.999701437211
0.999701066014
0.999700697223
0.999700327387
0.999699966187
0.999699589399
0.999699217628
0.999698844253
0.999698471524
0.999698102856
0.999697727213
0.999697345462
0.999696976412
0.999696604591
0.999696227213
0.999695850899
0.999695472485
0.999695101141
0.999694725523
0.999694345518
0.999693967985
0.999693590576
0.999693213074
0.999692834046
0.99969245124
0.999692073873
0.999691687775
0.999691313027
0.999690932299
0.999690550621
0.999690161265
0.999689776376
0.999689397334
0.999689013938
0.999688627607
0.999688243851
0.999687860175
0.99968746989
0.999687084179
0.999686705319
0.999686317375
0.999685929256
0.999685539859
0.99968515249
0.999684766276
0.99968438076
0.999683980677
0.999683597149
0.999683200647
0.999682817332
0.999682421117
0.999682029434
0.999681636591
0.999681248311
0.999680852527
0.9996804597
0.999680069849
0.999679678467
0.999679280908
0.999678890377
0.999678495377
0.999678097595
0.999677704938
0.999677310287
0.999676918606
0.999676516698
0.999676119297
0.999675724526
0.999675321684
0.999674930467
0.999674531747
0.999674131104
0.999673738063
0.999673334374
0.999672939185
0.99967254319
0.999672149064
0.999671744469
0.999671345601
0.999670952174
0.999670542328
0.999670143499
0.999669748567
0.999669349112
0.999668953651
0.99966854822
0.999668148258
0.999667747106
0.999667345626
0.999666953426
0.999666552121
0.999666140888
0.999665749687
0.999665350747
0.999664941044
0.999664554195
0.999664141614
0.999663738691
0.999663341553
0.999662944993
0.999662545992
0.999662143914
0.999661747141
0.999661343989
0.999660941958
0.999660550708
0.999660146128
0.999659748242
0.999659350817
0.999658950285
0.999658547093
0.999658157619
0.999657758559
0.999657356135
0.999656947372
0.999656560808
0.999656163946
0.999655760743
0.999655371794
0.999654968584
0.999654584398
0.999654188841
0.999653787245
0.99965339701
0.999652999314
0.999652600233
0.99965221224
0.999651814402
0.999651424087
0.999651043772
0.999650646688
0.999650253533
0.999649862385
0.999649475098
0.999649083067
0.999648696459
0.999648299657
0.999647921264
0.999647532823
0.999647143631
0.999646759685
0.999646374731
0.999645989699
0.999645611878
0.999645225076
0.999644847798
0.999644461896
0.999644085881
0.999643693343
0.999643324341
0.999642947902
0.99964257169
0.9996421908
0.999641820789
0.999641443724
0.999641068601
0.999640693574
0.999640329782
0.999639949842
0.999639584956
0.999639209976
0.999638854386
0.999638481704
0.999638115611
0.999637747649
0.999637374778
0.999637022256
0.999636653633
0.99963630657
0.999635941106
0.999635579317
0.999635225072
0.999634869765
0.999634506292
0.999634157887
0.999633804151
0.99963345639
0.999633101467
0.999632757253
0.999632400297
0.999632057014
0.99963170919
0.999631368008
0.999631025799
0.999630679934
0.999630345147
0.999630005426
0.999629672953
0.999629330764
0.999628983063
0.999628654781
0.999628323263
0.999627994124
0.999627664405
0.999627335216
0.999627007929
0.999626677614
0.999626356292
0.999626027115
0.99962570845
0.999625393768
0.999625074506
0.9996247528
0.999624433221
0.999624120302
0.999623815637
0.999623493755
0.999623186829
0.999622872801
0.999622573356
0.999622267112
0.999621965011
0.999621654724
0.999621351104
0.999621054507
0.999620748415
0.999620454266
0.999620163833
0.999619860867
0.99961956709
0.999619281989
0.999618989124
0.999618700755
0.999618407998
0.999618128822
0.999617845554
0.999617563119
0.999617280681
0.999616999941
0.999616722339
0.999616442118
0.999616170155
0.999615900163
0.999615625571
0.999615358543
0.999615085931
0.999614815149
0.999614551564
0.999614272809
0.999614020581
0.999613754108
0.999613489047
0.999613237546
0.999612971275
0.999612726305
0.999612466111
0.999612210214
0.999611957442
0.999611703168
0.999611453669
0.999611206364
0.999610962601
0.999610712621
0.999610467482
0.999610223804
0.999609982287
0.999609739432
0.999609508332
0.999609266066
0.999609026351
0.999608789055
0.9996085566
0.999608319531
0.999608084937
0.999607852473
0.999607633726
0.999607390291
0.999607159191
0.999606944458
0.999606713191
0.999606489007
0.999606264017
0.999606043783
0.999605820759
0.999605602148
0.999605377229
0.999605150985
0.99960494182
0.999604715422
0.999604504949
0.999604293852
0.99960407757
0.999603861763
0.999603644276
0.999603433017
0.999603224318
0.999603009464
0.999602800881
0.999602592233
0.999602377847
0.999602166224
0.999601964393
0.999601751922
0.999601545562
0.999601339602
0.999601140625
0.999600928886
0.99960072613
0.999600522728
0.999600310839
0.999600105121
0.999599907198
0.999599696065
0.999599496411
0.999599290796
0.999599098887
0.999598892911
0.999598687859
0.99959848073
0.999598279082
0.999598075091
0.999597877934
0.999597673948
0.99959747324
0.999597268074
0.999597065757
0.999596870297
0.999596655156
0.999596458909
0.999596254259
0.999596049323
0.99959584374
0.999595639698
0.999595438473
0.999595234393
0.999595021821
0.999594816273
0.999594614069
0.9995944069
0.999594199049
0.999593988647
0.999593777927
0.999593565776
0.999593358358
0.999593140106
0.999592936366
0.999592722893
0.999592503792
0.999592283894
0.999592070219
0.999591855629
0.999591641256
0.999591419435
0.99959119943
0.999590977136
0.999590750648
0.999590528406
0.999590300121
0.999590076291
0.999589857111
0.999589621937
0.999589396264
0.999589168893
0.999588927338
0.999588697154
0.999588459688
0.999588224248
0.99958798283
0.999587735413
0.999587500042
0.999587258171
0.999587003784
0.999586761528
0.999586517057
0.999586266281
0.999586007733
0.999585752777
0.999585488475
0.999585233167
0.999584972242
0.999584713011
0.999584448501
0.999584174222
0.99958391133
0.999583636418
0.999583364904
0.999583090475
0.999582807426
0.999582525803
0.99958224196
0.999581951504
0.999581668098
0.999581379199
0.999581085762
0.999580795777
0.999580496794
0.999580186419
0.999579877675
0.999579582449
0.999579274982
0.999578954305
0.999578650281
0.999578334149
0.99957800916
0.999577683997
0.999577365899
0.999577028191
0.999576703377
0.999576363815
0.999576024298
0.999575686511
0.999575343099
0.999574995071
0.999574646912
0.99957429901
0.999573942639
0.999573579401
0.999573215208
0.999572850699
0.999572486193
0.999572110186
0.999571739683
0.999571356157
0.999570971355
0.99957059004
0.999570204462
0.999569812301
0.999569408723
0.999569013507
0.999568613587
0.999568212008
0.999567801226
0.999567381756
0.999566961314
0.999566542596
0.999566120753
0.999565694149
0.999565259442
0.99956482614
0.999564389753
0.999563950035
0.999563504809
0.999563054794
0.99956259919
0.99956214191
0.999561685006
0.999561218212
0.99956074879
0.999560280541
0.999559799871
0.999559319991
0.999558839606
0.999558354211
0.999557866181
0.999557361929
0.999556871559
0.99955636311
0.999555858518
0.999555348058
0.999554838955
0.99955431937
0.999553799033
0.999553270086
0.999552739735
0.999552207131
0.999551676937
0.999551133841
0.999550581243
0.999550036247
0.999549489328
0.999548929895
0.999548365417
0.99954780002
0.999547232814
0.999546663016
0.999546086645
0.999545508624
0.999544924169
0.999544344185
0.999543747989
0.999543145364
0.999542553588
0.99954195281
0.999541339936
0.999540730099
0.999540124577
0.9995395003
0.999538884805
0.999538250534
0.999537630276
0.99953698853
0.999536359445
0.999535716745
0.999535073972
0.999534427594
0.9995337778
0.999533125054
0.999532460759
0.99953180018
0.999531138895
0.999530469517
0.999529789982
0.999529122741
0.999528439169
0.999527765665
0.999527075055
0.999526388264
0.999525693422
0.999524996244
0.999524292498
0.9995235929
0.999522888119
0.999522179971
0.999521462468
0.999520748609
0.999520029726
0.999519307846
0.999518585416
0.999517858897
0.999517125271
0.999516385565
0.999515655992
0.99951490839
0.999514172207
0.999513423482
0.99951267143
0.999511928978
0.999511170111
0.999510417383
0.999509656909
0.999508892938
0.999508126918
0.99950735761
0.999506588461
0.999505815576
0.999505044246
0.999504262427
0.999503483561
0.999502704464
0.999501920331
0.999501122572
0.999500339119
0.999499548574
0.999498746247
0.999497963972
0.999497157062
0.99949635876
0.99949556116
0.999494756735
0.999493943958
0.999493139011
0.99949232573
0.99949151675
0.999490707383
0.999489887929
0.999489073923
0.999488255804
0.999487435233
0.999486620594
0.999485796824
0.999484970962
0.999484137313
0.999483324069
0.999482498028
0.999481663263
0.999480831024
0.999479996806
0.999479175002
0.999478330528
0.999477504255
0.999476668326
0.999475828967
0.999474992373
0.999474150325
0.999473323774
0.999472486362
0.999471645402
0.999470797859
0.999469960137
0.999469121286
0.999468284772
0.999467438817
0.999466601843
0.999465755298
0.999464916628
0.999464069272
0.999463233918
0.999462393032
0.999461545063
0.999460702235
0.999459863659
0.99945902072
0.99945818496
0.999457339977
0.99945650152
0.999455657179
0.999454817359
0.999453978091
0.99945313721
0.999452301308
0.999451458873
0.999450623427
0.999449789973
0.999448955745
0.999448126157
0.999447285954
0.999446461497
0.999445626119
0.999444795589
0.999443964723
0.999443139362
0.999442315145
0.999441483488
0.999440666251
0.999439844698
0.999439013188
0.999438204674
0.999437384397
0.999436563044
0.999435758366
0.999434945662
0.999434131431
0.999433330908
0.999432517654
0.999431709739
0.999430915154
0.999430107984
0.999429311668
0.999428509434
0.999427712626
0.999426925786
0.999426140399
0.999425344632
0.999424565451
0.999423782259
0.999422999182
0.999422223402
0.999421448751
0.999420674619
0.999419905848
0.999419142422
0.999418372914
0.999417612843
0.999416855411
0.999416100952
0.999415342943
0.999414591544
0.999413847215
0.99941310116
0.999412366058
0.999411617168
0.999410889303
0.999410157341
0.999409426929
0.999408704353
0.999407976074
0.999407260944
0.999406552053
0.999405839529
0.999405131538
0.999404423742
0.999403725329
0.999403031249
0.999402332253
0.999401649247
0.99940096411
0.99940027193
0.999399595503
0.999398928957
0.999398252024
0.999397584808
0.999396919995
0.999396265834
0.999395610923
0.99939495017
0.999394311311
0.999393664898
0.999393025162
0.999392388235
0.999391761711
0.999391136212
0.999390508857
0.999389892683
0.999389277682
0.999388668253
0.999388062519
0.99938745932
0.999386858352
0.99938627619
0.999385684304
0.999385097538
0.999384518602
0.999383939812
0.999383368323
0.999382807179
0.999382241899
0.999381685186
0.9993811377
0.999380583428
0.999380037958
0.999379503701
0.999378968048
0.999378440566
0.999377911808
0.999377388284
0.999376872977
0.999376357931
0.999375853546
0.999375356014
0.99937485396
0.999374358472
0.999373870311
0.999373383262
0.999372908113
0.999372431554
0.999371962207
0.999371498173
0.999371035963
0.999370576465
0.999370128868
0.999369684504
0.999369231636
0.999368800184
0.999368364979
0.999367933198
0.999367516911
0.999367100296
0.999366683468
0.999366272476
0.999365867029
0.999365465414
0.999365076583
0.999364680836
0.999364297682
0.999363911284
0.999363531977
0.999363162392
0.999362799289
0.999362437105
0.999362070808
0.999361714807
0.999361373629
0.999361028923
0.999360684172
0.999360348918
0.999360014584
0.999359687003
0.999359366094
0.99935904313
0.999358731816
0.999358423413
0.999358122404
0.999357817921
0.999357524043
0.999357221487
0.999356941124
0.999356656339
0.999356380875
0.99935610528
0.999355832753
0.99935555806
0.999355292417
0.999355042728
0.999354785709
0.999354537954
0.999354281277
0.999354046508
0.999353806654
0.999353577939
0.999353346531
0.999353115646
0.999352897736
0.999352673997
0.999352466261
0.999352251599
0.999352042081
0.999351831929
0.999351639518
0.999351446072
0.999351252223
0.999351062963
0.999350879103
0.999350703422
0.999350516263
0.99935033958
0.999350171506
0.999350003873
0.999349832092
0.999349680024
0.999349519259
0.99934936655
0.999349217491
0.999349069939
0.999348922171
0.999348775901
0.999348636308
0.999348507472
0.999348372104
0.999348239427
0.999348116904
0.999347990636
0.999347868012
0.999347755176
0.999347635927
0.999347526194
0.999347415537
0.999347303473
0.999347200588
0.999347100317
0.999346997045
0.999346904942
0.999346807228
0.99934671627
0.999346618438
0.999346538387
0.999346447095
0.999346368344
0.999346286062
0.999346205345
0.999346133145
0.99934605352
0.999345971057
0.99934590369
0.999345844335
0.999345778935
0.999345710399
0.999345641827
0.9993455832
0.999345519288
0.99934546399
0.999345408079
0.999345346965
0.999345299054
0.999345243188
0.999345202416
0.999345145821
0.999345100565
0.999345052552
0.999344999448
0.999344965723
0.999344918226
0.999344878535
0.999344839051
0.999344794075
0.999344761909
0.999344720716
0.999344684077
0.999344647324
0.999344612041
0.999344578952
0.999344544087
0.999344512845
0.999344482052
0.999344442797
0.999344412939
0.999344379259
0.999344350743
0.999344321453
0.999344295938
0.999344266108
0.999344239715
0.999344205396
0.999344176486
0.9993441459
0.999344122343
0.999344097221
0.99934406806
0.999344038975
0.999344010292
0.999343985374
0.999343952658
0.999343925843
0.999343905932
0.99934387158
0.999343845199
0.999343815487
0.99934378591
0.999343753031
0.999343724115
0.999343700222
0.999343663043
0.999343633125
0.99934359882
0.999343570862
0.999343535544
0.999343502895
0.999343462584
0.999343425716
0.999343392071
0.999343359886
0.999343324946
0.99934328013
0.999343245148
0.999343203377
0.999343163574
0.999343116456
0.999343076281
0.999343031149
0.999342983005
0.999342944845
0.999342889006
0.999342841028
0.999342793104
0.999342737675
0.999342681798
0.999342634053
0.999342580962
0.999342519776
0.999342468083
0.999342406058
0.999342343084
0.999342287913
0.999342216768
0.999342156719
0.999342081275
0.999342021498
0.99934194947
0.999341876305
0.999341806996
0.999341731783
0.999341657666
0.999341572742
0.999341494729
0.999341414602
0.999341324138
0.999341242845
0.999341157754
0.999341065452
0.999340977346
0.999340879266
0.999340790774
0.999340694888
0.999340595523
0.999340497459
0.999340392638
0.999340289557
0.999340185593
0.999340074975
0.999339963949
0.99933985644
0.999339740712
0.99933962377
0.999339516714
0.999339388977
0.999339267628
0.999339138786
0.99933901711
0.999338889962
0.999338757253
0.999338627365
0.999338492871
0.999338353972
0.999338221154
0.999338070838
0.999337935517
0.999337788467
0.999337643361
0.999337488449
0.99933733553
0.999337189039
0.999337033549
0.999336870798
0.999336706615
0.999336553796
0.999336384193
0.999336217699
0.999336047834
0.999335877418
0.999335703409
0.999335530685
0.999335346993
0.999335169659
0.999334987101
0.999334801724
0.999334616144
0.99933442419
0.999334240651
0.999334038513
0.999333846299
0.9993336545
0.999333452639
0.999333247495
0.999333042037
0.999332840947
0.999332629064
0.999332415936
0.999332210222
0.999331997858
0.999331778204
0.999331558159
0.999331327337
0.999331112021
0.999330895207
0.999330658282
0.999330434837
0.99933019903
0.999329967246
0.999329732486
0.999329494359
0.999329257781
0.999329012554
0.99932876465
0.999328521442
0.999328282378
0.999328022744
0.999327768041
0.999327521995
0.999327271492
0.999327007229
0.99932674726
0.999326489518
0.999326223687
0.999325958464
0.999325691018
0.999325424297
0.999325149379
0.999324875208
0.999324604256
0.999324327827
0.999324049568
0.999323773472
0.999323496472
0.99932320911
0.999322924597
0.999322635774
0.99932235152
0.999322060525
0.999321769035
0.999321477697
0.999321181109
0.999320884814
0.999320590164
0.999320286443
0.999319989876
0.999319685445
0.99931938331
0.999319078439
0.999318772736
0.999318457273
0.999318155285
0.999317845017
0.999317529948
0.999317215202
0.999316901465
0.999316585512
0.999316271707
0.999315945397
0.999315628451
0.999315305628
0.999314982544
0.99931466055
0.999314334235
0.999314007365
0.999313683089
0.999313348207
0.999313025411
0.999312692674
0.999312357029
0.999312022546
0.99931169373
0.999311356369
0.999311025088
0.999310681633
0.999310346719
0.999310006365
0.999309664014
0.999309324205
0.999308977936
0.999308637809
0.999308292597
0.99930794753
0.999307607235
0.999307252929
0.999306916126
0.999306568914
0.999306217292
0.999305869727
0.999305521603
0.999305177502
0.999304815544
0.999304469137
0.999304109623
0.999303758429
0.999303408647
0.999303052462
0.999302691465
0.99930234399
0.999301984319
0.999301626633
0.999301271316
0.999300915082
0.999300555794
0.999300201476
0.999299834238
0.999299476252
0.999299117716
0.999298755244
0.9992983954
0.999298038212
0.999297675863
0.999297313936
0.999296948333
0.999296585894
0.999296227855
0.999295862071
0.999295504273
0.999295142614
0.999294772442
0.999294411915
0.999294054872
0.999293686866
0.999293328636
0.999292959442
0.999292593135
0.999292230517
0.999291864394
0.999291508762
0.999291138029
0.999290771609
0.999290407853
0.99929003879
0.999289677413
0.99928930993
0.999288947038
0.999288584969
0.999288219908
0.999287855137
0.99928748281
0.999287121038
0.999286756827
0.999286391481
0.999286033163
0.999285664237
0.999285301528
0.999284938607
0.999284565078
0.999284206778
0.999283833222
0.999283480815
0.999283115562
0.999282746603
0.999282383258
0.999282021124
0.999281657903
0.999281294142
0.999280928588
0.99928057052
0.999280205543
0.999279846401
0.999279483074
0.999279118906
0.999278751491
0.999278393539
0.999278034422
0.999277672102
0.999277303878
0.999276949067
0.999276587238
0.999276225393
0.999275863263
0.99927550587
0.99927514521
0.999274781728
0.999274426445
0.999274066473
0.999273711547
0.999273346574
0.999272993901
0.999272627728
0.999272277957
0.999271915187
0.999271557217
0.999271206046
0.999270846792
0.999270488774
0.999270132346
0.999269778669
0.999269416432
0.999269063316
0.999268707193
0.999268355198
0.999267997291
0.999267645296
0.999267280102
0.999266936006
0.999266584663
0.999266225346
0.999265877037
0.99926551934
0.999265168143
0.999264812108
0.999264455509
0.999264106453
0.999263750955
0.999263402564
0.999263047597
0.999262694425
0.999262345202
0.999261989258
0.99926164072
0.999261288067
0.999260939238
0.999260592199
0.999260234889
0.999259883541
0.999259537365
0.999259193268
0.999258834626
0.999258489263
0.999258139415
0.999257784698
0.999257440316
0.999257088229
0.999256737069
0.99925638854
0.999256036035
0.999255690591
0.999255342218
0.999254986233
0.999254647207
0.99925429253
0.999253940519
0.999253604307
0.999253246896
0.9992529029
0.99925254718
0.999252205992
0.999251857353
0.999251502877
0.999251161744
0.999250817128
0.999250461313
0.999250108715
0.999249766159
0.999249422247
0.999249064995
0.999248718148
0.999248372974
0.99924802102
0.999247673671
0.999247331124
0.999246980594
0.99924662564
0.999246276013
0.99924592866
0.999245579302
0.999245223935
0.999244878632
0.99924453067
0.999244186922
0.999243826838
0.999243476257
0.99924311864
0.999242776478
0.999242428081
0.999242076833
0.999241726248
0.999241373351
0.999241015279
0.999240667315
0.999240318934
0.999239967452
0.999239611831
0.999239262037
0.999238911956
0.999238560897
0.999238200813
0.99923785189
0.999237503227
0.999237138146
0.999236788864
0.999236437603
0.999236079331
0.999235718683
0.999235369262
0.999235006932
0.999234659034
0.999234299078
0.999233938249
0.999233580099
0.999233229992
0.999232870667
0.999232510696
0.999232160184
0.999231793443
0.999231431792
0.99923107847
0.999230715522
0.999230355792
0.999229997714
0.999229635463
0.999229277945
0.999228917489
