0.0
1.2496038167e-05
2.39838050069e-05
3.5686868162e-05
4.74429458371e-05
5.92123598518e-05
7.09877411389e-05
8.27665425192e-05
9.45474849812e-05
0.0001063296538
0.000118107122951
0.000129877040557
0.000141639098212
0.000153393077898
0.000165138824191
0.000176876223911
0.000188605185921
0.000200324374684
0.000212030134822
0.000223721938003
0.000235399503349
0.000247062599096
0.00025871103596
0.000270344654429
0.000281963221778
0.000293563843227
0.000305144771607
0.000316705489345
0.000328245552942
0.000339764579061
0.000351262219605
0.000362738179046
0.000374192180828
0.000385623992212
0.000397033392532
0.000408420189052
0.00041978415462
0.000431122191971
0.000442432085135
0.00045371337317
0.000464965628304
0.000476188458169
0.000487381502853
0.000498544416817
0.000509676902379
0.00052077866107
0.000531849419323
0.00054288893785
0.000553896960012
0.000564871901241
0.000575812139373
0.000586717015469
0.000597585860292
0.000608418013325
0.000619212805146
0.000629969575595
0.000640687652211
0.000651366355838
0.000662005009414
0.000672602936316
0.000683159446968
0.000693673852895
0.000704145466798
0.00071457359521
0.000724957536791
0.000735296579039
0.000745590034314
0.00075583717035
0.00076603728044
0.00077618963711
0.000786293521926
0.000796348193163
0.000806353664732
0.000816310067194
0.000826216818486
0.00083607333288
0.000845879014599
0.000855633275899
0.000865335510385
0.000874985128761
0.000884581534248
0.000894124114355
0.000903612250898
0.000913045342232
0.000922422761477
0.000931743910756
0.000941008146076
0.000950214830564
0.000959363359323
0.000968453060536
0.000977483317235
0.000986453468509
0.000995362864506
0.00100421084369
0.00101299674766
0.00102172054143
0.00103038256131
0.00103898225379
0.00104751913775
0.00105599265785
0.00106440229195
0.00107274751001
0.00108102777986
0.00108924255145
0.00109739128581
0.00110547344211
0.00111348845408
0.00112143578339
0.00112931485709
0.00113712511921
0.00114486598273
0.00115253690436
0.00116013727468
0.00116766650995
0.0011751240278
0.00118250923706
0.00118982152876
0.00119706028701
0.00120422563798
0.00121131839293
0.00121833816399
0.00122528458569
0.00123215724237
0.00123895573737
0.00124567967636
0.0012523286438
0.00125890227873
0.00126540013406
0.00127182183784
0.00127816697386
0.00128443512249
0.00129062587266
0.00129673882171
0.00130277355942
0.00130872965
0.00131460667717
0.00132040421425
0.00132612184577
0.00133175913095
0.00133731561979
0.00134279088168
0.00134818494142
0.00135349842455
0.00135873111373
0.00136388274079
0.00136895302709
0.00137394169613
0.00137884848761
0.0013836731358
0.00138841534278
0.00139307487153
0.00139765145282
0.00140214481055
0.00140655465569
0.00141088074148
0.00141512278758
0.00141928053939
0.00142335368957
0.0014273420021
0.00143124519488
0.00143506298166
0.0014387950757
0.00144244122738
0.00144600114262
0.00144947481165
0.001452862915
0.00145616533982
0.00145938196235
0.00146251264592
0.00146555726929
0.00146851570796
0.00147138783957
0.00147417353303
0.00147687268962
0.00147948520818
0.00148201094573
0.00148444979769
0.00148680169202
0.00148906648313
0.00149124410233
0.00149333442374
0.00149533737226
0.00149725283602
0.00149908071591
0.0015008209476
0.00150247342554
0.00150403804646
0.001505514867
0.0015069043346
0.00150820646976
0.00150942126604
0.00151054877409
0.00151158898202
0.00151254191009
0.00151340759742
0.00151418604478
0.00151487732583
0.00151548145478
0.00151599850702
0.0015164284999
0.0015167715105
0.00151702758167
0.00151719678774
0.00151727919848
0.00151727487316
0.00151718393966
0.00151700643127
0.00151674246924
0.00151639213988
0.00151595553108
0.00151543279777
0.00151482420026
0.00151412983525
0.00151334988713
0.00151248449016
0.00151153382985
0.00151049805438
0.00150937731655
0.00150817185662
0.00150688179029
0.00150550738574
0.00150404877915
0.00150250623495
0.00150087994241
0.00149917013502
0.0014973770252
0.0014955009087
0.00149354200951
0.00149150057375
0.0014893768808
0.00148717123268
0.0014848838845
0.00148251515098
0.00148006528981
0.00147753430019
0.00147492241093
0.00147222990582
0.00146945708304
0.00146660422993
0.00146367165896
0.00146065966368
0.00145756860643
0.0014543988101
0.00145115059009
0.00144782432736
0.00144442038894
0.00144093914109
0.00143738098209
0.00143374628715
0.00143003548017
0.00142624897785
0.00142238721796
0.00141845063266
0.00141443971532
0.00141035489549
0.00140619669225
0.00140196551003
0.00139766116815
0.00139328391194
0.00138883417024
0.00138431235788
0.00137971890188
0.00137505426092
0.00137031885701
0.00136551318878
0.00136063770565
0.00135569291481
0.00135067929205
0.00134559738197
0.0013404476814
0.00133523072779
0.001329947114
0.0013245973582
0.00131918207382
0.00131370186889
0.00130815733881
0.00130254911847
0.00129687787952
0.00129114427862
0.00128534894848
0.00127949150289
0.00127357226731
0.00126759171074
0.0012615504537
0.00125544902451
0.00124928798866
0.00124306796203
0.00123678951764
0.00123045330818
0.0012240599278
0.00121761001299
0.0012111042636
0.0012045433221
0.00119792789228
0.00119125869093
0.00118453642792
0.00117776186174
0.00117093575873
0.00116405889989
0.00115713212081
0.00115015623444
0.00114313211699
0.00113606056597
0.00112894122
0.0011217743444
0.00111456060413
0.00110730073537
0.00109999540513
0.00109264536833
0.0010852513641
0.00107781414576
0.00107033449086
0.00106281318809
0.00105525104701
0.00104764891469
0.00104000760604
0.0010323280327
0.00102461106129
0.00101685762504
0.00100906867449
0.00100124515398
0.000993388086477
0.00098549850134
0.000977577434541
0.000969626003318
0.000961645271179
0.000953635028815
0.000945595579021
0.000937527847754
0.000929432730214
0.000921311176011
0.000913164153029
0.000904992638441
0.000896797637072
0.000888580196862
0.00088034134801
0.000872082196204
0.000863803838413
0.000855507434695
0.000847194143642
0.000838865188537
0.000830521822895
0.000822165309083
0.000813797002892
0.000805418243628
0.000797030463661
0.000788635115958
0.000780233713533
0.000771827806661
0.000763417702514
0.000755004069044
0.000746588278266
0.00073817175625
0.000729755958763
0.000721342400449
0.000712932620949
0.000704528224019
0.000696130855747
0.000687742216461
0.000679364076325
0.000670998250788
0.000662646622573
0.000654311148367
0.00064599385678
0.000637696837577
0.000629422279539
0.000621172453235
0.000612949696455
0.000604756485791
0.000596595345764
0.000588468947882
0.000580380059698
0.000572330545914
0.000564322430783
0.00055635854055
0.000548441787209
0.000540575212631
0.000532761978032
0.000525005378074
0.000517308825644
0.000509675891999
0.000502110281604
0.000494615859468
0.000487196644826
0.000479856828451
0.000472600760126
0.000465432984981
0.000458358216544
0.000451381366359
0.000444507528997
0.000437742006578
0.000431090291502
0.000424558077937
0.000418151261218
0.000411875944302
0.000405737994025
0.000399743417533
0.000393898715492
0.000388210558526
0.000382685757275
0.000377331248305
0.000372154081154
0.000367161365757
0.000362360274279
0.000357757991894
0.000353361666604
0.000349178395568
0.000345215146742
0.000341478726624
0.000337975716106
0.000334712429094
0.000331694823974
0.000328928468797
0.000326418470616
0.000324169423234
0.000322185324476
0.000320469556376
0.000319024821653
0.000317853621875
0.000316957953413
0.000316338441489
0.000315994907168
0.000315926378444
0.000316131089146
0.000316606492116
0.000317349292209
0.000318355462428
0.000319620303746
0.000321138479124
0.000322904085069
0.000324910693802
0.00032715141777
0.000329618989484
0.000332305800363
0.000335203984672
0.000338305468654
0.000341602033353
0.00034508535932
0.000348747083958
0.000352578859772
0.000356572367627
0.000360720390641
0.000365016625001
0.000369453360537
0.000374023009037
0.000378718162947
0.000383531586902
0.000388456264726
0.000393485380693
0.000398612321284
0.000403830715486
0.00040913437786
0.00041451736632
0.000419973945472
0.000425498583913
0.000431085964483
0.00043673098159
0.000442428704644
0.000448174421887
0.000453963573667
0.000459791802855
0.000465654906635
0.000471548852966
0.000477469762994
0.000483414812274
0.000489382475528
0.000495369618206
0.00050137318134
0.00050739022375
0.000513417924805
0.000519453563375
0.000525494543807
0.000531538346449
0.000537582564375
0.000543624865955
0.000549663009715
0.000555694831151
0.000561718239131
0.000567731213386
0.000573731806116
0.000579718120255
0.000585688324526
0.000591640651784
0.000597573362907
0.000603484788562
0.000609373307818
0.000615237319905
0.000621075946969
0.000626889585893
0.000632677115201
0.000638437354835
0.000644169172015
0.000649871449872
0.000655543118052
0.000661183125189
0.000666790480213
0.000672364167645
0.000677903240535
0.000683406750893
0.000688873778575
0.000694303437011
0.000699694828924
0.000705047117279
0.000710359454334
0.00071563100717
0.000720860968464
0.000726048543158
0.000731192942134
0.000736293405409
0.000741349154845
0.000746359879278
0.000751326375124
0.000756248272808
0.000761125052738
0.000765956237883
0.00077074135613
0.000775479949221
0.000780171568756
0.000784815775127
0.000789412142496
0.000793960266124
0.000798459710285
0.000802910094717
0.000807311018279
0.000811662092316
0.000815962961453
0.000820213223315
0.00082441253397
0.000828560526118
0.000832656852298
0.000836701155167
0.00084069309097
0.000844632335248
0.000848518772922
0.000852353163175
0.000856135481925
0.00085986555028
0.000863543244
0.000867168394042
0.000870740886221
0.000874260590282
0.000877727391362
0.000881141176662
0.000884501849017
0.000887809297909
0.000891063449996
0.000894264200965
0.000897411491163
0.000900505234238
0.000903545377659
0.000906531861838
0.000909464605086
0.000912343592417
0.000915168757952
0.000917940053217
0.000920657468946
0.000923321075334
0.000925931415526
0.000928488666805
0.000930992914087
0.000933444229584
0.000935842718502
0.000938188478092
0.000940481642006
0.000942722307387
0.000944910605914
0.000947046696285
0.000949130701214
0.00095116276238
0.000953143065784
0.000955071758685
0.000956949025563
0.000958775052723
0.000960550025108
0.000962274137298
0.000963947600057
0.000965570624182
0.000967143439367
0.000968666267134
0.000970139371203
0.000971563067172
0.000972937674802
0.00097426347052
0.000975540722474
0.000976769756888
0.000977950853164
0.000979084334827
0.000980170530786
0.000981209779529
0.00098220242206
0.000983148796974
0.000984049294875
0.000984904275425
0.000985714117021
0.000986479223543
0.000987199992291
0.000987876845032
0.000988510193013
0.000989100482544
0.000989648158523
0.000990153681213
0.000990617506867
0.000991040107401
0.000991421619802
0.000991762410766
0.000992062942737
0.000992323664535
0.000992545065635
0.000992727630796
0.000992871856798
0.000992978233523
0.000993047286164
0.000993079548921
0.00099307555957
0.000993035848545
0.000992960984535
0.000992851550401
0.000992708124685
0.000992531299638
0.000992321680047
0.000992079880904
0.000991806554922
0.000991502329712
0.000991167869175
0.000990803849403
0.000990410898963
0.000989989059155
0.000989538721871
0.00098906048294
0.000988554955133
0.000988022758152
0.000987464524672
0.00098688089125
0.000986272506218
0.000985640026587
0.000984984118289
0.000984305475014
0.000983604767022
0.000982882711504
0.000982140004464
0.00098137738281
0.000980595573703
0.000979795328426
0.000978977390807
0.000978142548054
0.000977291555158
0.000976425233324
0.00097554437661
0.000974649763182
0.000973741399904
0.000972819617402
0.000971885134421
0.000970938627328
0.000969980788573
0.000969012362593
0.000968034014812
0.000967046500144
0.000966050543248
0.000965046857124
0.000964036207275
0.000963019315395
0.000961996964019
0.000960969893072
0.000959938868364
0.000958904685647
0.000957868108328
0.000956829932933
0.000955790952862
0.00095475196953
0.000953713817567
0.000952677280626
0.000951643191249
0.000950611533831
0.000949582562576
0.000948556932629
0.000947535335311
0.000946518417874
0.000945506856762
0.000944501316864
0.000943502464756
0.000942510971215
0.000941527501378
0.000940552717594
0.000939587289492
0.000938631868002
0.000937687124903
0.000936753744004
0.000935832351711
0.000934923615671
0.00093402820749
0.00093314678442
0.000932279989651
0.000931428493431
0.000930592935726
0.000929773968407
0.000928971571266
0.000928185792941
0.000927417129753
0.000926666050496
0.000925933044051
0.000925218563186
0.000924523050475
0.000923846972405
0.000923190739945
0.000922554795415
0.000921939546294
0.000921345391734
0.000920772733641
0.000920221956427
0.000919693426561
0.000919187519687
0.000918704591591
0.000918244970531
0.00091780899909
0.000917396990037
0.000917009270292
0.000916646141548
0.000916307869345
0.000915994346034
0.000915705384857
0.000915441164134
0.000915201798289
0.000914987410146
0.000914798114645
0.000914633991365
0.000914495116646
0.000914381547601
0.000914293327097
0.000914230473856
0.000914193003165
0.000914180919049
0.000914194189181
0.000914232769367
0.000914296609133
0.000914385642576
0.000914499787514
0.000914638935106
0.000914802969061
0.000914991753726
0.000915205144152
0.000915442981443
0.00091570497303
0.000915990763167
0.000916300142864
0.000916632823439
0.000916988540074
0.000917367006433
0.000917767910094
0.00091819092766
0.000918635724075
0.000919101934033
0.000919589193153
0.000920097126266
0.000920625307542
0.000921173323724
0.000921740754339
0.000922327152235
0.000922932038512
0.00092355494999
0.00092419538238
0.000924852837805
0.00092552678698
0.000926216691989
0.000926922020713
0.000927642317084
0.000928377248666
0.000929126259886
0.000929888804572
0.000930664299554
0.000931452159077
0.000932251794867
0.00093306259982
0.000933883960386
0.000934715238749
0.000935555808811
0.000936405004582
0.000937262183732
0.000938126661014
0.000938997760614
0.000939874786955
0.000940757031068
0.000941643792223
0.000942534334747
0.000943427930463
0.000944323835027
0.000945221296447
0.000946119549239
0.000947018098349
0.000947916744968
0.000948814813192
0.000949711631479
0.00095060648247
0.000951498665325
0.000952387473064
0.000953272196268
0.000954152117141
0.000955026493042
0.000955894606057
0.000956755716758
0.000957609089302
0.000958453962185
0.000959289575273
0.000960115189928
0.000960930039219
0.000961733323792
0.000962524300707
0.000963302164928
0.000964066121433
0.000964815388969
0.000965549175943
0.000966266953623
0.000966968795412
0.000967654068926
0.000968322081628
0.000968972165586
0.000969603648408
0.00097021585546
0.000970808102729
0.000971379718883
0.000971930010508
0.000972458303461
0.000972963911055
0.000973446143247
0.00097390431786
0.000974337736188
0.00097474572299
0.000975127558688
0.000975482557139
0.000975810016452
0.000976109214175
0.000976379467464
0.000976620046826
0.000976830246466
0.000977009624255
0.000977158440721
0.000977276191546
0.000977362320369
0.000977416262014
0.000977437470013
0.000977425383472
0.00097737944984
0.000977299119331
0.000977183846584
0.000977033063512
0.000976846258924
0.000976622841842
0.000976362292676
0.000976064069895
0.000975727608845
0.000975352355224
0.000974937790727
0.000974483347323
0.000973988479747
0.000973452652377
0.000972875277746
0.000972255849847
0.000971593983603
0.000970890071169
0.000970143773332
0.000969354702491
0.000968522472546
0.000967646685574
0.000966726946393
0.000965762880429
0.000964754130399
0.000963700295615
0.000962601032668
0.00096145595468
0.000960264688772
0.000959026914886
0.000957742236645
0.000956410311653
0.000955030798344
0.000953603332716
0.000952127574334
0.000950603189629
0.000949029814909
0.000947407121841
0.0009457347705
0.000944012536752
0.000942240777534
0.000940419353083
0.000938548058708
0.000936626684766
0.000934655053165
0.00093263295439
0.000930560204657
0.00092843665634
0.000926262111976
0.000924036408058
0.000921759419074
0.000919430958338
0.000917050908487
0.000914619132551
0.000912135495699
0.000909599867905
0.000907012154097
0.000904372234597
0.00090167999976
0.000898935367421
0.000896138248329
0.000893288551821
0.000890386255464
0.000887431578981
0.000884424559153
0.000881365212184
0.000878253537171
0.00087508956247
0.000871873320312
0.000868604853572
0.000865284241256
0.000861911524577
0.000858486793837
0.000855010145363
0.000851481685851
0.000847901507812
0.000844269768493
0.000840586604122
0.000836852172944
0.000833066623568
0.000829230167459
0.000825342995413
0.00082140531629
0.000817417361636
0.000813379399564
0.000809291645316
0.000805154161872
0.000800967162068
0.000796730889634
0.000792445659559
0.000788111765519
0.000783729546068
0.00077929932774
0.000774821465804
0.000770296366178
0.000765724415304
0.000761106056587
0.000756441714209
0.000751731871951
0.000746977028891
0.000742177708663
0.000737334446182
0.0007324478448
0.000727518495478
0.000722547033082
0.000717534143587
0.000712480518527
0.000707386913997
0.000702254037301
0.00069708185395
0.000691870797892
0.000686621585452
0.000681334955994
0.000676011694125
0.000670652606908
0.00066525855008
0.000659830415047
0.000654369128388
0.000648875691456
0.000643351095612
0.000637796429508
0.000632212824246
0.000626601442957
0.00062096353972
0.000615300397906
0.000609613381897
0.00060390391676
0.000598173513151
0.000592423726254
0.000586656232402
0.000580872754681
0.000575075054394
0.000569263487518
0.000563439149419
0.000557603793708
0.000551759221731
0.00054590735286
0.000540050170351
0.000534189778442
0.00052832836949
0.000522468244121
0.000516611818236
0.000510761622067
0.000504920326607
0.000499090723118
0.000493275749213
0.000487478494443
0.00048170219733
0.000475950266364
0.000470226275378
0.000464533999501
0.000458877381976
0.000453260581692
0.000447687957251
0.000442164030457
0.000436691300906
0.00043127317138
0.000425914298753
0.00042061953839
0.000415393976334
0.000410242891852
0.000405171803209
0.000400186433168
0.000395292751674
0.000390496943942
0.000385805426549
0.000381224846579
0.00037676205541
0.000372424135875
0.000368218347292
0.000364152158302
0.000360233197356
0.000356469244364
0.000352868204871
0.000349438076889
0.00034618692072
0.000343122820489
0.00034025381202
0.000337585099266
0.000335122241049
0.000332872218146
0.000330841778941
0.000329037363225
0.000327465060929
0.000326130559405
0.000325039082598
0.000324195344662
0.000323603520757
0.000323267191362
0.000323189311156
0.000323372200893
0.000323817493697
0.00032452615253
0.000325498455779
0.000326734009153
0.000328231742279
0.000329989952784
0.000332006314882
0.000334277929537
0.000336801341105
0.000339572612949
0.000342585250024
0.000345832425941
0.000349308614167
0.000353008003733
0.000356924548145
0.000361052002143
0.000365383977524
0.000369914004979
0.000374635525708
0.00037954199416
0.000384626846149
0.000389883582048
0.000395305754599
0.000400887015463
0.000406621124661
0.000412501965331
0.000418523566922
0.000424680102362
0.00043096590206
0.000437375459319
0.000443903454573
0.000450544708279
0.000457294233127
0.000464146332483
0.000471095300546
0.000478136495588
0.000485265451229
0.000492477859401
0.000499769565399
0.00050713657891
0.000514575055559
0.00052208128617
0.000529651710558
0.00053728288336
0.00054497151723
0.000552714414287
0.00056050851382
0.000568350867494
0.000576238622973
0.000584169034972
0.000592139465554
0.000600147349992
0.000608190225531
0.000616265714821
0.000624371504387
0.000632505380893
0.00064066504128
0.000648848197445
0.000657052785143
0.000665276809279
0.0006735183547
0.000681775529375
0.000690046527457
0.000698329563268
0.000706622916945
0.000714924906217
0.000723233890319
0.000731548275627
0.000739866489764
0.000748187019447
0.000756508383501
0.000764829097135
0.000773147751875
0.000781462956329
0.000789773325259
0.00079807751098
0.000806374194477
0.000814662091693
0.000822939915661
0.000831206613335
0.000839461354918
0.000847702983181
0.000855930359134
0.000864142370927
0.000872337879797
0.000880515825947
0.000888675107154
0.000896814662591
0.00090493344092
0.000913030405843
0.000921104517728
0.000929154757094
0.000937180103666
0.000945179586464
0.000953152187333
0.000961096910913
0.000969012799918
0.000976898874389
0.000984754169682
0.0009925777026
0.00100036855298
0.00100812573286
0.00101584865201
0.00102353716405
0.00103119050452
0.00103880785195
0.00104638837848
0.00105393129301
0.00106143577079
0.00106890105404
0.00107632631227
0.00108371073876
0.00109105359144
0.00109835404032
0.00110561130292
0.00111282460166
0.00111999315286
0.0011271161712
0.00113419285836
0.00114122244513
0.00114820411643
0.00115513712758
0.00116202065361
0.0011688539301
0.00117563615508
0.00118236686092
0.00118904635688
0.00119567405045
0.00120224929183
0.00120877145155
0.00121523992059
0.00122165403625
0.00122801317327
0.00123431669832
0.00124056398393
0.00124675439411
0.00125288727949
0.00125896201979
0.00126497799554
0.00127093453453
0.0012768310063
0.00128266677432
0.00128844120641
0.00129415362885
0.00129980340444
0.00130538987808
0.00131091241102
0.00131637032117
0.00132176323523
0.00132709164957
0.00133235515946
0.00133755323952
0.00134268545962
0.00134775125264
0.00135275016536
0.00135768171391
0.00136254537158
0.00136734066368
0.00137206709584
0.00137672415993
0.00138131137128
0.00138582821915
0.00139027421367
0.0013946488632
0.00139895164132
0.00140318204206
0.00140733958003
0.00141142372595
0.00141543397781
0.00141936982208
0.00142323070324
0.0014270163548
0.00143072730159
0.0014343633077
0.00143792400716
0.00144140906237
0.00144481809681
0.00144815077949
0.0014514067037
0.00145458555719
0.0014576869847
0.00146071060909
0.00146365608382
0.00146652308622
0.00146931121711
0.00147202015771
0.00147464953408
0.00147719900275
0.00147966819826
0.00148205676048
0.00148436435893
0.00148659060184
0.00148873515964
0.00149079763399
0.00149277783223
0.00149467621822
0.00149649274868
0.00149822717573
0.00149987928014
0.00150144884173
0.00150293566416
0.00150433951728
0.00150566018249
0.00150689749064
0.00150805121634
0.00150912114727
0.00151010708631
0.00151100884964
0.00151182622594
0.00151255904213
0.00151320707142
0.00151377015339
0.00151424809363
0.00151464068452
0.00151494775697
0.00151516912703
0.00151530458627
0.00151535402887
0.00151531785557
0.00151519606631
0.00151498860333
0.00151469538952
0.00151431635058
0.00151385141932
0.00151330050511
0.00151266361038
0.00151194062726
0.00151113153934
0.00151023628627
0.00150925485737
0.00150818716419
0.001507033237
0.00150579300949
0.00150446647105
0.00150305363435
0.00150155445169
0.00149996892576
0.00149829705316
0.00149653886593
0.00149469434106
0.00149276350645
0.00149074660502
0.00148864370478
0.00148645489338
0.00148418024226
0.00148181981974
0.0014793737059
0.00147684200141
0.00147422479004
0.00147152220027
0.00146873433479
0.00146586131569
0.00146290326516
0.0014598603158
0.00145673261992
0.00145352031689
0.00145022360411
0.00144684259366
0.00144337750472
0.00143982850769
0.00143619578414
0.00143247957415
0.00142868006341
0.00142479747336
0.00142083182431
0.00141678322802
0.00141265191608
0.00140843808851
0.00140414199361
0.00139976384502
0.00139530391249
0.00139076243401
0.00138613969736
0.00138143595514
0.00137665149653
0.00137178665059
0.00136684169504
0.00136181694984
0.00135671277114
0.00135152947591
0.0013462674596
0.00134092707872
0.00133550870782
0.0013300127487
0.00132443964827
0.00131878980057
0.00131306364824
0.00130726104834
0.001301382064
0.001295427064
0.00128939642569
0.00128329050226
0.00127710972068
0.00127085449802
0.0012645252219
0.00125812233323
0.0012516462835
0.00124509751879
0.00123847654879
0.00123178383666
0.00122501990847
0.00121818527813
0.0012112804924
0.00120430612621
0.00119726274788
0.00119015095693
0.00118297141205
0.00117572472746
0.00116841159277
0.00116103268087
0.00115358773904
0.00114607673673
0.00113850019102
0.00113085866869
0.00112315271877
0.00111538290387
0.00110754982503
0.0010996540855
0.00109169630466
0.00108367714695
0.00107559726616
0.00106745735446
0.00105925811166
0.00105100028504
0.00104268462646
0.00103431192335
0.00102588300426
0.00101739871034
0.00100885990254
0.00100026751579
0.00099162248501
0.000982925799272
0.000974178466377
0.000965380287423
0.000956531116803
0.000947631715731
0.000938682903152
0.000929685484248
0.000920640328045
0.000911548294965
0.000902410301747
0.000893227277902
0.000884000196992
0.000874730061593
0.000865417902962
0.000856064821723
0.000846671936272
0.000837240411415
0.000827771466607
0.000818266376516
0.000808726467413
0.000799153123208
0.00078954780327
0.000779912016893
0.000770247360442
0.000760555505816
0.000750836727312
0.000741090985838
0.00073131968435
0.000721524275069
0.000711706297238
0.000701867292798
0.000692008953286
0.000682132980608
0.00067224121183
0.000662335536456
0.000652417958123
0.000642490590821
0.000632555649027
0.00062261547455
0.000612672544811
0.000602729477804
0.000592789067849
0.00058285423773
0.000572928139462
0.000563014095792
0.00055311565432
0.000543236601742
0.000533380997075
0.0005235515087
0.000513750157964
0.000503981115384
0.000494248844241
0.000484558120623
0.000474914040703
0.000465322071981
0.000455788078195
0.000446318344637
0.000436919635092
0.000427599211612
0.000418364891835
0.000409225097795
0.000400188898471
0.000391266067918
0.000382467135507
0.000373803453062
0.000365287241316
0.000356931654861
0.000348750826782
0.000340759936831
0.00033297523998
0.000325414112307
0.000318093394855
0.000311029363678
0.000304241753678
0.000297751308791
0.000291579660388
0.00028574916754
0.000280282759323
0.000275203690387
0.000270535245345
0.000266300406587
0.000262521446796
0.000259219489876
0.000256414049077
0.000254122541918
0.000252359831418
0.000251137800994
0.000250464989803
0.000250346338462
0.000250783015717
0.000251772401123
0.000253308164666
0.000255380472195
0.000257976307604
0.000261079033595
0.000264668587915
0.000268724634053
0.000273225520492
0.000278148680143
0.000283471026488
0.000289169335483
0.000295220571904
0.000301602140275
0.000308292089934
0.000315269278729
0.000322513485545
0.000330005475693
0.000337727051938
0.000345661053308
0.000353791366818
0.000362102893271
0.000370581515293
0.00037921405251
0.00038798821676
0.000396892563947
0.000405916430558
0.000415049907221
0.000424283841337
0.000433609912669
0.000443020142619
0.000452507081931
0.000462063778194
0.000471683745073
0.000481360913582
0.000491089600758
0.000500864483126
0.000510680588831
0.000520533209491
0.000530417944046
0.000540330644141
0.000550267378385
0.000560224448999
0.000570198343856
0.000580185746921
0.00059018349738
0.000600188599154
0.000610198189736
0.000620209549401
0.000630220052763
0.000640227237609
0.000650228993284
0.000660224217088
0.00067021090322
0.0006801870506
0.000690150731548
0.000700100091079
0.000710033339102
0.000719948746695
0.000729844616728
0.000739719352176
0.000749571348946
0.000759399074659
0.00076920104395
0.000778975786949
0.000788721892891
0.000798437964952
0.000808122632679
0.000817774581071
0.000827392476324
0.000836975060958
0.000846521049157
0.000856029188383
0.000865498281716
0.000874927415686
0.000884316886771
0.000893665866167
0.000902973400568
0.000912238486988
0.00092146019701
0.000930637578494
0.000939769710773
0.000948855663108
0.00095789453054
0.000966885417497
0.000975827424115
0.000984719649057
0.000993561233235
0.00100235127828
0.00101108892474
0.00101977330316
0.00102840354603
0.00103697879015
0.00104549817887
0.00105396084293
0.0010623659345
0.00107071259152
0.00107900021059
0.00108722946718
0.00109539995027
0.00110351102685
0.00111156204095
0.00111955236019
0.00112748134644
0.00113534836798
0.00114315278945
0.00115089397833
0.00115857131383
0.00116618416278
0.00117373188436
0.0011812138678
0.00118862946031
0.00119597804212
0.00120325898562
0.00121047163545
0.00121761535846
0.00122468954391
0.00123169351984
0.00123862667143
0.00124548832922
0.00125227798482
0.00125899644682
0.00126564352184
0.00127221872328
0.00127872165594
0.0012851518285
0.00129150881344
0.00129779217272
0.00130400144379
0.00131013620978
0.00131619598045
0.00132218036276
0.00132808887206
0.00133392108886
0.00133967655472
0.00134535482528
0.00135095543169
0.00135647793551
0.00136192190544
0.00136728685664
0.00137257234494
0.00137777788819
0.00138290305076
0.00138794746192
0.00139291177837
0.00139779599554
0.00140259986236
0.00140732303386
0.00141196527081
0.00141652624701
0.00142100570674
0.00142540337805
0.00142971897264
0.00143395219139
0.00143810278775
0.00144217047501
0.00144615498735
0.00145005600741
0.00145387332579
0.00145760663071
0.00146125563788
0.0014648200967
0.00146829973584
0.00147169425966
0.00147500339896
0.00147822689656
0.00148136448729
0.00148441673425
0.00148738370987
0.00149026531145
0.00149306137774
0.00149577177206
0.0014983964057
0.00150093511524
0.00150338777556
0.00150575431624
0.00150803457626
0.00151022845569
0.00151233583674
0.00151435665502
0.00151629076031
0.00151813807425
0.00151989850994
0.00152157193336
0.00152315831681
0.00152465749465
0.0015260694398
0.00152739403553
0.00152863122614
0.00152978089728
0.00153084346017
0.00153181903631
0.00153270767072
0.00153350934051
0.00153422409713
0.00153485194323
0.00153539291802
0.00153584704057
0.00153621438387
0.0015364949688
0.00153668887079
0.0015367961048
0.00153681676481
0.00153675091977
0.00153659864849
0.00153635999347
0.00153603507822
0.0015356239784
0.00153512679033
0.00153454362496
0.0015338745922
0.00153311978703
0.00153227935359
0.00153135346877
0.00153034229224
0.00152924600028
0.00152806471514
0.00152679862394
0.00152544790529
0.00152401271446
0.00152249326283
0.00152088974654
0.00151920233481
0.00151743128806
0.00151557678392
0.00151363905933
0.00151161836842
0.0015095149167
0.00150732901403
0.00150506086352
0.00150271078051
0.00150027902987
0.00149776589034
0.00149517166015
0.00149249668109
0.00148974122979
0.00148690540828
0.00148398929476
0.00148099319913
0.00147791739758
0.00147476220186
0.00147152793066
0.00146821490791
0.00146482345615
0.00146135393438
0.0014578067008
0.00145418208123
0.00145048049375
0.00144670228663
0.0014428478758
0.00143891764426
0.00143491206641
0.00143083150344
0.00142667644107
0.00142244734479
0.00141814464748
0.00141376887398
0.00140932048449
0.00140480003509
0.00140020752022
0.00139554293123
0.00139080668054
0.00138599920698
0.00138112093368
0.00137617233275
0.00137115384592
0.00136606595188
0.001360909129
0.00135568389395
0.00135039071368
0.00134503015265
0.00133960272006
0.00133410896416
0.0013285494714
0.00132292481227
0.00131723553788
0.00131148232289
0.00130566574555
0.00129978650156
0.00129384519077
0.00128784255036
0.00128177926924
0.00127565540234
0.00126947080077
0.00126322599226
0.00125692153802
0.0012505580297
0.00124413603031
0.00123765614489
0.00123111898873
0.00122452518082
0.00121787535824
0.00121117017941
0.00120441030109
0.00119759642766
0.00119072925169
0.00118380950817
0.00117683791068
0.00116981522127
0.00116274225698
0.00115561977324
0.00114844863033
0.00114122964646
0.00113396371185
0.00112665174249
0.00111929393045
0.00111189000437
0.00110444062142
0.00109694651403
0.00108940839357
0.00108182701484
0.00107420313831
0.00106653751707
0.00105883097204
0.00105108429304
0.00104329831393
0.00103547387133
0.00102761183303
0.00101971311928
0.00101177860121
0.00100380925366
0.000995806025332
0.00098776990585
0.00097970193001
0.000971603127485
0.000963474601856
0.000955317463474
0.000947132867142
0.000938921330207
0.000930682570206
0.000922417490764
0.000914127046421
0.000905812209711
0.000897473964931
0.000889113355366
0.000880731410707
0.000872329205017
0.000863907857506
0.000855468466385
0.000847012201281
0.000838540259084
0.000830053859256
0.0008215542793
0.000813042809416
0.000804520804151
0.000795989635837
0.000787450751495
0.000778905633552
0.000770355797887
0.000761802855917
0.000753248436366
0.000744693695306
0.000736138804859
0.000727585176165
0.000719034341022
0.00071048787112
0.000701947383621
0.000693414547818
0.000684891099601
0.00067637882232
0.000667879574747
0.000659395260371
0.000650927866894
0.000642479447843
0.000634052152561
0.000625648177962
0.000617269847411
0.000608919548482
0.000600599774121
0.000592313129343
0.00058406231145
0.000575850159822
0.000567679611734
0.000559553728518
0.000551475366879
0.000543446485483
0.00053547019069
0.00052754979416
0.000519688769769
0.000511890712912
0.000504159375766
0.000496498674236
0.000488912692824
0.000481405683282
0.000473982074002
0.000466646489278
0.000459403745421
0.000452258849184
0.000445217015017
0.000438283683079
0.000431464482722
0.000424765269378
0.000418192125738
0.000411751326561
0.000405449391088
0.000399293022005
0.000393289134131
0.00038744472039
0.000381766547076
0.000376261886388
0.000370938191192
0.000365803022366
0.000360863996135
0.000356128784427
0.00035160504099
0.000347300366192
0.000343222262215
0.000339378068207
0.000335774905987
0.000332419616141
0.000329318687003
0.000326478194829
0.000323903726825
0.000321600319026
0.000319572389352
0.000317823688693
0.000316357224081
0.000315175227382
0.000314279121398
0.000313669472716
0.000313346196993
0.000313309263283
0.00031355700848
0.000314086741165
0.000314894970525
0.000315977412839
0.000317329064149
0.000318944228494
0.00032081660685
0.000322939332595
0.000325305083831
0.000327906094854
0.000330734292379
0.000333781313438
0.000337038594865
0.00034049743362
0.000344149043783
0.000347984614047
0.000351995346531
0.00035617251616
0.000360507491939
0.000364991783904
0.000369617055217
0.000374375438919
0.000379261143663
0.000384267078492
0.00038938598316
0.0003946108344
0.000399934826508
0.00040535141628
0.000410854276002
0.000416437328954
0.000422094711505
0.000427820815578
0.00043361022656
0.000439457764163
0.000445358453363
0.000451307515009
0.000457300370744
0.000463332620801
0.000469400052071
0.000475498608314
0.000481624412844
0.000487773733354
0.000493942973795
0.000500128707899
0.000506327807178
0.000512539256395
0.000518760759975
0.000524989617689
0.000531223242913
0.000537459151068
0.000543694946532
0.000549928346128
0.000556157127996
0.000562379157479
0.000568592384208
0.00057479482071
0.000580984551151
0.000587159718687
0.000593318545626
0.000599459273997
0.000605580241914
0.000611679803424
0.000617756371194
0.00062380840354
0.000629834406807
0.000635832909342
0.000641802487355
0.000647741871138
0.000653651509934
0.000659530870735
0.000665378910273
0.000671194614618
0.000676976990855
0.000682725081478
0.000688437949101
0.000694114688411
0.000699754411162
0.000705356251617
0.000710919364976
0.000716442912576
0.000721926102524
0.000727368127316
0.000732768224449
0.000738125616406
0.000743439566451
0.000748709333892
0.000753934192098
0.00075911343821
0.00076424635128
0.000769332241217
0.000774370478177
0.000779361753044
0.000784306116551
0.00078920312314
0.000794052333941
0.000798853325995
0.000803605705133
0.000808309051264
0.000812962974004
0.000817567093364
0.0008221210335
0.000826624433001
0.00083107691874
0.000835478145917
0.000839827765798
0.000844125443831
0.000848370838216
0.00085256363115
0.000856703503121
0.000860790119555
0.000864823172216
0.000868802374602
0.000872727393948
0.000876597959454
0.00088041465452
0.000884177760585
0.000887887126777
0.00089154264841
0.000895144210892
0.000898691683887
0.00090218498763
0.000905624028616
0.000909008690481
0.000912338923437
0.00091561464265
0.000918835767459
0.000922002244917
