0.0
0.726630305415
0.779360522176
0.2776710356
0.109566057007
0.0324341609127
0.195608420674
0.0657959130981
0.331542978443
0.513584657303
0.282767468699
0.0725917660916
0.183484333107
0.089284213722
0.00677765126116
0.0485154275718
0.10341387332
0.152288304371
0.0672626552674
0.371377896181
0.562416775714
0.284340249131
0.260195717504
0.511822085685
0.305482228874
0.0981842454689
0.158685106211
0.479350732427
0.412538153929
0.240808864496
0.855347882655
0.821696594704
0.238818017931
0.346656108018
0.339713667917
0.0779812502989
0.135283933007
0.286906572607
0.374854669606
0.200446776314
0.126092901924
0.178446113316
0.0834296083323
0.111851614213
0.216461608788
0.261564891054
0.192923608252
0.104887971703
0.343696759809
0.447954964543
0.178140821217
0.478443079615
0.705981625971
0.431467488401
0.13195953884
0.145514688657
0.148910033562
0.208265063351
0.3649991562
0.73301886262
0.627852009588
0.129079662755
0.48206003664
0.49257093745
0.252578211868
0.314529351811
0.353937232294
0.295048354984
0.117790208625
0.102449619683
0.196921237778
0.213960907734
0.27039890979
0.344246498066
0.314987034191
0.139766400228
0.121008606479
0.322653735565
0.364211050139
0.285976513885
0.558216803879
0.645418637136
0.302342576991
0.208892585225
0.403150327915
0.347455081577
0.335145357265
0.363806210927
0.445035750038
0.315264604902
0.136502831693
0.486734347237
0.515262189574
0.369086040284
0.387829943828
0.360361537876
0.171718031365
0.142691755676
0.336708711077
0.406235788317
0.366569197541
0.332459380936
0.301987740493
0.170747169248
0.102794406638
0.323297913149
0.451866391517
0.413717718832
0.335616189821
0.427659111758
0.37835877891
0.140530333338
0.379003495669
0.531707102652
0.468481641112
0.361284193048
0.25519890881
0.133917504279
0.149074353626
0.323984060013
0.481777408416
0.488919549078
0.360966271668
0.258903258096
0.204561437514
0.170493657121
0.367153595599
0.527448221992
0.504792384216
0.362256026734
0.272906833143
0.186955709509
0.175009280487
0.339196293196
0.471121990311
0.490188225447
0.36150752334
0.225276113912
0.248514646687
0.253950315813
0.335885516503
0.461152734503
0.474882853283
0.377367318385
0.210999504899
0.113496288886
0.22851220959
0.359607305942
0.454678802147
0.463000891703
0.371895738806
0.232586551796
0.129688318978
0.258806464639
0.398079733958
0.473016460404
0.502446653382
0.38322440888
0.228544888308
0.295524493563
0.335536803035
0.422832248266
0.469124972094
0.426937106368
0.337392000565
0.158600734237
0.215790828561
0.347136983508
0.413396342369
0.439411945653
0.388458743754
0.297243803515
0.17036602871
0.183470015777
0.315991650397
0.421102749123
0.449720886304
0.387537354115
0.306582372264
0.161946188889
0.236721266543
0.366629573372
0.449737649839
0.511015876943
0.404177787748
0.281000907573
0.16695065225
0.20600324028
0.403358482291
0.452729458271
0.512378423599
0.422882141244
0.244459072874
0.21747913012
0.176416142381
0.400575634909
0.463897974016
0.436531883498
0.372474628457
0.207333467166
0.196093468196
0.163080318036
0.399497406577
0.512623036423
0.455832148671
0.397548738632
0.205775261528
0.135277237198
0.156813448293
0.317101996156
0.447474145021
0.464100765127
0.483870060803
0.274227699605
0.172598392983
0.275303534162
0.294132857496
0.407984871274
0.388555803611
0.433508258867
0.287995002481
0.195156482232
0.365101108469
0.342482600862
0.534829050288
0.479665803683
0.303964967488
0.311098524718
0.156824398915
0.276285664398
0.262542997507
0.471820687665
0.539088823714
0.345799128013
0.409952195956
0.356815433603
0.298113273249
0.261318312365
0.231406278871
0.315395397977
0.328938033837
0.407123399928
0.246452781796
0.331375951113
0.422799198596
0.293863437319
0.342145673218
0.22564950079
0.303841320305
0.234514117814
0.258146263214
0.445264771934
0.383826825631
0.587740858296
0.45872954688
0.204661237767
0.485016335952
0.3560716414
0.303778134972
0.229609703986
0.347891011116
0.421961359437
0.220730117866
0.505143616684
0.528301480019
0.384966204045
0.29518434826
0.142330742154
0.172168271803
0.184199228517
0.343240092148
0.224018873643
0.364643924485
0.444770795184
0.253060150241
0.360429121233
0.18668567242
0.271262786421
0.30494693878
0.217970598898
0.40067691661
0.329309332858
0.555117343297
0.419625466146
0.295100246322
0.687557799114
0.499773028746
0.244605881638
0.251039604189
0.185561930041
0.274877724581
0.182448028281
0.492805785551
0.508774262214
0.344873727202
0.333278616129
0.287527806983
0.235478286842
0.132361360364
0.334449164903
0.213621965133
0.291171786374
0.418290153714
0.268931863874
0.394727108552
0.232233679872
0.337323237658
0.426469781239
0.164932924542
0.323279514672
0.254390027231
0.426353973823
0.339150279571
0.363428969449
0.756084303678
0.527856477283
0.207016014179
0.436938317065
0.286362344353
0.172121930808
0.226038886451
0.396971273384
0.371410149048
0.286794874764
0.341830339613
0.326717230161
0.253995516266
0.166991032093
0.401352830444
0.288218841778
0.224611202555
0.447230593257
0.341631361059
0.33712195364
0.236270224183
0.419101694183
0.513461343199
0.189192491937
0.307784437372
0.279769038734
0.252330614022
0.239060942531
0.331866190558
0.665451245694
0.456564326524
0.23340424698
0.558641983826
0.403112151417
0.14476323951
0.346634436666
0.37923797831
0.236918196267
0.312415317015
0.360691152211
0.262381487495
0.212125766878
0.18843314398
0.408521664823
0.297218191843
0.242206660121
0.543975584044
0.443795278654
0.2348571622
0.279843850318
0.463611936868
0.486418206807
0.173854152597
0.351430340341
0.396022402673
0.194276223443
0.181074472323
0.24005640302
0.464440760701
0.334189279567
0.246508006738
0.549875011038
0.437868026908
0.180746747011
0.406627180245
0.386585272854
0.147080349427
0.441173684287
0.506623880583
0.284990056256
0.222303061647
0.190115846313
0.272953574563
0.205538825372
0.308148224871
0.608036205735
0.490218513452
0.172647943781
0.389536036956
0.482198950302
0.367194288109
0.136634528805
0.385670764303
0.455639466039
0.245026119776
0.167035083035
0.189747657481
0.24780254044
0.236166836479
0.268840810999
0.464974145124
0.41917215019
0.186515823515
0.330351676335
0.336698573178
0.214243068965
0.556560173518
0.624242798428
0.317135818439
0.311439046571
0.362230910193
0.207447203402
0.191063006698
0.329543116405
0.532790758499
0.410289758957
0.195534231728
0.507020127536
0.511519223991
0.258262587156
0.179990565801
0.361640275142
0.397294157285
0.240910390647
0.167676007993
0.2421462372
0.215342731893
0.234320392404
0.296863501868
0.35349709518
0.35108640629
0.224914483601
0.247125921104
0.357384118147
0.343721169708
0.527068960965
0.564395587046
0.24040032367
0.448213263679
0.597332761101
0.386767730634
0.300458963757
0.28948575809
0.314145325252
0.240086267483
0.25611866669
0.557503955118
0.507208798655
0.22669960302
0.268546105709
0.306445692869
0.263172962615
0.198513346548
0.204992628995
0.30678260591
0.333306200814
0.266509736365
0.255336010687
0.232357966107
0.254026315244
0.339291792758
0.350563402149
0.452876419512
0.412027464041
0.335439160027
0.38254153855
0.207760910441
0.535281061655
0.694005314491
0.456328799256
0.380467922589
0.339197908581
0.200100792105
0.192221521918
0.26712034608
0.494751676853
0.417377366234
0.26094029598
0.359717335219
0.292241685199
0.169050714741
0.172027802879
0.242515048413
0.322915011486
0.403233150701
0.295734304199
0.17640102637
0.227561680502
0.204170483646
0.397679000798
0.429054474601
0.474505806135
0.434904205528
0.198176465115
0.358878797448
0.315344004807
0.475773165972
0.591972395304
0.360341136724
0.442830432723
0.47002796093
0.355000455961
0.305214606304
0.21092705883
0.369680173154
0.277929428286
0.316070078393
0.425532529078
0.303905730293
0.230639377278
0.179008105423
0.24795365566
0.297194543845
0.400247174715
0.350302040352
0.236777659525
0.357508442321
0.229622439708
0.332476803381
0.380773687566
0.394632813986
0.448834655895
0.342512107173
0.490698002044
0.382126954867
0.301443829997
0.417862024699
0.218328760709
0.472442541688
0.500350113176
0.41151854124
0.389550201217
0.192520054952
0.331994959036
0.21160335499
0.342624675555
0.450536437996
0.290962659874
0.339459677005
0.234599238609
0.245922788
0.284921184031
0.342204043468
0.395818908993
0.347894495377
0.444890858822
0.273624048765
0.235719942386
0.304274367522
0.288634052668
0.427257591239
0.400232672053
0.533530214688
0.390078340496
0.236151397585
0.400003204435
0.173648261185
0.43693067552
0.415101902026
0.355388376391
0.446295015836
0.233025562151
0.385101085663
0.266136643598
0.320738051628
0.454572237639
0.262039146941
0.402824718825
0.310195217352
0.257730103697
0.327494178079
0.28035518533
0.394283532495
0.394026804832
0.434786514828
0.317242662221
0.295322017653
0.315335145143
0.246407839766
0.376418415894
0.318103669778
0.479526800522
0.382488589395
0.291882325292
0.46552950551
0.195510485467
0.400369521032
0.357300888745
0.280600086533
0.468570349457
0.229036800999
0.417392797771
0.349559045963
0.277431969391
0.471200814038
0.259729735021
0.388524050763
0.362239860264
0.261729697121
0.373927346723
0.289291393722
0.366778504796
0.389656530953
0.371170119276
0.330881520776
0.372418086966
0.325436395351
0.282530566079
0.399889140953
0.235552970643
0.422350970483
0.385471717443
0.252369139033
0.465922645918
0.227044075106
0.39636954253
0.389257533033
0.224237063027
0.456284151001
0.227497181697
0.410631130392
0.40478255968
0.246025258761
0.502633625373
0.312353292392
0.316718335837
0.390940762831
0.241712404076
0.354835421622
0.343543325652
0.346399373983
0.382458415725
0.357496738051
0.30626914013
0.351687512996
0.28013880304
0.320614900968
0.455145935716
0.22976829673
0.429868666906
0.458463246839
0.20886223368
0.428420449267
0.259049703979
0.352404891481
0.413798230837
0.202404013614
0.43101133233
0.273258885365
0.343236166942
0.39154679294
0.23827203214
0.521767693939
0.388476084146
0.261192335032
0.420034588362
0.244757017782
0.270733446601
0.376209016616
0.316969187313
0.363322253068
0.429723853112
0.32311748949
0.296832168588
0.254860927964
0.272209574691
0.403239156296
0.220887573146
0.477923516594
0.559676959067
0.256162511481
0.407249378871
0.351017496878
0.320592058271
0.417895256253
0.219251755289
0.376912805743
0.3054847605
0.219236479339
0.326314303883
0.248662307432
0.476193821334
0.406691303506
0.257567404595
0.453227738079
0.332821687336
0.215419592138
0.362491923181
0.255900434636
0.323864277725
0.514892301266
0.398448989435
0.280938582064
0.321902582489
0.213307748471
0.269020860798
0.219350867038
0.456492811369
0.544296225188
0.251558449444
0.432557620334
0.509316926358
0.385219082381
0.404776602513
0.25144505457
0.310345104054
0.337007397871
0.197159167814
0.276899319429
0.242058547269
0.329378068172
0.323773783377
0.260879816903
0.458034556113
0.419682169706
0.240483666891
0.321204654476
0.266227052826
0.324301030528
0.531090512969
0.41352972802
0.264201279671
0.456191444278
0.379684048874
0.246073640747
0.224381768274
0.303006680372
0.37602398611
0.209289989438
0.4666886336
0.593246897565
0.40124609328
0.356464123472
0.349659312289
0.328528640553
0.384498878205
0.30504142932
0.263837406457
0.232286337363
0.197931409077
0.226111324597
0.251332655587
0.385644628821
0.3993518395
0.264105631632
0.330865632639
0.38647910054
0.340734573711
0.430899121357
0.345081894074
0.27709791338
0.570636014773
0.540281254685
0.283716933082
0.271359159788
0.251009665531
0.229739983039
0.209178466572
0.414848229548
0.514008163714
0.301553945853
0.341787876267
0.463232237231
0.36773259601
0.381366102901
0.371858241934
0.257653576913
0.287622560471
0.330688223607
0.259041617149
0.231261068098
0.264762987988
0.278228450063
0.289387127272
0.386170216997
0.445479709031
0.307301482207
0.292949615268
0.336950523111
0.317554899841
0.559079322891
0.538354325745
0.245334306419
0.412447643468
0.457919660902
0.28492622728
0.212879666948
0.314146867373
0.341617755447
0.206015070453
0.38757401588
0.481187085751
0.311847093768
0.330803286797
0.387958053022
0.248859928343
0.355688890003
0.459517208422
0.302671864929
0.245753412927
0.296649398595
0.212527091887
0.321183297483
0.394601480911
0.376904868284
0.290545465854
0.339638172463
0.403155832089
0.280207765432
0.422532589507
0.424701649897
0.216813145317
0.510260884109
0.551652723173
0.296400505884
0.280263557866
0.369017411939
0.267599143441
0.226813797364
0.421182304596
0.396848274647
0.232268748339
0.349357307157
0.367306018591
0.227590484209
0.375949901924
0.467370779362
0.285631100912
0.315657470299
0.411161336579
0.234933146774
0.328080812316
0.376272340956
0.26639010824
0.351511419576
0.440807776431
0.392784571241
0.221783526359
0.357313805328
0.355136510878
0.223199540803
0.481086118912
0.46662301345
0.243257680675
0.392979588147
0.452996833037
0.280270172717
0.291182820975
0.451183630368
0.319481039468
0.258975846266
0.41026487766
0.302838477608
0.259220835875
0.404710135525
0.400312869718
0.272672590595
0.368128166485
0.417053379093
0.225107715898
0.342363662517
0.384707749393
0.23755614927
0.384867250775
0.439142860135
0.30900243082
0.288680929539
0.429317524223
0.337518349524
0.251221245907
0.437235794347
0.334834741423
0.247688273019
0.415385880748
0.390388282965
0.289577530913
0.380185385355
0.479357591643
0.313797574041
0.291798188314
0.416964292554
0.239950627113
0.348983170486
0.452157710629
0.325506360086
0.332106395925
0.404564949096
0.337683004379
0.236967649911
0.357205882337
0.351684289288
0.264662956733
0.384463448221
0.387265332483
0.269507002295
0.329458582177
0.418445510297
0.295472506069
0.348854599072
0.484036227373
0.29238480466
0.290991968279
0.37491796059
0.253113581593
0.348155540192
0.41624849227
0.437126813334
0.359510192004
0.332137565069
0.395770301212
0.240377686649
0.35348550164
0.41681495497
0.274808352318
0.431052950255
0.463359471855
0.288634367146
0.287528959355
0.328945746092
0.262658986589
0.333424870555
0.398115441788
0.346587844441
0.317741185357
0.300292333669
0.308571719212
0.268164857043
0.384907410801
0.482893395353
0.305583325326
0.373463324623
0.411830745875
0.219268076006
0.362095939017
0.338618963779
0.359186677823
0.474927534324
0.411326857419
0.380536797353
0.281585289925
0.248560185911
0.297334951082
0.274651742008
0.46199412665
0.471666359423
0.29665205129
0.340522290903
0.322043263794
0.225363316874
0.371088755231
0.365101861266
0.327848276956
0.431190173673
0.343824262894
0.236985410778
0.263218148209
0.28610160818
0.392154311128
0.36156537173
0.44138309341
0.450353243633
0.222087731335
0.294078468754
0.261400357623
0.364597378104
0.543479493597
0.412365894386
0.363949990857
0.401411402859
0.270972004239
0.250502943871
0.273915200657
0.351436392901
0.38855881723
0.346644613331
0.393787916993
0.35356221217
0.22718964063
0.300325838071
0.283102814295
0.360704206667
0.516199879546
0.392844467259
0.235051155711
0.315213674955
0.26366296072
0.360311258137
0.400000415588
0.383280171424
0.399266399005
0.285599541544
0.310073955984
0.310188651784
0.345490245027
0.43978297919
0.300231600926
0.398884951321
0.53853840074
0.393607091405
0.276645301633
0.254895191386
0.221736143938
0.351050156724
0.407444538335
0.378684979683
0.325388273109
0.248692039242
0.250503732048
0.281549703026
0.364118902653
0.45141138577
0.330202194553
0.288790178688
0.442790347817
0.403106536762
0.370026344267
0.337157244083
0.258922008061
0.39408663881
0.436014131854
0.387383072494
0.315275286198
0.220872723598
0.243229302618
0.251330851348
0.436317465818
0.536725251794
0.379581643823
0.279062797649
0.340795520664
0.338829576213
0.387796116546
0.382011631711
0.269626236368
0.299601349363
0.379083339548
0.35927467665
0.308603827329
0.266916836895
0.269313509612
0.274568740913
0.370742943754
0.489797995722
0.420680165711
0.284565657899
0.280893101231
0.337418348117
0.472176853516
0.49061583475
0.362824742244
0.262407727062
0.273856434469
0.320425584235
0.323480414135
0.361204328735
0.364338201724
0.262306467262
0.326732047565
0.444919209965
0.419657203027
0.339537392302
0.285807445201
0.25005079903
0.363537341936
0.472965715879
0.409334899333
0.259930651889
0.25161241511
0.309700531085
0.350522009611
0.378563745428
0.385855152255
0.294612915109
0.233666706303
0.3687736055
0.440991070704
0.441404673057
0.392025208667
0.293719595638
0.311108930555
0.446189317914
0.456582394802
0.319910114394
0.246012657095
0.257144049998
0.266036157163
0.380552022756
0.435772559582
0.345400754828
0.253803986318
0.310443815487
0.337573522799
0.361754896551
0.425138962728
0.34132789283
0.230417420538
0.403279087272
0.472331595721
0.384720594577
0.329802497992
0.294439072825
0.246138101553
0.349948317514
0.437205655835
0.389449403698
0.293240154416
0.287657585409
0.303234926648
0.361459813573
0.477800039892
0.441088915905
0.255394927382
0.310169392291
0.374954321683
0.322519743156
0.381811367353
0.372532227258
0.254133470707
0.332504123541
0.413160290773
0.335100965449
0.271207676337
0.322386721607
0.263996874124
0.26774700204
0.465645029699
0.484527363986
0.318558320039
0.349519302629
0.378064487374
0.326694903379
0.446939762567
0.440305897102
0.268811052154
0.272067385239
0.332907820981
0.305398894265
0.325936966053
0.392525639629
0.338019859758
0.242603049029
0.385256689016
0.405612106114
0.295844422347
0.373733414276
0.361920133516
0.275072575201
0.442451222391
0.462453847603
0.288260155212
0.300758692275
0.332998910008
0.254679687516
0.307625398511
0.414045916797
0.370712113537
0.252222561219
0.384535108082
0.412285632159
0.340090900244
0.47946834667
0.43939249162
0.243014042971
0.385652367741
0.398759971326
0.278434665071
0.322814508442
0.323507457454
0.259051559925
0.300800309711
0.373677052688
0.325493530599
0.249903162192
0.347653102446
0.324031477125
0.285303776501
0.480875009456
0.466934823045
0.302676370641
0.405269761988
0.383222806457
0.30084122729
0.401216971775
0.370509405913
0.278395581439
0.294253582032
0.354324145319
0.325946366955
0.294132561806
0.449290953925
0.406686388261
0.265686960788
0.453763393196
0.432972008782
0.281963959459
0.348055314917
0.286576557605
0.278721968648
0.410027095537
0.360517408884
0.261274678159
0.270901190425
0.283741150142
0.240485097232
0.282015972839
0.450197418494
0.422223764538
0.31141290785
0.425791255671
0.393338313504
0.373548774053
0.479956622488
0.357238659053
0.315727133764
0.424151469566
0.342888563021
0.233910468635
0.258367875884
0.352316769166
0.325794873619
0.295897298311
0.463945937495
0.432523128424
0.264766181454
0.305698382758
0.262692400137
0.352250948
0.470369996302
0.337700578414
0.288864942211
0.370870393845
0.294118129327
0.24962975405
0.291008742385
0.362939221327
0.364406980966
0.323210799162
0.392939361753
0.37781297197
0.384388243409
0.431987598816
0.308994040372
0.413535590178
0.53557183573
0.371476845763
0.234951669984
0.289408283555
0.28859464912
0.298501155513
0.314707855333
0.412626123641
0.405923706118
0.274018184301
0.284349177066
0.288919451183
0.349054322393
0.389845147572
0.27244319207
0.37487130604
0.465006740576
0.348265780511
0.288253028749
0.283506377109
0.323987908954
0.401224407935
0.374444290084
0.349107624277
0.347339100912
0.335770336569
0.303940551174
0.283789497146
0.460548783569
0.524834001786
0.347892287151
0.306433473195
0.390847329978
0.334349229507
0.294084398713
0.26847528627
0.362392123955
0.43474602124
0.349434669228
0.308975409795
0.303618215965
0.275785383792
0.278140933671
0.292723765646
0.419894299086
0.439270597333
0.312240983695
0.287912799596
0.318136413374
0.394526041602
0.447550310482
0.362927191348
0.308595494233
0.370754667873
0.358416120573
0.271468716683
0.296731679995
0.408744172074
0.410163918823
0.325285510742
0.393033195239
0.444769563482
0.333709017672
0.23878414772
0.270959155856
0.408066636051
0.466487150829
0.338392199041
0.297086706662
0.341465589207
0.318297727729
0.332113824932
0.341632266442
0.351327802466
0.307707054428
0.280703947026
0.339146073274
0.377345154902
0.420317146145
0.377838283147
0.278125488306
0.350437271324
0.43891100304
0.401770126393
0.282464024893
0.28463680187
0.359416349737
0.37098173449
0.371963347192
0.400050128928
0.387919791962
0.283122093346
0.28193189557
0.381578549216
0.431708471632
0.380310200668
0.246243920449
0.343553818471
0.427891458384
0.38863112001
0.35857175351
0.300797973169
0.262851969485
0.296489034134
0.359844431068
0.383540222917
0.357634664678
0.347088205239
0.276350063755
0.317370331837
0.437652068688
0.426558599773
0.335218480874
0.247363187191
0.313404188643
0.409210788927
0.415750215213
0.369546149311
0.332585985977
0.3421053619
0.329819807306
0.371494521495
0.413876576685
0.342300618672
0.264926519103
0.323210976937
0.436829803022
0.437590865642
0.34227190241
0.295365819827
0.277019862305
0.323371188175
0.372364758546
0.374308432972
0.330385204009
0.275878507278
0.30096166602
0.346952465178
0.445904026379
0.451500072006
0.314795988083
0.259983340535
0.295196274442
0.376142417342
0.421859768154
0.366300373881
0.316349273868
0.346784266801
0.403483622043
0.378668812279
0.344306864306
0.335944771783
0.251332303737
0.322421714688
0.444110497275
0.438782346871
0.357933022684
0.29725775994
0.310388562905
0.359097463144
0.391170671665
0.346041359709
0.286706829632
0.252603816583
0.246268168883
0.327312245972
0.419975924668
0.475193690304
0.38505553432
0.289721964858
0.383129714145
0.391319647283
0.375696875026
0.342252525619
0.261081257516
0.350547569104
0.423925091313
0.413690017554
0.335785891777
0.263371788635
0.282345884868
0.271731870211
0.363194788625
0.430353761439
0.356398080996
0.320777969731
0.360757096255
0.382374168628
0.43069800835
0.407297588114
0.292060658975
0.281928468939
0.290306007452
0.257963810538
0.306755395465
0.369167709729
0.398633090278
0.336091308959
0.389025250813
0.498978037946
0.408631674567
0.332867072747
0.314340981101
0.274532972543
0.420081008826
0.434606810665
0.335706721858
0.310362525441
0.287334311574
0.296162782476
0.286660001794
0.300303433006
0.332147722436
0.287292493973
0.320877947169
0.369495988736
0.390462945157
0.458967075618
0.415918151339
0.333837748644
0.404692431688
0.378940707424
0.28066092837
0.282412217839
0.277963923863
0.325867994481
0.3402245179
0.407063434334
0.48520615532
0.364331727664
0.330517018429
0.380556022391
0.330358611734
0.430243381857
0.405420071564
0.280656179855
0.345722350402
0.340046126499
0.313502354671
0.303858802947
0.257579175884
0.275485553702
0.269723016971
0.275183400759
0.295038393519
0.35215593906
0.437262960787
0.388189676614
0.377211189648
0.490285620161
0.438444952273
0.342929138767
0.351532865831
0.290063910952
0.337567080744
0.359154330523
0.330036378859
0.404765748038
0.34317244137
0.328963901964
0.397056577144
0.334721882435
0.402288726982
0.394087646642
0.271811863205
0.350681663619
0.368693604742
0.347658328608
0.326715570897
0.274570033864
0.310948176029
0.311373147246
0.268518992049
0.25262174359
0.312325079137
0.372945244356
0.316616181635
0.364300164876
0.492643724194
0.442940065059
0.383904484218
0.413652795152
0.355266168946
0.392914484944
0.397840406982
0.276840097351
0.363055614277
0.364509867873
0.289481281626
0.354623354162
0.33048805997
0.370042497578
0.375172148069
0.265412191774
0.340451043426
0.391734849815
0.353277999935
0.285564007696
0.304684475798
0.391154159628
0.362920874527
0.307743553354
0.286548174901
0.31738538808
0.353646965
0.285429147445
0.325701626682
0.435106949983
0.40032609053
0.358148380998
0.400594013857
0.394943735853
0.429593434283
0.418909915972
0.285157692414
0.368032992725
0.401923304349
0.274451254786
0.321173094648
0.358358032669
0.358830865967
0.344397706723
0.280611625908
0.346787250911
0.387966627235
0.326089206845
0.256710847858
0.353690914776
0.421443064929
0.327956193843
0.313213998883
0.348004547534
0.36915911543
0.391273720788
0.30109628612
0.300213998741
0.387629404378
0.364182363983
0.308060436328
0.349456742257
0.408741984059
0.417208542945
0.37297525286
0.293062262394
0.381442020607
0.42124649495
0.287036285378
0.319870336182
0.412781038217
0.383342982989
0.317822447261
0.319112168987
0.378310276435
0.378058081741
0.334098548151
0.299932211026
0.364476331969
0.37557958888
0.263038501305
0.33603248128
0.388793746627
0.37696803974
0.384339791633
0.295435584491
0.315416954532
0.390841792691
0.353075832044
0.282525666014
0.314688596542
0.409281665094
0.383829770141
0.301630487787
0.319900635082
0.395492110188
0.393122721833
0.276127977695
0.333614042011
0.444671525694
0.38317482201
0.302270629459
0.403685792953
0.447810665417
0.376986081978
0.340987748177
0.317924656382
0.336131232835
0.352053401237
0.312313509524
0.371043713562
0.359647552243
0.313358258857
0.333855016452
0.290132724534
0.352395252366
0.39430956057
0.322129212028
0.267760285032
0.301538517859
0.398549498732
0.368851668145
0.28576668621
0.382175762717
0.429247584454
0.348862608167
0.258072111919
0.333569624147
0.407038054556
0.331719349554
0.346805887931
0.502089134135
0.481713534182
0.341987687342
0.343012881265
0.343437091569
0.342477389834
0.370108416244
0.34932909932
0.346652513705
0.291643225499
0.28017972856
0.327960278655
0.313838136133
0.368666740054
0.362540824022
0.27704751256
0.267944204647
0.29385285573
0.361432761332
0.340174454591
0.300745181816
0.447032544339
0.476939050531
0.340510600849
0.285683410089
0.340918873409
0.336433483478
0.283057067416
0.395897095422
0.518762762537
0.424143191786
0.324980752348
0.421752406304
0.404644561021
0.359426932565
0.349179342263
0.309469533557
0.299524738531
0.269126639019
0.306098382429
0.338743796736
0.319907429794
0.356121868413
0.337839872078
0.305658251066
0.315552254714
0.29089920751
0.303098175573
0.278046571389
0.30463357856
0.472562713164
0.479207410313
0.346359944375
0.37720291743
0.40360396044
0.313971749827
0.26492730534
0.369532672778
0.438643304323
0.330224266078
0.373480504363
0.496649766673
0.419308335704
0.35532471183
0.339168383408
0.300056418891
0.309576574988
0.272965384525
0.298193705249
0.303054983381
0.289559497067
0.344343921469
0.352698597576
0.378205036334
0.371578629941
0.302170745068
0.296212329222
0.257777044764
0.296253463242
0.439324213414
0.410505139558
0.345868595087
0.468261614625
0.454135863919
0.323582266186
0.299323862446
0.328236892999
0.344483026037
0.27328491586
0.377459608345
0.47562349618
0.377247115691
0.366253019088
0.385832154711
0.356166329538
0.352899160508
0.275950728309
0.282465478538
0.272108304551
0.265738853442
0.345658425403
0.34738846333
0.392177561812
0.397229330573
0.335834472245
0.36225987881
0.319261381492
0.288653590247
0.385758206319
0.331220617224
0.329886791101
0.48518765772
0.432631829076
0.335268041576
0.386235883665
0.342528401223
0.300306752419
0.269363424577
0.325441193206
0.39636366809
0.334023752756
0.366389094434
0.401726726546
0.39031779247
0.382293350296
0.303074260468
0.332096696035
0.316261640471
0.276237478935
0.347149962308
0.302494189799
0.348585131755
0.410078432321
0.358173408335
0.402250821675
0.384306575457
0.299720302814
0.368614453701
0.31831658323
0.292501989409
0.440151882502
0.387690016129
0.338630074351
0.422486535896
0.348199196792
0.303782169425
0.330682325903
0.317859733631
0.338118740408
0.321007629617
0.336851618223
0.358021618493
0.379835324138
0.382142132414
0.334902714978
0.39643372669
0.373971062013
0.289261642705
0.354367937343
0.295708563972
0.315784232206
0.418823241098
0.343141820573
0.376114975334
0.416743340678
0.312396741731
0.369752903177
0.364881723185
0.289036818744
0.405024317945
0.376654569258
0.299003339401
0.374120368092
0.345033378317
0.331543211236
0.377871075996
0.34587112097
0.32730757231
0.348330405915
0.331715381208
0.307857925556
0.358995987121
0.371452289678
0.339842369304
0.403645188093
0.382466396031
0.291174765679
0.373644712792
0.348544740467
0.309239003056
0.411345712695
0.329143671506
0.323534016261
0.417935064305
0.313802172996
0.35900852139
0.413337798019
0.321468785849
0.390322359905
0.393802212603
0.280051511602
0.334057108369
0.371181709381
0.325442065477
0.345919400359
0.361956982256
0.34130499371
0.373806491686
0.351510947381
0.301373527453
0.367529715324
0.372764916705
0.317117699473
0.35734366353
0.363295365696
0.305295292459
0.377681360212
0.381332418137
0.297611569673
0.386171969049
0.346790415014
0.290625556804
0.407985294942
0.341327409621
0.342008283859
0.418616214133
0.342130831496
0.380391906425
0.424199783586
0.332675482817
0.345046497288
0.398292547897
0.311330976631
0.30442614418
0.375630787807
0.331187859761
0.349521666623
0.362113057841
0.326852406175
0.377253006538
0.357746573141
0.290629287859
0.320033764626
0.358989788091
0.330567270623
0.350276021947
0.37090164733
0.292490470982
0.354784077842
0.368597964434
0.296274695914
0.401646463386
0.37724186184
0.314988798745
0.402032185053
0.389107574214
0.387048640109
0.426232314452
0.368161103754
0.359559769622
0.420713682185
0.349265232461
0.315973144585
0.375038756781
0.303836508311
0.319662197249
0.364785065047
0.328593052672
0.344543768165
0.317242941256
0.288740687436
0.314187970498
0.34780988213
0.343433464821
0.316015456823
0.348542569022
0.328110728293
0.347240104846
0.374179157409
0.317013022568
0.374387157823
0.373280678426
0.31166794197
0.425458603593
0.451273231196
0.376010532869
0.397120467176
0.402402752961
0.384418700972
0.419318743888
0.360302036798
0.3220762401
0.369113355515
0.320334242658
0.334471860972
0.351923236454
0.297088617311
0.304773886751
0.295908555273
0.296842193091
0.299839891968
0.310180510074
0.331603326513
0.288357019406
0.33641123882
0.393475000917
0.372870914474
0.360605890452
0.341013209214
0.346718481445
0.352537998648
0.344223701629
0.440790398095
0.448137443236
0.343169316709
0.421485500465
0.469686081336
0.393983513803
0.373119783121
0.336715018315
0.333038632612
0.365863080431
0.326920042353
0.338781621904
0.324449039234
0.283514570722
0.312637785078
0.310405133254
0.295222006466
0.283797326813
0.287600683909
0.300985009385
0.267181269742
0.340600473045
0.431907536002
0.376453168191
0.342659409059
0.404854799172
0.380169381642
0.340732544376
0.350747515191
0.394112080545
0.385542201957
0.339540488218
