0.0
8.6276122081e-06
-0.00106574827443
-0.00336618782243
-0.00702422091904
-0.0121572985904
-0.0188662114934
-0.0272327148017
-0.0373174774178
-0.0491583682223
-0.0627691188086
-0.0781383289467
-0.0952288490132
-0.113977705559
-0.134296326335
-0.156071180561
-0.179164920979
-0.203417873991
-0.228649751426
-0.254661856017
-0.281239549627
-0.30815485169
-0.33516924957
-0.362036815736
-0.388507228089
-0.414328867652
-0.439251984842
-0.463031729985
-0.485431102864
-0.506223748817
-0.525196563453
-0.542152072882
-0.556910542304
-0.569311816893
-0.579216860699
-0.586508986561
-0.591094753203
-0.592904486653
-0.591892640052
-0.588037667443
-0.581341679337
-0.571829856916
-0.559549521376
-0.544568974134
-0.526976241768
-0.506877531652
-0.484395526866
-0.459667660046
-0.432844231696
-0.404086439225
-0.373564452275
-0.34145546838
-0.307941704445
-0.273208559059
-0.237442784254
-0.200830722003
-0.163556670544
-0.125801412373
-0.0877407720474
-0.0495444041167
-0.011374661258
0.0266143622616
0.0642776093064
0.101479770464
0.138095782814
0.174011216282
0.209122529793
0.243337198819
0.276573697759
0.308761425524
0.339840495596
0.369761442635
0.398484860195
0.425980968311
0.452229109586
0.4772172184
0.500941241257
0.52340452283
0.54461717851
0.564595456466
0.583361085062
0.600940627878
0.617364846788
0.632668070142
0.646887584672
0.660063045294
0.672235906371
0.683448880378
0.693745431967
0.703169300398
0.711764031134
0.719572550696
0.72663680561
0.732997400713
0.738693260149
0.7437613401
0.748236365337
0.752150595616
0.755533626964
0.758412213299
0.760810099681
0.762747909943
0.764243052366
0.76530963884
0.765958424371
0.766196785611
0.766028711387
0.765454816395
0.764472376007
0.763075384615
0.761254633554
0.758997809164
0.756289612467
0.753111904063
0.749443868226
0.745262204868
0.740541339133
0.735253641769
0.729369686652
0.722858557631
0.715688144582
0.707825452454
0.699236965602
0.689889038965
0.679748289028
0.668782011621
0.656958632948
0.644248173564
0.630622733241
0.616056991678
0.600528709362
0.584019232732
0.566514041034
0.548003285213
0.528482276033
0.507951995644
0.486419602006
0.463898911625
0.440410818787
0.415983724586
0.390653863562
0.364465642141
0.337471887323
0.309734055124
0.281322249743
0.252315303806
0.222800716151
0.192874499405
0.162640860477
0.132211859113
0.101706848439
0.0712519445325
0.0409793785306
0.0110265492786
-0.018465052027
-0.0473507146838
-0.0754835955481
-0.102716150035
-0.128901524597
-0.15389482861
-0.17755464044
-0.199744556819
-0.220334769427
-0.23920357595
-0.256238992147
-0.271340088073
-0.284418526007
-0.295399914038
-0.304225114131
-0.3108511618
-0.315252377305
-0.317421051327
-0.317368100807
-0.315123306289
-0.310735546904
-0.304272615141
-0.295820898593
-0.285484700477
-0.273385405429
-0.259660321213
-0.244461321098
-0.227953215698
-0.210311967225
-0.191722648871
-0.172377324131
-0.152472682912
-0.132207730917
-0.111781226349
-0.0913893278667
-0.0712229859532
-0.0514657109327
-0.0322910906424
-0.0138608278301
0.00367743716101
0.0201916874745
0.0355672355242
0.0497077789442
0.0625364978672
0.0739965344336
0.0840513934683
0.0926848070241
0.0999004160079
0.105721011705
0.110187546604
0.113357782856
0.115304738689
0.116114819613
0.115885849511
0.114724804861
0.112745606948
0.11006661707
0.106808375483
0.10309104168
0.09903225818
0.0947447304577
0.0903343712726
0.085898206959
0.0815229255301
0.0772832686567
0.0732410687198
0.0694442404852
0.0659263538058
0.0627062793566
0.0597883084422
0.057162439455
0.0548050260089
0.0526796265662
0.0507381297833
0.0489220442202
0.0471640139994
0.0453894006698
0.0435180708737
0.0414661145464
0.03914776482
0.0364771038233
0.0333699660239
0.029745501908
0.0255279206824
0.0206478089926
0.0150435872248
0.0086625109063
0.00146174505419
-0.00659099385415
-0.0155168020867
-0.0253253210981
-0.0360145534508
-0.0475709622863
-0.0599697091432
-0.073175095351
-0.0871411562432
-0.101812402133
-0.11712468222
-0.133006164801
-0.149378377005
-0.166157349613
-0.183254741051
-0.200579064543
-0.218036813994
-0.235533690681
-0.2529756624
-0.270270113233
-0.287326783255
-0.304058777131
-0.320383347779
-0.336222716206
-0.351504677253
-0.366163200355
-0.380138841128
-0.393379127765
-0.405838816931
-0.41748003537
-0.428272310107
-0.438192553642
-0.447224946793
-0.455360758461
-0.46259810897
-0.468941645725
-0.474402175201
-0.478996270371
-0.482745812924
-0.485677577855
-0.487822735396
-0.489216331395
-0.489896769962
-0.489905424793
-0.489286107785
-0.488084555229
-0.486347972326
-0.484124652607
-0.481463527476
-0.478413833763
-0.475024715278
-0.471344825639
-0.467422084699
-0.463303498721
-0.459034825045
-0.454660314423
-0.450222592669
-0.44576251689
-0.441319016991
-0.436928999643
-0.432627237407
-0.428446289347
-0.424416516607
-0.420566068196
-0.416920780873
-0.413504192113
-0.410337607684
-0.407440109961
-0.404828542597
-0.40251756715
-0.40051969613
-0.398845336002
-0.397502834437
-0.396498521412
-0.395836721154
-0.395519811444
-0.395548267848
-0.395920684545
-0.396633792738
-0.39768249793
-0.399059901563
-0.400757303603
-0.402764204129
-0.405068324607
-0.407655611663
-0.410510210899
-0.413614455029
-0.41694888872
-0.420492256362
-0.424221457871
-0.428111538139
-0.432135684918
-0.436265212743
-0.44046962011
-0.444716570132
-0.448971818766
-0.453199277319
-0.457361134175
-0.461417838214
-0.465328135495
-0.469049185444
-0.472536680835
-0.47574495415
-0.478627136638
-0.481135317011
-0.483220727234
-0.484834037783
-0.485925660509
-0.486445921367
-0.486345353197
-0.485575210242
-0.484087861001
-0.481837077
-0.478778509524
-0.474870232672
-0.470073221483
-0.464351841682
-0.457674407163
-0.450013685876
-0.441347483486
-0.431659245976
-0.420938576743
-0.409181634351
-0.396391742976
-0.382579917052
-0.367765219375
-0.35197506661
-0.335245616673
-0.317622002416
-0.299158477295
-0.279918491964
-0.259974612748
-0.239408359219
-0.218310019261
-0.196778296347
-0.174919690607
-0.152847888861
-0.130683047501
-0.108550893424
-0.086581716052
-0.064909238018
-0.0436693242645
-0.0229986394844
-0.00303331109479
0.0160926603923
0.0342489738264
0.0513106280495
0.0671594132898
0.08168563581
0.0947896793547
0.106383519218
0.116392104988
0.124754746166
0.131426295869
0.136378176256
0.139599249966
0.141096463722
0.140895323345
0.139040054446
0.135593608313
0.130637324273
0.124270415529
0.116609122285
0.10778566358
0.0979469140752
0.0872528431291
0.0758747794469
0.063993401293
0.0517966738131
0.039477499264
0.0272314363651
0.0152541532041
0.0037390426749
-0.00712534780201
-0.0171576772178
-0.0261862317396
-0.0340511271029
-0.0406064196452
-0.0457220108635
-0.0492853198328
-0.0512027636165
-0.0514008938618
-0.0498273484796
-0.0464513999121
-0.0412643063142
-0.0342792591761
-0.0255311033071
-0.0150757134473
-0.00298909803577
0.010633733372
0.0256802198981
0.0420218029608
0.0595158238577
0.0780073949725
0.0973316036688
0.117315589574
0.137780891512
0.158545617383
0.179426769366
0.200242386526
0.220813705479
0.240967155094
0.260536238665
0.279363271014
0.297300900699
0.314213499952
0.329978279221
0.344486267043
0.357643001412
0.369369067706
0.379600379109
0.388288273303
0.395399415986
0.400915488282
0.404832762569
0.407161439552
0.407924954624
0.407159043884
0.404910842998
0.40123777346
0.396206496209
0.389891710662
0.382375026567
0.373743757169
0.364089774473
0.353508360896
0.342097109038
0.329954880008
0.31718079958
0.303873355561
0.290129530668
0.276044062246
0.261708737188
0.247211787348
0.232637361172
0.218065127708
0.20356991386
0.18922142964
0.17508408046
0.161216801135
0.147673018186
0.134500647044
0.121742133591
0.109434507692
0.0976095647495
0.0862940504839
0.0755098405762
0.0652741438661
0.0555997596193
0.0464953183004
0.0379655631594
0.0300116334204
0.0226312945823
0.0158192124279
0.00956724660157
0.00386471471561
-0.00130140761023
-0.00594623406375
-0.0100867388011
-0.0137415471697
-0.0169307340155
-0.0196756388591
-0.0219987252368
-0.023923407638
-0.0254738828461
-0.0266750227101
-0.0275522818067
-0.0281315742026
-0.0284391741789
-0.0285016349282
-0.0283456972391
-0.0279982374381
-0.0274862157123
-0.0268365939737
-0.0260762775449
-0.0252320869543
-0.0243307135763
-0.023398648993
-0.0224621413678
-0.02154715243
-0.0206793072173
-0.0198838492404
-0.01918558926
-0.0186088238426
-0.0181772849792
-0.0179140909338
-0.0178416690705
-0.0179816713154
-0.0183549069208
-0.0189812647214
-0.0198796228197
-0.0210677553386
-0.0225622520523
-0.0243784375031
-0.026530257075
-0.0290301682229
-0.0318890821239
-0.035116287433
-0.0387193285594
-0.0427039171975
-0.0470738791575
-0.0518310780613
-0.0569753780847
-0.0625045988042
-0.0684144547988
-0.0746985386634
-0.0813483598466
-0.0883533400349
-0.0957008310868
-0.103376180874
-0.111362851923
-0.119642501467
-0.128195097582
-0.13699906434
-0.146031421234
-0.155268021553
-0.164683849009
-0.17425314496
-0.183949581632
-0.193746646712
-0.20361795545
-0.213537441743
-0.223479647296
-0.233420023315
-0.243335203576
-0.253203290506
-0.26300412185
-0.272719350799
-0.282332662491
-0.291830062187
-0.301199955135
-0.31043299699
-0.319522196013
-0.328462941391
-0.337252822328
-0.345891341566
-0.354379729124
-0.362720617074
-0.370917622097
-0.378974867091
-0.386896476437
-0.394685997674
-0.402345775756
-0.409876289091
-0.417275491192
-0.424538115281
-0.431654974973
-0.438612260962
-0.445390996731
-0.451966422535
-0.458307508108
-0.464376490597
-0.470128672028
-0.475512160205
-0.480467901177
-0.484929728412
-0.48882473767
-0.492073671441
-0.494591616843
-0.496288780729
-0.497071534438
-0.496843558443
-0.495507193488
-0.492964924474
-0.489120997049
-0.483883143781
-0.477164389151
-0.468884901137
-0.458973885188
-0.447371411651
-0.434030272343
-0.418917629671
-0.402016691983
-0.383328031618
-0.362870927591
-0.340684220232
-0.316827175362
-0.291379774072
-0.264442974204
-0.23613837411
-0.206607785267
-0.176012253464
-0.144530909626
-0.112359375198
-0.0797079234051
-0.0467993345854
-0.0138664703643
0.018850323717
0.051106064656
0.0826540526169
0.113248930906
0.142649767125
0.170623103754
0.196946011573
0.221408913254
0.243818409264
0.263999681114
0.281798894672
0.297085029639
0.309751687663
0.319718244212
0.326930928707
0.331363248404
0.333016262471
0.331918278602
0.32812430804
0.321715080023
0.312795733775
0.301494230528
0.287959404093
0.272358874808
0.254876632617
0.235710577531
0.215069834828
0.193172069875
0.170240732295
0.146502308092
0.122183671965
0.0975094409357
0.0726995843635
0.0479670315624
0.023515652041
-0.000461754226339
-0.0237850333762
-0.0462882098239
-0.0678205845483
-0.0882477353124
-0.107452134506
-0.125333606353
-0.14180948841
-0.156814576554
-0.170300873273
-0.18223708757
-0.192608025636
-0.201413739975
-0.208668626353
-0.214400329001
-0.218648618015
-0.221464153587
-0.222907225749
-0.223046469304
-0.221957548555
-0.219721899549
-0.216425436941
-0.212157383064
-0.207009063973
-0.201072871901
-0.194441201835
-0.187205551434
-0.179455635732
-0.171278677113
-0.162758715154
-0.153976091298
-0.145006946072
-0.135922790712
-0.126790236487
-0.117670801038
-0.108620737516
-0.0996909366586
-0.0909269550444
-0.0823690749828
-0.0740523977356
-0.0660069905793
-0.0582580361592
-0.0508260176179
-0.0437270747347
-0.0369733163223
-0.0305729142535
-0.0245304048098
-0.0188471386128
-0.0135215687262
-0.00854942636919
-0.003924073256
0.000363184993734
0.00432282494426
0.0079668373154
0.0113084617796
0.0143620062389
0.0171425734751
0.019665782616
0.0219476186802
0.0240042983871
0.0258520439152
0.0275069109074
0.0289846613261
0.0303006201062
0.0314695713828
0.0325056680365
0.0334222951732
0.0342319738396
0.0349463148335
0.0355759473304
0.0361304292488
0.0366181972991
0.0370465325711
0.0374215151643
0.0377479713412
0.0380294503905
0.0382682126071
0.0384652022652
0.0386200095781
0.0387308785883
0.0387947362381
0.0388071764353
0.038762454142
0.0386535272647
0.0384720958293
0.0382086384596
0.0378524752873
0.0373918125896
0.0368138019984
0.0361046889614
0.0352499450718
0.0342343110914
0.0330419234839
0.0316565552916
0.0300617835821
0.0282411383263
0.0261783284188
0.0238574816397
0.0212633876242
0.0183817934323
0.015199675444
0.0117054690557
0.00788941611656
0.00374395656409
-0.000735998590598
-0.00555282158495
-0.0107057718393
-0.0161906522381
-0.0219995393124
-0.0281205098868
-0.0345373498351
-0.0412293213534
-0.0481709612146
-0.0553319131427
-0.0626768445422
-0.0701653915629
-0.0777521469922
-0.0853867180416
-0.0930139269173
-0.100574016712
-0.108002992117
-0.115233008651
-0.122192862429
-0.128808564248
-0.135004045076
-0.140701902395
-0.145824256852
-0.150293673149
-0.15403410679
-0.156972010069
-0.159037479071
-0.160165351607
-0.160296292775
-0.159378040212
-0.157366559641
-0.154227121212
-0.149935358417
-0.144478229889
-0.137854909639
-0.130077584643
-0.121172143803
-0.111178431378
-0.100150585906
-0.0881572505425
-0.075281491381
-0.0616202702281
-0.047283997196
-0.0323956916423
-0.017089990295
-0.00151195004532
0.0141844200664
0.0298378564745
0.0452816533093
0.0603456085437
0.0748582139354
0.0886488440137
0.10155009073
0.113400055246
0.124044716352
0.133340212615
0.141155037251
0.147372151087
0.151890867897
0.154628649721
0.155522522414
0.154530408355
0.151631975405
0.146829382563
0.140147489217
0.131633927018
0.121358655015
0.109413315894
0.0959101602736
0.0809807055532
0.0647740974945
0.0474551489893
0.0292022357685
0.0102048535847
-0.00933883132981
-0.0292247215304
-0.0492454466615
-0.0691931900796
-0.088862398391
-0.108052493632
-0.126570464789
-0.144233285044
-0.160870218903
-0.176324799503
-0.190456702096
-0.203143180296
-0.214280387102
-0.223784216869
-0.231590996854
-0.237657727621
-0.241962117841
-0.244502256071
-0.245296014529
-0.244380216501
-0.241809485747
-0.237654995439
-0.232002883123
-0.224952679371
-0.21661543882
-0.207111952788
-0.196570756697
-0.185126239828
-0.172916675209
-0.16008234489
-0.146763713848
-0.133099683278
-0.11922600127
-0.10527374124
-0.0913680111297
-0.0776267328992
-0.0641596954922
-0.0510676767799
-0.0384417471162
-0.026362776547
-0.0149012900865
-0.00411725562792
0.00594012060702
0.0152321305212
0.0237302127557
0.0314156049832
0.0382788890708
0.0443193927834
0.0495447131498
0.0539698585112
0.0576164287726
0.0605119790011
0.0626893068861
0.0641855579854
0.0650414524058
0.0653006196433
0.0650088762181
0.0642134805267
0.0629624689532
0.0613041619496
0.0592865958683
0.0569570484124
0.054361608806
0.0515447380285
0.0485489592904
0.0454146995892
0.0421800263802
0.0388804197196
0.0355487109343
0.0322150294697
0.0289067424758
0.025648414263
0.0224618911662
0.0193663925549
0.0163785542818
0.013512504547
0.0107800234856
0.00819067520501
0.00575194270479
0.00346938730565
0.00134677901406
-0.000613748176535
-0.00241150156729
-0.00404706817295
-0.00552224010131
-0.00683985429947
-0.00800360556146
-0.00901793303012
-0.00988793385346
-0.0106192296089
-0.0112178652292
-0.0116902141168
-0.0120428790284
-0.012282625153
-0.0124163356756
-0.012450928618
-0.0123932828514
-0.0122502165383
-0.0120284573874
-0.0117345905839
-0.0113750266861
-0.0109559858329
-0.0104834767016
-0.00996327668186
-0.00940091956726
-0.00880168004789
-0.00817056400091
-0.00751229726764
-0.00683131746857
-0.00613176290361
-0.00541746476621
-0.00469193397418
-0.00395835119158
-0.0032195486622
-0.00247799812247
-0.00173579688001
-0.000994647739304
-0.000255834463544
0.000479795649084
0.0012118521189
0.00194043088676
0.00266614481134
0.00339014418462
0.00411414071599
0.0048404350082
0.00557193959932
0.00631221036578
0.00706547345619
0.00783661871402
0.00863121094913
0.00945552326949
0.0103165385707
0.0112219128926
0.0121799707573
0.0131996895573
0.0142906612718
0.0154630355097
0.0167274650551
0.0180950166146
0.0195770933502
0.0211853499985
0.0229315576206
0.0248274347732
0.0268845268849
0.0291140567877
0.0315267235756
0.0341325050765
0.0369404571987
0.0399584898334
0.0431931687212
0.0466494979462
0.0503306401343
0.0542376676262
0.0583694107486
0.0627222269318
0.0672897607376
0.0720627560073
0.0770289354045
0.0821728341211
