0.0
0.0320477980928
0.0639795292473
0.0957117632228
0.127153561954
0.158216984006
0.188815737298
0.218865712528
0.248285246433
0.276995573157
0.304921203798
0.33199020182
0.358134579978
0.383290570731
0.407398855238
0.430404819611
0.452258826084
0.472916269068
0.492337804731
0.510489428008
0.527342588794
0.542874248901
0.557066716673
0.569907903474
0.581391094545
0.591514895016
0.600283161885
0.60770485287
0.613793841031
0.61856877481
0.622052849717
0.624273576206
0.625262569721
0.625055252776
0.623690636345
0.621210980815
0.617661577684
0.613090414666
0.607547895032
0.601086511383
0.59376059771
0.585626021091
0.576739841471
0.567160099047
0.55694552791
0.546155245274
0.534848532958
0.523084601055
0.510922315808
0.498420026802
0.485635346099
0.472624941634
0.459444350822
0.446147866226
0.43278832681
0.41941697218
0.406083363643
0.392835197823
0.379718195853
0.366776032719
0.354050161048
0.341579730045
0.329401448995
0.317549456568
0.306055199396
0.294947272733
0.284251269033
0.273989609198
0.264181378115
0.254842133682
0.245983748433
0.237614258348
0.229737729394
0.222354175343
0.215459531804
0.209045701372
0.203100674755
0.197608759742
0.192550892616
0.187905046067
0.183646727323
0.179749541143
0.176185798718
0.172927157976
0.169945257975
0.167212346902
0.16470186135
0.162388946895
0.160250945846
0.158267790388
0.156422336854
0.154700630647
0.153092146462
0.151589938989
0.150190777503
0.148895205768
0.147707568624
0.146635997105
0.145692409114
0.144892350169
0.14425479636
0.14380191476
0.143558776282
0.143552862345
0.143813495355
0.144371221278
0.145257067485
0.146501739272
0.148134787219
0.150183757722
0.152673410425
0.155625142474
0.159056508188
0.162980818325
0.167407019679
0.172339821788
0.17777990259
0.183724172559
0.190166190747
0.19709661574
0.204503631696
0.212373374518
0.220690304453
0.229437485036
0.238596864037
0.248149481371
0.258075594005
0.268354748635
0.278965867811
0.289887270003
0.301096670699
0.312571147254
0.324287097658
0.336220196078
0.348345355158
0.360636681234
0.373067402674
0.385609825089
0.398235287437
0.410914127948
0.423615668436
0.436308155089
0.448958778996
0.461533651147
0.473997831726
0.486315331876
0.498449156077
0.510361306207
0.522012905043
0.533364217345
0.544374742446
0.555003286602
0.565208095883
0.574946952385
0.584177359306
0.592856609795
0.60094198251
0.608390899046
0.615161131765
0.621210969219
0.626499398204
0.630986353964
0.634632919192
0.637401530092
0.639256252182
0.640162957339
0.640089650186
0.639006605524
0.636886703066
0.633705603207
0.629442054584
0.624078056789
0.617599176575
0.609994706224
0.601257946142
0.591386395968
0.580381959442
0.568251175484
0.555005429444
0.540661111639
0.525239898945
0.508768923504
0.491281043934
0.47281512757
0.453416430955
0.433137003147
0.412036345096
0.390182199718
0.367651809425
0.344533554545
0.320929658979
0.296959904854
0.272767824308
0.24852983877
0.224470482266
0.200886193124
0.17818443243
0.156943931452
0.137999978687
0.122526805993
0.112002725785
0.107830049211
0.110590704937
0.119602375476
0.133357798914
0.150287173417
0.169152244405
0.189079818181
0.209471567747
0.229912248956
0.250104970586
0.269829630337
0.288917611551
0.307235703665
0.324676546548
0.341152033806
0.356589531654
0.370928916729
0.384121010065
0.396126077421
0.406913192144
0.416459340817
0.424749138602
0.431774290933
0.437533390507
0.4420315217
0.445280111522
0.447296606664
0.448104290953
0.447732013506
0.44621400155
0.44358960205
0.4399030743
0.435203344349
0.429543844554
0.422982234169
0.415580304959
0.407403712875
0.398521957667
0.3890081216
0.378938968912
0.368394716181
0.357459193819
0.346219752975
0.334767436298
0.323196970318
0.311606932136
0.300099699625
0.288781470351
0.277761954178
0.267153852436
0.257071874199
0.247631155673
0.238944916784
0.23112128624
0.224259182742
0.218443593189
0.213740437167
0.21019190548
0.207812756426
0.206588645821
0.206476568608
0.207407874406
0.209292964823
0.212027374348
0.215497908022
0.219588500174
0.22418492981
0.229178475752
0.234468320749
0.239962958842
0.245580743836
0.251249892033
0.256908079551
0.262501859459
0.267985934287
0.273322355539
0.278479725524
0.283432496348
0.288160259204
0.292647173542
0.29688136516
0.300854434527
0.304560952102
0.307998182286
0.311165679622
0.31406490402
0.316698985621
0.31907252572
0.321191331477
0.323062227895
0.324692879866
0.326091590833
0.32726721071
0.328229083956
0.3289868578
0.329550294699
0.329929320499
0.330133946955
0.330174154866
0.330059814684
0.329800678769
0.329406333952
0.328886160104
0.328249336081
0.327504724096
0.326660866813
0.325726070476
0.324708373356
0.323615441765
0.322454628752
0.321233001015
0.319957338785
0.318634120268
0.317269553993
0.315869576558
0.314439888412
0.312986029923
0.311513365893
0.310027024362
0.30853203904
0.307033430777
0.305536157285
0.304045125429
0.302565296931
0.301101733916
0.29965963264
0.298244377298
0.296861542126
0.295516934777
0.294216736619
0.29296752629
0.291776228946
0.290650173117
0.289597220802
0.288625744348
0.28774461968
0.286963266777
0.286291643648
0.285740229226
0.285320023508
0.285042490015
0.284919453724
0.284963091239
0.285185861319
0.285600341565
0.286219055282
0.287054367511
0.288118327015
0.289422497661
0.290977790495
0.29279418273
0.294880491815
0.297244313487
0.299891788383
0.302827369165
0.306053679475
0.309571403439
0.313379165783
0.317473420716
0.321848400912
0.326496084935
0.331406196451
0.336566247983
0.341961544435
0.347575253968
0.353388486568
0.359380480917
0.365528619942
0.371808600398
0.378194566876
0.384659259038
0.391174181635
0.39770968778
0.404235214359
0.410719399645
0.41713027809
0.423435424473
0.429602109359
0.435597480268
0.441388755251
0.4469433865
0.452229203326
0.457214616218
0.461868794827
0.466161833366
0.470064925523
0.473550550432
0.476592641854
0.479166779871
0.481250309024
0.482822569184
0.483864996053
0.484361316837
0.484297677489
0.483662789382
0.482448050307
0.480647665338
0.478258778116
0.475281526087
0.471719169383
0.467578133178
0.46286807362
0.457601926995
0.451795925617
0.445469639009
0.438645937756
0.431351003489
0.423614290826
0.415468467703
0.406949354593
0.398095863297
0.388949845733
0.379556020752
0.369961788838
0.360217066876
0.350374067507
0.340487055866
0.330612016424
0.320806313384
0.311128225429
0.301636406565
0.292389271115
0.283444200929
0.274856695347
0.266679343779
0.258960702557
0.251744095904
0.245066347146
0.238956575613
0.233435055044
0.228512371077
0.224188769721
0.220454061249
0.217287785653
0.21466004715
0.212532573499
0.210860274324
0.209592917925
0.208677004675
0.208057516913
0.207679642776
0.207490230319
0.207439010202
0.207479569532
0.207570047872
0.207673607487
0.207758688844
0.20779909912
0.207773970317
0.20766758313
0.207469153544
0.207172515988
0.206775809613
0.20628107601
0.205693914408
0.205023034319
0.204279899172
0.203478245186
0.202633737782
0.201763478824
0.200885638569
0.200019006658
0.199182603925
0.19839525805
0.1976752416
0.197039888663
0.196505267398
0.196085888291
0.195794434577
0.195641566865
0.195635773525
0.195783267476
0.196087978095
0.196551545012
0.197173409451
0.197950985959
0.198879845549
0.199953873342
0.201165556972
0.202506212454
0.203966270703
0.205535512759
0.207203316048
0.208958839537
0.210791269074
0.212690054489
0.214645007571
0.216646378549
0.218685031842
0.220752526535
0.222841157615
0.224944001389
0.227054920143
0.229168553517
0.231280385554
0.23338672474
0.235484575331
0.237571615469
0.239646259815
0.241707569629
0.243755168255
0.245789201822
0.247810298385
0.249819499663
0.251818276566
0.253808420276
0.255791920819
0.257770994304
0.259748095502
0.261725788081
0.263706667937
0.265693379476
0.267688579238
0.269694879141
0.271714826899
0.273750844558
0.275805163498
0.277879898045
0.279977002159
0.282098174661
0.284244845886
0.286418237226
0.288619298471
0.290848726231
0.293106912736
0.29539396
0.297709661055
0.300053548226
0.302424866396
0.304822540889
0.307245216632
0.309691315328
0.312158999092
0.314646158983
0.317150455445
0.319669349669
0.322200116699
0.324739933776
0.327285776397
0.329834466418
0.332382791274
0.334927564302
0.337465516455
0.339993364557
0.342507916817
0.345006094551
0.347484932942
0.349941637712
0.352373607203
0.354778499013
0.357154288573
0.35949929335
0.361812148457
0.36409188661
0.366338021484
0.368550539169
0.370729893723
0.372877055267
0.374993524018
0.377081337311
0.379143089602
0.381181895646
0.383201379237
0.385205663919
0.387199356366
0.389187441109
0.391175200007
0.393168227245
0.395172296427
0.397193271314
0.399236985536
0.401309091781
0.403414956931
0.405559596515
0.407747471192
0.409982296521
0.412266932557
0.414603297232
0.416992176763
0.41943306727
0.421924138946
0.424462080571
0.427042059511
0.429657585599
0.432300543093
0.434961173835
0.437628051465
0.440288149137
0.442926881049
0.445528219247
0.448074759887
0.450547896587
0.452927968129
0.45519441908
0.457325985194
0.459300916267
0.46109715783
0.462692603764
0.464065295764
0.465193637411
0.46605665839
0.466634220756
0.466907215108
0.466857797116
0.466469588479
0.465727867846
0.464619739573
0.463134313208
0.461262862102
0.458998960639
0.45633860319
0.453280304912
0.449825220216
0.44597718885
0.441742806614
0.437131471679
0.432155389349
0.426829611073
0.421171976591
0.415203136429
0.408946471939
0.40242805166
0.395676533066
0.38872309805
0.381601287756
0.374346910031
0.366997817854
0.359593772543
0.352176171576
0.34478781265
0.337472575837
0.330275066702
0.323240215318
0.316412812041
0.309836969603
0.303555546032
0.297609496408
0.292037183104
0.286873652999
0.28214992396
0.277892275948
0.274121629706
0.270852997973
0.268095125644
0.265850248415
0.264114083812
0.262876020756
0.262119520734
0.26182264935
0.261958837484
0.262497633812
0.263405613464
0.264647211708
0.266185570396
0.267983296187
0.270003128137
0.272208524815
0.274564108837
0.277036034165
0.279592255006
0.282202692711
0.284839349179
0.287476353382
0.290089961762
0.292658510428
0.295162373177
0.297583862325
0.299907151897
0.30211818466
0.304204555712
0.306155437025
0.307961482253
0.309614733921
0.311108546832
0.312437517333
0.313597411841
0.314585101882
0.315398505397
0.316036552851
0.316499109319
0.31678695045
0.316901710428
0.316845839837
0.316622573115
0.316235880778
0.315690432912
0.314991557599
0.314145208913
0.313157903936
0.312036693901
0.310789136824
0.309423217037
0.307947319004
0.306370164251
0.30470078033
0.30294843094
0.30112257069
0.299232794384
0.29728875493
0.295300135318
0.293276610451
0.291227752975
0.289162964616
0.287091468874
0.285022234355
0.282963948007
0.280924928508
0.278913087852
0.276935862423
0.275000240519
0.273112730492
0.271279252603
0.269505121932
0.267795096148
0.266153327399
0.264583315558
0.263087941158
0.261669468693
0.260329540396
0.259069214704
0.257888959119
0.2567886359
0.25576757339
0.254824682466
0.253958384958
0.253166593767
0.252446873611
0.251796479886
0.251212354705
0.250691164767
0.250229356604
0.249823197615
0.249468843814
0.249162418897
0.248899920841
0.248677291118
0.248490558834
0.248335844951
0.248209279651
0.248107093339
0.248025656915
0.247961483135
0.247911288916
0.247871977325
0.247840603781
0.247814454102
0.247791106079
0.247768350376
0.247744141648
0.24771671061
0.247684621638
0.247646682363
0.247601971805
0.247549840746
0.24748988904
0.247422030198
0.247346499199
0.247263793039
0.247174690577
0.247080302873
0.246982061254
0.246881653842
0.246781045437
0.246682523048
0.246588676322
0.246502399611
0.246426873679
0.246365490107
0.246321883328
0.246299993318
0.246303960166
0.24633808747
0.246406853358
0.246514875883
0.246666876398
0.246867608051
0.247121843653
0.247434320842
0.247809693436
0.248252476864
0.248766960819
0.249357149075
0.250026752873
0.250779140712
0.251617189849
0.252543282057
0.253559284873
0.254666480903
0.255865503936
0.257156323377
0.258538224417
0.260009777241
0.26156888929
0.263212748951
0.264937831352
0.266739941898
0.268614269657
0.270555390281
0.272557316978
0.274613565781
0.276717212854
0.27886094557
0.281037138759
0.283237892613
0.285455135317
0.287680692434
0.289906339787
0.292123842985
0.294325020632
0.29650185837
0.298646537912
0.300751429627
0.302809183414
0.304812755656
0.306755454786
0.308630943726
0.310433269872
0.312156892051
0.31379668076
0.315347933533
0.316806377505
0.31816817862
0.319429936405
0.32058869475
0.321641933566
0.322587574162
0.323423981767
0.324149972944
0.324764809486
0.325268231013
0.325660438197
0.325942131588
0.326114518436
0.326179330811
0.326138859635
0.325995962411
0.325754104867
0.325417380855
0.324990532918
0.32447897159
0.323888807598
0.323226847655
0.322500611696
0.321718324011
0.320888905292
0.320021941522
0.319127653937
0.318216837526
0.31730081311
0.316391315659
0.315500423707
0.314640425998
0.313823709108
0.313062588712
0.312369187812
0.311755257889
0.311231988377
0.310809875083
0.310498537243
0.310306546418
0.310241279519
0.310308800833
0.310513733432
0.310859177673
0.311346645105
0.311976034764
0.312745631586
0.313652118788
0.314690663806
0.315854990444
0.317137485586
0.318529346971
0.320020723566
0.321600883956
0.323258373048
0.324981216565
0.326757081138
0.328573436251
0.33041772299
0.332277527134
0.33414070364
0.335995531077
0.337830778798
0.339635853936
0.341400866784
0.343116711688
0.344775093908
0.346368597048
0.347890686179
0.349335751235
0.350699066655
0.35197681909
0.353166060657
0.354264702036
0.355271450897
0.356185802069
0.357007963679
0.357738814332
0.358379836884
0.358933082764
0.359401089211
0.35978682445
0.360093626434
0.360325138103
0.360485255788
0.360578055859
0.36060775545
0.360578635999
0.360495011852
0.360361167822
0.360181321808
0.359959585626
0.359699907275
0.359406082901
0.359081687797
0.358730062115
0.358354298106
0.35795722562
0.357541388303
0.357109056995
0.356662201324
0.356202504019
0.355731355971
0.355249898989
0.354758982853
0.354259179529
0.353750843879
0.353234109219
0.352708881728
0.352174874318
0.351631642719
0.351078590767
0.350514992233
0.34994002354
0.349352770663
0.348752257641
0.34813750724
0.347507515974
0.346861279926
0.346197840007
0.345516306458
0.344815874349
0.344095840888
0.343355628312
0.342594813995
0.341813152597
0.341010602026
0.340187328611
0.339343722186
0.338480455366
0.337598497984
0.336699094724
0.335783800726
0.334854538476
0.333913594001
0.332963622115
0.332007665671
0.331049185799
0.330092077317
0.329140659088
0.328199705436
0.327274430993
0.326370497528
0.325494045155
0.324651639867
0.323850275101
0.32309736311
0.322400702685
0.321768446139
0.321209066777
0.320731279863
0.320343987136
0.320056231821
0.319877129919
0.3198157198
0.319880897668
0.320081315255
0.320425258414
0.320920519302
0.321574261687
0.322392906627
0.323381999218
0.324546068651
0.325888533911
0.32741153806
0.329115878767
0.331000907097
0.333064462551
0.335302764784
0.337710406293
0.340280319201
0.343003751639
0.345870294411
0.348867884389
0.351982880275
0.35520010025
0.358502916857
0.361873331918
0.365292089484
