0.0
0.0139105243165
0.0226368810947
0.030651549297
0.0381757095336
0.0452647332864
0.0519374212262
0.058202374944
0.0640659853447
0.0695354646332
0.0746201624092
0.0793322371008
0.0836870056376
0.0877029773938
0.0914019254256
0.0948088381926
0.0979516724195
0.100861130445
0.103570439489
0.106114850095
0.108531116648
0.110857047522
0.113130812959
0.115390184934
0.11767182882
0.120010555339
0.122438535137
0.124984638897
0.127673837399
0.130526742402
0.133559303215
0.13678267156
0.14020324929
0.143822866023
0.147639127344
0.15164583576
0.15583350057
0.160189884592
0.164700532193
0.169349331326
0.174118984919
0.178991462374
0.183948404354
0.188971451216
0.194042507544
0.199143990729
0.204259010528
0.209371477186
0.214466230056
0.219529095652
0.224546929132
0.229507622924
0.234400148575
0.239214491733
0.243941675424
0.248573717351
0.253103584736
0.257525147186
0.261833178934
0.266023251899
0.270091731433
0.274035717014
0.277852999262
0.281542000206
0.285101768376
0.288531878744
0.291832447042
0.295004056843
0.298047740359
0.300964925351
0.303757421669
0.306427373445
0.308977233705
0.311409743735
0.313727888306
0.315934884228
0.318034146847
0.320029279228
0.321924019221
0.323722260099
0.325427991596
0.327045300104
0.328578335369
0.330031318293
0.331408478052
0.33271407685
0.333952361185
0.335127570444
0.336243889482
0.337305465432
0.338316370534
0.339280582091
0.340201979694
0.341084324962
0.34193124927
0.342746230546
0.343532591193
0.344293468524
0.345031804893
0.34575035098
0.346451625432
0.347137927732
0.347811297986
0.348473514214
0.349126103399
0.349770304776
0.350407044737
0.351036952796
0.351660343596
0.352277204175
0.352887185812
0.353489585506
0.354083333575
0.354667002926
0.355238808726
0.355796576623
0.356337732672
0.356859323013
0.357358008373
0.357830053351
0.358271322319
0.358677292491
0.359043049283
0.359363299054
0.3596323767
0.359844238213
0.359992503712
0.360070450402
0.360071071582
0.359987037423
0.35981076228
0.359534430848
0.359150029411
0.358649401762
0.358024280017
0.357266293694
0.356367088826
0.355318357315
0.354111891855
0.352739659902
0.351193885661
0.349467117472
0.347552313078
0.345442931348
0.343133017459
0.340617301153
0.33789132828
0.334951557652
0.331795416207
0.328421455335
0.324829516206
0.321020812525
0.31699802732
0.312765470502
0.308329193322
0.303697144581
0.298879311563
0.293887797736
0.288736915853
0.283443361776
0.278026356936
0.272507629758
0.266911526586
0.261265068968
0.255597955733
0.249942467631
0.244333333318
0.238807615674
0.233404375026
0.228164264265
0.223128966367
0.218340567384
0.213840647951
0.209669362834
0.205864268215
0.202459166382
0.199482845338
0.196957925988
0.194899826221
0.193315987383
0.192205422887
0.191558658755
0.191358088766
0.191578728112
0.19218929159
0.193153540788
0.194431750944
0.195982260019
0.197762921518
0.199732536846
0.201851990554
0.204085358448
0.206400665239
0.2087706168
0.211172978611
0.213590967889
0.216013341286
0.218434482452
0.220854237128
0.223277736512
0.225715020918
0.228180613936
0.230692923996
0.233273603595
0.235946755879
0.238738088619
0.241673982813
0.244780549186
0.248082614737
0.251602813485
0.255360629442
0.259371689699
0.263646997973
0.268192522027
0.27300877538
0.278090751554
0.283427868887
0.289004255584
0.294799017659
0.300786758472
0.306938091567
0.313220279968
0.319597867334
0.326033343246
0.332487760409
0.338921394408
0.345294265199
0.351566705949
0.357699818204
0.363655906177
0.369398834695
0.374894374656
0.380110432825
0.385017326544
0.389587914162
0.393797765932
0.397625251488
0.401051635735
0.404061076813
0.406640676982
0.408780433083
0.410473227724
0.411714754414
0.412503424872
0.412840304971
0.412728978914
0.412175447979
0.411187972892
0.409776935944
0.407954699655
0.405735452791
0.403135026272
0.400170738348
0.39686123717
0.393226324634
0.389286788634
0.385064235724
0.380580950944
0.375859704462
0.370923637721
0.36579608278
0.360500451818
0.355060085418
0.349498123294
0.343837404551
0.338100343164
0.33230882334
0.32648411863
0.32064680097
0.314816641828
0.309012565634
0.303252591348
0.297553772768
0.29193214636
0.286402698483
0.280979331796
0.27567484913
0.270500932644
0.265468125908
0.260585837346
0.255862349378
0.251304823944
0.246919334081
0.242710893218
0.238683436698
0.234839886131
0.2311822359
0.227711583745
0.22442813434
0.221331293107
0.218419761356
0.215691579016
0.213144199786
0.210774560636
0.208579112676
0.206553937951
0.204694891499
0.20299759808
0.201457462714
0.20006983149
0.198830055514
0.197733492195
0.196775558669
0.195951791601
0.195257869743
0.194689705175
0.194243441058
0.19391540713
0.193702117944
0.193600396065
0.193607313177
0.193720144216
0.193936349159
0.19425361592
0.194669807752
0.19518292348
0.195791080815
0.196492401856
0.197285048129
0.198167260974
0.199137201953
0.20019283616
0.201332009881
0.202552439846
0.20385157755
0.205226569998
0.20667423389
0.208190993496
0.209772919447
0.211415684543
0.213114423917
0.214863704552
0.21665766054
0.218489933508
0.220353541644
0.222240914087
0.224143960278
0.226054005966
0.227961822051
0.229857643424
0.231731157511
0.233571559016
0.235367614956
0.237107655906
0.238779539613
0.24037080531
0.241868783155
0.243260585423
0.244533171292
0.245673422124
0.246668192985
0.247504543457
0.248169872807
0.248651878202
0.248938707318
0.249019245812
0.248883232646
0.248521384124
0.247925640106
0.247089415481
0.246007827838
0.244677972378
0.243099232049
0.241273602994
0.239206090539
0.236905189348
0.234383304975
0.231657179879
0.228748528941
0.225684660217
0.222499022981
0.219231816158
0.21593063242
0.212651010878
0.209456754048
0.206420083634
0.203621369793
0.201148390632
0.199095059691
0.197559245936
0.196639640796
0.19643204269
0.197025247512
0.198496476934
0.200907168342
0.204299742357
0.208695734966
0.214095252649
0.220478081407
0.227805933414
0.236025563043
0.24507210903
0.254872438967
0.265348073898
0.276417692015
0.287999041584
0.300010383163
0.312371508811
0.325004398385
0.337833680152
0.350786870686
0.363794523699
0.37679030089
0.389711003669
0.402496595019
0.415090207247
0.427438174578
0.439490038511
0.451198617777
0.462520020104
0.473413745861
0.483842697138
0.493773295701
0.503175507864
0.512022939746
0.520292878697
0.527966331775
0.535028105969
0.541466784553
0.547274775763
0.552448294662
0.556987341094
0.560895660601
0.564180677251
0.566853419577
0.568928402834
0.570423513996
0.571359832262
0.571761504359
0.57165548301
0.571071364473
0.570041079011
0.568598691591
0.566780055888
0.564622554476
0.562164704206
0.559445884074
0.556505925278
0.553384758176
0.550122044291
0.546756775981
0.543326900908
0.539868962275
0.536417752929
0.533005928161
0.529663753839
0.526418780707
0.523295658527
0.520315881408
0.517497701935
0.514856023512
0.512402350198
0.510144858224
0.508088429419
0.506234834644
0.504582880332
0.503128674816
0.501865848938
0.500785884499
0.499878403952
0.499131511836
0.498532100478
0.498066168478
0.49771914949
0.497476186564
0.497322396031
0.497243124273
0.49722415638
0.497251893078
0.49731351625
0.49739711633
0.497491783579
0.49758769342
0.497676118138
0.497749520082
0.497801501933
0.497826810754
0.497821298498
0.497781920738
0.49770665815
0.497594458054
0.497445182117
0.497259554455
0.497039044838
0.496785859021
0.496502821272
0.496193310604
0.495861167492
0.495510702322
0.495146551575
0.494773660157
0.494397185683
0.49402247814
0.493655026566
0.493300409791
0.492964226093
0.492652069296
0.492369513686
0.49212211082
0.491915272694
0.491754312038
0.491644425734
0.491590649542
0.491597868315
0.491670789224
0.491813913871
0.492031544859
0.492327807936
0.492706643934
0.493171711369
0.493726466742
0.494374174353
0.495117852075
0.495960261292
0.496903938257
0.497951152627
0.49910391895
0.500364006007
0.50173288853
0.50321171698
0.504801363109
0.506502403991
0.508315038395
0.510239121841
0.512274123566
0.514419119078
0.516672759897
0.519033268896
0.521498363888
0.524065272814
0.52673071499
0.529490850822
0.532341218538
0.535276759074
0.538291771166
0.54137989103
0.544534055221
0.547746451472
0.55100849718
0.554310846842
0.55764339078
0.560995169033
0.56435433696
0.567708227051
0.571043342108
0.57434527768
0.577598756327
0.580787622996
0.583894867805
0.586902630432
0.589792227271
0.592544125625
0.595138009538
0.597552861323
0.599766962436
0.601757913377
0.603502733495
0.604977941106
0.606159597039
0.607023438111
0.607544902088
0.607699285222
0.607461836616
0.606807902086
0.60571302171
0.604153064204
0.602104438568
0.599544250687
0.596450440709
0.592801984068
0.588579090786
0.583763444733
0.578338423508
0.572289369617
0.565603746077
0.558271502818
0.550285391065
0.541641288243
0.532338498552
0.522380191973
0.511773842026
0.500531717921
0.488671421298
0.476216533202
0.463197351751
0.449651760974
0.43562624758
0.42117707132
0.406371688375
0.391290464752
0.376028672961
0.360698813412
0.345433207443
0.330386935107
0.315740636704
0.301703029706
0.288512042718
0.276433772843
0.265757078153
0.256782584491
0.249804050543
0.24508309651
0.242819790637
0.243126063004
0.246008946153
0.251369668641
0.259018263471
0.268699023216
0.280118979006
0.292973198642
0.306963481504
0.321810009907
0.33725716783
0.353075332932
0.369060208237
0.385030944303
0.400827758118
0.416309632327
0.431352037932
0.4458452012
0.459692401455
0.472808864328
0.485120615312
0.496563804192
0.507083978839
0.516635729363
0.525182184216
0.532694827031
0.539153210486
0.544544799886
0.548864832297
0.55211614994
0.554309122982
0.555461526586
0.555598421458
0.554752042641
0.552961680067
0.550273524184
0.546740503569
0.542422146306
0.537384258055
0.531698822641
0.525443568684
0.518701706291
0.511561403003
0.50411539735
0.49646020338
0.488695490807
0.480923062674
0.473245833377
0.465766481839
0.458586015468
0.451802081199
0.445507112395
0.439786390903
0.434716071736
0.430361240808
0.426774183682
0.423992957368
0.422040395578
0.420923639084
0.420634249014
0.421148887237
0.422430600819
0.424430443336
0.427089553769
0.430341263468
0.434113405806
0.438330386986
0.442915234055
0.447791256425
0.452883599144
0.458120329413
0.463433450004
0.468759485434
0.474039966295
0.47922170095
0.484256869651
0.489103020176
0.493722989357
0.498084696305
0.502160952888
0.505929192969
0.50937120411
0.512472811539
0.515223626671
0.517616694832
0.519648241143
0.521317366891
0.522625801367
0.523577625765
0.524178989518
0.524437862063
0.524363902429
0.523968148576
0.523262857435
0.522261284988
0.520977560233
0.519426484235
0.51762341762
0.515584119453
0.513324580518
0.510860960175
0.508209518178
0.505386450451
0.502407788191
0.499289369052
0.496046780046
0.492695278885
0.489249762102
0.485724674025
0.482133966362
0.478491131453
0.474809167009
0.471100494367
0.467376991553
0.463649981867
0.459930241248
0.4562279286
0.452552656705
0.448913449138
0.445318783251
0.441776611847
0.438294312223
0.434878692663
0.43153603397
0.428272174059
0.425092426981
0.422001549316
0.419003845052
0.416103168153
0.413302898763
0.410605968203
0.408014834645
0.405531497304
0.40315755011
0.400894172917
0.39874206829
0.396701459665
0.394772190036
0.392953653421
0.391244786256
0.389644052742
0.388149461306
0.38675852478
0.385468304518
0.384275371486
0.38317573743
0.382164921129
0.381237976031
0.380389420306
0.379613187813
0.378902678094
0.378250766092
0.377649788498
0.377091575789
0.376567408318
0.376068028897
0.375583710692
0.375104244901
0.374618956053
0.374116719783
0.373586058122
0.373015159655
0.372391902093
0.37170389885
0.370938567409
0.370083197442
0.36912508694
0.368051579197
0.36685008118
0.365508243064
0.364014072074
0.362355993496
0.360523000963
0.358504772291
0.356291826509
0.353875664963
0.351248923082
0.348405523053
0.345340873867
0.342052062971
0.338538100627
0.334800014524
0.330841122577
0.326667308001
0.322287243505
0.31771261608
0.312958400652
0.308043104601
0.30298905692
0.297822685208
0.292574724673
0.287280338466
0.281979339938
0.276716303487
0.271540484034
0.266505561285
0.26166933631
0.257093069259
0.252840604702
0.248977138776
0.245567579972
0.242674599012
0.240356624978
0.238665491745
0.237643998467
0.23732374323
0.237723613601
0.238848528142
0.240689044265
0.243221645458
0.246409810639
0.250205545227
0.254551445151
0.259382796594
0.264629799872
0.270219602335
0.276078183971
0.28213187873
0.288308702309
0.294539355869
0.30075806336
0.306903134951
0.312917425484
0.318748667449
0.32434971747
0.329678691118
0.334699137145
0.339380062124
0.343696072159
0.347627337415
0.351159690918
0.354284588909
0.356999157221
0.35930611814
0.361213788854
0.362735981713
0.363891919661
0.364706060938
0.365207916826
0.365431806298
0.365416501334
0.365204858574
0.364843315274
0.364381308079
0.363870614732
0.363364547629
0.362917111948
0.362582009066
0.36241164743
0.362456011441
0.362761627924
0.363370475195
0.364319013629
0.365637289119
0.367348279616
0.369467348411
0.372001986788
0.374951775206
0.378308583496
0.382056986646
0.386174865734
0.390634174676
0.395401795878
0.400440472437
0.405709743187
0.411166882269
0.416767773263
0.422467718991
0.428222178384
0.433987406531
0.439720997298
0.44538232841
0.45093295773
0.456336878765
0.461560774078
0.46657412173
0.471349342305
0.475861828922
0.480089969464
0.484015098691
0.487621458414
0.490896132499
0.493828938944
0.496412352878
0.498641362611
0.50051328293
0.502027681822
0.503186269417
0.503992709182
0.504452437927
0.504572511922
0.504361570261
0.503829558452
0.502987646619
0.501848073642
0.500424019762
0.498729482959
0.496779110746
0.494588104985
0.492172079372
0.489547001162
0.486729074983
0.483734595302
0.480579837966
0.477281075284
0.473854431124
0.470315792597
0.466680774209
0.462964644188
0.459182285324
0.455348116461
0.451476066511
0.447579559374
0.44367143338
0.439763980936
0.435868868588
0.431997140923
0.42815922536
0.424364910705
0.420623358834
0.41694307064
0.413331946705
0.409797252909
0.406345666169
0.402983261569
0.399715539952
0.396547455822
0.39348343836
0.390527414147
0.387682832301
0.38495267663
0.38233953419
0.379845597846
0.377472689925
0.375222297156
0.37309560434
0.371093524528
0.369216718299
0.367465638606
0.365840527788
0.364341452687
0.362968351006
0.361721018602
0.360599134879
0.359602291513
0.358729991687
0.357981669052
0.357356703748
0.356854406925
0.356474006816
0.356214714213
0.356075665022
0.356055926796
0.356154469112
0.356370200017
0.356701904047
0.357148247778
0.35770774586
0.358378761298
0.359159440375
0.360047740852
0.361041359523
0.362137711834
0.363333907018
0.364626741268
0.366012619075
0.367487559109
0.369047152219
0.370686518708
0.372400327268
0.37418273049
0.376027358537
0.377927275789
0.379874992554
0.381862473104
0.383881079896
0.385921610657
0.387974273502
0.390028727766
0.392074073032
0.394098879292
0.396091202559
0.398038621433
0.399928313543
0.401747058483
0.403481281556
0.405117144455
0.406640613048
0.408037499563
0.409293546392
0.410394538449
0.4113263619
0.412075096219
0.412627141304
0.41296930888
0.413088907333
0.412973893134
0.412612961167
