0.0
0.0141408133782
0.0199844736498
0.0244706664003
0.0282500729616
0.0315686272328
0.0345624392014
0.0373291294702
0.039896384509
0.0423036022623
0.0445737612038
0.0467289249316
0.0488073377542
0.0507424768073
0.0526236861574
0.0544695750855
0.0561979418315
0.057843649616
0.0595360986486
0.0611361257854
0.0626269114362
0.0641786385139
0.0656686130492
0.0671138285322
0.0685426084635
0.0699212493029
0.0712970949243
0.0726631633887
0.0738430493294
0.0751310073136
0.0764350167036
0.0773967922565
0.0786482712958
0.0798790821606
0.0809095586127
0.0820173485026
0.0832415136567
0.0843105510928
0.0853145778611
0.0865098262196
0.0875364624604
0.0886362707991
0.0895699857025
0.0905271706246
0.0916592132522
0.0924684585596
0.0932805824928
0.0943669781727
0.0952767187009
0.0959960231052
0.0970417456129
0.0979604239908
0.0986498754654
0.0996367857202
0.100559341198
0.101410897854
0.102347840015
0.103112689039
0.103972811129
0.104967184672
0.105324105319
0.106177460918
0.107119661331
0.107633030835
0.108377829929
0.109367178078
0.11005373073
0.11056289859
0.111617392098
0.112260106495
0.112898109375
0.113760106099
0.114352454856
0.115303786934
0.115739488878
0.116266283317
0.117186041539
0.11774556844
0.118175172166
0.119107457448
0.119875144781
0.120192261511
0.12103554219
0.121797941297
0.122146789356
0.122867010384
0.123629104258
0.124185649709
0.125007907032
0.125328140047
0.125870800454
0.126656543836
0.126845909101
0.127391492383
0.128307996981
0.128982927814
0.129294026864
0.130328197204
0.130794036066
0.131072483526
0.131945004714
0.132292412929
0.132959332559
0.133424396146
0.13378962909
0.134563801159
0.134874705366
0.135062622141
0.135876289145
0.136511848857
0.136816972061
0.137697365201
0.138574576885
0.138628918572
0.139179704093
0.139999034998
0.140284916811
0.140688911899
0.141386227818
0.141635044739
0.14228557852
0.142466410615
0.142629282901
0.143347813634
0.143935073584
0.144246475844
0.145286290207
0.145854204423
0.146209603663
0.147076835274
0.147371970433
0.147766638179
0.148204927236
0.148519375137
0.149013716556
0.149383874928
0.149489184026
0.149978039625
0.150453417596
0.150448279172
0.151270703561
0.152191383105
0.152340881299
0.153112880386
0.154082614411
0.1543912133
0.15415192618
0.155215277266
0.155362949273
0.155689321272
0.156299845274
0.156134638504
0.156619378385
0.157002946053
0.156987721926
0.15771835881
0.158303247192
0.158919418122
0.159981343334
0.160338268271
0.160873068197
0.161160460232
0.16165589352
0.161859092484
0.162189445
0.16247828564
0.16269828539
0.163209304865
0.16296610976
0.163217544424
0.163953360194
0.163974531617
0.16485118954
0.16588914164
0.166315055916
0.166218066978
0.16743822435
0.16787405985
0.167404375128
0.168426216142
0.168352000643
0.168644085959
0.169157951333
0.168784123368
0.1691910722
0.169560554041
0.16991443883
0.170629154411
0.17090010327
0.171770433505
0.172458365764
0.173173168172
0.173338917438
0.173283658777
0.173888481608
0.173898971349
0.174344944652
0.174519345501
0.174463252648
0.175107700443
0.174796974951
0.174963178568
0.175725713518
0.176075966688
0.176693567353
0.177699891022
0.178344851801
0.177462241899
0.178693642233
0.179046535213
0.178917261838
0.179606737289
0.179496044134
0.179802048034
0.18005340757
0.179868022659
0.180024837762
0.180289402947
0.180998807255
0.18174949705
0.182180722468
0.182503985501
0.182660245874
0.183659071865
0.183383232352
0.183376978362
0.184021081211
0.184223834179
0.184640661486
0.184669308732
0.184361200634
0.184891805246
0.185005322501
0.18521561742
0.185737757614
0.186383333355
0.186293081761
0.187410848839
0.187855106817
0.187064863724
0.187715913084
0.188194705337
0.188418489086
0.188724775254
0.188749617915
0.188893058801
0.18911139305
0.18914666134
0.189158011874
0.1894295578
0.189935244789
0.190663614587
0.191444073797
0.191009290817
0.190769206176
0.191648953304
0.191748819679
0.191660844232
0.192366043095
0.192534342339
0.1928864046
0.192996923495
0.192643022837
0.192976137891
0.193525097465
0.193765585223
0.194148750692
0.1944624257
0.193970331374
0.194757319522
0.195444811249
0.195019867035
0.195130089875
0.195672665002
0.196057836528
0.196249197207
0.19630818439
0.196223491162
0.196584066502
0.196721363225
0.196968974574
0.197219951039
0.197349696797
0.197678448793
0.198441389588
0.197941492942
0.197410962986
0.198274932913
0.198833134984
0.198878073149
0.19940290445
0.199486850788
0.199768642001
0.200045493952
0.199878456
0.199970418058
0.200515839241
0.200740086709
0.201133823247
0.201491319186
0.200706012737
0.200942162669
0.20173294344
0.201907115742
0.201827351097
0.202310152487
0.202625918589
0.202963289128
0.203002352511
0.202931496155
0.203111854092
0.203507881963
0.203925914815
0.204160851793
0.204057454939
0.203875231127
0.204535742072
0.204507412886
0.204091204495
0.204719848194
0.205393403127
0.205642511662
0.206006580558
0.206079179634
0.206336346553
0.20676267331
0.20689034394
0.20681019338
0.207283023182
0.207230247213
0.207651786526
0.20813857448
0.207764197152
0.207496509297
0.20812800668
0.208629280928
0.208749736317
0.209128419626
0.209425258216
0.209667688917
0.209891488652
0.210008957567
0.210021062551
0.210632577598
0.210909671573
0.211204268199
0.210964379939
0.210688469706
0.211179780871
0.211724709583
0.211681827604
0.21206853196
0.212542404352
0.2129311295
0.213263362144
0.213410607669
0.213455825914
0.214013042195
0.214363843226
0.214498235379
0.214761849102
0.214799385829
0.214855128479
0.215376182879
0.215639099592
0.215353958095
0.215761879513
0.216343324066
0.216699982178
0.216944627148
0.217179244443
0.217234380433
0.217777153768
0.218045166644
0.218147109909
0.218546114785
0.218884371181
0.219143183712
0.219314529531
0.219010994491
0.219347905431
0.219955812038
0.220371324369
0.220682023726
0.221025459818
0.221284182247
0.221639118941
0.221915626181
0.221960162611
0.222209612266
0.222981803537
0.223218397607
0.223432267452
0.223799041482
0.223505558867
0.223908086417
0.224366817711
0.224596168513
0.224809521287
0.225385790306
0.225780007855
0.226049181539
0.226129522671
0.226145103364
0.226761258464
0.227394969926
0.227328140359
0.22785378418
0.227966475058
0.228409510077
0.228731984167
0.228858189961
0.228815972292
0.229499088831
0.230037709083
0.230369563651
0.23057537182
0.230818904369
0.230918049819
0.231514038036
0.231547836847
0.231431426036
0.232594580025
0.232877595893
0.23324204541
0.233291648354
0.233324199297
0.233488836521
0.234298289549
0.234732907598
0.234988429385
0.235318864263
0.235580942625
0.235910811516
0.236155512953
0.23582371741
0.236836463328
0.237553591395
0.237640638366
0.237694983112
0.238136743487
0.2381702377
0.239061804702
0.239423050717
0.239175500259
0.239625516184
0.240392522664
0.240693834279
0.240752177092
0.240802310739
0.240655329493
0.241622975274
0.241737253386
0.241522926082
0.24214300334
0.243273077145
0.243397564136
0.243808921525
0.243202190615
0.243725313712
0.244552170227
0.245225974073
0.245506030553
0.245914057337
0.245759692097
0.246310708193
0.246517924273
0.24595123722
0.246462411398
0.248086846337
0.248187126104
0.248304018724
0.248704778182
0.248196926689
0.249306221792
0.250077730706
0.250073094238
0.249906449488
0.25078336815
0.251113290515
0.251288215254
0.250804930913
0.250328212483
0.251135334277
0.252531400332
0.251984867597
0.252752348786
0.253153787389
0.253974796109
0.254208497581
0.25373732868
0.253706864171
0.25519395523
0.25567446219
0.255923818558
0.256327788109
0.256037650204
0.256311429215
0.257043437223
0.256139641738
0.255985071501
0.258159417363
0.258582301533
0.259296706898
0.259244597274
0.258926672239
0.258993506984
0.260424462856
0.260243256014
0.260568113542
0.260949560102
0.261390001131
0.261441004495
0.261209636083
0.260108303119
0.261265935481
0.263025620567
0.262920690823
0.263289132647
0.263621872148
0.263826918651
0.265036087735
0.264534888158
0.263734073911
0.265434426006
0.266179783423
0.266250970257
0.266442912522
0.265852707079
0.26590360676
0.267354715312
0.266452840622
0.266052672647
0.267260140745
0.269342073606
0.269710615915
0.270141945167
0.268818333486
0.269023123698
0.270209347647
0.270273886587
0.270928142874
0.27129901584
0.271268346755
0.271286823841
0.271293953793
0.270132301953
0.271747362776
0.274064770293
0.273811972646
0.273707893863
0.273845120446
0.272927922167
0.275152860199
0.275399732058
0.27422669531
0.275159222498
0.276098302703
0.276458133629
0.276517184613
0.275014158514
0.275004138726
0.276266679788
0.27738106562
0.276392743211
0.276823911488
0.27881620025
0.27975033165
0.28033395539
0.278037634046
0.278188494689
0.279848001264
0.280123705863
0.280529747727
0.280748700625
0.280460247644
0.281090457814
0.28117901747
0.279847198525
0.280519626328
0.283779266675
0.283341080492
0.284048785087
0.283662082573
0.281991135641
0.283366579262
0.284694900268
0.284143050656
0.284483281221
0.284521383598
0.285278603004
0.285261579512
0.28398881356
0.282992996221
0.283627199047
0.286347517697
0.286416419938
0.286999073499
0.287181875627
0.287500346142
0.288339383381
0.285944494159
0.285725744839
0.287715415907
0.288656333657
0.288664471189
0.288149879849
0.287803873361
0.288392393779
0.289713376578
0.287736375395
0.288185211768
0.290264728273
0.290784021445
0.291236142567
0.29147266152
0.289338510242
0.289895840371
0.290752696668
0.291009334963
0.291124888748
0.290960363223
0.291093696294
0.291117118784
0.290437889712
0.289370133708
0.290372538823
0.292405609447
0.293217921165
0.293208227515
0.292112258279
0.291182858438
0.29304412645
0.292116821822
0.290916484003
0.291923377374
0.293065193699
0.293063917644
0.29278002484
0.291223555302
0.292428132228
0.293524836226
0.293031108002
0.292337944342
0.293460116666
0.293352275917
0.294271671661
0.294494780358
0.292684176597
0.292424872841
0.293057707575
0.292889535248
0.293273881705
0.293085457593
0.292913103586
0.293387441454
0.292103714221
0.292251431569
0.292529061335
0.29434122732
0.293439645108
0.29462174674
0.29235867975
0.290846516297
0.291936236058
0.292822417047
0.291493098381
0.292033877708
0.291921730211
0.292934566017
0.292396259821
0.29103026506
0.29116233737
0.292005919282
0.292054259484
0.291763034338
0.292296961243
0.290469021814
0.291492216068
0.291388944017
0.290261056513
0.289313828212
0.290398177935
0.289967760407
0.290487160925
0.289324846701
0.289690160303
0.290009661397
0.289680686112
0.288614830269
0.289824366485
0.288467359173
0.288211332457
0.28862082757
0.288294516802
0.285980750016
0.286612059645
0.28692316757
0.286678546774
0.286978952491
0.28631233809
0.287068652223
0.286626942474
0.2860811095
0.285469816621
0.286350439756
0.284256870625
0.285611431944
0.285228318756
0.284127602822
0.282963175007
0.283838209476
0.282132815183
0.282190511134
0.282510991317
0.282960142813
0.283308359301
0.282073639616
0.282017044152
0.282586492158
0.281065160933
0.280596907858
0.281496069595
0.280022425546
0.279098477967
0.279069584804
0.279344363333
0.277644173119
0.278624188549
0.278148017756
0.278374544818
0.278324820827
0.27850370366
0.278415850814
0.278516732954
0.277030008436
0.277518710276
0.277832162194
0.275638565645
0.2757185157
0.275583576339
0.2743819663
0.274311144587
0.274755234621
0.274301117835
0.274371573375
0.274202722905
0.274880318749
0.274938581456
0.274145907731
0.273875711953
0.274981268477
0.272638897381
0.272816774186
0.272493742462
0.272252177967
0.271126957342
0.271967570265
0.271737185256
0.27107400256
0.27195275137
0.272175150191
0.27240460941
0.27228751355
0.272589662894
0.27275632012
0.272872603267
0.271197743647
0.271857356229
0.271191350444
0.270828592656
0.271028385162
0.271196825343
0.27006769192
0.27116023863
0.271361975942
0.271974446144
0.272175574668
0.272132888445
0.27288348736
0.27314412343
0.272076835783
0.272476819997
0.272574889201
0.271651408805
0.272906074973
0.272487204725
0.272319910313
0.272154598852
0.273795981548
0.273822322183
0.274213281147
0.274862646756
0.275753915097
0.276271351217
0.276002963418
0.276259965441
0.276529842451
0.275961860581
0.276456597939
0.277683543155
0.27657948006
0.277737063131
0.27953811608
0.279736242667
0.279143700061
0.280457611616
0.280642142829
0.282467759697
0.282671875763
0.282693138172
0.283432786213
0.283851698938
0.283142217817
0.285121625356
0.283764549723
0.283400854834
0.287338126479
0.28845075912
0.288104883361
0.288478905716
0.290443942813
0.291030677153
0.29216976151
0.292685131773
0.294141152302
0.294726273173
0.294359567762
0.294284094273
0.295279468165
0.293538264712
0.298794248113
0.300543119159
0.29994201697
0.299924892671
0.303184909294
0.303214089207
0.30452341755
0.305548199664
0.305481148444
0.307578550243
0.308461234994
0.308203973536
0.308817950482
0.308207490564
0.307741942366
0.313544542644
0.31208951742
0.311138434742
0.31515217066
0.319686888908
0.319300056978
0.320554499851
0.320467904533
0.322561494063
0.323442806595
0.324419351092
0.324964078926
0.325744667636
0.324704497871
0.327306616717
0.327674876408
0.326337512926
0.331767135408
0.336679018555
0.335937136907
0.335611980461
0.338258284588
0.337404083108
0.34005288781
0.34153394232
0.341773359207
0.342756152705
0.343571466288
0.34296242259
0.345022318334
0.342266244615
0.341629992144
0.348336925179
0.352026896926
0.350414016102
0.354148038431
0.356456446414
0.357958333364
0.357872225854
0.35723675141
0.35957426203
0.361234113713
0.362286387186
0.361594854082
0.361392046896
0.360253308574
0.365391743895
0.366994132117
0.365538902587
0.367670169833
0.374617747511
0.373774658017
0.374749955377
0.376013457974
0.375016187823
0.376730410618
0.378301352978
0.378786934723
0.379609423102
0.378393487195
0.377961920848
0.380430725883
0.379386037034
0.37796497484
0.383487472067
0.389241816267
0.389371957754
0.391256065062
0.389751217262
0.391966802386
0.39270982609
0.392569206344
0.393066925495
0.394065090881
0.394358890306
0.395091252174
0.393405093381
0.392834088392
0.396057467841
0.401476484289
0.399413683242
0.400004472921
0.404171785672
0.404171393668
0.405520894203
0.406113503648
0.405274461522
0.406523695797
0.406380601555
0.406669108873
0.407210580483
0.405035568249
0.404794536552
0.40571787384
0.408037574255
0.406948040377
0.411884634694
0.413852073184
0.415505025575
0.415228934324
0.411959821947
0.413412860189
0.415088552928
0.415662456227
0.415439427046
0.41412141519
0.414589863193
0.415129283268
0.415112679996
0.412445436152
0.414101720146
0.418788367478
0.419304845124
0.419558511904
0.419854290332
0.418974325454
0.420813191439
0.420492023957
0.419516867572
0.420593461183
0.419333403436
0.419374958242
0.418151287197
0.416842911988
0.41601084654
0.418010163704
0.418969714427
0.420366045539
0.420387650185
0.419206399096
0.420549892292
0.422161859078
0.419199595456
0.419310201211
0.419033153266
0.419821366426
0.419528197584
0.417936195086
0.416065777965
0.416885405446
0.417573603572
0.416071667712
0.416468470147
0.416061350743
0.417375472364
0.418909387077
0.418144588122
0.414857685182
0.416816505583
0.415344132238
0.414349444146
0.414595244786
0.413186311044
0.412905542208
0.411596914133
0.409358540629
0.410039508621
0.408794744922
0.409288675593
0.410223693961
0.410899911317
0.405464055696
0.406741899257
0.40756761331
0.406390049324
0.406387931319
0.405155655527
0.403996649865
0.403814544596
0.403001296587
0.400012444361
0.400639615434
0.398212428786
0.399818170961
0.400392417657
0.397725940318
0.394066631796
0.3973097654
0.394983156176
0.393215591908
0.393764031053
0.393289219902
0.391622611576
0.391032791139
0.388570059533
0.388260121943
0.386605974326
0.385092609165
0.386077673361
0.383479452439
0.379181482172
0.380850215622
0.382634947468
0.377140134118
0.378419968967
0.377576392061
0.376529664141
0.376249012243
0.376323635092
0.37324054057
0.373141681139
0.371220736114
0.371062228678
0.371082432337
0.366180236433
0.365046264323
0.367562799072
0.364053085887
0.360187576612
0.361638644006
0.360508976844
0.358947817733
0.360033972131
0.358706554998
0.357238334561
0.356771342842
0.353884356197
0.354617187498
0.350735027734
0.349215764064
0.350048898886
0.35002362299
0.341812406978
0.344349431275
0.34456702915
0.341688047399
0.343081114206
0.343265097653
0.341055065382
0.340338433613
0.34080639838
0.339130993074
0.338593385388
0.334993164427
0.336388863669
0.337072490221
0.332498287227
0.328138094586
0.330839767832
0.326662893029
0.327530479226
0.328388892421
0.328196238635
0.326647393436
0.32837841314
0.326189679208
0.325805030006
0.324074448631
0.323280387411
0.324017304687
0.321302652379
0.316950127707
0.319184269245
0.319734188785
0.314058950961
0.317762308033
0.316755773229
0.315423455934
0.316922927878
0.319068462403
0.31715175375
0.316820472867
0.31625387133
0.317209809729
0.316965386907
0.31317982605
0.313028899464
0.314708438762
0.309708078119
0.311611074423
0.312392891702
0.310850861799
0.313362860699
0.316100939881
0.31467506202
0.313934696358
0.315598763788
0.314229021998
0.315328805725
0.312877796878
0.312961262711
0.314701327969
0.313500757233
0.310319406623
0.314044656017
0.312923220154
0.311423335087
0.317843954666
0.318362682875
0.316990565739
0.3196904053
0.321108006819
0.320782989429
0.320546703578
0.319635018428
0.321737229997
0.322466063335
0.318737012377
0.320921907182
0.322433301455
0.319525378765
0.327787369908
0.328605190501
0.327222868651
0.329703861106
0.333805461135
0.331934349518
0.332591612242
0.333432923486
0.333415721067
0.33548856241
0.333039037066
0.334143301329
0.336168173153
0.335467556818
0.335077006022
0.343000613793
0.341443747691
0.34086722983
0.349335013003
0.350912062541
0.34964271375
0.351955395181
0.352206878484
0.353165533509
0.353815008359
0.352208403894
0.354182128233
0.355415560498
0.352897960252
0.360685082067
0.3610128702
0.359632431615
0.368261048155
0.371455205739
0.36971281413
0.371232082642
0.375328427805
0.373376571376
0.374861427216
0.374435781501
0.376080558189
0.377177829482
0.375612264271
0.376999020916
0.381216752433
0.380219913363
0.380002168535
0.391055907952
0.391540741263
0.390949159624
0.398708996414
0.39790267684
0.397599958297
0.398537553061
0.39873331554
0.399144103986
0.399579498347
0.398231724566
0.401854694805
0.402765560842
0.401319697902
0.410579195971
0.411669107391
0.410803921533
0.416062261491
0.420720932304
0.418853068627
0.419725808784
0.422525313003
0.421721375765
0.421963371376
0.420490094103
0.422439740133
0.423314221549
0.422234018184
0.422411228683
0.429316231281
0.429590498941
0.429217075786
0.439690691323
0.438784227546
0.439184690559
0.442820435529
0.442017564984
0.441548200174
0.441808823467
0.44189986049
0.44148416971
0.440955836484
0.440257629731
0.445516364548
0.44583511098
0.44490142341
0.451014412512
0.453318930015
0.45353714962
0.455531811393
0.459363312873
0.457634467861
0.457765117761
0.45850480138
0.458609598141
0.457438303131
0.455093846991
0.45597510467
0.458004047096
0.45748710871
0.456570539876
0.463764881381
0.464123001009
0.464863314514
0.469382637054
0.467408906874
0.468663455562
0.470542486122
0.470577156849
0.468658725047
0.466824135453
0.467229110808
0.467670174579
0.465475655971
0.464427126883
0.468975069643
0.470285711506
0.470939566741
0.472321275627
0.472638810574
0.473143637544
0.474696778469
0.476628348404
0.475005473254
0.474393280514
0.472906357618
0.47265080504
0.470711854767
0.467503962556
0.467594397318
0.470461541814
0.470921495498
0.46962770644
0.472204926625
0.471388295522
0.474542540303
0.474178694406
0.472123365834
0.472746273423
0.472851359903
0.473798398827
0.471899648269
0.467373628591
0.466963514704
0.468523354726
0.466701125987
0.465068002081
0.466068325593
0.466391661395
0.469535443434
0.470271166699
0.466284742497
0.46439817096
0.466395195627
0.46694708269
0.466097249602
0.464197006001
0.460862358976
0.460048085605
0.457913247667
0.454596453928
0.453643923464
0.456414057579
0.456656215525
0.457598379932
0.451198304145
0.449147736433
0.453730693187
0.453659229728
0.451964936439
0.451920552815
0.448955676359
0.449175799975
0.448384537212
0.442821964761
0.440160516218
0.441338887869
0.441866627975
0.44186369662
0.440573131291
0.434880634785
0.437160793769
0.439895518914
0.434404038447
0.43093783683
0.432838144231
0.431885160565
0.432274267481
0.428756824573
0.423490309601
0.422511054752
0.421842779463
0.418921316931
0.418203017552
0.414996970525
0.41591601686
0.419634545082
0.411112525774
0.40521537107
0.409049163858
0.409504001547
0.408648975187
0.409618238122
0.404691735098
0.402365941263
0.401831550441
0.398449579632
0.394677788827
0.39409026651
0.39389204676
0.396651790762
0.396738480991
0.385525164077
0.38306479745
0.38683375772
0.381537354819
0.382101476188
0.382045544007
0.38022566235
0.380471143297
0.377137882423
0.371410450902
0.370230042377
0.370098389514
0.368476916677
0.368947925091
0.360075920052
0.358473846631
0.363940904933
0.359787707851
0.352662793114
0.354809537226
0.354151871896
0.353160095795
0.354952115239
0.351123095268
0.347400610226
0.346223544384
0.345236992983
0.343128184616
0.342092429801
0.337782064802
0.339978730199
0.340991248276
0.329466400295
0.327708405605
0.330734795042
0.328424601594
0.331570526406
0.330160243315
0.326430356699
0.326152599175
0.324847558069
0.320600617877
0.319845953503
0.31752078036
0.31819967084
0.320492366907
0.312403082432
0.307590769378
0.310859053313
0.311158265835
0.307655347547
0.310170335047
0.3081686077
0.306821805368
0.308368509236
0.306471433329
0.3034703974
0.301901022815
0.302076930081
0.303068788891
0.302517389692
0.296104071309
0.296541718028
0.297836557034
0.292981369193
0.295364647102
0.295529143703
0.294407356926
0.298323327242
0.297238598981
0.293989995566
0.293248350707
0.293106655881
0.292505060383
0.292768228407
0.288986565525
0.28999405509
0.292750452306
0.290182015814
0.28874939303
0.289492231516
0.288982881697
0.289856509992
0.294552629865
0.292619646753
0.291542923678
0.291760067783
0.29176526118
0.291287354283
0.290859671209
0.290683509349
0.292685899037
0.29225928294
0.291109170773
0.29188945722
0.292293351011
0.293953481976
0.300478251716
0.298316661372
0.295860672307
0.299069934377
0.298378460181
0.29746113801
0.297096105074
0.297264950915
0.299558243948
0.301828377545
0.299472824635
0.301279111242
0.301460147487
0.301672469716
0.306292698014
0.309356438156
0.307159866104
0.309909959455
0.313532881667
0.311583257024
0.310350354397
0.310233193721
0.311614666004
0.313174378566
0.313457162635
0.314593163596
0.316150141244
0.316730508547
0.321259111774
0.3238233515
0.322318845305
0.323132639929
0.33242825377
0.329915984514
0.327289134326
0.328547672356
0.328369369856
0.328925513585
0.329118203626
0.329544275127
0.332628153209
0.335072064143
0.335101487465
0.339251641626
0.337646251411
0.338033724934
0.344966174273
0.349804536862
0.346804583955
0.348875582638
0.349544737379
0.347813393164
0.346060575691
0.346751351696
0.348348687902
0.350388908584
0.35071837432
0.35417165428
0.354515885923
0.356076264491
0.359993780721
0.365724654909
0.363189188523
0.361552067601
0.369228764507
0.367416403826
0.36564063646
0.364020244079
0.364841804933
0.365524614086
0.366020776171
0.366122055119
0.370412127864
0.370681350617
0.373010617273
0.377274029396
0.375921985594
0.376049859446
0.382821301249
0.384941680006
0.381823578368
0.380836107286
0.382014285036
0.37991291071
0.377455168812
0.377563367264
0.380550848951
0.382277818918
0.382929836652
0.385956242765
0.385361518585
0.387246232766
0.388717382722
0.395245092838
0.391206259337
0.390240411084
0.392781625309
0.392958578828
0.390870051118
0.387735329041
0.387433141014
0.389161567087
0.388771092253
0.389650105432
0.393934066907
0.392115957421
0.395832872073
0.397813945444
0.395562990387
0.394938167182
0.399999035054
0.401185684807
0.398503646616
0.394062680052
0.395101738085
0.393896879789
0.391288083992
0.389482162861
0.39358182649
0.394378978521
0.396629922156
0.397387471766
0.395902248733
0.394503700843
0.397438097129
0.401496541847
0.396814769359
0.396334161158
0.395078155027
0.396292472596
0.393128564168
0.389103602618
0.38724464702
0.39043372038
0.389080203174
0.390832954071
0.392204868492
0.39039420577
0.393476976763
0.394153557843
0.387757854353
0.388445463675
0.389867636008
0.393186801658
0.390860818283
0.385419788078
0.383476772564
0.384251857701
0.381693401235
0.378492992415
0.380920222508
0.381807584233
0.384697911271
0.386297343309
0.383189731501
0.375093523029
0.380018478714
0.381508147186
0.379576774077
0.376920428627
0.37523242967
0.374686955032
0.372153755443
0.36628568982
0.363807435201
0.367355072108
0.367356644162
0.369192357236
0.366369183943
0.361158196574
0.365333916325
0.366420716093
0.360076012085
0.359451454249
0.358779556572
0.36082875803
0.36031314838
0.355889946472
0.350521597016
0.351435836653
0.350676567805
0.348489402888
0.348502510091
0.348552238808
0.348181549884
0.353629652207
0.349976528573
0.338776888828
0.340510711081
0.341597588198
0.342119122676
0.33967714693
0.336453720192
0.334719130145
0.333354450466
0.32840777924
0.325973029859
0.327695539693
0.328810709578
0.330281219483
0.327008473873
0.317372630939
0.320787611144
0.323462766028
0.320015120234
0.318102158689
0.317304956841
0.316109157598
0.316369412516
0.313796564571
0.308602618423
0.30788973078
0.308988026261
0.308304089504
0.308591412159
0.307204823518
0.302861735557
0.307479354119
0.304344740264
0.297050455171
0.296534069959
0.298032646065
0.299009603307
0.298158335419
0.294171521387
0.291693310332
0.291714825609
0.289891593113
0.288026949241
0.288384438049
0.287592296323
0.289583763797
0.288560346418
0.281087391301
0.280338043182
0.283146811684
0.282195374798
0.281174442
0.280748966522
0.279325277108
0.278996987937
0.278192746135
0.275862282562
0.274793150351
0.275705024129
0.27578931853
0.276431407552
0.27494865168
0.272116146957
0.272919178154
0.272048683621
0.270099871458
0.270221511669
0.270547408123
0.270815146818
0.27095142246
0.270082630219
0.269475064574
0.269667789817
0.269461663201
0.269107074883
0.269199882713
0.269245449002
0.26913115478
0.269193321948
0.268487128292
0.268737885054
0.268546704349
0.268885142666
0.268475806892
0.268652080052
0.269511390236
0.269849432323
0.270087400302
0.270925710029
0.271549844368
0.271739903973
0.271663431188
0.2708318334
0.272424795019
0.275616752111
0.274519581252
0.274076359354
0.275225452541
0.274748211992
0.27515748847
0.276052138301
0.275572876648
0.27749135966
0.280080664342
0.280359568527
0.280388307862
0.280716087546
0.281317591546
0.285382640013
0.285772119597
0.28226949085
0.284893168572
0.288912018132
0.288654538261
0.288316777478
0.287791503785
0.287708510779
0.290910969236
0.293070672087
0.294135500359
0.295143594956
0.297501461789
0.299023539252
0.299507840723
0.297133906674
0.301280148349
0.309136905172
0.307267384434
0.304260912353
0.30606814169
0.304005815126
0.304904010745
0.307715081764
0.307364875287
0.309547605239
0.31396563907
0.315655287912
0.315601669198
0.314708295647
0.313706746059
0.320544806498
0.323843305416
0.320686053663
0.320509461809
0.32573412575
0.324703321221
0.324461917612
0.322852311849
0.32303854059
0.326910027691
0.331846153854
0.333103942027
0.33209360569
0.334131334802
0.338216860754
0.33994084204
0.336470968493
0.337786582659
0.346698060531
0.345863455348
0.341336659918
0.342827171323
0.339626278358
0.340550659452
0.343340559548
0.344904469215
0.345735905089
0.349757921722
0.352048518742
0.354001757603
0.350434469633
0.349229429344
0.353921434616
0.359481896749
0.357703095379
0.356066976442
0.358408008998
0.35566669403
0.355378749925
0.355275153897
0.355137820482
0.357202372328
0.362409722496
0.364112215463
0.36233091257
0.362941767902
0.36814433371
0.369734194298
0.367342088518
0.363505809128
0.371140481153
0.369663759223
0.367557771826
0.366192650992
0.364234780199
0.364112831854
0.366400260127
0.368268751529
0.369335580497
0.370446347922
0.373831119883
0.377306530254
0.371251355603
0.370778250411
0.372512362124
0.378349445521
0.374253939233
0.373199540322
0.372302513701
0.369575842952
0.367775753124
0.3694154158
0.369099870098
0.370242658011
0.373294519729
0.376760398804
0.372226418954
0.372905181164
0.375155267492
0.378490474019
0.374187930019
0.37089266843
0.373454407887
0.371725648857
0.37165536672
0.36831201454
0.367278687313
0.366094400017
0.367924326331
0.369417505319
0.372171511589
0.368739388008
0.373373595579
0.375771104706
0.370725405006
0.366610930727
0.369314649037
0.369947823111
0.367956689158
0.364066472647
0.364336691678
0.360969294433
0.359276867556
0.359340246201
0.36048885837
0.360075048635
0.362372590389
0.365799001005
0.361073535511
0.358478255182
0.359692835112
0.363263532515
0.356179850982
0.356011781518
0.353376194989
0.353187412799
0.351869451217
0.349684099798
0.347220574064
0.347243334987
0.347241911159
0.350274950079
0.353139292468
0.347480545833
0.349508868724
0.351180803681
0.344215921759
0.340640989878
0.342121026437
0.342742346567
0.341448115808
0.337050681457
0.335630904038
0.333510508459
0.33296622817
0.331408839115
0.333424141612
0.331705475349
0.333719089232
0.33654847837
0.333826382014
0.325312474136
0.327517601085
0.329177300224
0.324346994846
0.324087714414
0.320750268465
0.320250364591
0.319219115587
0.31721126368
0.315346749121
0.315878523793
0.31502625695
0.318534130982
0.319523363068
0.313228763428
0.312550821523
0.315446285358
0.308380666701
0.307497712933
0.305706157887
0.30684700958
0.30651389775
0.30518966838
0.301790813388
0.300950613865
0.300863252476
0.300823508062
0.302499246901
0.300330667743
0.299719530505
0.303120161232
0.302556258312
0.293936586583
0.29457810932
0.293817107138
0.293876619833
0.294565202456
0.292561315506
0.290831390096
0.290889071864
0.289999862692
0.290627498452
0.291261833907
0.289994304612
0.292408730788
0.292495657369
0.286438946468
0.286432470119
0.287482538791
0.286577721115
0.288902062516
0.286669829285
0.285175086126
0.285671564235
0.286793311868
0.285769831099
0.286261691352
0.286151107022
0.288122425775
0.290777975821
0.288400556413
0.286089979222
0.28709367518
0.28686350534
0.286157089015
0.288891254055
0.28620519805
0.288220182574
0.290765780545
0.290054466934
