0.0
0.208915619859
0.438468659276
0.542854466086
0.469444469412
0.358547136849
0.203121163012
0.116503155
0.379633388053
0.476953191967
0.452412805013
0.396437452414
0.256776376056
0.255932364671
0.371067575031
0.439490717548
0.499373299323
0.435236235437
0.273618189413
0.0745083923285
0.318752637057
0.368335845061
0.495453554399
0.458813557996
0.222700060966
0.135060517263
0.126184283471
0.451830563477
0.547505321672
0.507480087462
0.389179699899
0.220043149957
0.026741820862
0.255835842804
0.465751839696
0.435576629955
0.437692165021
0.280650405824
0.223546332396
0.287326357409
0.407362579941
0.531356108006
0.505108185034
0.358136876385
0.105751433122
0.240942192935
0.26014739081
0.444977152501
0.454734708122
0.279946560306
0.253826695474
0.197271784549
0.460227840659
0.493233033548
0.526142343356
0.449786427967
0.304177483822
0.0977195011351
0.266880954632
0.43759672544
0.408349561358
0.433320251487
0.288472998283
0.133957358227
0.241395424649
0.448758274109
0.57764519503
0.524327892236
0.413351761782
0.203961563638
0.0993823302046
0.183080535063
0.455819420986
0.462269419518
0.377312072841
0.284133988366
0.206584378873
0.39991307326
0.445783360393
0.593249473989
0.520054382184
0.368642666483
0.175143965147
0.201016388742
0.353999348733
0.396912988058
0.452210711637
0.273307310408
0.14756871057
0.232643872369
0.425316755935
0.570808232819
0.552649804368
0.516108473467
0.318664499078
0.0888441585865
0.123809151929
0.405946391463
0.459531436066
0.440926617483
0.333519144223
0.139871310811
0.212390177046
0.412322742444
0.599253814748
0.545530647964
0.481852701395
0.26944764714
0.220493418543
0.270830741458
0.344818138897
0.476990363278
0.304270205439
0.245814581833
0.195385551483
0.370490848023
0.463118875278
0.541485229693
0.583738187433
0.355961232306
0.258410494661
0.119705214801
0.390226457405
0.410350544116
0.438471399737
0.412447705208
0.0708718545895
0.132510239794
0.324385249836
0.542331215066
0.52168451484
0.509276827103
0.357438762909
0.20130679751
0.104935267714
0.338706314708
0.490001964725
0.317066898136
0.331088999322
0.207771840802
0.30597132827
0.411858049083
0.497511362422
0.547448512446
0.397944174454
0.337961355992
0.129057063594
0.359491256192
0.297984409071
0.455727923019
0.412426640647
0.084024694838
0.159316360542
0.229969671155
0.503887009506
0.53936357835
0.493777535931
0.327136390608
0.176791180745
0.154298834066
0.355058844146
0.487842781025
0.344764834898
0.408368090755
0.170340986446
0.222842246911
0.322546822393
0.455815083431
0.545918814867
0.488003355474
0.353850476028
0.0960298420038
0.250301374118
0.274640657623
0.48841892118
0.437790016617
0.19106154232
0.272125891809
0.231579194834
0.446112549614
0.49386986012
0.491216270298
0.372564853314
0.251447084263
0.194621713773
0.380029405404
0.450381102521
0.422589336492
0.443206274646
0.219915969365
0.0980261788541
0.299844205327
0.481005888823
0.536784532261
0.506230178517
0.372731084719
0.126699626345
0.131373900344
0.249031071541
0.50482116696
0.465996406952
0.373024154493
0.293819288492
0.0926353878139
0.374609427669
0.457952915378
0.534018368454
0.445797266118
0.31097884807
0.227196309244
0.313931203461
0.441675428346
0.42504492156
0.453915975118
0.295332232853
0.135150495191
0.273256326066
0.36506415686
0.525974370529
0.511986751824
0.401678438248
0.239039508092
0.0841103943895
0.275929366402
0.470524960251
0.535677160051
0.418940773353
0.274874399855
0.0334659933924
0.251556202776
0.422762713041
0.491625515412
0.489595637377
0.391126970878
0.244439682605
0.235207126519
0.393955560797
0.458175870272
0.49079578241
0.397035428104
0.210673861998
0.147162102678
0.258085065408
0.459968714313
0.486426637751
0.410538229624
0.295692617529
0.184425497546
0.323740358025
0.427716699953
0.538263756813
0.498076859296
0.352681117573
0.128660839792
0.207014847741
0.34484807754
0.457903110028
0.496214558774
0.399482657198
0.200946288759
0.201444751929
0.340844170427
0.476188896632
0.514276490138
0.462808313639
0.345782368327
0.0964211924306
0.185667846412
0.408087258967
0.428336811207
0.451628948729
0.358578028194
0.229966944182
0.271482392149
0.427727595167
0.548628361143
0.50676496507
0.408781401014
0.232761946117
0.196146746716
0.271308026846
0.429953868081
0.506071067234
0.351051298983
0.209859940511
0.159380849103
0.275601957741
0.466985484003
0.581391244369
0.547528313477
0.384682049251
0.13623492843
0.0873825783954
0.336996569856
0.396241981421
0.471544267141
0.429620555528
0.225127143704
0.174650802724
0.359384813242
0.494790925954
0.516335217577
0.550096150218
0.332107586632
0.221032829166
0.174215585271
0.358597793188
0.491113308059
0.338827202053
0.275260203593
0.139158608892
0.216198884409
0.432511665081
0.572519647673
0.56370550155
0.400374433169
0.342936989169
0.0762247890427
0.289066191379
0.346456360424
0.482563430679
0.459479155397
0.206633858129
0.124418420865
0.268732015482
0.397639871359
0.527912817017
0.593851807984
0.389722857627
0.210594902304
0.0599904898656
0.329294626442
0.418654708949
0.337564037957
0.398831705573
0.181245947036
0.185284078957
0.354326429555
0.555380157471
0.487884397753
0.444225173186
0.429712585021
0.13205190183
0.245908883815
0.24710173085
0.494139527928
0.389903280313
0.199023786974
0.203485591875
0.233265928318
0.38274618908
0.499680593807
0.618566001748
0.354272977036
0.195876561793
0.128718218454
0.317763562234
0.383153684995
0.363680338278
0.456947137304
0.162767911704
0.173834769072
0.263553518709
0.535920572871
0.508604908273
0.485329782773
0.480259791304
0.142400804622
0.143918491082
0.229105316261
0.483492024656
0.38262781964
0.268383397295
0.253692742343
0.196193384003
0.370780002734
0.477820248901
0.624402903755
0.442090130315
0.261375381304
0.182654716241
0.253290910156
0.368656474481
0.465222555016
0.470971465108
0.226480541492
0.094990874324
0.210959861086
0.496566417878
0.498928035743
0.546987403928
0.50933007916
0.250101159725
0.0960116167944
0.200005261346
0.413255918343
0.408877325759
0.432003582759
0.279610429874
0.0538275992548
0.305923538123
0.460474660342
0.616255489995
0.466604862123
0.380812614048
0.239340319796
0.170224248184
0.374623100227
0.472015905069
0.470547851747
0.291349289371
0.179946732676
0.152245854185
0.335334547575
0.480052721883
0.590780370583
0.520681439297
0.288732849457
0.0563607152605
0.174256533373
0.357254780847
0.454892370796
0.480970174368
0.330874674053
0.0729567555242
0.226069292164
0.404430888438
0.513171574393
0.48527899209
0.503120183248
0.278850806574
0.149586549429
0.292165293075
0.448656489025
0.482077557095
0.362368314211
0.266468070716
0.0335454209466
0.222359199226
0.456151640043
0.550034369078
0.475478402022
0.321095432427
0.21686819595
0.181041848374
0.341720520112
0.467699684591
0.527769043697
0.378483985307
0.155378502712
0.128590138752
0.302406199929
0.444413589343
0.53640880823
0.512263081558
0.247190318935
0.148791401445
0.202746006754
0.400635744985
0.480044120238
0.443615824222
0.391581675385
0.0854387033107
0.138001279026
0.356379804947
0.476990081108
0.449699129067
0.399967447955
0.294157644674
0.159828216408
0.347105404649
0.477041398007
0.506393631257
0.430921851887
0.250201457104
0.164231495445
0.245555090309
0.38355583547
0.514980751954
0.492065065323
0.247560573784
0.0827997386714
0.092075224124
0.381271045171
0.524386720115
0.528449927877
0.424432993613
0.227853970927
0.0980007760803
0.283770036187
0.425587959256
0.455995654584
0.442409635046
0.335345716913
0.13170351724
0.316874804951
0.413693201578
0.490376805726
0.541452910979
0.345654125781
0.2017573076
0.178898882527
0.351629438741
0.485888571453
0.451003372048
0.343871402447
0.120611821458
0.0363718500892
0.316992598889
0.55249086036
0.540479417117
0.426687443308
0.386182851569
0.100279978576
0.161890079834
0.354016377626
0.488218981955
0.452066906311
0.320265508384
0.166003741839
0.290858354601
0.349449766041
0.463528241811
0.591628726062
0.402862079817
0.21567022842
0.128005481489
0.319880360098
0.358437105431
0.413138663121
0.430874325919
0.159177275332
0.0914221232888
0.205668327283
0.559682960128
0.522926967331
0.464671410443
0.441586385182
0.160514769016
0.106721964872
0.254386759296
0.489903708066
0.393397444336
0.322093368962
0.216704686842
0.239013608452
0.3047213287
0.41645587423
0.626666148347
0.4580454001
0.271905417884
0.127711212493
0.260901345763
0.289822230275
0.417192553237
0.458794966691
0.207276863575
0.173904292188
0.208781802755
0.535172919307
0.498637996401
0.485431942249
0.499271919474
0.249435121119
0.0502762948968
0.272374125346
0.456008437409
0.366743307053
0.36307941125
0.239916723645
0.132975480651
0.277647543298
0.483064338093
0.642862962753
0.501253467365
0.323505883807
0.190093030236
0.115550039238
0.24762583619
0.490353894764
0.479784162853
0.294369583697
0.174565975758
0.176006388724
0.454095918628
0.451239681426
0.605006271104
0.543828559714
0.33050493756
0.0680052863839
0.200632914744
0.369024511926
0.355019543167
0.437732948856
0.271830795655
0.0722030899277
0.240494315079
0.464836703576
0.618264387122
0.495423901779
0.482795091894
0.274727650257
0.088977668487
0.226122737845
0.458236818061
0.500028768066
0.345415142231
0.223797969653
0.0942796077745
0.246464153753
0.438560118614
0.631122811908
0.561859444184
0.380111713325
0.185770169031
0.167655090836
0.307263201671
0.360368686641
0.48332926005
0.360254678471
0.168731012827
0.19641286756
0.407724528904
0.471449975164
0.508046924078
0.578353306951
0.325749344857
0.181216695992
0.174549144097
0.418497563139
0.459427429047
0.377850353844
0.336930658136
0.062220160111
0.15447045653
0.407430506284
0.591028149128
0.486263327686
0.403456774075
0.30850015207
0.148627172872
0.231413026274
0.38448469089
0.514272493411
0.358102479403
0.241494187919
0.153458695748
0.320599849598
0.408467727257
0.522052023446
0.587831191515
0.31892132276
0.209640116395
0.119810650851
0.375491897178
0.39618520633
0.423204004656
0.408073038473
0.0977929434644
0.10098645287
0.297101389696
0.537120370137
0.481538788787
0.414889519936
0.360160793115
0.149298166658
0.245358440158
0.407194530876
0.515435579845
0.405380724324
0.303933567948
0.157610399689
0.245602057339
0.336825189614
0.478019583538
0.580123976168
0.394992676136
0.163866353473
0.0459039484012
0.299314513895
0.412724007837
0.500466575914
0.45898387664
0.236928783647
0.1947733994
0.250836252713
0.459181353287
0.477940053367
0.418816253804
0.39294277409
0.208469970459
0.253210569378
0.398334887208
0.465409534015
0.477818548001
0.382377467587
0.230858942716
0.131169972143
0.347337208502
0.475759178811
0.529562762677
0.455924875191
0.173974951099
0.0397810866712
0.170134248285
0.429309369161
0.535786222512
0.461571262975
0.366541547079
0.215552772117
0.102725934937
0.362403245952
0.482219240602
0.468384269465
0.414489156452
0.27157830651
0.242798200765
0.351275162126
0.424672179009
0.48800235834
0.439876049181
0.277758231308
0.0857165593955
0.321481543269
0.34772598779
0.491317552817
0.459024203498
0.249032227043
0.177197612482
0.130607943406
0.445222169188
0.538611552158
0.512150251359
0.382195634148
0.225827410734
0.0442091738972
0.260607618326
0.473865724707
0.434897987446
0.442466839051
0.283095540308
0.203578166473
0.262358847762
0.407555724303
0.537492098287
0.515190256157
0.371895945615
0.114686272391
0.208766638884
0.252985240504
0.453112665971
0.465263546033
0.305763036975
0.261017993281
0.206968947628
0.449002790028
0.470360661644
0.531351133881
0.470526056182
0.326491874587
0.119696810137
0.264663277586
0.419355797896
0.417731861886
0.438990406886
0.290762950486
0.100119172801
0.231478308511
0.447664444106
0.576244988135
0.524302280263
0.42719712418
0.250637531414
0.109277826518
0.17585749987
0.447908973734
0.458295871062
0.410049375681
0.291921742638
0.194796828936
0.354552809031
0.437739389963
0.602458843261
0.52394309934
0.391313816304
0.193644147104
0.213272994342
0.348206083078
0.388333302848
0.454594130265
0.26935640349
0.186880563666
0.225533738638
0.410413751218
0.547810524652
0.557108934017
0.542713306886
0.330461436779
0.123630733157
0.1289518356
0.403063715121
0.458270866962
0.437483119247
0.347364387878
0.118346269465
0.180973841963
0.400304938965
0.584908285802
0.542874992609
0.503672850182
0.300554483771
0.225807761791
0.222941411296
0.344537173467
0.484633417348
0.308825564533
0.25377500616
0.176801555928
0.35990765075
0.44786700485
0.538036217242
0.580290609642
0.36924230298
0.299904155181
0.123888113961
0.384791460566
0.3729835067
0.4429824225
0.418864825175
0.0731880892914
0.123358541419
0.287086482883
0.535475426263
0.52878592881
0.511345501057
0.360953191975
0.206796079237
0.11389919366
0.333006060828
0.482140492133
0.308348132047
0.353900745704
0.203318639393
0.295202110987
0.398233087633
0.48333439179
0.546243316488
0.42693820939
0.348351412654
0.133405983083
0.344311204078
0.280058684825
0.451235860945
0.40077488885
0.0926038015972
0.197300787075
0.24497415506
0.496828721254
0.53875706634
0.496144762269
0.332591701737
0.194612423821
0.16906417074
0.366828486805
0.477137997677
0.356352099126
0.407368190901
0.15799518962
0.215253272957
0.321255845193
0.478525554826
0.549891832154
0.50219803082
0.366873261075
0.0951111026539
0.208510579431
0.26303074495
0.494725878646
0.435721642595
0.230567340579
0.274208446754
0.219206205817
0.448910834999
0.494776366021
0.515826600553
0.400146083672
0.271740490456
0.20617078748
0.362777257783
0.435055400938
0.421821829347
0.441129692733
0.228909998596
0.0695921308763
0.296918912403
0.476066289472
0.55063373703
0.519739346176
0.390873766836
0.170394259121
0.115818532948
0.238522367677
0.488777175282
0.470178851637
0.387897037108
0.285342483276
0.0828517040751
0.348463825205
0.454242600533
0.545104387306
0.471580942867
0.340836939591
0.236981006491
0.288233678465
0.430189926749
0.417646443701
0.453377061735
0.307366775289
0.164283099449
0.266365460518
0.34517840113
0.515742277278
0.514990441975
0.417878732271
0.263870310065
0.0991883436283
0.285543299598
0.448567318793
0.530893563565
0.424601547293
0.287646318802
0.0550451520395
0.257127076539
0.425959456506
0.486997046662
0.49439115975
0.410165884512
0.24325321613
0.219583197802
0.366663903793
0.461067406266
0.485880306271
0.401342921001
0.231986054969
0.123348240528
0.260122389811
0.462292272491
0.487850355329
0.423365007252
0.309210585056
0.208287931078
0.313028163449
0.422515710445
0.525952535117
0.504323241456
0.354949854918
0.145205370309
0.194344178321
0.323726804939
0.471004755132
0.510208828823
0.39784279803
0.192423013853
0.189119990222
0.316515932784
0.466667485832
0.527428889483
0.468976944973
0.368551055321
0.0986161121307
0.170501622793
0.391320780443
0.418717465899
0.470653918419
0.382638777952
0.233628300116
0.236872729231
0.410885209951
0.534913965611
0.500551051346
0.440768814278
0.245738402573
0.221947636283
0.27013975706
0.413009260779
0.50690181222
0.347982192626
0.226309745004
0.138562748241
0.248803552157
0.453953455709
0.57624981177
0.557425817916
0.38737738053
0.189662882059
0.10242198
0.339024039008
0.398073221156
0.47017471241
0.445826050983
0.224249496915
0.160179025406
0.333033772426
0.457536733195
0.514718130068
0.559815858612
0.355014207454
0.231443699099
0.137515642973
0.363746609488
0.485230423394
0.343653894078
0.301780226321
0.157341147563
0.203289380726
0.421396497294
0.568799975394
0.536050955877
0.403728306208
0.368414145782
0.0972620835206
0.28299747511
0.323892495943
0.493376952575
