0.0
0.526974926532
0.69880142632
0.63175894328
0.442869077631
0.307002846404
0.241372947405
0.141092355923
0.361385510263
0.482929381491
0.625684034443
0.639554299918
0.354927473687
0.228041365128
0.519870632857
0.68984494776
0.561055661252
0.41601982666
0.171873590903
0.0356538836414
0.221609262305
0.372228911557
0.579843755254
0.691542760581
0.635144300039
0.266171913366
0.336204737076
0.605203781983
0.621378716187
0.514652635763
0.304042052975
0.262306018722
0.119560548391
0.255140448741
0.401549753
0.582081510071
0.702289785449
0.57552574567
0.253156314662
0.350583007663
0.630287711573
0.58660074562
0.439565365693
0.189075266506
0.0441211542394
0.148879857499
0.31114569904
0.471381855488
0.665931673985
0.741730189472
0.484026288194
0.1487138613
0.472203549473
0.565785694835
0.550739096994
0.350594910777
0.244758674553
0.154306722399
0.197703502514
0.262363281915
0.507862201999
0.679563693535
0.708653021792
0.523145471756
0.242260743854
0.492464256807
0.570125090393
0.426324776465
0.242122893299
0.0717260894177
0.0770849745389
0.295210629372
0.363167452961
0.583304346306
0.76700949682
0.607740267873
0.306300669688
0.311022256303
0.448275259182
0.514481104338
0.387641624872
0.194012518082
0.162131098422
0.138136436364
0.133752329164
0.403690235956
0.592768637629
0.809051596502
0.704263750121
0.301589597096
0.342603037535
0.483733120687
0.356772065763
0.259226423965
0.185556037928
0.0398927946012
0.297486949195
0.267716958127
0.409895433109
0.696102895476
0.664812909631
0.538255691045
0.29476842888
0.353805106802
0.45149512496
0.351279381365
0.118232970648
0.125150311452
0.144635263331
0.193689572267
0.304945037395
0.48567439532
0.80132812786
0.791353577254
0.420920615257
0.30301371115
0.306490875856
0.312809998732
0.257486959301
0.207207665913
0.147437114688
0.311995525736
0.192531244758
0.308142088954
0.504345618214
0.712327978348
0.765444256192
0.440440936063
0.310349234036
0.384895841921
0.24922813324
0.085620453674
0.0665043902027
0.224614396008
0.319966244921
0.313007098098
0.297506032374
0.64047519102
0.770159598347
0.581323451172
0.400199864348
0.192199745823
0.327627325228
0.252134917902
0.181806441302
0.189518442395
0.304446179928
0.274341342614
0.339389927754
0.310918653732
0.65991802585
0.869594082195
0.613881853768
0.336642771054
0.308173403599
0.141760190568
0.153809116964
0.0379116482537
0.300045145264
0.400299125918
0.384150561655
0.192267334793
0.412784861752
0.595916263381
0.75521548589
0.547245230068
0.300474036398
0.324396628144
0.214592886795
0.15414726695
0.173135948492
0.297455464102
0.422815804832
0.428901104848
0.26392375202
0.486379294203
0.79236622392
0.676243228038
0.473353269795
0.251610478201
0.164326686255
0.250861721145
0.062330303197
0.349659176567
0.44747633414
0.442534901318
0.348646495625
0.215510948355
0.422736387835
0.798371661839
0.697857244521
0.445964507276
0.334950551045
0.134748328316
0.036759594219
0.111904783483
0.343348106382
0.523975246778
0.536046164685
0.348126313353
0.302150923569
0.570449753343
0.655149881335
0.621762343525
0.328438569808
0.285956649421
0.302971995506
0.126342221573
0.32092494913
0.471909168504
0.532215750545
0.550477627655
0.271267841252
0.27675108004
0.718303614514
0.74068140289
0.525444348657
0.383513422776
0.137375810914
0.146151676662
0.040480616817
0.361898335355
0.550252253659
0.629335434057
0.499604044082
0.215166243925
0.34935650814
0.62268913305
0.677577211726
0.487284921833
0.332704068839
0.297952957131
0.193509802421
0.207925448901
0.444992062638
0.584628614161
0.650123989607
0.487940832684
0.164295772662
0.539258783489
0.673203773451
0.614417545318
0.434681265188
0.245364622056
0.185278619087
0.0587523841942
0.349964011172
0.504258649913
0.676935234859
0.644198741035
0.413022589327
0.124832687409
0.511423513522
0.661762190466
0.562108971802
0.402722318262
0.268560923618
0.213579868406
0.142849598777
0.347650362959
0.564700001155
0.677147693171
0.666567789595
0.298284374303
0.275536415648
0.566030432025
0.647703544031
0.496178952252
0.321335490596
0.203635097445
0.0646734088476
0.300810653207
0.43258358624
0.636716313808
0.706624931166
0.614220027045
0.283569454605
0.317238980537
0.596639651526
0.58553736082
0.482708123396
0.288580660685
0.204792451108
0.123617327918
0.279034427896
0.490930220584
0.659678805073
0.74495876244
0.496665490729
0.18221927802
0.394448741251
0.599140901437
0.541300808146
0.353898104596
0.264453680961
0.0805085737125
0.217722919819
0.384846805961
0.545246614279
0.717342009239
0.75170753849
0.483542744997
0.0961082316311
0.457146195794
0.547061579612
0.503361139639
0.337757068877
0.151192360286
0.176204420178
0.207836187729
0.338741056337
0.59441905226
0.729360134168
0.673559036702
0.4403430252
0.287213605411
0.504161730858
0.540373029675
0.35148738612
0.256601250749
0.175967174915
0.0929153451431
0.336476405189
0.452228747535
0.608168759575
0.793162991128
0.602077319056
0.210060322125
0.241564003424
0.474092448436
0.489834375923
0.343064985623
0.136676845967
0.213681420428
0.0436706948008
0.23396844663
0.471572959039
0.686176503505
0.804201699306
0.629689293518
0.294212202583
0.390712604225
0.460505190311
0.321071366948
0.213818621648
0.206839713677
0.117817657251
0.2988985161
0.268265387852
0.451857244994
0.70231543078
0.715924063691
0.504194338024
0.190530057943
0.430059994365
0.456602881575
0.311351416694
0.0849163337177
0.182132981463
0.120746316073
0.235664325
0.352957401884
0.54964969035
0.782820610332
0.730819688301
0.402755442948
0.332455064569
0.322073780932
0.354072311181
0.195474892282
0.188151553478
0.215696523709
0.280833826136
0.116287601769
0.351604753621
0.533298019515
0.782034830637
0.744900382351
0.372358981814
0.362033062928
0.405142542201
0.244207532382
0.0520157380676
0.129858327766
0.216760237176
0.312510065168
0.284946712117
0.349131299327
0.644856943633
0.693161380745
0.60288361673
0.385736125279
0.265886193083
0.377652111314
0.195641622286
0.171604716009
0.25286403463
0.276538082196
0.229189270394
0.319528406134
0.374723522556
0.697044041421
0.8412728034
0.534817280966
0.340144457733
0.324962716421
0.209851851665
0.129362831249
0.141687072044
0.315720959999
0.390081062094
0.297148956218
0.257600963223
0.449056708648
0.586723558988
0.743468324099
0.533398803467
0.32136359173
0.348408775528
0.157543029089
0.0952908090716
0.236655956763
0.339821941779
0.411762757048
0.380854114329
0.2544761663
0.581040875507
0.764035582709
0.58678706316
0.437147171782
0.261131173431
0.25477216409
0.230761992975
0.169077215234
0.353710175108
0.462042617844
0.400961277447
0.384334426973
0.273178689586
0.462489657972
0.77745039174
0.665960602689
0.37681254647
0.329212639877
0.102585985112
0.104227993479
0.157969251001
0.425800491236
0.518396639466
0.505279385029
0.287705296235
0.427071204231
0.617348805019
0.607947976663
0.540692338623
0.304655437435
0.285963884317
0.286676750626
0.186774072389
0.319885113748
0.499481654448
0.543647728583
0.542931231617
0.287384977386
0.310370043784
0.742734239599
0.689661946951
0.450279446781
0.335743803918
0.100417835097
0.195717970533
0.110655404813
0.441203957442
0.563479747226
0.622534533583
0.459009363836
0.309470496526
0.423560831298
0.582684942778
0.60089071658
0.404623861899
0.319937834578
0.294084166553
0.19336291612
0.281728261925
0.464693140363
0.609289519268
0.642884439706
0.489783974941
0.134440884456
0.59257579641
0.666759771822
0.528024421912
0.364335371248
0.173776618406
0.212431602291
0.12804114787
0.430431136053
0.555328224071
0.683666556496
0.605908927523
0.411195546311
0.200581512203
0.519816137838
0.621722887303
0.478328345466
0.372784790657
0.292362105805
0.187092645727
0.197774755603
0.409001483213
0.626575600401
0.700448492407
0.652932507838
0.202403644314
0.323985809759
0.547926022473
0.56831406798
0.406119747124
0.231744816581
0.307497009422
0.118074405879
0.377489415666
0.525624285302
0.669160924156
0.707119895273
0.590917555726
0.297086711205
0.385676826658
0.587443140063
0.520497611256
0.406227586792
0.271944241924
0.118509226463
0.0988213548152
0.357209125619
0.561664827844
0.71283798978
0.735743157506
0.410771849539
0.121995087955
0.39345565968
0.582653645248
0.452815572164
0.289253402939
0.327810713474
0.16929611512
0.266783300775
0.465823165043
0.633776704518
0.728144015105
0.724483824413
0.454446896517
0.190430415996
0.442905544672
0.497037077073
0.430139969864
0.25198950685
0.18731093205
0.177521072756
0.214145582452
0.464046756284
0.663574922241
0.774862113829
0.627655100955
0.343330178765
0.325828735587
0.526311205056
0.486249000432
0.273357449721
0.255108851093
0.194152796349
0.0712346048622
0.370611736135
0.514746983808
0.646965946679
0.7680425583
0.604606868773
0.185491531877
0.236867885373
0.50513428633
0.436778246067
0.260113192705
0.188389146668
0.23262349234
0.101274716344
0.351704002264
0.574376953914
0.743649930469
0.754802853525
0.53248943776
0.311882479401
0.427126814026
0.431440673016
0.306452280707
0.151940939132
0.170068629209
0.138327556092
0.251728609963
0.320761052055
0.543369712328
0.724656356284
0.745488876941
0.457260224261
0.185031183402
0.490534194704
0.435994967502
0.252754298277
0.148614464478
0.206056520091
0.0864836039066
0.258302889389
0.440390364198
0.594887954512
0.755061492407
0.657446825578
0.396101533884
0.355846971049
0.368263340396
0.387928598909
0.116462497433
0.166949671893
0.239355045242
0.187602708919
0.170832294919
0.431095992489
0.626839521646
0.763135735881
0.681132830813
0.358034765961
0.400289968797
0.421686628861
0.227698347686
0.0865180308095
0.214420815839
0.193456095742
0.276935821139
0.278917234116
0.456513465768
0.667274395176
0.675167616089
0.547909755672
0.373277600003
0.355730031944
0.403545936134
0.14983407463
0.143091408703
0.326360111646
0.246632475435
0.197563510434
0.344602491222
0.463545601699
0.726575414842
0.771342809324
0.479802360954
0.332330609332
0.371806694982
0.247705157105
0.0802846922392
0.244505414267
0.291299113268
0.368310912083
0.232615040098
0.351895471469
0.531811691222
0.616850075335
0.662376229131
0.487615038994
0.350822777095
0.375241847194
0.166151750047
0.103027023396
0.328444395494
0.388795159426
0.347970968732
0.344819438387
0.304139692875
0.667338575929
0.741693085435
0.531750289177
0.371489229057
0.28766050263
0.283053176722
0.194420309407
0.219186404568
0.374621531292
0.4669961741
0.36716382395
0.380248738687
0.358955663632
0.51612088271
0.756302399862
0.580007217987
0.34920620725
0.350165058778
0.139108996566
0.186636027673
0.265301648305
0.458282167606
0.485377366763
0.442452160821
0.263208679516
0.506265702524
0.642017914599
0.555741241416
0.462334722216
0.258136589962
0.308513506554
0.274490901747
0.204782722759
0.415833760668
0.523700948799
0.510494612785
0.492978769799
0.290539609981
0.391436640806
0.762769933825
0.630670906769
0.373027672141
0.326035158275
0.10434696696
0.186821042256
0.229778514228
0.48613039583
0.582576222936
0.57242572289
0.398519030933
0.362881563123
0.404866885519
0.593943790696
0.544716882895
0.320747110146
0.33110432406
0.310401806527
0.199840338753
0.370453380256
0.519914138967
0.609669288717
0.608038949917
0.427811632519
0.192632390799
0.618320720679
0.60278082839
0.437461821837
0.287102043959
0.149948764319
0.270402995887
0.204042110715
0.491382659876
0.615806222783
0.659746734328
0.554683865149
0.387832546259
0.194855777846
0.581569231065
0.599953003235
0.405066029704
0.321577973681
0.268397528001
0.126854224875
0.21414111787
0.500095991708
0.662860502023
0.694453608653
0.588703710306
0.147572535021
0.331402017751
0.469494425616
0.533872637725
0.293244618432
0.248211524186
0.36068367325
0.188888874885
0.432801747262
0.596325652243
0.701718590795
0.69442447119
0.525901450278
0.260183211238
0.453100551971
0.57681536272
0.420782577451
0.331035368685
0.170411647219
0.190531932013
0.0378386324965
0.423683036635
0.641416096477
0.73957032949
0.711074887104
0.355776062279
0.0690685322764
0.388497476175
0.564344320555
0.380253540277
0.245928322345
0.342549624394
0.187637341671
0.246377264703
0.519196900839
0.69076822419
0.741404663138
0.6701463767
0.416429169535
0.270028775193
0.428094208314
0.456507950086
0.346458020399
0.152242935312
0.269862080204
0.171059530276
0.29577745306
0.562801544026
0.738168921631
0.789546052383
0.580556059974
0.240410629708
0.341357571348
0.508721315982
0.423329349592
0.234808704722
0.247357788211
0.147798523529
0.0593304301587
0.361028070225
0.567141257031
0.709755568502
0.774352020987
0.57970802552
0.188407842042
0.287703999976
0.517016164379
0.366942150103
0.183654140869
0.253769181348
0.22490095408
0.195059275433
0.412917021488
0.667852773646
0.747806895193
0.71137758043
0.491564843285
0.277491147148
0.429030234317
0.402086931571
0.313970722855
0.158815094212
0.143284074274
0.107123537639
0.169694102997
0.428380423015
0.630864752553
0.791009855946
0.67942570434
0.390193818544
0.279778303742
0.4810576201
0.407273272287
0.175562575751
0.24850922332
0.242577581151
0.0796319388491
0.296618180765
0.503032189631
0.661230696686
0.74874569439
0.655261331772
0.305332664011
0.355575603238
0.407292987567
0.381258031848
0.114061809985
0.15715657385
0.284719469007
0.102863282113
0.25467377406
0.524238642119
0.701333187345
0.717461589243
0.598110122404
0.396240342027
0.383690117362
0.419539175189
0.1868447474
0.152318778509
0.297182412826
0.133663428905
0.280360874807
0.338290947377
0.544860458308
0.71250442436
0.688022842499
0.431145594947
0.331509896702
0.407509236416
0.390689451371
0.145883054253
0.192077086004
0.40732892009
0.238328438922
0.1612228145
0.399808244538
0.552597704707
0.756620679012
0.69935276196
0.462838721813
0.31810550734
0.37549825924
0.23937064762
0.0400688414339
0.26665756603
0.314440384438
0.359194478996
0.231000789952
0.392797406263
0.587839944522
0.648817672562
0.599542967135
0.401743099533
0.389338063062
0.386517889618
0.16034913487
0.214984341428
0.411623609672
0.374687111266
0.294104507468
0.31506045934
0.391692995423
0.691141139626
0.70605569597
0.496113833496
0.346487448983
0.273331241072
0.286237628178
0.16479488645
0.227557654136
0.463416038409
0.475889091241
0.303232823885
0.355471051741
0.375959269788
0.597698252513
0.735392725619
0.493313941456
0.358574470559
0.373196794614
0.134532017571
0.204909746757
0.357794278822
0.442220671038
0.477456767323
0.371505033272
0.265277692615
0.529069610533
0.578845654686
0.564765702794
0.427862048075
0.242813923857
0.3426586056
0.257923686357
0.229517232289
0.497168472179
0.547296536415
0.446590619632
0.439571746849
0.247863992747
0.454011414148
0.74230489353
0.551754107332
0.345893632328
0.317096569765
0.146329234557
0.171996758506
0.324829934476
0.51189594161
0.591738977428
0.508185254521
0.34038640409
0.37187240892
0.346276319642
0.632651710446
0.517282026732
0.310667112038
0.340982013935
0.268081788928
0.187857348755
0.419015774138
0.571231705832
0.596395117804
0.554341411676
0.344217240373
0.27360099945
0.583271498473
0.48792980769
0.420511505148
0.241283971988
0.2537911461
0.288748093672
0.281942964462
0.526670153703
0.641611436778
0.62168240551
0.526896759303
0.335538465556
0.188747472667
0.588915303112
0.581181099002
0.332032707808
0.310322004356
0.183858401746
0.159702314261
0.245811073321
0.574210033722
0.679159867428
0.66691130383
0.51160764338
0.232332435142
0.323419720544
0.408309916445
0.495875126204
0.253553790462
0.291847083292
0.36027331117
0.219392035426
