1.00000001476
0.898404724068
0.845723555313
0.547384451992
0.260048164419
0.164154015213
0.0111235347944
0.0443923632795
0.170931157625
0.409615383477
0.468516114228
0.792117657737
0.918491048289
0.929136459775
0.893791927209
0.697190645819
0.60513623986
0.314709794886
0.102710846801
0.0205374685857
0.0865139105006
0.305323254364
0.380715712925
0.529649137223
0.761386280259
0.883403107355
0.872630132528
0.888915496388
0.61055380213
0.436285510886
0.297224675542
0.099868837141
0.151128744944
0.268646861457
0.417668973862
0.260952981294
0.502628729399
0.767841403162
0.770484525369
0.811917421201
0.743239930139
0.656977739729
0.380278936916
0.181155782718
0.0499908513239
0.1898800644
0.355377613897
0.36351173079
0.243802810385
0.639334465135
0.702722487014
0.662717303714
0.775486283776
0.614251848753
0.521765024915
0.334685011099
0.150284528432
0.264772179877
0.363533588725
0.550504417578
0.319471883796
0.305550255116
0.612891406798
0.454910932359
0.608635709348
0.733535025452
0.600954595855
0.342372970263
0.228316916657
0.0867487813114
0.305488117755
0.439682606696
0.595430599374
0.318350375392
0.518645711803
0.60394830714
0.342963432233
0.57816977965
0.56057390581
0.460296180178
0.297462057547
0.161718101741
0.305886542874
0.486459657992
0.640621654581
0.578282534196
0.559595724146
0.707696705439
0.413438593718
0.241036977085
0.568789384049
0.445264570098
0.263894073568
0.224043250572
0.115217818931
0.326125704092
0.519412515211
0.768630271618
0.646103104533
0.718380270838
0.661898244973
0.268850454943
0.39194606581
0.509447199542
0.289128658901
0.239216463227
0.137260237075
0.231050263673
0.535523342695
0.650872783994
0.777813163613
0.81218754224
0.835934437907
0.6214875305
0.347057184134
0.481902664485
0.282739476695
0.149030352588
0.162713146486
0.0900443599149
0.273959002318
0.509805933494
0.796832728232
0.811663738188
0.904945198654
0.817011973061
0.572809301484
0.461690552671
0.441006051005
0.11734362169
0.116002981724
0.0968541912564
0.145397292735
0.441623609793
0.560672092748
0.801495881294
0.937444930413
0.922381900068
0.893160853747
0.697166661727
0.572095804137
0.285784679226
0.0680532387722
0.0699662974557
0.0526702776776
0.181597441555
0.408930482238
0.621122789781
0.75960652075
0.957009352828
0.930866369145
0.840985949986
0.687781220203
0.455652267683
0.284459366825
0.0877314084042
0.0331872091982
0.15878554291
0.218502651343
0.40987653198
0.682625660714
0.860021694264
0.937278175716
0.949308659996
0.867133866774
0.704926879032
0.374480667786
0.289246693427
0.0731542560258
0.173572337437
0.135051880972
0.313662140598
0.522386267608
0.603179905575
0.771555176408
0.893056749556
0.927054929515
0.784610053856
0.578657160411
0.405735675409
0.170956843335
0.11495706834
0.169163001072
0.146649357634
0.394055956189
0.52983499942
0.595461937899
0.825576577941
0.884532921324
0.850625230825
0.747094300678
0.500901297564
0.449218961724
0.122473005934
0.272108685439
0.248318403612
0.273765799725
0.554282910734
0.374793986168
0.486536220617
0.751843661627
0.798755236783
0.753205788315
0.716229861622
0.473925507088
0.204462365908
0.170204137902
0.267728172468
0.316777585523
0.478561369021
0.510285736729
0.185198201974
0.564187931381
0.728634621789
0.652322486069
0.681301610129
0.550372688398
0.485061334215
0.216556885387
0.277893730854
0.339446057889
0.453041955316
0.647373242491
0.444427739179
0.282961569603
0.660877011072
0.557322654035
0.494299830133
0.652587917414
0.41229640671
0.223000965921
0.106287818127
0.32763731614
0.427930746411
0.632987747761
0.684862595557
0.408752625604
0.495298099417
0.601585162881
0.344563423842
0.443899898407
0.516034901495
0.386669274233
0.223729482452
0.194557179545
0.340727801643
0.575835661644
0.704383998271
0.677655465547
0.526652433875
0.686833085621
0.415995870101
0.164868611752
0.474468364297
0.290292901505
0.175688832488
0.063673405576
0.295809304379
0.467398073508
0.706714315597
0.839485156763
0.729652730225
0.65345976722
0.612062356062
0.209418702394
0.226787658086
0.397954055612
0.206259648143
0.117029088031
0.0930277469937
0.353289939466
0.562778946256
0.698131523182
0.871209046123
0.806695223112
0.781805663715
0.638759182803
0.318288227306
0.31647081475
0.176724428163
0.0472904291274
0.0970181802939
0.24768138364
0.42674547917
0.694625318179
0.797844368379
0.865806530435
0.899003980748
0.816131117701
0.607416055144
0.322268085153
0.278381028042
0.0622559196976
0.0233017502493
0.0746592585813
0.329342543352
0.410206650106
0.623097970231
0.920694151804
0.927500397792
0.935735990169
0.779149395308
0.604363893749
0.413241684271
0.184787744742
0.12539189396
0.102405667217
0.241878635842
0.302460163607
0.586976320309
0.722502102295
0.862455443472
0.947050182929
0.90930520034
0.848043049975
0.564384183251
0.376170372765
0.147695988483
0.103660678017
0.187485003971
0.266914613773
0.242861551394
0.538657322741
0.824237129112
0.835568781778
0.971941534811
0.86326269778
0.77037762097
0.546417491132
0.291773339248
0.250633320083
0.156809224878
0.297888147152
0.221517345501
0.402528960868
0.644890370431
0.684973107384
0.813691961946
0.867115720383
0.885928644671
0.733988565705
0.581014237233
0.237476758633
0.183583673384
0.247479423501
0.374827872165
0.252327027014
0.445572792043
0.606134318224
0.517089476534
0.820813240752
0.809433807229
0.764253214893
0.615026216128
0.372457746269
0.320888430848
0.22878189925
0.359162777217
0.328582880059
0.302116032525
0.591288799146
0.489460263244
0.50599350261
0.739220071604
0.752823885964
0.679616039148
0.606634846818
0.210587644442
0.223156276469
0.159602929695
0.475432501383
0.406381996269
0.558794452044
0.620164300263
0.296109750819
0.524683737643
0.672515068707
0.592191319955
0.517035099632
0.394093276002
0.298695772142
0.225075911795
0.358647512874
0.425604171466
0.446951529828
0.64504084332
0.487818334483
0.244734464484
0.622528910349
0.549601860159
0.463190621825
0.491363752023
0.187428056093
0.184237331599
0.127274828444
0.5262615461
0.560810911619
0.677233280264
0.786618846836
0.4591257805
0.347072227037
0.529098054867
0.273053467314
0.336593209199
0.369515109199
0.220780202837
0.159420357859
0.330392670609
0.508399662589
0.608809850734
0.758139581835
0.754954930673
0.425842048409
0.528410873869
0.470918534515
0.16265820862
0.298285555328
0.168828969193
0.102677926146
0.155233613928
0.508983719368
0.617186395832
0.802480605724
0.865666323333
0.736367963447
0.641913749101
0.642972669139
0.284038776675
0.071262719817
0.257343464808
0.101465616415
0.118753122588
0.262161810423
0.499969875299
0.612287046215
0.816428646017
0.927533437464
0.750601055363
0.737845672652
0.518125649639
0.222956996994
0.152598867017
0.131755859436
0.0962393057585
0.135709744922
0.383701687239
0.532561139928
0.830789862507
0.876998549083
0.931811871251
0.862771052345
0.764849933755
0.505651963893
0.30144731658
0.180077339223
0.0636772783475
0.126440279956
0.249495620087
0.402086825929
0.504009815548
0.763997417607
0.965046056339
0.915227253456
0.916707759556
0.653319799719
0.488639313351
0.255263202695
0.0739075367767
0.165916654918
0.173371897514
0.307124124099
0.412515825528
0.686469027001
0.8093613069
0.914577643237
0.933933826261
0.829097491795
0.721533916506
0.567864627346
0.297630812987
0.0824295813997
0.209130620302
0.301025762298
0.40768402875
0.35187642246
0.607921987301
0.789453710061
0.836693088326
0.939576155482
0.74002526733
0.658561903041
0.407735193245
0.135953592996
0.215041238655
0.272855334182
0.40966012473
0.409739290984
0.365498555907
0.652684259378
0.750041919844
0.807949938976
0.822435507019
0.758951869786
0.663492050616
0.395000903127
0.078308675932
0.258520253907
0.286334380924
0.516600495408
0.308281462442
0.494535711677
0.679976646122
0.634248437008
0.729617991257
0.735887327485
0.684093734306
0.442220563949
0.22617528036
0.239666960306
0.311182334142
0.510833819443
0.446276792478
0.295356665193
0.607189578262
0.552890746003
0.527441967544
0.732538242176
0.676066863891
0.601989847394
0.400575069777
0.0919094272201
0.207904828522
0.315097318879
0.637597450494
0.47016429552
0.464985604875
0.704000851947
0.374395624225
0.399532952589
0.6074910491
0.541721062317
0.424710139362
0.306848309342
0.211356470105
0.324501310451
0.551871308841
0.603995841272
0.549485973535
0.693772249123
0.559078067704
0.130043488812
0.46903021846
0.514335542848
0.401085874345
0.316429515604
0.128170426815
0.088523723566
0.328765445925
0.665161381357
0.632470137644
0.685399945064
0.790850466726
0.48531482389
0.264361701471
0.520010472445
0.327376387168
0.25954139547
0.281878617763
0.0500805021641
0.292640667083
0.472958350306
0.680789492254
0.6970645625
0.842537942228
0.741938282244
0.461365224031
0.431359943619
0.366563043479
0.125219821321
0.160727267133
0.10631405044
0.0902745527963
0.269625792487
0.548772912053
0.69238168029
0.841220637508
0.868931844381
0.748161081491
0.537766555221
0.530923345989
0.183051918257
0.0597211471049
0.150514127571
0.143234683346
0.193394478329
0.389989569177
0.622095874409
0.721139783325
0.914031849248
0.94069261027
0.813248386578
0.612655953271
0.380525316659
0.17343486296
0.0523146312685
0.0534651106555
0.183518625722
0.224089317417
0.424912332688
0.676971361933
0.813412119123
0.90818870928
0.915658031368
0.785352531565
0.627159028013
0.425322646576
0.290898826176
0.0506201399389
0.222315038426
0.200209544662
0.400151052029
0.558268260931
0.626116014295
0.871759630011
0.903434262136
0.934524023302
0.836343438196
0.579731306522
0.450718597268
0.172444746554
0.129532922916
0.264047727865
0.267269684821
0.440099251835
0.60788642426
0.579061403835
0.818489928812
0.933218103296
0.870550009128
0.768445914227
0.547832214528
0.468565883229
0.203873127093
0.230102485434
0.295456684822
0.411499388579
0.546768764866
0.441976343153
0.710703461873
0.808436010253
0.879600944194
0.844393204228
0.69605670722
0.59046543339
0.32892404309
0.185046765515
0.345998110946
0.334490351019
0.542329497348
0.501977952286
0.336304421548
0.690097500935
0.794657522129
0.764481194787
0.815883581415
0.593842284708
0.529383525674
0.252502726933
0.220296005722
0.297905000523
0.42753258579
0.605521658813
0.335774387613
0.464650072989
0.711825410039
0.638715941903
0.669860990816
0.650910883936
0.580359988607
0.427216274607
0.205811829349
0.309995221832
0.419534424208
0.619007780625
0.640231374779
0.37765365214
0.563708866305
0.576496152599
0.42716567157
0.64486818436
0.508117109371
0.457532069453
0.2137215897
0.199566775784
0.211423871635
0.484033339547
0.707260285913
0.531562689392
0.415649813343
0.664064611897
0.412555239721
0.348258005633
0.511047670584
0.455417265702
0.361152430001
0.191162190072
0.24094355879
0.414573847164
0.570065654627
0.76062220619
0.583999119781
0.682483400342
0.585041493869
0.180623921958
0.365703978222
0.370476651411
0.298037362876
0.162585978782
0.13087561958
0.151591594395
0.484699964817
0.710511726187
0.71203032024
0.610840254783
0.729873863046
0.439778826871
0.139442899901
0.385396240843
0.235322662167
0.197274185063
0.111649484452
0.275847230414
0.297955559002
0.537462452596
0.809181803195
0.76357976281
0.824626458807
0.800057458551
0.469199511409
0.247333520777
0.236735644211
0.107015558523
0.154717181911
0.0807556226997
0.189461244165
0.438983124521
0.652751901266
0.801405321218
0.802880390866
0.885710628996
0.716793117301
0.42183770008
0.330437560057
0.162597864391
0.126754768882
0.0923993248417
0.272856227016
0.226884221068
0.543599118563
0.784821196272
0.81621698011
0.935756581964
0.871552653918
0.735015711971
0.570364109101
0.371987707843
0.16911929027
0.203801864119
0.182509308321
0.260521071777
0.378713338312
0.577668095025
0.779803724138
0.784996139513
0.926871115024
0.864639438334
0.700575086871
0.546648895962
0.247290012316
0.278789181619
0.201664831707
0.295821256551
0.338871579825
0.46097834247
0.666732706605
0.701137570154
0.924385721453
0.870724710198
0.888902620309
0.737323016711
0.49868973606
0.284000736557
0.317609964414
0.238470726578
0.385344099808
0.340276347186
0.561188482947
0.63631420699
0.61798476905
0.838499002357
0.877220107097
0.822384995706
0.711125979887
0.346119946786
0.384342193273
0.247272060082
0.361393659486
0.418834966222
0.407684133884
0.57758972464
0.506766665399
0.740682070048
0.808514541972
0.819949370758
0.743745760998
0.537562675646
0.390116319303
0.388628323466
0.202151846084
0.433086497949
0.390292573322
0.582483635261
0.619773738645
0.404908382752
0.623112595813
0.713077084206
0.708998027549
0.700880504753
0.371623449858
0.397497344854
0.13688498069
0.399927479598
0.415379680208
0.517910115656
0.692586427534
0.501536699656
0.391753959916
0.6675242844
0.619104341542
0.581899372491
0.500070958995
0.391994863445
0.359013098072
0.181898279408
0.456403098748
0.439249475109
0.583355561927
0.710631578362
0.364317033239
0.502637953972
0.590713091579
0.475145351606
0.515978237665
0.373217903906
0.324151512983
0.0382520809821
0.36673967906
0.435177595814
0.586933114577
0.794685918111
0.588505426321
0.336891108968
0.605231398855
0.376188643097
0.321088102412
0.429285237383
0.300275753082
0.251534339827
0.12953953707
0.432927209627
0.402758430884
0.641115977127
0.839153013685
0.58375844997
0.503928490373
0.626383304857
0.209759211558
0.179154019991
0.271986825379
0.226668953392
0.0727380673303
0.220643221487
0.422254668486
0.62327634749
0.833182849466
0.783750477406
0.667932458247
0.714968492857
0.408019273801
0.0560213721738
0.211480057274
0.167483884562
0.148807093461
0.102232226331
0.34875904218
0.334062677695
0.663227311917
0.890620164139
0.781641911425
0.744362119152
0.701602513329
0.391680866686
0.183940332065
0.194486188221
0.184240075555
0.178171339799
0.185823061707
0.370347803137
0.586451755461
0.773871943656
0.889209438414
0.832257401432
0.850892450648
0.585697935785
0.440247297201
0.205769155798
0.0331063905852
0.224575034411
0.263197204648
0.319434607413
0.377147458808
0.554538464061
0.802780913256
0.855266417821
0.904431903146
0.783625924654
0.653109520955
0.448565125231
0.22386568508
0.167274070653
0.304418930196
0.308796860657
0.453697095406
0.449398385555
0.68794398577
0.804664816707
0.826818052951
0.90437265796
0.788746668949
0.721402696979
0.406401088923
0.127643058517
0.343005536471
0.348501609138
0.419171631762
0.454333769708
0.439406564342
0.660985048021
0.802214088505
0.876779176759
0.856724696681
0.763829952432
0.60256866971
0.313523185827
0.21020973723
0.38004251983
0.387189564223
0.528392454969
0.351890399938
0.627535753428
0.700007364764
0.672133618065
0.822959663269
0.766644140045
0.795642575313
0.590326879031
0.247336077834
0.37207025194
0.309750333764
0.527563904784
0.51817256899
0.436194689876
0.657594852357
0.687336893905
0.60085242731
0.781158541643
0.733708962397
0.623530268636
0.407501874483
0.24274559928
0.374883710826
0.416021537856
0.567621346469
0.434315882166
0.604781468438
0.656644610574
0.425164297756
0.637728989151
0.663373602018
0.704243700271
0.571391113968
0.316047740411
0.25709845268
0.274583983752
0.539058257903
0.609819518329
0.508601889522
0.740857411464
0.540006607338
0.276349021222
0.622393773557
0.559593249099
0.525575696109
0.46444734235
0.229911110853
0.275306799995
0.374811269575
0.594835405017
0.50872464994
0.628640969156
0.717882884779
0.315372057033
0.351511404096
0.549269241945
0.435645170881
0.388545378673
0.273448391383
0.19044287927
0.163591587948
0.373684674475
0.614758832033
0.644355886315
0.832990909891
0.708094788434
