1.00000001476
0.871268760434
0.787205674207
0.432500527436
0.367843074974
0.0609770401848
0.028852646996
0.108220142413
0.20491772455
0.504674687419
0.683395247522
0.839074597951
0.98561514474
0.963124652057
0.800888669284
0.667501138719
0.354334512129
0.226036241255
0.0847491968109
0.0999812611161
0.247253397727
0.28266279354
0.592762780247
0.692527145817
0.966399470328
0.969463978677
0.907669178811
0.809170732804
0.469596943931
0.394557737528
0.0959746328432
0.175598471963
0.188408798134
0.2686071445
0.455765560108
0.636264616412
0.776166917413
0.95151733005
0.962424417726
0.829558308374
0.746226545278
0.371555356772
0.335474091335
0.214823078752
0.242729592692
0.34138234178
0.34309676472
0.516480923079
0.641189421575
0.891637888203
0.900558842448
0.900375897164
0.804865490321
0.562906017486
0.4081840981
0.21527559245
0.293678438509
0.358770393588
0.383906336845
0.464032105496
0.587073737081
0.732419020833
0.893445056557
0.910149237948
0.843527914183
0.755287464433
0.39194539997
0.352331155501
0.347938659938
0.374456202653
0.441899957309
0.427587906927
0.506967370771
0.59985977624
0.811907775769
0.824440741548
0.852276256722
0.77562234251
0.656100661594
0.418913411929
0.279851184154
0.392394263566
0.479766805685
0.507666933548
0.451643606982
0.534589870321
0.637831755176
0.810395601637
0.824318668799
0.793886284269
0.733722645519
0.409547951032
0.416922495778
0.456034198291
0.488020046195
0.574517702003
0.540823394314
0.610044818683
0.57434713113
0.633054256066
0.744981072578
0.80269980956
0.692679882974
0.640678913071
0.422935475823
0.430534756117
0.489302192475
0.582585491972
0.621075262752
0.585723483233
0.567589662421
0.621376138114
0.719531300914
0.729083491976
0.719833573429
0.675661717607
0.455306478273
0.411333574262
0.484262791661
0.576503291103
0.685108239616
0.658873939122
0.670236834428
0.556785686755
0.509397717224
0.65680707904
0.709327816515
0.600401929671
0.531238917581
0.39881064606
0.494959662187
0.575274128081
0.616589896359
0.731434717852
0.737909572904
0.604382835817
0.593116907113
0.606339955308
0.586916481636
0.618943327746
0.578492442319
0.412161043512
0.371704634152
0.478648009239
0.641543618155
0.784355849374
0.786075947703
0.775076728334
0.581140865883
0.59109351177
0.554190740529
0.571431789402
0.512553450182
0.481173124396
0.35118506192
0.437048647587
0.60969606781
0.684670279562
0.827719987596
0.83828741225
0.679906631872
0.630509566299
0.534422791251
0.484724291406
0.513178314394
0.459841241492
0.416037766489
0.321672949944
0.473362401381
0.657120287258
0.825133007448
0.881430600532
0.836236386475
0.641633640587
0.627523518246
0.460508274951
0.400747314712
0.417054144427
0.377712483171
0.285000989927
0.337830483634
0.641703191035
0.712782521085
0.909155409941
0.90155085017
0.799269067802
0.691508883873
0.467441836873
0.415373295557
0.390441860676
0.3182845811
0.32978515975
0.266178172479
0.405415233573
0.675931947184
0.817825316873
0.943493426808
0.900923637656
0.73976562102
0.706733753914
0.384541380315
0.325275222517
0.280992257853
0.255143709097
0.218489663337
0.278487081185
0.614912333137
0.720051065573
0.935449602874
0.941286538339
0.886146944659
0.752044269585
0.443448565463
0.385414782859
0.2797531541
0.167741974051
0.166843947306
0.196354573317
0.422176423758
0.680830289551
0.812642818489
0.975182333049
0.972099916447
0.841531278232
0.770722432539
0.362923594287
0.301420173111
0.135801387211
0.111573257701
0.128367981187
0.186170803086
0.532576531007
0.704440151257
0.952136022642
0.963749219268
0.926717385894
0.800381029547
0.59127574214
0.37192144734
0.187942130758
0.0626361507672
0.0127203638346
0.169900586978
0.312398764523
0.633343460437
0.722436342631
0.983200584423
0.997756025363
0.88156043621
0.805424167807
0.384343409158
0.342536519256
0.0590437908903
0.0395874122848
0.130509590354
0.189498664838
0.514749456598
0.669957491457
0.875567326238
0.969832345624
0.968806248542
0.823476485562
0.709793894086
0.390744084074
0.18751552569
0.106448395432
0.126563556059
0.234630507688
0.250726152639
0.573790527696
0.686975249903
0.961678912141
0.978845104336
0.905951205117
0.832383504041
0.492401936702
0.424816056378
0.142858550735
0.175751876506
0.213006288286
0.263462429027
0.479838203911
0.613659698332
0.747070125662
0.938010231556
0.954664101176
0.825452553044
0.700874909346
0.414366650124
0.340272291188
0.223489567451
0.234198092906
0.336238847958
0.350208052625
0.524613713285
0.618722293881
0.901151144889
0.90480053247
0.902174537648
0.824790632948
0.522577440493
0.446325052779
0.209323990983
0.309617952782
0.357347112426
0.382912787127
0.495181536831
0.568310531839
0.702406216699
0.874999948287
0.912987433607
0.823743766011
0.754092309093
0.423618645818
0.413599640828
0.337190549832
0.370849150475
0.457832296649
0.454271743679
0.483542931254
0.579725767506
0.80407848389
0.809713491084
0.858850423141
0.787724208783
0.607002171956
0.443275811447
0.302619975655
0.400967951108
0.501507200074
0.516969879169
0.527235552516
0.536954200692
0.664755413286
0.794901915919
0.812448057341
0.798873181198
0.724148333056
0.419469534553
0.396976130842
0.450757011588
0.482684918416
0.578216457861
0.557172485851
0.551477242117
0.568700384156
0.701004862266
0.71481458785
0.785486499762
0.720979667137
0.647498402441
0.436192342671
0.337888344004
0.481117456332
0.587227072142
0.63961379365
0.577741030358
0.540278350259
0.618489211882
0.69581147156
0.705706725043
0.71689828862
0.674088843906
0.413245094479
0.428171411544
0.52472841402
0.570877932162
0.693679084815
0.665277919506
0.680375487742
0.582690189303
0.515653162493
0.629521883624
0.702828449777
0.60630973693
0.579783181088
0.409888219911
0.463049749492
0.556977496251
0.661157576102
0.740452180489
0.722679582364
0.630600200828
0.639596658104
0.603965080072
0.604364239657
0.610745462347
0.581881965167
0.416774414138
0.378672093209
0.508469382393
0.630617035779
0.792713097619
0.770400983713
0.759704040649
0.608109127703
0.483994121393
0.544333521921
0.590021198088
0.49134842899
0.44995902424
0.354355824361
0.47180489222
0.606761841035
0.657290933744
0.833625081916
0.847983842724
0.696078019591
0.652237430203
0.504918585676
0.471779434554
0.485212860576
0.460325808805
0.342212565677
0.314060746955
0.482694309585
0.663371630485
0.850852871263
0.87766143058
0.864707867772
0.662204536912
0.627071203338
0.462652651173
0.422488659519
0.386085189991
0.369062139154
0.284118757637
0.369064605995
0.607505252428
0.698448766898
0.903682402472
0.922634468181
0.786975325685
0.713604575607
0.496333032449
0.425228448581
0.377996078988
0.324609723123
0.307604861298
0.243944850417
0.440167960208
0.65287719526
0.834035329837
0.942169647734
0.916745798003
0.733207363414
0.674230087927
0.405699690893
0.282590573002
0.271753392698
0.247923743421
0.20114446967
0.26151151727
0.605932046882
0.691926506573
0.94833288582
0.948834045709
0.888215575092
0.777479278
0.473829068073
0.405440718796
0.257185186172
0.169879669962
0.179654101428
0.175581707512
0.367197490253
0.649983570144
0.800710768526
0.972280562214
0.964663635991
0.828937131552
0.777386874775
0.379231953643
0.301495385884
0.133499405114
0.10896611382
0.152552798385
0.19991745164
0.547520170484
0.674488903725
0.933563741153
0.954348599212
0.936362608857
0.825956357226
0.533259078998
0.411819837977
0.187933162197
0.060016342733
0.0217034047826
0.146684083504
0.357939022452
0.63082557124
0.766397707009
0.973988959649
0.988205806394
0.900525423133
0.823072669641
0.395779153879
0.323478812964
0.0640157853937
0.0479716824088
0.135613198528
0.179725547033
0.471318216234
0.642225375429
0.912791052055
0.942802089914
0.952478850869
0.852555739593
0.681199838056
0.424671984076
0.170729496567
0.127635867114
0.142755787714
0.219727473892
0.259913459608
0.560888797984
0.663052508386
0.949852288224
0.970145712548
0.91170962503
0.846352355939
0.446005290428
0.414986799228
0.183691506133
0.18474631511
0.254306093686
0.264556486781
0.499509896471
0.600583304643
0.782819422782
0.916802344289
0.953154279952
0.842865131291
0.74662335479
0.450819544939
0.295902441814
0.232398032429
0.265699613154
0.335285012623
0.320935658998
0.522768195574
0.626351048909
0.900385674201
0.918449764113
0.89936254833
0.842061503303
0.542037808386
0.474145816026
0.252387247772
0.308143815841
0.367662247032
0.378679945496
0.501583401915
0.554476673311
0.642060807212
0.857158827041
0.909863238588
0.811736151437
0.708126015818
0.461037294255
0.43292064548
0.342430298975
0.352066300705
0.461354086179
0.46989355527
0.497043245259
0.56608748485
0.806788278741
0.807690028323
0.854837583918
0.801273591936
0.551747055048
0.475247534117
0.299917424036
0.419924017181
0.513072913539
0.518543745052
0.576156201512
0.531079857508
0.643649462181
0.773327273963
0.822252058589
0.77754090652
0.725273531964
0.448226170693
0.456368846053
0.431503208726
0.475020115267
0.584435657649
0.586370898286
0.520085953507
0.561368244387
0.707536957596
0.700214325101
0.784042145241
0.731610521922
0.608413920197
0.448027642917
0.356839959239
0.48121486898
0.614780616302
0.648483684821
0.629267515877
0.538926442125
0.628148039556
0.681345725545
0.684820204908
0.716272489526
0.659312767992
0.412739194792
0.405997570708
0.518030867917
0.558916539676
0.700436131401
0.679974177963
0.645036135594
0.593328074974
0.594286303642
0.601193829221
0.688790582632
0.628907032602
0.592490979941
0.41645030669
0.362322469684
0.539521498847
0.664994386818
0.756585970549
0.712993627355
0.607989496082
0.648667756383
0.580758317174
0.579037887814
0.606495072344
0.579110812253
0.379672167301
0.398151686392
0.552448795045
0.617859550357
0.787448541496
0.771439871821
0.768355265975
0.643237148509
0.45316427666
0.52738760618
0.585386626962
0.490972488073
0.483258615643
0.358754496952
0.452496405294
0.590658718411
0.703856885184
0.837401361627
0.839383378979
0.72465278583
0.697118761252
0.506364332429
0.488182779434
0.474855497739
0.458609796504
0.340739009367
0.311911459656
0.495795978228
0.647820957886
0.864203451358
0.854742274552
0.851105606679
0.693921326621
0.536977519711
0.465738093078
0.462039053389
0.360914633969
0.341472927249
0.275494825105
0.405136320794
0.599775665516
0.664234239801
0.905183181789
0.928126006759
0.798002889138
0.738098890373
0.453483670346
0.407229930545
0.337736774742
0.320204459188
0.240398901072
0.228387855979
0.460448533454
0.64939228389
0.869884519834
0.933988416326
0.935063873933
0.75445664775
0.691650282987
0.426967750869
0.292687186986
0.245988482476
0.236324809552
0.193873370849
0.271784183241
0.573206885832
0.678415041451
0.945146272212
0.970628310346
0.879531181786
0.800309802542
0.513701588799
0.429149860087
0.247551199892
0.176648884703
0.169493431243
0.154474291017
0.391136691721
0.619966639115
0.800330998576
0.963990001913
0.97034069865
0.816144959264
0.734893839123
0.415349454673
0.26164562721
0.128985389997
0.109672506831
0.133791244538
0.192504809594
0.542594449034
0.642258183123
0.946220491041
0.955162955359
0.94689218501
0.849402236882
0.527605538615
0.448773924073
0.149175486971
0.042317621516
0.0269407695468
0.130677474263
0.342314275293
0.601069219279
0.756524757602
0.961076344237
0.985363676805
0.891585814121
0.833450426099
0.425916729641
0.353226653442
0.0713226322895
0.0508092325904
0.175836455786
0.191512447148
0.47087112396
0.610517271171
0.896501183846
0.927739219571
0.955858357048
0.873886594925
0.625610951105
0.467034796347
0.184447556219
0.140189226145
0.15351632867
0.21491435832
0.327368710655
0.567598628573
0.701225812971
0.934312392106
0.958370364564
0.924235867947
0.850746253623
0.450154272569
0.384473013327
0.189443592146
0.189898913926
0.260373020459
0.269637926123
0.442150075321
0.577626930588
0.836490378224
0.88483608434
0.943002758325
0.868368156065
0.739621525381
0.482442396371
0.232512459934
0.246747205626
0.280507063894
0.341071322514
0.312361676835
0.503723589084
0.610428366074
0.881364871165
0.904384670256
0.901855587139
0.85153023391
0.500621400612
0.477858788663
0.306028242063
0.31451644796
0.396263683541
0.385652564603
0.5242092087
0.549187547866
0.665767966198
0.832236642119
0.903025321355
0.822979202996
0.748704316519
0.493872267907
0.392008082728
0.34371180487
0.387607797607
0.46473539824
0.453750596023
0.515355985388
0.588632775567
0.811409898194
0.825429251582
0.850141134213
0.812091268931
0.563906602565
0.497623850715
0.336014085919
0.416673099617
0.518353861602
0.508644778505
0.573100300062
0.532991711609
0.554347523647
0.7541644114
0.831053904042
0.758716130074
0.682877974728
0.478038558303
0.486707939433
0.43169357806
0.445850072816
0.590405950776
0.603542828612
0.533960622719
0.561773824848
0.698874310218
0.692146776369
0.769166577436
0.738376941518
0.546809232438
0.471353622831
0.359866663961
0.498990559077
0.640806927461
0.649100937917
0.678924494423
0.54697539308
0.621437631254
0.662204637891
0.698982988872
0.693256355321
0.65973697497
0.437380656321
0.457313255163
0.491605493748
0.54794265785
0.701607436442
0.712567409203
0.614289696912
0.599628674925
0.62302243912
0.591347021689
0.682049412204
0.639313918673
0.564492180608
0.417857337807
0.373982882886
0.52988406389
0.690863144736
0.761815429401
0.743874907137
0.597162082904
0.638700734437
0.572922651294
0.544794418683
0.60179816901
0.563918644577
0.36953119409
0.376589470659
0.545505486931
0.598742982304
0.795400899241
0.781059846041
0.756631215912
0.66531619916
0.522435113912
0.50944817214
0.570546327302
0.506104480985
0.495099906883
0.359161790898
0.353033263997
0.564971976502
0.709073277485
0.846643421356
0.831738441337
0.710200852332
0.716110363841
0.491811018693
0.469559147958
0.471193884345
0.45511914896
0.309971852256
0.329134642155
0.538865156259
0.627434583153
0.848706182884
0.848787706887
0.854963854669
0.732137849172
0.477404778572
0.467357319633
0.46543859086
0.356009424402
0.358697142028
0.273139175632
0.401175432464
0.589718147664
0.709344747881
0.902814451812
0.922350262792
0.822508258173
0.773558746212
0.454120347912
0.411488433494
0.324973571296
0.31517500915
0.2329684252
0.217879445267
0.45344703769
0.630060228072
0.893249107575
0.904506120468
0.92658110316
0.785481916057
0.63319976737
0.446345707048
0.345980823167
0.221856672934
0.21306850063
0.172230562938
0.30424577583
0.559522883854
0.641637504769
0.940149958734
0.971020163573
0.886258262208
0.823672892171
0.467694272426
0.416949563854
0.199942717083
0.170235919382
0.116092844559
0.133548122012
0.424278920126
0.606227583704
0.841158207077
0.950720399149
0.976784342875
0.834169396247
0.75948609017
0.452366319675
0.2428156615
0.115608269632
0.09528397729
0.119671866887
0.176128384922
0.517940173366
0.632096098244
0.948880234439
0.977674465813
0.941449273478
0.869483766022
0.565465437129
0.479215708251
0.15816074391
0.0464145067601
0.0405944791674
0.122711141209
0.353431809943
0.569030198235
0.732364374368
0.946081810072
0.988879070617
0.873349667621
0.788204994596
0.467088774763
0.336987228535
0.0887713539143
0.0447323863114
0.175193263965
0.202342830361
0.471103582209
0.578247735106
0.904981757163
0.921338475919
0.96695612036
0.892365691347
0.594765983751
0.510093202013
0.139328294849
0.142515313733
0.165864734829
0.213896771522
0.361081108827
0.544946519044
0.697580339716
0.912512942201
0.9602190985
0.916857582375
0.861179438485
0.486210714423
0.427413368839
0.187076951678
0.188695674146
0.286390882795
0.286847706237
0.419921387215
0.549385504313
