1.00000001476
0.93202216179
0.764930501023
0.490282474097
0.348781927941
0.0730703571558
0.0105834685889
0.0761394021731
0.176012937335
0.382429291269
0.568786279043
0.851677414102
0.949733466701
0.941717269552
0.858749649697
0.636862816355
0.499436267079
0.20301545165
0.11419011308
0.10328224496
0.183989948509
0.342102334117
0.481353179324
0.743664253047
0.855132663648
0.969429244235
0.926938905561
0.859451784999
0.510273240793
0.348079972154
0.192446540327
0.151693664837
0.197819000954
0.255903730784
0.406296220875
0.448095859124
0.82053709513
0.902651363774
0.934517018869
0.866620382566
0.67811258211
0.546332557271
0.242539877679
0.26105231689
0.223598510351
0.308668023899
0.284261462713
0.459042778685
0.669653511748
0.784613802001
0.917379185306
0.899188801021
0.870404028448
0.611771603753
0.441095770311
0.283378252277
0.27063247051
0.342438882209
0.387735047277
0.463542699207
0.416210593786
0.708314492653
0.814548281276
0.874761811831
0.851376101437
0.662962387593
0.567468438958
0.290913331476
0.376457773723
0.345381981251
0.444776974267
0.373116440938
0.522673371566
0.604584970372
0.690437445594
0.860854612566
0.850933447599
0.826852649028
0.632442221696
0.551415517829
0.270784229475
0.329249311322
0.471179035821
0.516745500132
0.518878293949
0.4300258439
0.658993153237
0.653912758117
0.80129224037
0.828811490221
0.668041048319
0.575758356418
0.34206741958
0.472538789293
0.458850899075
0.580930451485
0.546321741429
0.560747816203
0.541135474247
0.566295160855
0.779574416295
0.753354010178
0.768173393263
0.601108716644
0.569207967345
0.330426714763
0.422249014329
0.585065441265
0.647238907387
0.603768169189
0.502050400146
0.651025637463
0.548216159455
0.709993367941
0.749771807258
0.653137986186
0.502056965757
0.335026449778
0.539750062524
0.532171370948
0.687080694006
0.66459277528
0.686574112716
0.474306251528
0.54540453697
0.640060125098
0.652044403938
0.691313960943
0.547391918179
0.530165043723
0.372976818438
0.544453666308
0.643465220337
0.738316065775
0.70576805133
0.588043673916
0.641263811798
0.452080387502
0.608193593712
0.625021764777
0.572072735615
0.437239829948
0.303001499615
0.568452803041
0.587286984628
0.775429944697
0.780914345173
0.780289671854
0.601640139081
0.586522387933
0.558877843548
0.502057881183
0.573147922047
0.451222986664
0.462391952787
0.340371533586
0.572280816102
0.657112337912
0.791386633956
0.79168856699
0.725445242065
0.647263966702
0.403180616994
0.543944295051
0.48861700343
0.462321078383
0.403276110813
0.356513350646
0.509997300408
0.5928838132
0.843686550304
0.851695736092
0.856256512566
0.726734009784
0.609179410639
0.452233671827
0.352946965679
0.44423395631
0.343621987071
0.377299862695
0.297409152419
0.562445495656
0.693527352341
0.838163864699
0.898026774934
0.835812204324
0.75237949874
0.408583100202
0.46206973688
0.351272500186
0.330384622354
0.297827925967
0.314533038549
0.395587470315
0.5165342263
0.868078989443
0.894092105399
0.921813215569
0.819265698444
0.698779140713
0.433598508466
0.355804065454
0.304137754455
0.245066330919
0.254077412274
0.237344172763
0.523298809402
0.652172581708
0.860331978704
0.945978664694
0.906663340077
0.796599889117
0.489740424369
0.40198425455
0.228956840171
0.215094483167
0.163766884699
0.18613236758
0.361699152293
0.499596936383
0.829021491804
0.922446964166
0.98184419057
0.889083107533
0.735825208023
0.495728188345
0.344184455984
0.203531076248
0.115194622932
0.086467495328
0.158627003849
0.459439482768
0.616445079891
0.853620432983
0.952348239529
0.95773340821
0.869776718856
0.639869979671
0.451852846637
0.139643682966
0.086715267777
0.0240937999644
0.0517622966064
0.260749236277
0.459572807466
0.720740164754
0.907103024663
0.995004439622
0.912764995793
0.765636165428
0.552198166852
0.361511389236
0.136126867272
0.0463990681572
0.0893302396543
0.180986410255
0.385696292246
0.605079904308
0.831725875056
0.931779512899
0.95922016268
0.929862182336
0.670229506479
0.550519398816
0.193316647514
0.0871446624844
0.104928426978
0.125861833015
0.292208304487
0.362780828706
0.670984139946
0.82307431619
0.968290524591
0.935349453838
0.831312525065
0.60076335219
0.398961635247
0.213757412505
0.143382405759
0.218541589397
0.225292165862
0.319192195322
0.570317691435
0.763097903621
0.876333149031
0.932576765804
0.931600103053
0.701783700076
0.569386374948
0.317471532029
0.196685655773
0.215073281474
0.28167535416
0.400123788699
0.353150085561
0.633602371151
0.7708702358
0.86371131958
0.904673647833
0.852501330661
0.627474223523
0.41971988868
0.281738435691
0.233627755028
0.352173089071
0.323279725502
0.431207450879
0.51582666676
0.674268608718
0.825041680565
0.905243925639
0.892369253982
0.738831327116
0.627496152984
0.353288240052
0.305278506979
0.348395245469
0.430946715947
0.501800975728
0.394676538638
0.603539235437
0.676540356736
0.757505739716
0.851531041892
0.804320749848
0.633715744077
0.429794783688
0.327003556053
0.342538744447
0.48194118831
0.478488373907
0.556786423777
0.564519281104
0.534871612924
0.767593972823
0.81004507492
0.812447889174
0.70902575544
0.620186718509
0.296352094991
0.34109613989
0.450540683591
0.574512690291
0.587337354338
0.488784469368
0.65198417066
0.622525997233
0.694874622323
0.777205324925
0.738802884576
0.594724976351
0.465085676716
0.385228764519
0.431322382911
0.583675471926
0.601988834125
0.682807598364
0.572557510047
0.521064321824
0.684271505692
0.707499753233
0.716544460158
0.641529039615
0.557103348648
0.313773838104
0.404394855233
0.497177518741
0.691417233782
0.69972042326
0.602021891028
0.69847337056
0.567394516458
0.611250832499
0.693011284582
0.626330403811
0.483441378251
0.427469003725
0.417927001022
0.469436223258
0.639648140237
0.704570195978
0.796310837046
0.667606585495
0.666513688633
0.623518988006
0.555194225955
0.595232022849
0.556381482739
0.472699921449
0.311054573071
0.439534261572
0.479569988954
0.746390028008
0.784347134358
0.747130254924
0.735532085731
0.561613688753
0.58002929967
0.579341842809
0.502107209018
0.404355331941
0.350207508964
0.370065782623
0.486036132033
0.681867670051
0.791966466905
0.871035757012
0.767274219754
0.736612801959
0.629119820195
0.41260343303
0.489382754114
0.434443475936
0.363524348061
0.235365766916
0.41458278385
0.483760486636
0.737308910273
0.834913498889
0.901257019097
0.829848000294
0.568642774245
0.538031172419
0.468597728683
0.365535909463
0.336488069177
0.293080904273
0.229364724169
0.438739465329
0.722848235159
0.835567219397
0.921238570084
0.851269884943
0.827521953722
0.611458500802
0.455909113579
0.36456610468
0.298910970225
0.230066151425
0.137964991895
0.384762657608
0.490728169565
0.750637081124
0.851227674087
0.966548791843
0.911495574054
0.637939951982
0.540598711456
0.384792272839
0.235588586396
0.211362781001
0.161772640892
0.164429848382
0.342743926925
0.667986189973
0.853783626927
0.957294597326
0.906448757835
0.858736529065
0.637697930273
0.515518998047
0.29913044133
0.147317615252
0.0809995520481
0.0672605953005
0.352215306146
0.474977495266
0.746046232859
0.841514811267
0.984085007804
0.931109740867
0.784722734968
0.547885771558
0.346070208938
0.144588813068
0.0633299291677
0.0399761426435
0.190574864369
0.348714980477
0.544787586112
0.853512785577
0.956223508301
0.930005629467
0.876492802004
0.665354060142
0.544116537572
0.271312752313
0.131060996851
0.0731852076805
0.138591064135
0.307733905957
0.476257954082
0.737005891955
0.812573589954
0.949391580403
0.928281441385
0.863138325715
0.650010783506
0.343588025478
0.171383765411
0.0798607682503
0.16411543661
0.270807581734
0.348420123096
0.491250979209
0.769177866818
0.915862514642
0.928068550362
0.888003969254
0.679780332133
0.562472455995
0.261006912982
0.225796925544
0.206151248295
0.275104984411
0.295310045765
0.512598255682
0.680743979174
0.757135370576
0.914412780342
0.899906240869
0.844609670346
0.683278969927
0.46058050437
0.199968072917
0.158371367307
0.31861447182
0.40584208009
0.419778981484
0.521253100091
0.688708804811
0.765055944139
0.897369426462
0.903868564145
0.681065042117
0.561451180003
0.289168185897
0.313080159958
0.317590508816
0.397810920617
0.432392572458
0.523786845017
0.630371955436
0.693973545102
0.867710225803
0.834180561106
0.816068004924
0.663188766351
0.530769166119
0.268171492102
0.258179048771
0.460363245679
0.53805992696
0.492233339949
0.551749927444
0.669457508825
0.63069362134
0.832915367492
0.848297857084
0.680712378154
0.537311440519
0.301780327201
0.388670393558
0.416961125475
0.53494593522
0.584289760351
0.614055396042
0.509086017475
0.641037191563
0.77559605259
0.74115039754
0.761676864232
0.623838149758
0.507624553904
0.342261476963
0.403236270218
0.56182543889
0.630057544192
0.602365206078
0.637205373103
0.659508917506
0.56104946948
0.719796116909
0.732549118295
0.635578836774
0.503550574229
0.277604765552
0.454970005609
0.506593194786
0.648866511054
0.698628754905
0.708178790042
0.536992760239
0.644516330102
0.67067253273
0.623351418012
0.675290937695
0.543693076136
0.444653108966
0.340109828621
0.465966478742
0.623023100886
0.691244038766
0.696543636548
0.715805721385
0.648754592071
0.5089614661
0.646784727595
0.57253425726
0.549730770365
0.490862937103
0.327071176954
0.470013810299
0.541351203321
0.739736193106
0.806825626029
0.795816066276
0.702629741652
0.617564755476
0.5477837167
0.479725311309
0.566231595913
0.432329060517
0.392521384582
0.333639710083
0.460721609962
0.688611014315
0.765787281354
0.807713087469
0.809615627862
0.680737417318
0.505789317159
0.572605919098
0.430920552841
0.426590040285
0.400755570925
0.320690306032
0.406805568421
0.501204099241
0.796698759784
0.856012726743
0.874380006527
0.801915612468
0.699723886516
0.43074570794
0.40500625503
0.427493840141
0.328191474236
0.312152998495
0.287179920865
0.424222732733
0.666837576288
0.817873007406
0.911483250241
0.877576437674
0.72878622039
0.523742135086
0.490449134012
0.286122520138
0.319766834817
0.278791445321
0.216547029656
0.379344449784
0.505056084714
0.815216375867
0.893450511276
0.940720116
0.889696816952
0.741991520592
0.514231335064
0.365119523873
0.305085023448
0.199220000776
0.175290656197
0.214857154238
0.385927644552
0.617086361615
0.809243632874
0.949089364476
0.950991883636
0.788276925945
0.608512713913
0.447956227384
0.184156555176
0.216264626222
0.139529278536
0.0710191014684
0.274338047203
0.496119963626
0.770709403256
0.891553764153
0.982276295938
0.927478798386
0.768834460991
0.604813183233
0.335759306841
0.169640873838
0.0532963500303
0.0438234681294
0.185223925984
0.348323581768
0.598757691465
0.791028336743
0.959426000307
0.971411539814
0.904494785121
0.661962331634
0.520275557486
0.184147383449
0.0899099161785
0.0263834168871
0.078567529434
0.214768737364
0.366044545596
0.719434634932
0.831872581955
0.984529808939
0.938933394564
0.804167767528
0.667360857153
0.394129893477
0.215326891981
0.0719081433271
0.104063921293
0.195804260661
0.306079254425
0.571469419057
0.738763977879
0.900806167847
0.954070881835
0.960805621331
0.711420611828
0.538153212136
0.285891008271
0.104699163813
0.154599022738
0.195159856841
0.274757937389
0.288348448939
0.683548476452
0.788229550622
0.941684749371
0.934383161768
0.84385090971
0.706651359795
0.411597682662
0.318498648308
0.15221084941
0.237870750657
0.228450195106
0.34568222441
0.512986645396
0.661232247744
0.84140232327
0.918188784437
0.946204828392
0.778483808287
0.642332137624
0.360609989024
0.239181010497
0.294059288408
0.333672027954
0.381529526587
0.323538377986
0.569581064927
0.678497979995
0.84586203072
0.908433432382
0.824549698121
0.707161870216
0.432287419037
0.400739590606
0.260070604948
0.3826467273
0.376331149758
0.446110960936
0.514311196422
0.569125091307
0.789198011751
0.86127132421
0.894312331359
0.762959865907
0.707898684035
0.320431992815
0.302855878666
0.41985407428
0.471653238683
0.475016398457
0.407885582087
0.579998111131
0.538551378022
0.779579083819
0.840962890593
0.808963080424
0.69678727609
0.485570028737
0.463860012852
0.355674976381
0.516510535021
0.512617155833
0.549044329972
0.477495742043
0.481472879024
0.712043689371
0.757685861088
0.813636515761
0.712915829983
0.693262296305
0.363800818504
0.396456358381
0.498591767963
0.591913664496
0.580081656838
0.531408988481
0.624074857364
0.476559617526
0.690980684506
0.752028223632
0.732234498431
0.611917097535
0.477210219249
0.498914479033
0.421131785291
0.606382208963
0.611810131738
0.690544678673
0.523917957653
0.562817094146
0.609461506816
0.640230033987
0.72627151476
0.656052264266
0.633318174539
0.397921760998
0.49660175087
0.48573034418
0.663624258699
0.686432718038
0.649976071951
0.665545316281
0.447414135368
0.613621362048
0.613961638519
0.619406575415
0.5520012652
0.429091262634
0.491060362913
0.45616313168
0.670970004031
0.717270269982
0.793763114922
0.677680022182
0.630241809928
0.588597129896
0.471444236959
0.614248810659
0.544699613219
0.539370941038
0.35563405271
0.491567507152
0.476859288097
0.680621183417
0.771084696174
0.798101944772
0.727201274366
0.47706344087
0.595473151626
0.499910597073
0.512048059945
0.490868057751
0.427181921691
0.380831956736
0.425267032695
0.724005927895
0.77977469811
0.871914102028
0.792548093863
0.727380761267
0.527495532395
0.39605374506
0.489928329837
0.424143614017
0.430297564694
0.278854002093
0.44629682763
0.5006296878
0.728925031058
0.832813519512
0.893810592985
0.829490827236
0.543419408791
0.567718731209
0.381972745047
0.382474240379
0.380439187475
0.340473038215
0.236089669774
0.322434999022
0.723716708639
0.813598996393
0.9252831136
0.877443270576
0.826846196528
0.589238461928
0.480883945475
0.382426473082
0.289553232879
0.286112570226
0.174934956798
0.378696805334
0.460758709562
0.736020253937
0.838280560286
0.953792645191
0.880166044836
0.670462221318
0.554624531482
0.312649598616
0.292822225566
0.240750687464
0.203382323293
0.185940281624
0.320738370734
0.648089062581
0.82676790659
0.962953150647
0.936273414466
0.866306437192
0.657792851202
0.498405064483
0.331193179119
0.138618442271
0.128273395767
0.0482922977368
0.299017741507
0.435414327763
0.725141426212
0.837677776281
0.958221616813
0.941870461254
0.810427496625
0.650097893802
0.28559933712
0.201196201747
0.100382443512
0.0549865092768
0.110767738864
0.275660396972
0.539564877039
0.770127819393
0.970156022617
0.952009948325
0.894000261844
0.713702730888
0.560261280148
0.294145699727
0.148078903491
0.0321519288835
0.0976543796597
0.229929858853
0.438207647461
0.694663400213
0.812264640587
0.944399358558
0.961963148466
0.831874257225
0.718508164391
0.364088887329
0.176992553844
0.0438622568937
0.107028067943
0.203185224325
0.234262758538
0.542933135344
0.678651124998
0.899383045569
0.95902458196
0.944549128895
0.746982910488
0.576283887416
0.324478069256
0.194976688031
0.141532317418
0.192864540173
0.257498706671
0.425375214649
0.639728968605
0.762594043361
0.91012175359
0.938698172059
0.85777549967
0.730568699117
0.488576394682
0.222366885939
0.135778217101
0.258086706454
0.344699832573
0.298101431323
0.529266370064
0.646255667427
0.766396305038
0.922887653442
0.935000110628
0.752210728737
0.574585335925
0.349860293124
0.248935890324
0.256630003766
0.322318559066
0.421427756658
0.470909993927
0.555565978633
0.725647353807
0.877098691926
0.883016450486
0.838958259609
0.744060307246
0.512146805274
0.3339127833
0.27862426535
0.397652361677
0.464294221342
0.410576923987
0.568536692684
