0.0
0.36912184091
0.373662007746
0.537512094543
0.405568098295
0.346733589058
0.107730659836
0.262479606246
0.309053917563
0.504959636703
0.454442670501
0.32600381477
0.19112808396
0.23371537912
0.243487061232
0.471696286732
0.485036453687
0.410294860395
0.189343471019
0.122527532142
0.344795908866
0.472997001137
0.555938810358
0.389550947481
0.356884760116
0.172743888471
0.262779228641
0.274586040125
0.531693450863
0.400751601441
0.360093243923
0.150784032413
0.171389269682
0.287815723558
0.528028583303
0.505625628146
0.421522070826
0.286884431793
0.0963763024455
0.155141113226
0.41960265716
0.49959864553
0.361026662525
0.250236299734
0.0826405044844
0.301164815537
0.455081663125
0.576356593188
0.47545641719
0.49381482249
0.348350360568
0.167116964988
0.150042986724
0.457202905137
0.382603784882
0.352927462859
0.225581998664
0.0684983961567
0.293619602615
0.539434504398
0.522645049293
0.51895383744
0.392683263046
0.0897289243951
0.0853083249525
0.356362101366
0.481358754444
0.373208725794
0.272637339162
0.142810727068
0.17450428824
0.447184339785
0.547287185191
0.560069515001
0.606871750751
0.428492173031
0.0473683919642
0.0623581949913
0.389606243711
0.326541436962
0.394964251983
0.224630202035
0.0843872468282
0.222080412736
0.537431999543
0.593238652787
0.561473035671
0.476413865303
0.299270192189
0.0605180428782
0.273138067595
0.389085010358
0.364791950557
0.417378859006
0.154804272857
0.103191552173
0.302488776155
0.530976118804
0.605868803541
0.60563634695
0.496092512663
0.214256011078
0.152357697733
0.339159876239
0.275751457749
0.366051066875
0.226852870166
0.0533184612218
0.229341678012
0.532721722893
0.571800768959
0.608541538242
0.592394189524
0.410709071754
0.123736730292
0.0860453309028
0.292876361529
0.362483779407
0.476203688901
0.181471542127
0.0499996112936
0.161318203503
0.482851793159
0.5619603211
0.615387660649
0.526324881693
0.261127748269
0.210638691583
0.24492720966
0.209689326942
0.378357309119
0.259078942154
0.140145750244
0.190705239696
0.486765804003
0.454979736924
0.633001997004
0.663292593173
0.489903044204
0.208050990146
0.121563582976
0.235415932357
0.356041476568
0.413934320112
0.220424087508
0.180214264043
0.0982984401658
0.425987480061
0.439929327529
0.634114246509
0.559058526203
0.283110510982
0.255572315119
0.130864919172
0.265856432827
0.397572296075
0.301085688239
0.223921149918
0.126656280152
0.34473849145
0.362366634281
0.629991652526
0.66994512412
0.560260780597
0.305651160142
0.188570387621
0.216016570463
0.269463307588
0.409527674964
0.254283848612
0.261444365953
0.0252476002587
0.362558867803
0.358886153801
0.623326980483
0.542048539996
0.410320553472
0.29294591627
0.130547202739
0.206339648594
0.374933571545
0.378329601673
0.303504077321
0.167632960913
0.259607767834
0.261739985906
0.556216168977
0.646508628302
0.558644950087
0.362135014053
0.323229002149
0.242459115398
0.243855907205
0.405507011602
0.309502960004
0.294466945646
0.116426203844
0.278456975376
0.321167054426
0.599724646262
0.526249794716
0.513985516467
0.332183005834
0.0368988142713
0.121243953556
0.366511513591
0.4748297603
0.361068908667
0.239558342842
0.0732391752113
0.166513022744
0.501906619544
0.584940666614
0.515326860068
0.462435798309
0.344460505443
0.237323847328
0.216763414991
0.424434536019
0.348216890802
0.395314873105
0.257957541979
0.225142773339
0.23114419007
0.560358923025
0.53627847166
0.513847763504
0.377919730383
0.14041438084
0.117455077009
0.373093120079
0.447713472015
0.420796727766
0.375267430016
0.102189160123
0.121887792289
0.390127663087
0.523370072593
0.490593300382
0.463632033966
0.364928623699
0.126016817483
0.19621635869
0.41398561328
0.445201311916
0.501825550496
0.34812208847
0.151659149786
0.0298558178662
0.47017344193
0.502865562054
0.527917507646
0.381279315117
0.219717218592
0.105074501459
0.357023438683
0.421670258747
0.467547007111
0.481814265165
0.2460651946
0.0994044308815
0.246214240791
0.440191093365
0.471046208505
0.490040054369
0.345369621071
0.122494592595
0.139666359103
0.409972388934
0.475620644982
0.55059407724
0.441412107594
0.217829969286
0.165318619606
0.386408977295
0.397884334292
0.461491929136
0.404268354346
0.223280083518
0.226368376495
0.299536111238
0.443006575062
0.496007789221
0.551234542214
0.386086006219
0.156718007311
0.0898585892163
0.32527652044
0.401698717161
0.542505102343
0.343918805751
0.122148813304
0.0309827407257
0.345533239686
0.49703585897
0.548739967156
0.521430534151
0.335829418814
0.253505309021
0.244991814907
0.24997610075
0.408951535815
0.385228049772
0.280473119535
0.242894098992
0.304992451468
0.34759163579
0.553282627583
0.629548126458
0.445817718427
0.244292965419
0.153639962378
0.238957570601
0.346620106479
0.480333277514
0.338204930849
0.250575701511
0.0875842604479
0.295749208013
0.408494060375
0.572025946538
0.562575305411
0.351744510545
0.346130880277
0.0829184244625
0.194361046478
0.362609048605
0.38599338811
0.270162482799
0.223399709928
0.201900450522
0.301801780986
0.580497739394
0.659177373933
0.537733580993
0.366780888166
0.27204972457
0.15204870217
0.236220242555
0.382229271736
0.339627067956
0.347085807379
0.0921566057564
0.247860981857
0.279873916892
0.580562057255
0.585462299385
0.424272007082
0.396772883599
0.0447215401674
0.135179199007
0.311492254013
0.361122695414
0.323533543713
0.197405054097
0.131629473616
0.234035430351
0.561111542005
0.645407253505
0.590605385129
0.465512968089
0.412032532147
0.141571935738
0.0988414914254
0.358101587794
0.328476284292
0.295197531125
0.152940415756
0.187357592113
0.239383238348
0.569993775147
0.563944656753
0.535629500748
0.459439329784
0.0823231196729
0.0401984086483
0.250968846287
0.445170011537
0.331304332286
0.253647028422
0.0452573432574
0.147750043447
0.487442976491
0.606595507674
0.600594734802
0.577462541691
0.527246188317
0.159320907937
0.0310526004511
0.313386329511
0.302463743125
0.311523268373
0.256012842705
0.14192027389
0.225391718458
0.554657849129
0.554803465258
0.607638220666
0.508798180919
0.225230607324
0.0861407939713
0.238206018049
0.422189980423
0.344472983996
0.339701963951
0.159934019117
0.0909584002731
0.421258602265
0.516922608641
0.574978425824
0.641414954272
0.542113208074
0.187740953892
0.136219302256
0.313345788405
0.31204286612
0.369713031389
0.29397527486
0.14780388112
0.0656321703086
0.509940721922
0.583915093047
0.60738324539
0.535122532212
0.418288262251
0.157641796105
0.193654024246
0.3037663376
0.360542021907
0.467885200757
0.241189786705
0.0857024171671
0.223960529868
0.448184505753
0.566507607816
0.595987946716
0.537612709236
0.282733059314
0.141286760439
0.308958854645
0.315111596361
0.406394225794
0.340877586977
0.168564477002
0.111686748408
0.454098214138
0.511387898583
0.580366267375
0.582018019328
0.458579481663
0.268584875913
0.0819130378354
0.263763025145
0.361565342874
0.50143608935
0.316920431827
0.167868644296
0.0755479145812
0.371578744209
0.475454534455
0.588881514166
0.521188505941
0.306326792334
0.195282932241
0.219726481868
0.304455672951
0.415225064781
0.439803941593
0.292532168715
0.215176502862
0.322560248998
0.344377781141
0.509037259597
0.591258759641
0.490398313175
0.326788792976
0.117607506946
0.204482808543
0.399052064651
0.483531229455
0.374534936366
0.259468643472
0.12262014307
0.276554850376
0.357088491545
0.561390817808
0.510917354345
0.328902175344
0.259879258629
0.12433170852
0.314069653456
0.432339492341
0.469995987194
0.355773933728
0.321656910602
0.142768532149
0.229743278471
0.438980663687
0.551517150907
0.457992881042
0.354247300818
0.118288861041
0.224157617554
0.400234318697
0.518057554621
0.419569828834
0.360378672419
0.252399774714
0.193733170913
0.246564801643
0.463190751993
0.481190446704
0.434070048397
0.282885354532
0.0868586551199
0.19277574693
0.429027267927
0.519980210938
0.407048419932
0.404941297284
0.0639400612258
0.124818180934
0.328706356791
0.485843542566
0.429629798009
0.332863958328
0.169566113382
0.225687397129
0.414998427845
0.492379723395
0.504895467864
0.448584732629
0.361724108213
0.0842103243644
0.162187839907
0.402723981581
0.440961088859
0.438506211373
0.296965445153
0.0373367023819
0.0866337574357
0.425088337849
0.529582372828
0.473570125234
0.46490131096
0.11246425379
0.074417009285
0.244920843305
0.454701793956
0.382051493018
0.380657121576
0.167765536621
0.177345927965
0.346269065172
0.480775191655
0.546467016608
0.553063892603
0.517878740827
0.0582099021454
0.116854906014
0.320832159613
0.392657222406
0.36025902682
0.365806104484
0.0932348631191
0.101008300959
0.410792181747
0.476801508719
0.557541294715
0.539285562739
0.249053327654
0.144749935827
0.171526045562
0.422717447567
0.350702608752
0.38926709212
0.280046231356
0.0490528810718
0.303212092055
0.415079993181
0.569764858151
0.648254916941
0.585118316204
0.177409498578
0.222725786184
0.266116990158
0.318212548311
0.360702821235
0.35907303234
0.0729561450888
0.0618328878967
0.412132818327
0.474074891116
0.583720411919
0.587913122489
0.436167086626
0.238167032311
0.114820578027
0.292863753406
0.321267165231
0.470338005336
0.321916367706
0.102710467178
0.176527243734
0.364360284181
0.547240071962
0.648372464698
0.618903339743
0.344844976535
0.334169204107
0.249261948256
0.247148928962
0.301784270303
0.353324670357
0.121004840796
0.176841315551
0.380118541383
0.484471320329
0.576150212231
0.636573102287
0.57218369454
0.32181117656
0.0897649774534
0.148128593542
0.286925063328
0.499959992875
0.326392954529
0.182875465685
0.0526386131861
0.317720873165
0.505214177884
0.585764703259
0.622118906067
0.450161252081
0.36210438467
0.20521124706
0.126178173229
0.29990416338
0.37592807681
0.22272624825
0.213689200548
0.335183726383
0.336241156846
0.559627876352
0.696198791025
0.592191560085
0.399992292881
0.274733310379
0.0974640291732
0.268246629996
0.399778174964
0.341055264577
0.289457830648
0.162680537228
0.253197413143
0.355451333739
0.561078030083
0.623017822199
0.425736850703
0.425186977361
0.134867287568
0.150818416137
0.297645563842
0.395608508493
0.28830829124
0.273602520562
0.164626440763
0.21708767671
0.51999813184
0.671140469033
0.599659372996
0.466904149547
0.340942101941
0.173187383325
0.219330754819
0.344187236789
0.347779440025
0.362764719819
0.213592168728
0.183948037268
0.212639092224
0.520282326993
0.589211618645
0.471247180117
0.460258394536
0.162003265484
0.106445884286
0.272073250693
0.397423538969
0.362460707933
0.363322192639
0.0983457805163
0.115456739327
0.405836899417
0.60384162816
0.555494396248
0.502774256674
0.425919413233
0.278607138971
0.174699261737
0.319724751123
0.38641636224
0.367714706354
0.295501842552
0.10292135175
0.153520413774
0.453923201726
0.541342194396
0.536926111804
0.480109887122
0.165756483869
0.0685690517641
0.230291144968
0.455838483966
0.392117181484
0.406848317507
0.112775247787
0.0800447017397
0.290343421848
0.524261100953
0.495890655401
0.537680111141
0.446438399847
0.290703549437
0.147282198045
0.301976088083
0.415406534077
0.432909028907
0.406227982423
0.0497956943567
0.171140865718
0.393388960835
0.489470541148
0.509907897774
0.518519415465
0.258948957757
0.148322893335
0.216121272237
0.393306643029
0.42530996726
0.483839839495
0.26411173721
0.16189347107
0.192294144554
0.424588138689
0.418790519588
0.552100992148
0.456260378079
0.229386216388
0.111120708944
0.27724029222
0.45790466099
0.502011085607
0.504902913151
0.125632713405
0.196794287325
0.291854463801
0.446585269387
0.459241719733
0.512347101635
0.336359548134
0.182322296092
0.214107173245
0.286432880569
0.462474265403
0.552184183153
0.383886204384
0.246503103062
0.0809865318244
0.306934749547
0.380281644116
0.519752408696
0.464091075683
0.265447325523
0.0641407244262
0.235501967188
0.430053357425
0.5432046072
0.557165712158
0.30330727837
0.363858095111
0.219485586507
0.335957174635
0.35261240366
0.487257967798
0.302753829061
0.308006213811
0.181389450696
0.300099029
0.445822560322
0.579608523841
0.520714796821
0.329684840172
0.139720198309
0.154217603413
0.294674639881
0.522495807437
0.436771085071
0.289933270402
0.161815154655
0.175994188285
0.402997256374
0.500088462036
0.610635649899
0.458620777717
0.430624591818
0.171318295131
0.18323152295
0.265237076173
0.451432291042
0.321823037245
0.325956528726
0.180586806273
0.215783079813
0.479418343392
0.610648970886
0.5713474023
0.40515719248
0.322213231682
0.0406516390547
0.218288785175
0.427192136389
0.400063972439
0.347630826258
0.276179591421
0.114057571313
0.315711251434
0.462957167913
0.603726924391
0.486620651108
0.498053465489
0.159030115397
0.112188564823
0.233620972912
0.414620222924
0.278093493154
0.330925119949
0.0895551682999
0.112764214025
0.478706110879
0.637485367538
0.579928169441
0.493962711305
0.464440476088
0.0982355286778
0.127586151609
0.263636677681
0.38126716003
0.411512508725
0.287604980121
0.072959393597
0.150306699183
0.449994594578
0.59836479008
0.478108077609
0.547137642813
0.247043143257
0.0787044202578
0.186848806012
0.341874050312
0.325353156334
0.344376955321
0.052090443643
0.0470470821844
0.432347024659
0.572928187968
0.590092234315
0.578413072026
0.542653262127
0.263895516674
0.050679954101
0.21271579629
0.349152974574
0.357911192923
0.301431010117
0.0426037213989
0.0647942193897
0.421798655944
0.551890256903
0.522189773375
0.586966841072
0.284648521556
0.150033016915
0.0996990845303
0.373743866226
0.329502310016
0.386020271772
0.12772609648
0.0707218090045
0.291416476708
0.518035702899
0.557035318103
0.629513242088
0.628148132841
0.33821812231
0.116285635021
0.195372953058
0.324906704678
0.305411371049
0.369289348414
0.0747357381307
0.108107425334
0.373151176005
0.490384573494
0.571841126886
0.617373875713
0.357331128002
0.269322612229
0.099409456762
0.340170470748
0.314378656937
0.413043461403
0.295869999128
0.158229966022
0.211748484557
0.399425036211
0.48809211367
0.67378014477
0.618793308327
0.373414012453
0.250971766597
0.255913690537
0.30367188637
0.337831387761
0.4124394005
0.105948620567
0.147526041515
0.3270276018
0.472173279643
0.540737519272
0.634447851514
0.496742024309
0.338881236582
0.110124357257
0.17889561766
0.307473046722
0.491575552725
0.377260412316
0.226229700406
0.0569454388536
0.279182019661
0.433424652675
0.620620457206
0.602816770243
0.416518149932
0.293946507376
0.2525966581
0.285226228014
0.339495084095
0.449030620983
0.222584041439
0.28673506244
0.244455733936
0.430802730253
0.454302220535
0.620634537613
0.543345961968
0.426986418489
0.127512012601
0.117864057997
0.283939530809
0.499571361286
0.421834216675
0.308444298061
0.166126497314
0.181817461786
0.35140308593
0.536163995691
0.563800127482
0.470226088596
0.323241823253
0.190613376991
0.202933770743
0.333910087054
0.510522743467
0.363137101297
0.393742752586
0.146506066321
0.270216181791
0.331455839215
0.61237908632
0.512202044705
0.475703198492
0.215625614176
0.111678733096
0.301400626786
0.437025206256
0.474919549882
0.374200847627
0.306008415006
0.0823652668922
0.221496715792
0.458926203515
0.526850710767
0.438541372378
0.419514936463
0.142469181016
0.192112212183
0.294265070533
0.504896115011
0.438355882709
0.462085321275
0.107278802247
0.204207406142
0.256788129318
0.5307752488
0.435004883091
0.470210835787
0.228766889948
0.186062902905
0.324415362972
0.445364224228
0.462312481535
0.452987434111
0.439424200488
0.0566052172773
0.107714440825
0.3120268392
0.473237293848
0.465889811643
0.445891165919
0.152205566999
0.0915370561171
0.282971448895
