1.00000001476
0.913309278846
0.712237838578
0.589014533612
0.22966668372
0.0736346972651
0.0649154714786
0.0924083775853
0.16431187117
0.398093744019
0.735352472638
0.842143225656
0.985124300687
0.964819215435
0.910130251157
0.618247568304
0.378537002993
0.30493909492
0.104089289946
0.116937871239
0.10720789213
0.364896399602
0.474159995301
0.745585160311
0.920336967032
0.966204983998
0.924962086529
0.747520857713
0.660362542422
0.298686395453
0.212248391547
0.212080233412
0.190871041998
0.214526883602
0.372987833797
0.624219678524
0.724037421569
0.950924917659
0.955023504697
0.919043181283
0.654423257397
0.50690364843
0.390371510989
0.239336606907
0.268291591727
0.259965386073
0.345744906132
0.363747778654
0.686850976045
0.874435949648
0.894770759745
0.91174445432
0.814956094008
0.691127890674
0.365270450015
0.345978309216
0.328529383554
0.344005217527
0.3099133226
0.382494419468
0.587138321516
0.585337025156
0.891062432081
0.913861628587
0.894171901488
0.663797909269
0.593535118293
0.413654793704
0.351840015526
0.414081952923
0.403632792362
0.422729469182
0.278707732797
0.621463611431
0.747850888322
0.815454853537
0.869592773243
0.832472280312
0.662283565817
0.430230296485
0.446909870542
0.455795949282
0.482360604878
0.436659311235
0.42892842079
0.508386181551
0.491181707402
0.806862639602
0.836557848787
0.838095833228
0.669161027856
0.605803015582
0.466971809856
0.44973200287
0.562751862561
0.539406953382
0.526050992681
0.347243509498
0.564134282362
0.615532585659
0.749746446749
0.804496666353
0.77580979988
0.63411344668
0.458138319485
0.584634376908
0.568863343099
0.604054488477
0.578997973279
0.525237121325
0.498861084264
0.48893879275
0.705271391745
0.736704607815
0.757870872032
0.63976116906
0.665921998362
0.507111248883
0.521397222823
0.666780620264
0.666446037956
0.651027797417
0.50864101268
0.528322638198
0.53802356115
0.655243284164
0.708456423368
0.709227737014
0.585013381872
0.456450706058
0.622772393896
0.642641283799
0.694875646433
0.716331027101
0.619018194431
0.568408787465
0.497507022813
0.589137157423
0.566118849111
0.653841788872
0.566457112026
0.623038712632
0.507543359899
0.551835342668
0.732290683126
0.76664265619
0.767798610177
0.652128656839
0.571819500778
0.421674085062
0.539462777712
0.595738231427
0.586532246548
0.509433975583
0.452157418373
0.603341364135
0.69800028004
0.768684205762
0.824139619464
0.769499442173
0.645854275494
0.495374012307
0.500391628935
0.382071005608
0.531669729765
0.494610089862
0.529276329126
0.490988258008
0.566770546411
0.749482180061
0.847060811459
0.862105180691
0.747761073342
0.609525641211
0.383773303059
0.423461570222
0.452401069808
0.449289443431
0.414828731085
0.412891753032
0.511085645271
0.682624695001
0.815102928472
0.901997105058
0.856508141528
0.739094027736
0.515521246236
0.437959918503
0.258850168253
0.401379412907
0.387703784317
0.372790793404
0.409815964845
0.553453874348
0.773304866601
0.896865586436
0.924627528661
0.825783631632
0.700123707362
0.456882748981
0.345416807441
0.310102243931
0.313561589424
0.289279448787
0.317645171751
0.463520460149
0.659602327469
0.808491240518
0.954574215971
0.933774955345
0.827306302803
0.58554823385
0.46971470721
0.246027303433
0.257320235986
0.241912254673
0.243210575484
0.315194121742
0.497651931582
0.777537646278
0.907573459771
0.961256361146
0.900340970465
0.81401645493
0.560604121947
0.299339339232
0.21484678619
0.172361314448
0.150228813166
0.222218790467
0.41380968323
0.621715215776
0.779754624965
0.974300223653
0.983879697821
0.901546186969
0.635358916968
0.525678152627
0.254557227467
0.138696037167
0.0761948152491
0.115879611705
0.24877378254
0.410920818678
0.744822189272
0.853074802739
0.976414926856
0.935313160204
0.880903928269
0.635113617457
0.382407473056
0.224167541708
0.0360715330536
0.0225723593968
0.0821122851679
0.357108189619
0.503268765139
0.733756530978
0.965996685465
0.995589108443
0.943145404334
0.753229205967
0.608914502824
0.28513339302
0.0872395916081
0.108168423266
0.0889076218291
0.172018115229
0.324716322326
0.700655055903
0.792218605338
0.965616749675
0.973266362997
0.918674271889
0.674803978646
0.402302638494
0.361371022999
0.140230342762
0.145845316704
0.100581884975
0.326935587818
0.415116112228
0.688924530672
0.907727245132
0.967309180898
0.945997420623
0.772180086243
0.709800003044
0.346976359991
0.215720210988
0.261266648842
0.21307870261
0.224975947681
0.324514884794
0.61092597397
0.727340279994
0.922981092902
0.95459042946
0.93226477176
0.695997266325
0.496159267953
0.45814307286
0.264046157965
0.290375292389
0.283387476548
0.344785805833
0.395904913619
0.632015330417
0.836353790088
0.866116419141
0.921012136896
0.801939401125
0.73984381859
0.407832502598
0.35983193779
0.370571887667
0.362498371682
0.359332185501
0.368999570632
0.54524360918
0.547005622574
0.856987479413
0.90537823373
0.89488324564
0.702363085228
0.600183354885
0.484435579356
0.383710467056
0.429204901859
0.432543622221
0.438897904885
0.319163923004
0.573322618507
0.748546800071
0.766692180032
0.870721910617
0.820102180062
0.716271878187
0.453288221235
0.450761358969
0.467535171098
0.498157115184
0.484347068193
0.446007685193
0.523517279983
0.432975269726
0.768984030849
0.81325938011
0.830947308629
0.676537625495
0.622642580591
0.485841777509
0.450318690308
0.562785873234
0.570291315282
0.551265159725
0.386342415983
0.529702325852
0.60795712152
0.671874353624
0.79358043945
0.774683777994
0.655025249944
0.475347522313
0.543429255538
0.568120955277
0.623134762062
0.618782694748
0.546971013255
0.527352633813
0.390461648519
0.671709249347
0.699849285392
0.745059749059
0.645177781811
0.621383401028
0.505544284328
0.525787792684
0.673166270863
0.691908299158
0.676677352204
0.51469142186
0.515553268473
0.511301790094
0.608567989798
0.690815623549
0.686018823471
0.592426447258
0.457614339591
0.616588453595
0.649567805054
0.704384003236
0.738895241564
0.65556157363
0.604906526762
0.480768805958
0.564574778536
0.575030107425
0.634599578279
0.563552982751
0.613035175325
0.510203465384
0.543032225998
0.736090603492
0.785572593483
0.792304499917
0.682748736653
0.559449426161
0.47912933196
0.504203111601
0.570430168903
0.556935803956
0.510161879206
0.423385685048
0.600584269037
0.678738764192
0.756663682446
0.841488710265
0.772405919679
0.697904256631
0.519729035522
0.491265628903
0.362035744227
0.506432248107
0.467331048726
0.517983379404
0.462018425142
0.532615760997
0.748179219651
0.862113564618
0.881616396132
0.790194394058
0.656694469136
0.44904888954
0.400816420081
0.437318696881
0.40822094518
0.398581834778
0.375978105514
0.518095962761
0.700746752508
0.796129938283
0.907600870111
0.886183947259
0.791318596153
0.563897508495
0.440469592984
0.237023161245
0.368561789094
0.356132496631
0.378576012441
0.41902560583
0.510448415817
0.738448103616
0.880993954944
0.939276031207
0.869596173545
0.71372435205
0.521595000381
0.334891586688
0.298848299998
0.260871220804
0.281796187547
0.286325447238
0.416953005484
0.619873304714
0.789215942851
0.950392038595
0.946951483822
0.871242331003
0.623180982051
0.484759830876
0.222436139529
0.233094049229
0.215111606865
0.215792083054
0.283978305756
0.454521446882
0.729602528427
0.906177655895
0.955459744417
0.927002568179
0.822427859574
0.609678352242
0.319739138169
0.231374018894
0.140900156327
0.129472800627
0.170647598884
0.355610535684
0.599618187727
0.731184518388
0.966426839612
0.983303741944
0.927258451498
0.685785323513
0.579920201798
0.2932321236
0.117250662518
0.0643285355488
0.080786562953
0.222695424485
0.349931142765
0.704720652419
0.850079576697
0.951266972067
0.962032456583
0.910072918193
0.687559162783
0.37752317131
0.246133378093
0.0536905436378
0.0350253652026
0.0405689531556
0.309700427749
0.505244738488
0.669634834242
0.943610757536
0.982584403332
0.963055611105
0.748786270377
0.630357489862
0.341336629358
0.135156882135
0.140860128361
0.100483616593
0.192538476482
0.257338296177
0.644122469721
0.75525281354
0.933832915875
0.970666068115
0.929998025208
0.726119328383
0.468847200985
0.39319829239
0.171154364721
0.172154325461
0.137991080836
0.29171982068
0.394334981237
0.614596370419
0.902485042726
0.951587485184
0.959292321738
0.815814282909
0.731110835919
0.398210652788
0.222556612867
0.29978938897
0.246523541716
0.257736754699
0.250638650486
0.594502069519
0.684831999642
0.888602544486
0.94921659488
0.936190434472
0.739761930711
0.493857999772
0.50386955468
0.297576607697
0.310483331524
0.304359533213
0.336416747916
0.374021781272
0.577871877582
0.796748995124
0.86411589631
0.924586618309
0.800967430995
0.773114246112
0.451002619196
0.355149089148
0.425454334783
0.38076791342
0.3893587167
0.369818623454
0.518289375932
0.571181554221
0.816360056669
0.897069654401
0.88746019625
0.730931931776
0.582919588631
0.560055013296
0.40079959141
0.443702528492
0.462796790585
0.454278690688
0.399298405794
0.531581593801
0.727275564392
0.716947432032
0.863692487685
0.800184000236
0.758643471889
0.48127007719
0.465788440681
0.488196404553
0.521276649761
0.526700326594
0.47085217188
0.520657442699
0.392913281406
0.727125153173
0.799271828249
0.810322915325
0.698155104009
0.637649618764
0.524438567235
0.477392593887
0.557706736081
0.59503465204
0.578500529108
0.43911514257
0.500681030057
0.611634591591
0.600591215367
0.778737602092
0.762281900289
0.682680464965
0.489906230926
0.510206967805
0.568042796627
0.627471820899
0.652947794335
0.577887574658
0.550814682942
0.354350115762
0.630317949017
0.669676768579
0.719366720499
0.639908702121
0.598498717768
0.511255460812
0.509728334305
0.66645908534
0.711704588595
0.699133978533
0.563120966105
0.520821361414
0.512549723572
0.525794883367
0.672975365317
0.665339843438
0.598946656851
0.464371617612
0.583150197989
0.63576880026
0.720055380476
0.763777629396
0.698383943603
0.638041725268
0.430228947456
0.535205280749
0.546983176966
0.610826261636
0.563027248084
0.578149602215
0.492597121682
0.544914295877
0.725160197922
0.804532339134
0.808909741192
0.699107239135
0.552847798398
0.496909801726
0.47376372513
0.543808257969
0.539269642816
0.501713441869
0.408626673269
0.5786880189
0.672099016399
0.752043179729
0.851995671313
0.789257919175
0.743830705109
0.554212013115
0.48348842991
0.397563526153
0.477910561324
0.449070404571
0.494751007778
0.453174353817
0.509772779047
0.742913758219
0.863993911532
0.893938219126
0.82921470125
0.677326160463
0.518126427062
0.392163007827
0.417036163467
0.36530696527
0.388039368905
0.338956763635
0.515533671269
0.671514915949
0.765112166071
0.909056947853
0.900590164206
0.830170817517
0.615216156224
0.458273722643
0.244970302011
0.335464548213
0.327172837131
0.36486178473
0.379000693628
0.462305783161
0.708822416199
0.891979446182
0.947634565449
0.904528043629
0.756372133955
0.587214304566
0.338817045127
0.289108062363
0.208415241795
0.256212585464
0.251421975747
0.388585349783
0.634276815439
0.768686587191
0.939460491514
0.960516246911
0.909038561118
0.671458438323
0.489240155604
0.261939658902
0.204773109985
0.187318986685
0.197676205661
0.294614993527
0.414113946921
0.681712670476
0.870431657939
0.950117320865
0.954184197373
0.827273955452
0.671842607806
0.360768600693
0.244543818584
0.0905183644399
0.1167911363
0.131214244268
0.302409946191
0.53717076138
0.695899945956
0.945377398157
0.988976608009
0.952675857101
0.737923185974
0.59982758909
0.338018957919
0.0999987988739
0.0534737677936
0.0516698423036
0.178404693812
0.309907097697
0.646254179277
0.854248434474
0.924730943063
0.981195872602
0.912710764197
0.738551816319
0.390823672987
0.295741440972
0.0874660753814
0.0515500318916
0.050432680169
0.256688099707
0.505497274903
0.607017979178
0.921450655812
0.971286578646
0.970947291248
0.770166145221
0.684576722451
0.399218405842
0.167807162598
0.148756381635
0.125531680069
0.205914740899
0.200579661317
0.598398371827
0.744017370736
0.883981963056
0.973598837898
0.950594892767
0.773043433706
0.497346654826
0.384517081484
0.20179547527
0.194597806664
0.182501854209
0.267797497596
0.403017689412
0.527875258659
0.868459310703
0.922488481079
0.964020633741
0.825182199817
0.723939103227
0.449710940285
0.251484393295
0.334160389291
0.273924032097
0.291394424234
0.198670619993
0.543190882578
0.631815640604
0.843734295115
0.944387953904
0.930407728912
0.777987381701
0.535969754005
0.540887906558
0.327674550714
0.330511757222
0.34021653297
0.344703885052
0.367023537998
0.508361170143
0.787397804434
0.856457273684
0.920748540137
0.823370103423
0.794462434242
0.492666746925
0.351029797402
0.461487155967
0.413510394334
0.420636549975
0.355303572033
0.50610164787
0.572144229662
0.772098055261
0.874599349148
0.879154290106
0.75798860234
0.565910204837
0.598630806629
0.419074043456
0.452172649144
0.49237582721
0.455057394181
0.439298633986
0.49665933286
0.67939174803
0.697227830115
0.850597609515
0.785902521559
0.775595800304
0.510810183564
0.45491652104
0.537262202345
0.540197554393
0.557871740952
0.500493047841
0.518258544351
0.426162336941
0.682346879654
0.790444857687
0.784353872457
0.713299302731
0.617187041958
0.593926270859
0.500712297654
0.55985391744
0.615586315638
0.607030621164
0.510910283168
0.494611618343
0.610007221571
0.543778634367
0.757336674558
0.73730746292
0.712517488562
0.509196489077
0.513285497495
0.565594775051
0.636147595269
0.680174708108
0.620275351106
0.569653863863
0.361383264506
0.587058031765
0.653442454901
0.676331119849
0.643953730907
0.608138478204
0.518957327115
0.51212108198
0.644364867726
0.725263187603
0.722166656208
0.616878466829
0.519871191646
0.525302633954
0.432581951572
0.64797886804
0.646286923339
0.601745908292
0.468260425044
0.525726141907
0.618127122332
0.722200743488
0.782590292022
0.727937530661
0.662518379713
0.423953954256
0.508512481683
0.513694149808
0.574614551683
0.551668585732
0.531616943934
0.481336246169
0.52689106287
0.707587777034
0.813797787413
0.82462913455
0.735176575678
0.592869975722
0.520348332259
0.421471304523
0.519863202192
0.518475742823
0.494408952555
0.402469209255
0.548842733875
0.653147997638
0.758603886509
0.857821298591
0.831896214108
0.778628891544
0.567042051911
0.454644064863
0.411272405868
0.447461571467
0.436842818998
0.465334187793
0.430265826392
0.503033359907
0.716717494024
0.864436555035
0.898225826869
0.853051806356
0.666350006726
0.568445212772
0.393822499797
0.395339978043
0.342663006204
0.37038948681
0.312844272503
0.482196419504
0.638387694454
0.743015619397
0.906662790914
0.90501838093
0.86715307047
0.667065337191
0.496226337424
0.296862557452
0.306522969481
0.3034100506
0.331713215085
0.345551090281
0.42688404059
0.687114751552
0.894548483102
0.944605067761
0.933382829931
0.80204658099
0.640957862119
0.374904653049
0.278423874221
0.165427424438
0.231282120674
0.211048552271
0.374473022029
0.620362700425
0.724158621532
0.921224387718
0.970591774711
0.935791682709
0.73026877596
0.504204600742
0.321867184755
0.174722484504
0.161143711193
0.177395082405
0.269395868114
0.356224545423
0.63021215814
0.853858898875
0.9521234404
0.976058417521
0.848102605288
0.731144761895
0.392607580232
0.24672736189
0.0648778208739
0.0952430394055
0.0950535799816
0.251568832599
0.519284949857
0.682335171045
0.91668787742
0.990777571251
0.971075277842
0.776772999137
0.602284831353
0.405358954191
0.117524151777
0.0575160570003
0.030344686016
0.172478628142
0.296398821143
0.588116309404
0.822603983943
0.894519103551
