1.00000001476
0.918413893406
0.724741258976
0.502256929856
0.378002532521
0.125248495717
0.0136249223776
0.0561967660901
0.159623712002
0.334877437562
0.644802559456
0.838825556668
0.927004134142
0.937372751694
0.892144814053
0.739763739749
0.472458134705
0.315551636053
0.130167400991
0.096771584199
0.108079349328
0.316898216632
0.403352221144
0.634349664606
0.797697198761
0.922459206944
0.9284376693
0.835029204722
0.670846107107
0.501960540647
0.217500681148
0.115488524642
0.104838103201
0.23150251804
0.199072860287
0.459740560644
0.661335216048
0.765577340111
0.90619204013
0.902032903018
0.77544120735
0.516398095504
0.396833494909
0.215717933985
0.195978415207
0.167392737796
0.374049771657
0.223758664149
0.522600016042
0.659982572275
0.731412580494
0.864548890244
0.791333476726
0.753574098426
0.516118683683
0.242360137727
0.22073067617
0.232750916764
0.341593388678
0.29162514677
0.23476940973
0.537438272385
0.490497937914
0.771101054674
0.787653786241
0.721977442629
0.543890027909
0.421091423048
0.259966914982
0.32015645325
0.326812751034
0.482491881801
0.301325397543
0.482271659501
0.493919669154
0.515160749559
0.749664168449
0.651820332913
0.697671696327
0.552491653122
0.269537532472
0.262268166538
0.308508317803
0.473485877886
0.502140611225
0.300504703869
0.529563834091
0.287638261119
0.565408909441
0.686084520319
0.584769640215
0.558417167285
0.415935722113
0.32951239012
0.367212575672
0.434795354011
0.543909171166
0.487898421277
0.552789831769
0.491098629203
0.284205497264
0.621600831738
0.474688663063
0.576757319433
0.537456836209
0.336796568368
0.260332843163
0.303272678075
0.574382415488
0.681284083118
0.518399553722
0.627031666987
0.357598455705
0.45068627431
0.580300483268
0.444050946011
0.534627786462
0.359690734565
0.360276202537
0.366258890293
0.489706609216
0.571304132249
0.688101581944
0.688783786773
0.66126122651
0.312660341972
0.533152810598
0.344162552084
0.409107270269
0.443642952653
0.321987661936
0.237769389919
0.334611548543
0.615049283031
0.786207735301
0.721756064067
0.770437447401
0.574855842514
0.511848867955
0.501362387153
0.25770830916
0.446843854269
0.253877085982
0.293117371111
0.347029287712
0.516069440285
0.593999701006
0.814820021593
0.863340955717
0.833140058005
0.598996428517
0.560541510526
0.381029700048
0.247760816727
0.33170756679
0.236365999174
0.160955880487
0.34567898594
0.633920906585
0.76687446964
0.85078692221
0.888729710011
0.815240602783
0.643738686227
0.536959448372
0.25737082038
0.322175038302
0.193582565335
0.216107123905
0.261358759957
0.467571566861
0.596434134257
0.836354065371
0.937454331185
0.927634957829
0.83992610681
0.717561855475
0.510682657539
0.226215827079
0.21834725367
0.141444868254
0.0993550499488
0.26354875711
0.537181736457
0.633931106225
0.837569447663
0.955979470175
0.965132881516
0.788060411409
0.633982823079
0.406961829799
0.307486639606
0.145250261781
0.137994863766
0.122030322553
0.308172639162
0.533128394796
0.78067245433
0.878445673515
0.953884911515
0.938832687126
0.855630051932
0.600585018842
0.316611277442
0.139748077499
0.069018034285
0.0483790542792
0.147922975434
0.322668167466
0.483281737215
0.7136085823
0.923719332521
0.981014858006
0.881702583912
0.727010560881
0.531042846864
0.374408833395
0.155454484449
0.0281030255254
0.116720045559
0.148648472576
0.389684687459
0.629781095684
0.76290537058
0.916244289573
0.925558133367
0.891623385848
0.71794843316
0.431728491521
0.205656575348
0.137298484023
0.112321037578
0.170926783379
0.125239559091
0.379880745245
0.546831690851
0.791858834124
0.933505941404
0.87821942181
0.787967748636
0.629574081863
0.453752388203
0.241425529356
0.161001943008
0.186399646817
0.151878662894
0.236858201319
0.500225720976
0.564265253234
0.808657618471
0.830762593201
0.852827032381
0.789600408431
0.572014741545
0.34280663767
0.185306554025
0.243217194147
0.325066844016
0.123684458953
0.363460963124
0.332783982592
0.598626465034
0.809226427027
0.793764988491
0.80385818234
0.654894117697
0.521969535578
0.301090891199
0.282733822034
0.248318798429
0.342843567031
0.26970349946
0.498247662798
0.330259999669
0.660699561045
0.704584041349
0.720140027833
0.767384024542
0.592503525384
0.431241006451
0.230287481931
0.33815611026
0.478280489231
0.34628708731
0.455861330736
0.323325141626
0.347406130063
0.650112397472
0.561093584136
0.731080656848
0.575127458909
0.511640389407
0.36131865407
0.377027141884
0.332705269952
0.540869409188
0.500375638233
0.611123756022
0.3087014257
0.546298888369
0.539578711927
0.541596554654
0.683537704457
0.523262069215
0.399045492352
0.348918888769
0.44091121738
0.554931577561
0.551485104663
0.608770318661
0.557818618805
0.310604197426
0.553492916786
0.337255715514
0.549242753327
0.527530762457
0.442968074919
0.383490847496
0.40349767914
0.457211146402
0.653178121529
0.692252094159
0.730389299623
0.55912741452
0.56139661602
0.484616405867
0.338823436825
0.565610209257
0.420524791977
0.364716269874
0.409454578845
0.486784004706
0.524169052831
0.652619360098
0.775781461731
0.785988354203
0.525348902515
0.584304303432
0.312146798547
0.41818218553
0.489939429066
0.385978517183
0.342190207961
0.321153918412
0.524826043026
0.70024036833
0.773418461665
0.817044046445
0.781819789061
0.697845066075
0.567663361524
0.265521056894
0.44085893277
0.306529431192
0.339433104181
0.344699956687
0.442952235544
0.440252890651
0.688382670631
0.881860170146
0.914561732536
0.751059625876
0.709042434488
0.456920650285
0.42040827572
0.383874605325
0.273762433503
0.265628376115
0.241829018459
0.476851308481
0.668992501008
0.801510915698
0.870893468021
0.930847695138
0.850867998238
0.724307991495
0.435329473736
0.376759349827
0.27140247689
0.230397929475
0.225576278612
0.349974950221
0.360673165164
0.660734015041
0.889704187292
0.954294924626
0.912190639475
0.83209701124
0.656192424935
0.479263260023
0.338947588318
0.160457443656
0.179667269714
0.179290660012
0.367461187619
0.568978494019
0.742158427313
0.866439186229
0.968662482534
0.95288921776
0.865702353405
0.675994622145
0.462552034013
0.309094703848
0.123489370213
0.0952373678232
0.212455828477
0.27891132812
0.510221469394
0.787173628922
0.886946368928
0.970002312561
0.924049007252
0.79556293903
0.590457766412
0.392902167606
0.198574668434
0.125769407466
0.0780018490475
0.220025300845
0.421367150221
0.568765640842
0.780743889307
0.925788263089
0.928523278608
0.936751879532
0.784109013932
0.586927516177
0.317573138726
0.122214243171
0.118258916279
0.0494964184329
0.179657178091
0.348065118254
0.521065248109
0.744359532591
0.851126156035
0.931822394455
0.808924521953
0.67267480928
0.484672265465
0.296825019348
0.133120150514
0.188423123838
0.0882286469241
0.340779800493
0.302570898811
0.619284599456
0.768464436598
0.824304580097
0.929256324136
0.791265416471
0.6068240659
0.432287335439
0.243637343535
0.254493567004
0.184733956295
0.205316891186
0.314916889069
0.236235703993
0.583262442908
0.672991498421
0.796993637159
0.812248674392
0.683536929002
0.563675654594
0.378749522997
0.278176176236
0.347293287596
0.302606935596
0.388875354253
0.217621423223
0.397507983942
0.620694274233
0.635580384769
0.843320797976
0.732805728922
0.610000379031
0.569689240973
0.405221479517
0.334417469451
0.312417222919
0.396407603307
0.458732484274
0.135683832574
0.475973115538
0.465717594133
0.627498747817
0.789535907069
0.675264001655
0.601443322555
0.379973417085
0.435666006714
0.471857100081
0.48157622184
0.487173278611
0.432433144851
0.347814377258
0.570151220387
0.421547141635
0.702261201196
0.634906532061
0.601731006391
0.594645453925
0.484374213238
0.350871611581
0.446218071515
0.592573604169
0.635624503632
0.391428282519
0.502171034458
0.357195817607
0.4519606324
0.669404668114
0.553447300556
0.572703247273
0.354585897693
0.496692799057
0.553385558082
0.630570066951
0.616539256258
0.683817345331
0.548567841108
0.621652921358
0.308059236159
0.559025526172
0.513407008013
0.507166334197
0.543281354712
0.488057519055
0.338065595702
0.554903087058
0.733705784306
0.768155871677
0.667200787102
0.628640421793
0.510024468104
0.320329495316
0.528377951078
0.375490980098
0.462525735973
0.36245362278
0.501964774246
0.556518148281
0.698766258568
0.748010068832
0.840129578652
0.77958751482
0.749685210033
0.514030999085
0.494161697904
0.445624260084
0.37297493241
0.446440241935
0.445528115675
0.345944626275
0.567073728339
0.789063027162
0.808399509407
0.871421079696
0.801712666598
0.719120341337
0.432808837145
0.476042110386
0.289633821424
0.354609243594
0.347667712699
0.452086408556
0.463346988741
0.640270908013
0.802559448756
0.91604062706
0.896123352314
0.881875302179
0.714905957169
0.573105242155
0.42349084799
0.258691612141
0.317060954663
0.328201760484
0.351899948385
0.489938242199
0.695514035374
0.760912269174
0.922399795786
0.946153561052
0.83337558608
0.618737590429
0.539726381917
0.294600998321
0.304438691789
0.249421087956
0.300970344398
0.303168711984
0.483914821303
0.749483240794
0.887342313119
0.928002466393
0.966206021352
0.850771158866
0.662077504551
0.494114009886
0.245844020199
0.203664430358
0.195935486414
0.25688785408
0.359006172423
0.537218652214
0.667612627811
0.884528084204
0.948562093002
0.909537775411
0.762965861977
0.636485084159
0.403012932699
0.261117411529
0.173327726104
0.113979391885
0.161261047711
0.337274509845
0.580422422563
0.796131147603
0.866760797279
0.972311133536
0.901283936201
0.743873635322
0.64376666897
0.408224051025
0.217526076881
0.112628808971
0.0996600769852
0.24575813566
0.327930484727
0.541667326313
0.731926548957
0.862158740669
0.936524566147
0.870789741816
0.726246234964
0.486072536206
0.342863178185
0.242463699027
0.111552163187
0.129190833372
0.222806805618
0.366578389139
0.674462766604
0.724091612172
0.890471605297
0.879022865063
0.780347788592
0.748123859079
0.521329934069
0.285062745682
0.144470762231
0.163192874416
0.296102090062
0.107878422336
0.381354177972
0.540514140071
0.655607347992
0.863694167523
0.813953316139
0.763052635923
0.49310778419
0.439704918195
0.365862697445
0.304582663969
0.244012655077
0.331406655971
0.200672463349
0.552551143421
0.461523082814
0.750200204347
0.761575868566
0.728437041748
0.771680032169
0.571284088582
0.298112757384
0.323286241317
0.370910441584
0.449581311907
0.275844102044
0.303265010489
0.452609360984
0.366799385325
0.708920889207
0.668164343961
0.667792506754
0.537432299333
0.501628152127
0.464577468637
0.448216212412
0.445307094993
0.519632017741
0.394194078172
0.523860220016
0.296434898689
0.538901610784
0.642378871322
0.60655389462
0.723875633976
0.591153544197
0.366664028458
0.477188139437
0.556699751256
0.575529897437
0.539141261105
0.454386723659
0.523993783482
0.197819944835
0.554149406926
0.536002056318
0.545676073435
0.602854080104
0.546044958027
0.50142917051
0.483903471231
0.616250686421
0.685516408613
0.622281596888
0.618646448974
0.445092109674
0.419641027297
0.578426094477
0.462841472558
0.625736096582
0.530620851471
0.493834006066
0.524660807668
0.638450777382
0.628106314455
0.718563744221
0.700103402176
0.656813961809
0.351948744484
0.500243911471
0.404465628919
0.481636034752
0.56477200139
0.510063818476
0.454418572442
0.471364045001
0.704513745141
0.791134616495
0.798316430461
0.770333414365
0.672990811412
0.509193722727
0.551069620678
0.339880199198
0.498084877065
0.432274736088
0.49236111418
0.487256376355
0.646497843493
0.640462093454
0.825271353255
0.859320256149
0.79480633677
0.604599411605
0.545566014502
0.416201333473
0.353288310864
0.44081635405
0.398220526085
0.371618715713
0.463730838706
0.714283431013
0.809840138079
0.890098523959
0.905916378641
0.837858511911
0.673260759245
0.616234174235
0.391776868127
0.383734354996
0.361695500315
0.397391943121
0.395974066644
0.582396404337
0.620146898835
0.816024769458
0.932780404538
0.901768522402
0.857205160517
0.660514392502
0.525814797504
0.297749691457
0.334956652825
0.281698404752
0.294195918531
0.367098974287
0.631305802472
0.741609429583
0.884180520986
0.950354477425
0.928789932555
0.798786910439
0.747717657241
0.513375857715
0.365035462721
0.264393430479
0.262269754911
0.272362622718
0.43594555714
0.528452454869
0.724733456132
0.860891712707
0.929764252928
0.942396007895
0.796945432187
0.578680199333
0.3759205477
0.320385900776
0.149842979244
0.187081654711
0.227683225201
0.410938667119
0.592547098392
0.721695707264
0.907791372649
0.919193514518
0.841610355993
0.846655018715
0.60019463522
0.364586613922
0.229046583464
0.105829602706
0.188597571938
0.23157997647
0.371558809521
0.598894673239
0.676881053824
0.862014526194
0.90903587993
0.800960485806
0.649616538912
0.468873295934
0.377681855772
0.168108526926
0.086449169513
0.20060455184
0.133949262572
0.403613325733
0.508716146088
0.742276023736
0.856824404594
0.800931125518
0.870710900679
0.666369705204
0.390180660434
0.363147288304
0.204578417771
0.245230382966
0.145311891552
0.19534229792
0.476641351303
0.450233779154
0.726758191767
0.818766236791
0.734979958501
0.756809342573
0.588774988284
0.463450727482
0.225451580896
0.242074721486
0.327242110706
0.174230041607
0.303947270099
0.391159204072
0.508085029919
0.792630072414
0.714812989701
0.823551683816
0.670539123107
0.506225648569
0.485109450672
0.353049068069
0.321573787008
0.320235199877
0.257297869038
0.45999370549
0.227527797302
0.562050931935
0.664668780734
0.659178486869
0.788065671692
0.621260181615
0.513216976196
0.276587377007
0.410704773819
0.478959041176
0.430041831936
0.413894518185
0.439470213174
0.355983829474
0.693732380959
0.553393318278
0.734649422403
0.610845272585
0.551130392438
0.533017793866
0.476789813237
0.394542149643
0.512042746936
0.496189516698
0.562160402035
0.303441578562
0.422988559745
0.555828685693
0.479925682913
0.701986394953
0.556000633193
0.478631667113
0.371364180312
0.549314337182
0.592901516514
0.632193822629
0.625247925892
0.592813689301
0.408956857299
0.600779882666
0.389840446151
0.593175915542
0.555316824133
0.528307571311
0.522260363142
0.568301035361
0.495765808945
0.629242344406
0.721174044613
0.70842131205
0.615254450618
0.443584559381
0.54590239328
0.316039212785
0.56084140828
0.515369534448
0.431476060953
0.410719037063
0.611772942277
0.641261700281
0.750473224589
0.783550378867
0.761486417112
0.607967549689
0.626267064113
0.426654499442
0.46860045979
0.50359130481
0.47036408386
0.476110059247
0.543637647142
0.576448371947
0.665718550343
0.829754827378
0.827911153702
0.828849250514
0.640869534657
0.577173154257
0.305604378806
0.461370992111
0.423338307842
0.424629585235
0.387774747285
0.554174520584
0.591557980934
0.752174742817
0.873219569978
0.881020743192
0.777851248901
0.752628642032
0.541916989148
0.442750669161
0.427274552247
0.366741324811
0.383499281252
0.413309771068
0.570875188426
0.634413244026
0.826458780963
0.880144495328
0.929202257122
0.783289162872
0.648611228841
0.419960900092
0.407596342239
0.325502342607
0.352077127642
0.300244888192
0.431804961426
0.462078148831
0.694783445962
0.879129432368
0.925333765615
0.872377021158
0.868655665452
0.65576102995
0.448888346281
0.394085974335
0.272450548811
0.247175215548
0.263312968235
0.458496290402
0.546128423091
0.732813848424
0.854442791351
0.945138996613
0.84889352664
0.77517599921
0.626151364463
0.413595369067
0.283672071557
0.198679585556
0.189094291873
0.272952321791
0.335109136083
0.582069016554
0.77452361103
0.912375988108
0.913720217062
0.903544608909
0.74003996179
