0.0
0.372519381771
0.426617720441
0.484859649493
0.488279491369
0.184241564058
0.241832339514
0.245286317114
0.425008917137
0.504461605808
0.472856586223
0.332301780394
0.0881698945394
0.163679540532
0.423443563322
0.482613499895
0.527148163232
0.419840324378
0.251739811609
0.0342399701204
0.384418113986
0.437071058434
0.494392254169
0.468584283978
0.175070715055
0.12538439488
0.265309121675
0.373382464454
0.444670091
0.520996289368
0.264426545921
0.220820861354
0.241789966103
0.380366269558
0.530449154184
0.4845250599
0.443503532365
0.0978516363548
0.0745019653635
0.418964331606
0.43121980826
0.550560182798
0.452235327253
0.232136742308
0.117021015818
0.318635666927
0.413127821459
0.520584420059
0.471067280975
0.305156441819
0.170835273086
0.128926123111
0.361875120391
0.41765951793
0.499179711621
0.284688054488
0.198021531126
0.180841532296
0.349193710404
0.537100839039
0.445173952759
0.478579136648
0.112781866004
0.0692092631432
0.396171278909
0.357896045482
0.516109235152
0.440348216592
0.235002671716
0.155463242472
0.302385385445
0.309007681644
0.577447256158
0.463260189553
0.431932081609
0.174984303362
0.0766396941811
0.300111461441
0.390571630195
0.488948099139
0.326463650367
0.218682813635
0.153029869926
0.275420861044
0.512376929512
0.426531795225
0.524086004357
0.125273878542
0.174810016984
0.268335004148
0.296248512293
0.463985018743
0.490189987384
0.236492672047
0.298445203645
0.268060850299
0.251590949144
0.592347561681
0.460736821325
0.51060598774
0.236754604425
0.109507328271
0.256150296398
0.31757766169
0.498271472
0.333740005953
0.27959904863
0.045683310941
0.226523082288
0.431828920508
0.435412176823
0.550671126817
0.293672106274
0.234010311829
0.148775557508
0.279306667128
0.434216820265
0.541704346694
0.259454484475
0.323377514424
0.193096444966
0.223210889383
0.585034202587
0.519961336307
0.554913229321
0.284245815471
0.20742300981
0.246804095047
0.281457065822
0.539067012688
0.363952164255
0.29965193939
0.0904007740074
0.196556532305
0.356582313642
0.532082073232
0.557431458675
0.400766129547
0.255039868916
0.0795582353429
0.262498646253
0.379597496788
0.539856095008
0.308793673515
0.317826513809
0.181872321556
0.24014534975
0.551138238813
0.525916858778
0.601225141553
0.303442371704
0.229548614975
0.277852038563
0.221513770183
0.530453870515
0.41470782028
0.318770907183
0.189495312044
0.188004939401
0.30369508686
0.547273743807
0.472555220209
0.436216489955
0.271676985751
0.0664335003887
0.241246977009
0.313890397894
0.511388519069
0.342959386491
0.291401383345
0.117194567849
0.20441125918
0.475027262351
0.500365582335
0.604233964717
0.303012897972
0.306496410205
0.258529083996
0.178361209683
0.502982166299
0.460857077505
0.327942739656
0.251688831015
0.14336377597
0.13131525169
0.503121647953
0.431915293469
0.501589454244
0.327286235727
0.162616305389
0.192692527046
0.312784733381
0.470110854635
0.399433165043
0.320064526609
0.145410743287
0.166553795773
0.417035269021
0.475787723065
0.593944187711
0.373100591958
0.355006792243
0.168481148779
0.190892232114
0.416052169549
0.475087627747
0.370192033906
0.395229978176
0.037889181681
0.0979226239752
0.442759568334
0.445516990748
0.545650921113
0.38195443653
0.19438245447
0.156161371332
0.260317911733
0.463204534852
0.441581865335
0.358315121838
0.144998318387
0.156611599922
0.296300009641
0.496989230887
0.539684568883
0.422041354096
0.352962982938
0.114852250453
0.168615733166
0.425796589173
0.505992572551
0.449600382297
0.424295468812
0.0950099365094
0.0988703275985
0.398461941035
0.472276350694
0.528335841659
0.423961817054
0.268180058967
0.164115174036
0.250143175861
0.468781983777
0.44811069967
0.37809242209
0.268337068928
0.143147139833
0.15616573046
0.456312399073
0.486534186208
0.482749807019
0.426919561227
0.0716006692702
0.228276748221
0.410958182186
0.479735653428
0.505158959749
0.43862635985
0.203413577754
0.0591767980716
0.320019998853
0.46426292159
0.499593607663
0.464834065418
0.265587884275
0.216369205119
0.172163932186
0.442185823173
0.459906231023
0.401276717721
0.386173479165
0.0481357936734
0.0787994639928
0.415827064952
0.471852137492
0.439066918838
0.467795933182
0.0802183119601
0.22193896879
0.352330217765
0.468245226416
0.535816808603
0.439948029671
0.296630844709
0.0362229708445
0.199461410013
0.473449836387
0.467135226794
0.494961973651
0.3320215786
0.206939705385
0.096035587748
0.424587409345
0.497510273913
0.482098911469
0.43404589711
0.106857419372
0.0843272251744
0.312984135307
0.436730251833
0.415067278213
0.498738097936
0.166244203039
0.17943920708
0.347933811841
0.439404042665
0.575301108333
0.458017101204
0.410038602773
0.041048751147
0.116921441373
0.473259047847
0.438422627525
0.516740025406
0.385758293569
0.162289329565
0.130722061057
0.396465541352
0.467565540384
0.52091291253
0.434094526639
0.241969301211
0.0881358477058
0.186211293466
0.424375341377
0.405818939368
0.4697033231
0.197939640357
0.127354402197
0.282256231446
0.410883969297
0.590658076229
0.414459304744
0.447646255487
0.0396059815925
0.0235338768141
0.451391429078
0.391957031445
0.487262166809
0.39454678313
0.143006751665
0.0918733293275
0.385768908636
0.348455631769
0.585779140613
0.428538171903
0.374729659204
0.0817393435055
0.115472358416
0.363308460536
0.389417013836
0.460828371388
0.260137907898
0.130269206394
0.244600560254
0.328794989328
0.570165895315
0.402929921921
0.504018719928
0.0554783440716
0.100798573608
0.329046722579
0.352384630111
0.448575347719
0.465431933377
0.150740296772
0.21530134331
0.350174044233
0.293125278349
0.616269707105
0.442025144859
0.45735741366
0.157030250962
0.0996310814473
0.324912053945
0.347879448943
0.479221443187
0.277762255966
0.184084958184
0.145346012404
0.290328616144
0.499898180683
0.431006759174
0.531082635054
0.226607106439
0.150197525632
0.223686532773
0.350137379786
0.438404822248
0.536430183687
0.195782560167
0.23751486145
0.275909651429
0.284154192603
0.615922301678
0.513924101206
0.503051946263
0.211813917571
0.135252769327
0.322986964533
0.327881360169
0.524637136485
0.326955432238
0.207745234295
0.0445087188343
0.277107409792
0.422457157534
0.542802643364
0.535982592839
0.33207821108
0.190882167898
0.168122358868
0.347528748248
0.412581054622
0.54031816686
0.267121256136
0.234970428484
0.250877073481
0.316012493895
0.58138986225
0.526888626797
0.553608733169
0.249612419867
0.136070047711
0.353149764002
0.285657612908
0.521213258567
0.403532478583
0.239796488794
0.114538970766
0.270677382688
0.367350632306
0.559408058493
0.479617875762
0.358013303274
0.230513894209
0.0781534599064
0.325438054551
0.374338023235
0.519471325346
0.315049295681
0.218280787451
0.151883265508
0.28537914362
0.512160635682
0.517332414838
0.558165153848
0.271661497101
0.213251681187
0.327425752996
0.262617553189
0.511594036731
0.46996398205
0.268239111238
0.184596515456
0.220493113944
0.220124773586
0.512017472936
0.460786388856
0.428418509945
0.291633116115
0.0717528183438
0.276414415147
0.383504114129
0.489087926722
0.398292888233
0.253226580078
0.124373377101
0.260341615432
0.457700156774
0.507186959689
0.566677341085
0.338116241938
0.265701827751
0.238695076782
0.285417882452
0.455102723177
0.49192183626
0.327377185198
0.332095474125
0.103305209788
0.189107429054
0.460331831416
0.479850336304
0.479966880025
0.323837886527
0.108368196883
0.230489891395
0.352733801697
0.486244530847
0.453099573203
0.288918011303
0.0921983350418
0.244569581653
0.349460361154
0.5287126398
0.528853755219
0.36596478758
0.270500248826
0.139891562798
0.240623544226
0.481769562221
0.524844335502
0.430460427167
0.3586237087
0.0462916731977
0.171584584318
0.423903956585
0.495006187027
0.468141473804
0.359083943825
0.167221919724
0.210993889696
0.352043415604
0.480590508138
0.472453848403
0.30653493852
0.22040083945
0.214843823617
0.221725092072
0.483055652279
0.487724362768
0.416349082885
0.370598945416
0.111358512405
0.258928854493
0.486484608671
0.496096092532
0.508816092305
0.377320752087
0.163533332835
0.132915844826
0.346642903421
0.487862418744
0.460746244717
0.406976368208
0.156560961719
0.223709136942
0.279795126339
0.453215799533
0.499217618206
0.342001161472
0.338178081883
0.058319883242
0.153518421401
0.444717515112
0.502910513653
0.380046552476
0.430496175598
0.0502775088333
0.216724254027
0.446846534394
0.496674081187
0.548373658759
0.392174455843
0.252940039806
0.0921124562239
0.238500517728
0.507292396031
0.438045856472
0.444250686299
0.236405250305
0.179535172049
0.202254613985
0.455242166375
0.539367083729
0.455461080244
0.383749504603
0.0430400522304
0.117472520023
0.351923361885
0.485375633107
0.374839485088
0.457866100599
0.0828953404325
0.171443792104
0.44290074057
0.484694369599
0.600303146817
0.415507660546
0.361324071011
0.102659549578
0.167885485321
0.512255041322
0.434612016916
0.46407636483
0.309891393384
0.119938772101
0.201497039905
0.463393682843
0.505389673249
0.501820238717
0.381597955699
0.170262142252
0.0766629962064
0.240792013819
0.474595623264
0.384150041058
0.423739039188
0.127348416629
0.107610888644
0.375639198033
0.460448958516
0.620978389011
0.371592760609
0.399949989817
0.0941058437009
0.0720557131024
0.493415186974
0.41732659068
0.444050719847
0.338512219361
0.0706613839954
0.0935224221112
0.454653015999
0.382031655429
0.571913199844
0.382853039977
0.302421684146
0.0397800809283
0.17558525944
0.41607705721
0.381408468502
0.419231336251
0.19599762617
0.0632981308372
0.334098244453
0.379040928503
0.606116577042
0.372578571853
0.464480495938
0.0819560641791
0.0473341256024
0.382756180225
0.399676546422
0.421070991188
0.429099036585
0.0704142984754
0.126657494836
0.417167347186
0.339068602834
0.616758581436
0.412282157664
0.385869509769
0.0899431590914
0.142550841522
0.385303386307
0.373423397252
0.446055144556
0.218459213692
0.0875456414571
0.235889681954
0.35598741064
0.547858376541
0.416817719378
0.490536943687
0.15855267328
0.0804755872168
0.294623537037
0.41275782162
0.433052352343
0.515783360366
0.131382422024
0.147812483121
0.346504879729
0.345839055695
0.621692656353
0.491308408084
0.431881096498
0.146281039694
0.102343144371
0.388969415606
0.36821885514
0.495177451182
0.284639947396
0.120376955357
0.104952573167
0.35217763205
0.471152181877
0.535004797596
0.496794552896
0.252772567517
0.148680671196
0.256651946698
0.421456365347
0.437191593381
0.524835818332
0.222125854338
0.148864724824
0.31450330831
0.382497954593
0.589788955482
0.510242741082
0.484202238418
0.207104589995
0.0597351965313
0.41583565251
0.344634340297
0.496067920025
0.383440490279
0.162665174853
0.0472773715112
0.343213467085
0.41978601259
0.549627739631
0.474502963651
0.266090466317
0.207375004846
0.174584466567
0.397623625831
0.426020636496
0.511606321826
0.282604712377
0.142288880501
0.197024199503
0.356503537425
0.529660652472
0.517789021836
0.491485756116
0.246289778734
0.113507193099
0.38467793808
0.341195476134
0.506612780074
0.465219938493
0.203070346646
0.116719589984
0.28768374786
0.300783599003
0.502271758255
0.475937292312
0.340114143687
0.258219568174
0.10670926026
0.352762292444
0.445582247839
0.492582234231
0.388609093822
0.180195564085
0.131575375469
0.34348176603
0.481635613181
0.520172346675
0.519470440068
0.296426038403
0.171404282548
0.308679568078
0.372293328994
0.481078620743
0.492308022427
0.276474656615
0.260567304321
0.163717014818
0.276193063652
0.462389049331
0.496076298131
0.397833765054
0.25933840159
0.119127704555
0.307884816615
0.436909631572
0.491823717004
0.45076819319
0.212112298865
0.0454830236249
0.326644503631
0.390521706233
0.539600980663
0.500223448945
0.297451118258
0.188682621579
0.216614483995
0.310338123973
0.522586368146
0.523647741821
0.398621023526
0.281316819917
0.0440375078961
0.250511283768
0.435435580672
0.499339316202
0.3945827624
0.284643735648
0.10458239072
0.271610743073
0.443333786433
0.474546348255
0.482254259369
0.224609116925
0.165817573427
0.287535790563
0.280652750735
0.492461823582
0.474077868665
0.336334857141
0.305912402247
0.20595657338
0.294089560751
0.545672785555
0.494412687144
0.495596556658
0.30286103534
0.133639939808
0.2089995872
0.365508183971
0.494992115532
0.409500835077
0.335931519256
0.0656365581029
0.24768576306
0.377348011259
0.450415028731
0.52130196661
0.272447732879
0.277350964879
0.126289064932
0.224848671315
0.459396272219
0.519455768912
0.311084170068
0.377498367371
0.146905011606
0.229579158787
0.524848480305
0.509572850253
0.540857009403
0.331141548503
0.202987264477
0.170411945395
0.277146766923
0.524565774733
0.397500002511
0.377267447576
0.139699844451
0.185968073978
0.301179580137
0.475202589124
0.560532059945
0.414882686565
0.319537997625
0.0622905384509
0.191424023486
0.382241864242
0.51840551041
0.326334776358
0.400538229412
0.0948781040192
0.203907752433
0.520919958614
0.514157111385
0.603651092981
0.359116225019
0.299088536745
0.189987542086
0.219647766552
0.535438724581
0.420961231755
0.395697306625
0.228285268207
0.142396861906
0.281535720622
0.515595765123
0.525752158194
0.463395806232
0.317207270963
0.0967856766041
0.157352244918
0.291910149226
0.51121922427
0.354160778046
0.363943039244
0.112967130488
0.15911335288
0.454653357023
0.495669889989
0.626440495136
0.320790080303
0.336668486828
0.184943590381
0.14044339227
0.52135196345
0.433672576201
0.389128334413
0.274649191512
0.0995367227957
0.155399026802
0.505495984781
0.408390279704
0.536039040185
0.330658347699
0.217432533948
0.129608224753
0.240410013974
0.456883978674
0.367485860529
0.366227040566
0.142877301195
0.100937154625
0.411374496364
0.422007937144
0.618942369609
0.33862327465
0.406611639063
0.162081408004
0.100680639844
0.427690574921
0.436625081086
0.382874634342
0.382700920182
0.052007968854
0.0468796771668
0.466885595569
0.383358646812
0.593785284623
0.373362958575
0.29998756048
0.0958877572576
0.210096339544
0.435112135307
0.392952963357
0.400068484756
0.159470560441
0.0502716478544
0.314626379879
0.415378912559
0.574301610353
0.392723292058
0.431061464371
0.107513884923
0.100059748228
0.35906542225
0.464300859185
0.418445272242
0.480345223811
0.0708083498302
0.0720607117793
0.402683530337
0.400097671066
0.602570816411
0.452961748792
0.344699967234
0.120195310973
0.153168399264
0.441819729919
0.400609694435
0.451609491047
0.238046331674
0.0822025956355
0.179131209305
0.415195463521
0.501398328407
0.508404980776
0.442388919836
0.171945290019
0.154713848967
0.340792228348
0.480538618647
0.452103993183
0.4934537002
0.175886409507
0.0716404288844
0.367039909636
0.435586241816
0.57694454985
0.476872515069
0.396610633044
0.189957823726
0.108540775604
0.463228229553
0.396020202612
0.455420118895
0.35416148846
0.101888701426
0.0578917754389
0.402333681439
0.459363358821
0.518874288543
0.457437664665
0.165878454398
0.208467062459
0.275902014925
0.455075142708
0.466377252982
0.487561744137
0.246833466385
0.0717151463485
0.241337575762
0.414885350649
0.527669321683
0.501407457192
0.407545718069
0.230774983062
0.0469852544223
0.42840878635
0.410620805877
0.487755290476
0.4458336495
0.134678187351
0.0629969239758
0.343042115064
0.371054400195
0.47529978707
0.475510490286
0.241113671774
0.232396821717
0.213938669217
0.418288206641
0.495713369159
0.479834091571
0.369494624835
0.105567282156
0.160867672764
0.413589971178
0.489339635115
0.51369150203
0.455064463755
0.252130163433
0.0946345798498
0.373790096974
0.446786473444
0.49246226752
0.47535593783
0.218395477803
0.185198338927
