0.0
0.285628988565
0.463461837511
0.517600660095
0.440084393458
0.294991770931
0.104675002016
0.238099348329
0.382891435756
0.493877443012
0.433374319775
0.388418029826
0.11153365447
0.198855378646
0.335691775471
0.470237059749
0.471809071347
0.428746031678
0.148123963885
0.0906396526038
0.294271453778
0.466636290854
0.529367240395
0.428391832832
0.233106656976
0.134486665634
0.209875300156
0.392975860308
0.507570410874
0.415979216993
0.308908320798
0.189381636739
0.208241531253
0.3512227051
0.491027712526
0.465756967823
0.48764656622
0.171865004424
0.130131244533
0.232808790405
0.416867750948
0.469414346076
0.431423707668
0.202881472402
0.0553923386752
0.307449886679
0.418125625415
0.53822851946
0.463127554361
0.270364262031
0.239720252548
0.143588377739
0.371213552988
0.432349042607
0.440657009952
0.385176461028
0.197988733416
0.118637614409
0.280089929133
0.506503423766
0.460910685058
0.513190304071
0.245812323047
0.0435457946549
0.173287809975
0.36391854495
0.495532649084
0.41463387371
0.304910772876
0.123558115414
0.284304331524
0.325388035981
0.516300778645
0.508884578116
0.379160550747
0.296769071112
0.108266076472
0.272264785445
0.389564758174
0.410037969537
0.420944761587
0.186996350119
0.0685617187706
0.241409866129
0.507145425037
0.511044255529
0.548505131367
0.337474866196
0.179858950775
0.103007890796
0.277251193393
0.435821910412
0.418258216855
0.265325817743
0.154628438746
0.194306421145
0.344096836782
0.505716448349
0.553516288297
0.526531805364
0.338042042545
0.11697573556
0.123307571642
0.349833279584
0.363354889812
0.413928477755
0.24179426171
0.0792617970157
0.197766916515
0.453627309556
0.5569995709
0.562632059198
0.446605387805
0.292792403637
0.019628602228
0.19956777967
0.376357380694
0.43844275837
0.331506016293
0.194812172188
0.0886884893283
0.261488907557
0.483378267001
0.599798465303
0.551831900786
0.390800817353
0.240089196302
0.0547612592558
0.311870818194
0.333140906509
0.434059673829
0.299330815439
0.169920709251
0.147047163909
0.415724314899
0.47313249613
0.580373853802
0.523155122456
0.379029222477
0.0575257375966
0.105731633993
0.333468788951
0.47960274149
0.370137579859
0.255261699122
0.0461915130191
0.1442172262
0.466038046895
0.551187801019
0.571917246789
0.43322134621
0.241505464181
0.141648687895
0.299928630455
0.3576649476
0.442237892494
0.433751020545
0.245958026351
0.137686559757
0.251425449462
0.418725229536
0.589779807001
0.487762935445
0.452657692248
0.105468807218
0.132241150544
0.322101825
0.509228175196
0.449915281341
0.310803167595
0.213491782969
0.0537631124381
0.436221684593
0.451683238258
0.565357097377
0.474682853608
0.312848580772
0.20053916729
0.230064175655
0.357968774693
0.467979859416
0.503430030061
0.32573256729
0.107765775886
0.106822434484
0.365503133663
0.606940076603
0.536370026841
0.473996613065
0.213247252213
0.0621253450801
0.325966268557
0.434259298396
0.475223078519
0.366874672933
0.30673746426
0.0294699588835
0.407990044907
0.410309139064
0.545634771358
0.540805091743
0.421743899308
0.18874182035
0.124571120195
0.304319147753
0.519894853499
0.483556708131
0.37728102219
0.0927926270089
0.0960594096884
0.329253749368
0.586587291535
0.562631731719
0.475756322595
0.263554039245
0.101016060349
0.277682281718
0.409480133982
0.499076841988
0.467222640546
0.351389657825
0.0793267329458
0.276733461767
0.372811729368
0.543545884692
0.556023843195
0.445365010683
0.194821930253
0.0871526564011
0.300622178308
0.498080729757
0.528662376201
0.435383748767
0.186422437209
0.0845803986186
0.283085555204
0.526724204293
0.542371894371
0.50031303822
0.349065739882
0.150586043326
0.219517244646
0.373527956173
0.506241440426
0.501538303305
0.459654722911
0.132570727554
0.193114656845
0.257120027325
0.515831346062
0.560056436773
0.501727676499
0.208307063739
0.0600236244218
0.253414083302
0.514752179212
0.56183051245
0.453540416897
0.265213931152
0.215387154802
0.248933977401
0.474746612011
0.478028479562
0.492884004439
0.353846230884
0.273447220977
0.201195795819
0.366383682394
0.507811673572
0.561553457292
0.523966801864
0.195702187658
0.108744501249
0.154086127271
0.490990124296
0.561332015839
0.485206813223
0.22171555066
0.0528597014316
0.298305650291
0.490222055625
0.545872667979
0.513134312949
0.367507004731
0.258907006683
0.212791867744
0.404768586303
0.436573030264
0.480881863606
0.457098307753
0.281669656837
0.139138405821
0.267602442706
0.531822230825
0.570174456571
0.525515574236
0.259862480424
0.0803030839574
0.139858938083
0.446827669099
0.559090639144
0.471430143031
0.253897132811
0.174198711176
0.282761526287
0.433250781425
0.51490930781
0.543404884999
0.471332335509
0.302363565801
0.156575475375
0.261122847094
0.395107149938
0.455283734527
0.489958353586
0.239437474839
0.124431889785
0.224051878599
0.523998318935
0.607614489787
0.545978190152
0.318437033459
0.227211965912
0.0963650641347
0.389293232478
0.447556669067
0.441597146902
0.235537644795
0.19272319408
0.181326816525
0.453343943339
0.518049395803
0.568927173936
0.555320424692
0.325082141404
0.0756187389851
0.127326945409
0.363930617679
0.43259838636
0.422607185177
0.24152654358
0.0818938523205
0.225064504147
0.468678100667
0.607894748943
0.565170459393
0.397940199597
0.290197601526
0.0676097347161
0.281695682586
0.390245494944
0.430381446983
0.281880105693
0.196153182692
0.126719428444
0.362389904106
0.502241316639
0.576032086061
0.580084980033
0.356911602838
0.0893086428071
0.105386135123
0.325369837198
0.37661912612
0.442377378779
0.254290860684
0.0330100485287
0.193347240503
0.423476547914
0.569905018208
0.562617862953
0.405719846596
0.403354493437
0.0779015808338
0.253413597296
0.333953363867
0.413821968874
0.298300683655
0.27824327305
0.0592137189609
0.313607571287
0.474465068006
0.504791631114
0.590269200927
0.390988938904
0.0766330294362
0.180877425247
0.295868066863
0.439060568875
0.423371823004
0.280132330263
0.0962890895826
0.185693705642
0.320491562087
0.501275015151
0.556146507478
0.371315068116
0.404901971334
0.144445994123
0.249119426207
0.31334890601
0.400194783087
0.413251354941
0.286344727512
0.0578963573235
0.180363886472
0.429390417395
0.443723333674
0.543578859295
0.408201749018
0.144151946703
0.174064444878
0.259217575502
0.413985339816
0.41942704925
0.285630338687
0.208367626316
0.136891750589
0.268474556447
0.429871798197
0.535110234649
0.438857650419
0.404358414431
0.167074974274
0.101536146077
0.303393159183
0.336562214004
0.416471828082
0.315372181724
0.104639659149
0.109826358276
0.351410286619
0.472425082639
0.521014809772
0.407941996616
0.296823884157
0.152844422357
0.222699264569
0.31806935698
0.435731993527
0.265694998628
0.252072697528
0.0532148802532
0.297698660895
0.379243557356
0.468567599419
0.490901910133
0.39362128438
0.162780170564
0.109416063595
0.2609849775
0.353799644864
0.419088347063
0.343394226859
0.155931595865
0.0458475046553
0.266776623338
0.436397942105
0.486879198563
0.424494157434
0.314148307433
0.141813807249
0.161963836471
0.31222854674
0.408546468983
0.355797849197
0.300399483251
0.0885315797417
0.192909733947
0.321157383338
0.460744456122
0.452198599703
0.391718311114
0.22252153953
0.11701482486
0.242398972268
0.343074094228
0.414008405069
0.375716655685
0.266903985322
0.0335038195868
0.207894320045
0.323353658789
0.48172473336
0.418317979871
0.351834306688
0.170168973765
0.14503697944
0.27046355532
0.4276100503
0.406812481244
0.348143523026
0.173971123865
0.15859869502
0.284885490006
0.381237859905
0.396516287834
0.424125026901
0.196161899698
0.176863694242
0.245582615805
0.348616503985
0.4509055821
0.427934082112
0.282471134779
0.155632903749
0.106474101978
0.268120091587
0.442789180334
0.408454457868
0.346420135752
0.205592948319
0.0677965010541
0.280940336911
0.445814851146
0.396538767166
0.433913216758
0.247404349998
0.0693786654364
0.215523357979
0.332247816447
0.409659259693
0.405324429471
0.307632640391
0.180590211548
0.252255113644
0.256013868938
0.467300831595
0.468668708642
0.314393689522
0.227185963393
0.0403539452494
0.229493095078
0.411546966886
0.428471329931
0.376723213699
0.223928981042
0.0872507706079
0.260813753457
0.457781852166
0.4058358239
0.489425620453
0.344586682641
0.116699214716
0.181974047486
0.240176146283
0.395220341892
0.404117653525
0.336273791903
0.156717348216
0.259678716109
0.241871609242
0.489858495813
0.528785239489
0.421399190998
0.297232016349
0.138595284819
0.162768466522
0.377628760552
0.345720019695
0.381756060096
0.208122949963
0.0692009316819
0.220800791254
0.470812070729
0.498168532266
0.522116838738
0.415949227316
0.229827167075
0.0913479171057
0.172832942808
0.372207834202
0.421111712381
0.301758627839
0.171571081395
0.154507339336
0.280122661478
0.476317521159
0.568215534902
0.507444998259
0.335409191957
0.193297152781
0.108868754887
0.332065631055
0.34821373273
0.395449594597
0.249276854996
0.127587177769
0.194195141201
0.438178969207
0.492747808182
0.548842112896
0.520371493646
0.281150223314
0.0633911398138
0.0774937171394
0.369509597306
0.434493233516
0.373628695709
0.199977072163
0.109125829853
0.199401187311
0.476342239608
0.600174396158
0.539750203113
0.370742884333
0.28608209709
0.114793507655
0.355975498521
0.315618939427
0.420495748563
0.326904725461
0.209951397112
0.189607376277
0.37974450929
0.47727020666
0.564035450866
0.516235973464
0.385608781799
0.0839867379085
0.0818217903627
0.37214490191
0.5223220617
0.408387258051
0.234244538392
0.0881749446495
0.161278206796
0.475536074591
0.521514918223
0.578756734491
0.40434126035
0.267639868671
0.20990324453
0.332012528083
0.360559941373
0.443775364225
0.465643692807
0.268020464109
0.170925622908
0.230033599118
0.460660291851
0.583804483369
0.524301930651
0.430321824699
0.118872398072
0.0675398279768
0.381993475678
0.507760827463
0.457144295201
0.252653787279
0.223426152
0.126934477367
0.477541278683
0.491138137548
0.580241323012
0.501352605155
0.342517045243
0.22425471924
0.190859426178
0.359446723662
0.4626731092
0.487057271892
0.306485343339
0.15182144989
0.155064359527
0.41822988549
0.633675574417
0.577559652662
0.425346592916
0.24175132626
0.0671137813604
0.3907969428
0.425930978544
0.479923545314
0.31152787658
0.261533819698
0.0530053288972
0.44629885597
0.474281782922
0.564204877694
0.537443085248
0.397852574756
0.137566369905
0.158388763352
0.35937800396
0.507050754064
0.492117054571
0.335228220273
0.0295594989731
0.109718878915
0.39697916451
0.594176560657
0.579966548967
0.460014381741
0.27795874453
0.0929583762374
0.299842887611
0.428945288092
0.503376644058
0.39600252202
0.326383769562
0.0290406654147
0.327280219506
0.434589852148
0.567752958507
0.563516679632
0.428751897674
0.141914347547
0.100851838652
0.343189913798
0.499717432269
0.537282991587
0.374091493747
0.112770945544
0.0643294369108
0.348260787759
0.545101327471
0.586920093862
0.452740000927
0.336365763548
0.16146636627
0.296220564749
0.39585882766
0.496892245897
0.457993801078
0.442303498855
0.0533488551546
0.257863318422
0.338261161961
0.526928589926
0.548351468211
0.479260414269
0.131400805383
0.0760815221099
0.34289503724
0.523700239204
0.565507484133
0.400036066729
0.201580661819
0.159222564923
0.302005467999
0.502104269459
0.523713463066
0.455739964769
0.371912123175
0.225555062038
0.228583283765
0.357883638481
0.525191008561
0.512435213573
0.479654337246
0.104713339748
0.138363155536
0.269742909962
0.492599047162
0.582672955508
0.45863214035
0.219754271647
0.0778249682525
0.344406889899
0.456094744167
0.543616286345
0.44076138713
0.322484843751
0.205620038785
0.23896743957
0.421178638539
0.479813791471
0.473046049335
0.446673040193
0.207160736728
0.123137652914
0.306763770541
0.527284223325
0.545100759068
0.511853506571
0.165157487002
0.0464498173385
0.196958287127
0.441617423676
0.548074569558
0.427847783489
0.242273729495
0.118944098805
0.29639732724
0.430097578035
0.542794822102
0.48983798047
0.468432114086
0.24027121147
0.168398607946
0.267960108643
0.429789986429
0.428817879758
0.435757377402
0.169385867302
0.12158667026
0.280354957748
0.510732521367
0.604738032105
0.524783618225
0.283981935636
0.186375091494
0.131309453574
0.365878853331
0.455868314308
0.448465584232
0.263973429812
0.128382484477
0.184674900108
0.405241898824
0.531297042557
0.556046642105
0.521303981082
0.283935338321
0.105328029538
0.18228269584
0.393977011363
0.410603617666
0.430612891716
0.224885819131
0.0730107015892
0.240272749938
0.47790361315
0.559576555713
0.546114200691
0.408242487951
0.270024885059
0.0707380675093
0.24852791836
0.42144697708
0.450705293128
0.305192304956
0.198876504485
0.127350779864
0.299602408023
0.504233377117
0.551068735178
0.568948561436
0.336241046386
0.115610662808
0.112320353751
0.3530498944
0.391411725631
0.439808217426
0.310671838742
0.119102062266
0.209640852011
0.373257779223
0.524358554814
0.558447000469
0.381664056989
0.387583116954
0.0413255104598
0.263149204149
0.350531398834
0.47082789558
0.388724571447
0.243141203573
0.117960371224
0.219039971061
0.480716597749
0.461812091907
0.568967563665
0.3761994356
0.141420281707
0.152583753626
0.305053828368
0.439795166562
0.431512489786
0.39596262635
0.208159786357
0.167184920621
0.241363174403
0.454002389089
0.569448557592
0.428698566581
0.416634062152
0.0926140897501
0.170864683363
0.327602906443
0.429673646699
0.443133555998
0.276751680432
0.191297436741
0.122405169121
0.452022093143
0.44302570171
0.556905518731
0.450187978683
0.283561726588
0.170026009154
0.183996686296
0.363148383273
0.459406919376
0.370373296814
0.264597383895
0.0869470641472
0.225683853221
0.414203971745
0.572444016167
0.529595436218
0.426905092914
0.176989496958
0.0423228656557
0.30933717562
0.357613258318
0.442122527497
0.366463732906
0.216394738627
0.074771258178
0.34970427217
0.465777149423
0.549156776451
0.48419996319
0.382039980832
0.140413993498
0.144094845117
0.311458099803
0.462685776885
0.400811988811
0.321589690003
0.0866256778107
0.196964526129
0.367011518198
0.543718665588
0.535422269974
0.456162098089
0.271875054677
0.0945039614777
0.236228402856
0.352992907785
0.456292658906
0.400108846418
0.304563390384
0.0492361986215
0.28370586247
0.36511634224
0.533565918231
0.543392942059
0.430992692962
0.176961205554
0.0807144504053
0.263511773931
0.465775602277
0.455368588893
0.350627611986
0.154043024149
0.120975701311
0.331020193005
0.505819419821
0.495527376207
0.473390251892
0.305313465815
0.222518613066
0.232545871234
0.348764969443
0.444163918997
0.481589450816
0.387399308649
0.0974284547907
0.167866679683
0.244328314921
0.530894899644
0.508514705143
0.458758812975
0.205904868442
0.0563703691631
0.292115835492
0.483665526387
0.478531636306
0.420695672974
0.281034410949
0.131933122426
0.293123401003
0.415908483027
0.453642647921
0.476224691779
0.359423949869
0.269675252853
0.210280939826
0.297667941784
0.49291346067
0.524407088897
0.402093954925
0.19129075665
0.070381447431
0.209493760463
0.499150436931
0.527593035911
0.465289419269
0.236929021755
0.110804775679
0.302170692166
0.448886096629
0.457368178113
0.475288131601
0.371214223625
0.167573961983
0.253948822713
0.326210570309
0.434498065583
0.489608120551
0.450879559082
0.260276534594
0.184107788532
0.230448286339
0.517504746763
0.542780498211
0.443918601717
0.255078271012
0.110972462843
0.169531214718
0.469371308585
0.479649745952
0.435534038051
0.268560684306
0.181923553248
0.260420337447
0.455501253351
0.481190835607
0.53564018171
0.453485721534
0.217868582377
