0.0
0.441962802933
0.7401538813
0.689132819141
0.464734382214
0.166703722136
0.0382891684476
0.142605924207
0.322719005151
0.609579334626
0.733237287889
0.621401444397
0.194312058461
0.270868618126
0.652249259898
0.800651097611
0.694468752453
0.358166737793
0.0902343926285
0.112574793378
0.197971265979
0.499293068829
0.711056582065
0.724414483987
0.464910934456
0.0916231827304
0.426315797372
0.717518996968
0.74580281431
0.470256849839
0.184152579617
0.154959979908
0.25724203355
0.387952370826
0.556055050454
0.732815941752
0.644678836542
0.295414019851
0.246595008181
0.619718323074
0.7776744277
0.687006379953
0.425866678227
0.187688883659
0.252343535564
0.249832573757
0.420112090455
0.668520617179
0.698505213241
0.448390277501
0.107825899437
0.430355825011
0.69683806764
0.753138752877
0.565439412477
0.293506262676
0.290886851073
0.35717261672
0.44278984327
0.558100472495
0.645271211542
0.636734136079
0.353865060824
0.142509390154
0.578375942918
0.744849952239
0.650770937534
0.41625673511
0.286399626052
0.394402174283
0.418179534402
0.368772397272
0.577201471119
0.653937827517
0.474746796786
0.0852190884765
0.426980344661
0.713599266163
0.719001937105
0.562820551625
0.404664279951
0.436589532513
0.486756078865
0.467024956029
0.540486575221
0.591439013391
0.544264920311
0.34805308397
0.0413932593586
0.468245486552
0.692137336821
0.616367478749
0.397832354258
0.36753832838
0.51295925769
0.5423663586
0.486704682541
0.467680567598
0.600620899898
0.449576878667
0.119691499826
0.387356488543
0.690692326736
0.748109087134
0.51912699487
0.365725320586
0.529705431568
0.590705244093
0.542379148586
0.493176454545
0.526226436242
0.462703206948
0.278759297226
0.0550458600512
0.388444046681
0.619258305754
0.571596914054
0.377264609551
0.438565149499
0.623790108622
0.677550368317
0.537569737812
0.488620760982
0.501384926481
0.466346042775
0.126530626078
0.253537127787
0.625848023299
0.702578495982
0.551652856065
0.369954222091
0.544764587408
0.703252245097
0.586021619025
0.477760918001
0.464903836494
0.394052545702
0.204643040448
0.0883330172686
0.362071649849
0.560620018671
0.550546821974
0.396942891662
0.479891929939
0.712309029297
0.770298822768
0.647999923411
0.420634436536
0.44992303136
0.428273305282
0.212202576131
0.210263825828
0.47936615237
0.618834560272
0.490444259065
0.393617643987
0.613602470234
0.787905800726
0.713486836629
0.434998112577
0.380861092661
0.392530511642
0.180251667724
0.130653727844
0.365321088186
0.504712375427
0.494620329597
0.401140046227
0.558649694207
0.775751796933
0.844697106207
0.69640131825
0.44526476014
0.297491761624
0.365683624232
0.254068905695
0.0739279645189
0.4105709524
0.47927791448
0.398792453623
0.376631150758
0.640839910672
0.86487217468
0.837018516383
0.5330687644
0.251327454942
0.325260679365
0.275962084719
0.143814675061
0.369470065883
0.487178504735
0.408558277691
0.285549716792
0.534829552403
0.840590802155
0.906226513906
0.742735791939
0.432626841832
0.176255841656
0.268202595066
0.236591883211
0.083715350504
0.277149836135
0.401561896409
0.263443428485
0.337519287591
0.67532172135
0.911995160525
0.899438407855
0.65364850001
0.236806139673
0.226923106909
0.280422269677
0.159327211696
0.320329077007
0.451787242326
0.386721666539
0.171248127589
0.425475498169
0.823533147607
0.953535763946
0.784807076828
0.444902629639
0.0896129181893
0.181254236628
0.276438449101
0.144450180671
0.19676648866
0.31469034409
0.18943450892
0.259031775077
0.678150286145
0.943168594283
0.960895072558
0.687259713302
0.310133072926
0.121379804494
0.272805800399
0.195604481781
0.174770676501
0.374435592511
0.324846749507
0.145518974152
0.41043420224
0.773552909704
0.975308546013
0.824064166913
0.456421187992
0.0693628412494
0.226751809441
0.321568679772
0.240187600696
0.204274687684
0.258193603215
0.160003129461
0.246583950835
0.637659041561
0.945198757403
0.971295514499
0.750352095581
0.312635516696
0.0688222734718
0.300615650712
0.214095628821
0.130808893243
0.239914108525
0.25306982539
0.0654461689256
0.383205327009
0.769333908265
0.968960817063
0.89299111866
0.508168346231
0.0761800655539
0.25238541066
0.383104390406
0.327961301993
0.174242005147
0.255149741342
0.179433800553
0.147162672087
0.614459343334
0.904736715136
0.970048371277
0.740650321896
0.384841393875
0.159550246703
0.325494915478
0.321995232459
0.0496272219668
0.200470570325
0.240063805601
0.0598704355492
0.384624727689
0.730534290904
0.948357203042
0.908794371318
0.611966410218
0.226173587885
0.306603860838
0.397449969242
0.353289427644
0.212691067641
0.163483108888
0.244028468724
0.181613359311
0.485589507472
0.861741763836
0.931171131372
0.743812837435
0.388075191343
0.287269617906
0.426159413634
0.387234383815
0.171314174995
0.170095234581
0.284579974401
0.249598798874
0.371564035893
0.707485430402
0.902378451583
0.871349062449
0.62195175946
0.327968909586
0.368242797669
0.449154797254
0.329224469139
0.174548004588
0.125272766789
0.247689581371
0.298912712959
0.439278533626
0.737144678217
0.88664891705
0.709150484919
0.409758094235
0.371122009768
0.539736957831
0.496286679955
0.242046861149
0.0919470571267
0.347786655211
0.342577626066
0.396196672744
0.651141486586
0.846670381851
0.826025482324
0.583207211574
0.315909430813
0.409536368252
0.486619865989
0.356115066215
0.0950549594718
0.144140941978
0.279727801997
0.373649632762
0.471010132107
0.659762885444
0.804488284713
0.693893024314
0.378732894326
0.395585246359
0.611561043778
0.618651412461
0.332996609407
0.0811521810565
0.356901899876
0.439719710368
0.415438094073
0.573003133355
0.76468291606
0.747245257688
0.550869603878
0.334013523778
0.43881451858
0.553864498787
0.386681867469
0.0769571949617
0.243769426762
0.373847420012
0.442099690993
0.496704230328
0.615413729948
0.717276111249
0.670551280625
0.443170875439
0.385938070311
0.617482421154
0.661137257355
0.447490230972
0.0481913829888
0.374271319311
0.53872862932
0.445640193218
0.499134092562
0.644200825364
0.663982599479
0.475491864
0.361920480558
0.506622815883
0.624730432735
0.491198093686
0.112419340122
0.288033545979
0.515278919752
0.523341832512
0.531514104794
0.559938579747
0.619958000032
0.575437488697
0.451669088668
0.48294642048
0.617133237785
0.656581528794
0.456011466671
0.117028339253
0.376386201628
0.596426035904
0.585979581687
0.408625333641
0.520728957974
0.544145073535
0.414060979634
0.365338091932
0.575889729945
0.683522161697
0.578402837837
0.221765783572
0.291528965031
0.582571024005
0.649779505864
0.54804732529
0.522846822087
0.506913403982
0.453208393297
0.331400852733
0.455740374154
0.673868500151
0.655030313529
0.442670707232
0.115363853095
0.3506917354
0.652188703144
0.656759975704
0.505301691129
0.359902352046
0.420093923521
0.305766655979
0.350579996019
0.613751021774
0.758957846233
0.622197572515
0.291452830321
0.216285285436
0.60070227596
0.7096433001
0.61010512155
0.457008924544
0.404904725216
0.320865764739
0.228827381996
0.378140936055
0.646370957434
0.698167403244
0.435765213692
0.0671061340582
0.395732650129
0.661653020758
0.741004376708
0.547333951327
0.345688732935
0.274027956918
0.228375246209
0.261870943577
0.606130116183
0.776348544122
0.69800940583
0.321214886193
0.138949749211
0.57440582839
0.745015862625
0.633195344662
0.425269844124
0.282433562959
0.190408085748
0.137836604642
0.377172186945
0.631767192116
0.712231388653
0.487832144059
0.048450582772
0.396258030673
0.703169018307
0.76968041539
0.621555686588
0.320256056362
0.161446370538
0.129466148022
0.278215096358
0.535818611836
0.767531330871
0.690464827313
0.394946491941
0.147822007491
0.536714085207
0.782901609481
0.68109428932
0.397021974779
0.168805698934
0.0621869269134
0.14227474949
0.372860389093
0.630635506756
0.73353081542
0.553874894549
0.12458662249
0.405188810637
0.708296029054
0.789565983675
0.645432077983
0.353210702028
0.0598024167415
0.0346859153901
0.186064266384
0.53674388558
0.704197979713
0.694483016613
0.371988948125
0.154606667749
0.551838627846
0.765844550044
0.764817120598
0.459548343713
0.129925271094
0.0870858402796
0.191229704437
0.408619047888
0.603807960546
0.712815384556
0.595964291201
0.211913041888
0.337403541756
0.710311867004
0.791653461813
0.636306982532
0.364911639576
0.141064096976
0.179287690526
0.222508018539
0.420852056749
0.691834153608
0.65284277318
0.395907890094
0.156985808772
0.533157976552
0.794141816487
0.746256606477
0.552390495688
0.269066017964
0.231604634933
0.279836347326
0.412854467939
0.593738866896
0.662214305033
0.56683413204
0.258642390604
0.22625435951
0.64252469098
0.778659788307
0.633491238824
0.355217448887
0.236089911953
0.334293583569
0.34641335001
0.408539222573
0.587608758472
0.652959579969
0.389448853733
0.0581712192058
0.532766983943
0.78226990437
0.783802505374
0.514294573439
0.341223365786
0.370069026121
0.38751634647
0.410824210371
0.559430735406
0.61447498646
0.509283577265
0.238268563084
0.169756495989
0.558270768225
0.735983489799
0.608778117457
0.372728132229
0.337255296976
0.461130595349
0.486663573156
0.452354570947
0.537278723359
0.604961590051
0.42219735034
0.0694199607405
0.42658030783
0.756309514603
0.772600095807
0.562149027091
0.322988271775
0.455785480844
0.495472264401
0.439116179541
0.487670654303
0.579406699407
0.449833488458
0.190203252715
0.171623352012
0.503960711475
0.695845971267
0.616039847411
0.385659929499
0.422268732182
0.576642751928
0.6025988899
0.503953988057
0.500906636232
0.551224532732
0.453077211366
0.0834161025221
0.369182360093
0.644086261662
0.720351301947
0.547119861059
0.403301628826
0.527770209239
0.634873249218
0.485181935888
0.430937507318
0.503034456708
0.453130206617
0.151117559677
0.193078385013
0.483072180426
0.633037191978
0.606084791828
0.464312036597
0.516087542041
0.671438775631
0.688049569567
0.568448216007
0.419041132063
0.47821775232
0.4279880977
0.182068651641
0.257219312207
0.561752658542
0.613176980596
0.488081251526
0.414818087808
0.619118025611
0.740400641653
0.650395307888
0.367696619505
0.414590167396
0.437405764061
0.217375883972
0.203643842444
0.483771007733
0.59657842598
0.514047148758
0.433913671371
0.593819747296
0.767941122786
0.769735765488
0.60066490275
0.39690541849
0.306644329971
0.374162073408
0.214382758187
0.129589939073
0.448935443783
0.517055343595
0.39318198856
0.427339988731
0.669873306904
0.841719912058
0.750322614784
0.488573098627
0.274722972677
0.378592572357
0.298378749659
0.124994402645
0.447669943226
0.577377875943
0.474134708655
0.299599299562
0.548742060951
0.828511808961
0.841128719806
0.647431680721
0.366702724471
0.209648000432
0.246044070716
0.225431862767
0.156702407771
0.325256774111
0.431452845964
0.29644475932
0.387898731418
0.725525939534
0.904579642711
0.848905295049
0.549002424734
0.250942591199
0.302640391066
0.283444703042
0.175019710488
0.316543635153
0.50267801275
0.437992939535
0.278433067791
0.496903380493
0.827925889246
0.907246103815
0.679352298485
0.361056592219
0.150017105955
0.218376750521
0.252330008111
0.174972355833
0.295336232079
0.345008399796
0.254873507042
0.373637977318
0.72052705281
0.950949983878
0.905694439045
0.618091208809
0.232654964382
0.212667826571
0.319106713599
0.138429143297
0.212955719546
0.372821733563
0.339152396585
0.226644883237
0.502738649209
0.830966455512
0.962841335477
0.759072014135
0.34595634753
0.118422456283
0.24331919759
0.300836470748
0.269876405418
0.242097955457
0.301101020793
0.177640380629
0.342401711169
0.730440441151
0.955349623524
0.929762376922
0.657236649565
0.240356883582
0.167799815303
0.325924213347
0.232909348014
0.10731622927
0.252971471513
0.237068186799
0.154587415782
0.481679193096
0.83320616736
0.97896410357
0.854132300628
0.437869402921
0.049921015943
0.297540188029
0.321890394889
0.296557151412
0.252437382141
0.233393957251
0.132469385443
0.218380498652
0.676321458093
0.954286682386
0.942640931232
0.663029050112
0.279238766062
0.196919119064
0.349595536889
0.314940783733
0.0621472312548
0.206349636601
0.186876332129
0.0733137981598
0.48397538346
0.813546617676
0.976976333201
0.86164272337
0.53899874422
0.158347867203
0.313385525064
0.380916808961
0.258549196345
0.209864278828
0.181251778183
0.140290101906
0.211968303328
0.561649252672
0.902990376776
0.927583810943
0.682764285967
0.301337268442
0.279924028948
0.456304726139
0.359373778485
0.161364453512
0.144489207995
0.240279140866
0.195723941567
0.422564374656
0.795400120484
0.949079159434
0.860119269215
0.53100417436
0.219139814001
0.338525107395
0.395590047604
0.271783168503
0.12035280525
0.138996851836
0.154214036449
0.26813797318
0.540913492371
0.811821289167
0.911308873781
0.666049119778
0.315389610388
0.343333687483
0.52736398759
0.5065062968
0.188012352777
0.106752903276
0.299880206857
0.255033433106
0.434849262916
0.709935465129
0.902621577001
0.82548471914
0.542490129978
0.235479030701
0.372157511091
0.447288182588
0.264958190893
0.0433981476087
0.211726771263
0.246908696419
0.326753166232
0.522872356
0.76566721695
0.858967223536
0.708811196258
0.345539833279
0.323406230235
0.566808405295
0.562789605358
0.333166377425
0.10726767678
0.334879084981
0.384821503431
0.366132962535
0.653785155891
0.816685348181
0.763236912271
0.518051112683
0.319082609568
0.430627371305
0.528648587266
0.342067407541
0.050424554877
0.291731619011
0.390201781778
0.411511355817
0.527646124214
0.692292114331
0.786406910686
0.687983926115
0.45004332299
0.407614511998
0.546434066729
0.57459150476
0.360614185364
0.0657027842957
0.389676923832
0.495485936257
0.422341819475
0.514964862472
0.722591870606
0.698983456683
0.469455676322
0.367219671538
0.532015140555
0.58464073537
0.450277003869
0.119382690301
0.348859524579
0.527956927088
0.4991473414
0.536868190501
0.635377169984
0.684621838637
0.591514753416
0.421555644434
0.461348449755
0.603518130544
0.554691314869
0.342498570859
0.0900231227241
0.363752340634
0.58234903494
0.551329891611
0.449830988829
0.579154300898
0.595524880123
0.426581825297
0.390352879821
0.601925686706
0.691205684183
0.4890124192
0.164927001102
0.344672500363
0.588072754768
0.628377515947
0.520409513468
0.56742909722
0.583172571999
0.490365715943
0.321037840775
0.416768312256
0.624703868303
0.58747084357
0.315268822866
0.0976084557873
0.413886017427
0.620389467639
0.627571543502
0.514992415657
0.450480496192
0.498636535015
0.342847711221
0.332546301671
0.635624202988
0.746967589882
0.599125549464
0.174047900929
0.264536247826
0.628480443773
0.665522539563
0.577758407512
0.46286752603
0.466988799009
0.373055779924
0.25596713897
0.410797712871
0.62101395697
0.627924459417
0.331977949271
0.10690395957
0.463223801532
0.679919998194
0.699429040931
0.528833322797
0.412614329953
0.369690892165
0.320051323289
0.328190242601
0.572145555139
0.761777127673
0.634625905811
0.28518330133
0.266725747897
0.614579777144
0.752081124338
0.567064483226
0.415496620096
0.332876641517
0.24796856056
0.199852587991
0.406704908989
0.651703357358
0.674301273705
0.407480549492
0.1165687101
0.506825225276
0.724409517682
0.742071981167
0.586022797844
0.334562078247
0.253132996253
0.199473688128
0.321018563015
0.583158141125
0.710262721477
0.633444811264
0.301221568277
0.249504200913
0.634635012652
0.794420190351
0.674856258949
0.345199580106
0.20524044693
0.134973618877
0.176428309159
0.435636475056
0.640937985034
0.703425308921
0.48757491551
0.10859635776
0.503213740081
0.774657261705
0.764161222832
0.589989601107
0.334288178603
