0.0
0.440570863948
0.328101323511
0.562340686849
0.507989014118
0.227094160983
0.153867612918
0.231537352625
0.337038541079
0.506835349687
0.482188694345
0.394386583216
0.241355853989
0.195588892098
0.327159496222
0.426569941937
0.553000817097
0.403830732781
0.307304537752
0.175270970023
0.313710224489
0.368191803346
0.565188900732
0.478577319136
0.328281824584
0.156147946116
0.357430298096
0.248298773562
0.533357566294
0.485047542327
0.283007718376
0.17973023982
0.0995778858759
0.273221299712
0.539440758843
0.468141803975
0.50588206348
0.342356804231
0.0408083784922
0.235128038793
0.299234947885
0.548024965452
0.456333835009
0.307044927535
0.167971989418
0.210333075862
0.323900205903
0.606903964313
0.546017114645
0.473431836998
0.270212370495
0.233789642822
0.176893957943
0.464894733383
0.470377270476
0.365740534352
0.284497972258
0.108139895727
0.195873673917
0.471852215335
0.500613576037
0.570373437043
0.441251327127
0.253064182002
0.191418134608
0.223918268407
0.56160839267
0.458611656278
0.364117394082
0.272401993596
0.138939271776
0.255156375153
0.577782410145
0.478386540491
0.560380390633
0.309085457931
0.319964361144
0.1107847935
0.338300453954
0.454082370344
0.410125171603
0.41913792573
0.127756648579
0.0878406762437
0.399012985999
0.512609000912
0.593159992665
0.523887161678
0.403358178585
0.184444964434
0.141901502446
0.53647167647
0.463166459418
0.434635241784
0.345083579712
0.0417993404428
0.161870617544
0.481524189898
0.316346703345
0.640251168781
0.329324648391
0.354901594102
0.177928308579
0.173164612321
0.458319342159
0.425984742495
0.505577883622
0.309845561002
0.093588949425
0.264953455757
0.446732087461
0.552004700975
0.562269773932
0.469143317703
0.29164410982
0.136449387763
0.416508755804
0.460494232262
0.475081270522
0.418053689195
0.169205107964
0.0572193489044
0.393293458896
0.203995384121
0.646054054084
0.412208639347
0.39376092571
0.244381453625
0.0719644564851
0.492557461158
0.434949690331
0.579560856402
0.445272550004
0.190162882121
0.0866675836417
0.340142638863
0.450476944565
0.57437786197
0.46077400985
0.357210961526
0.182117713101
0.322174685011
0.417672070425
0.49011651366
0.492186738387
0.343329414191
0.264557133455
0.260285377296
0.128871180244
0.593183894234
0.504515516798
0.487724362483
0.286204428039
0.16454280237
0.479492563555
0.418447551117
0.629197469846
0.512438808822
0.308229174299
0.119294992107
0.194227450962
0.341969478931
0.57160916298
0.362960366217
0.415897221976
0.234224320215
0.233137550036
0.34952323384
0.458697832616
0.562936246946
0.4772642804
0.404200675835
0.209362436218
0.0537873108847
0.496779933442
0.494054849381
0.515104688342
0.313855667694
0.197575063558
0.42560803511
0.386780616256
0.606452157896
0.571461600933
0.443952541663
0.282338651092
0.0873698962591
0.187858935749
0.534292093993
0.303431359367
0.504096113266
0.269166150022
0.0444503832903
0.287545059855
0.383143827656
0.627596781641
0.577748355379
0.482221332024
0.350999487222
0.0552084670271
0.327645417087
0.425557677452
0.465950412046
0.340623179803
0.27315099555
0.340846305805
0.317568840845
0.540198897169
0.591526946164
0.578468556298
0.42588957507
0.2693651218
0.0905523396358
0.453144330164
0.277713701223
0.497698396725
0.33946578977
0.162155904889
0.217677123314
0.34141307344
0.630569213731
0.647680194164
0.560100985596
0.416955296472
0.17368171609
0.148932585374
0.359912794077
0.419324978253
0.423651959141
0.327377123162
0.144522642583
0.216116069781
0.518395046456
0.581048302275
0.666128562653
0.500287235191
0.447689231614
0.161338049662
0.383597636247
0.256613271682
0.483708914034
0.391178703208
0.293177320026
0.179668924276
0.287819454593
0.557616527138
0.646131632793
0.633817173009
0.508210355868
0.307435460154
0.15585079035
0.320252262432
0.370533704747
0.477301793585
0.371168306535
0.155784337427
0.125011948044
0.448357817097
0.550526380098
0.685017594889
0.515348866361
0.567399452849
0.194773660564
0.402268628443
0.286780124343
0.45738958957
0.425725351421
0.357637117524
0.138015952793
0.111638325689
0.46706755718
0.574481918024
0.645011772913
0.582904092221
0.443264410444
0.285520407394
0.37332277317
0.279905996434
0.508150693219
0.43980881506
0.215026313295
0.0753493252104
0.311029299219
0.448475992116
0.654756518498
0.484195689191
0.683511567098
0.276004658521
0.3571932657
0.32570505038
0.403644661812
0.478223738089
0.404262246089
0.188969199321
0.162695834822
0.339328211321
0.431146321118
0.633671972767
0.614165666479
0.55237622805
0.323340552451
0.468740886314
0.271097280939
0.535647658319
0.485945971602
0.329245149342
0.179388056304
0.143261023189
0.27745069597
0.584626601595
0.422817200407
0.705831270488
0.423211954181
0.351299250447
0.32283517887
0.377475696945
0.527175765715
0.509743202123
0.304732275513
0.270938491489
0.176755000921
0.306107255946
0.580231509793
0.595850075276
0.635775254081
0.298503978326
0.476388122657
0.311957819272
0.539210344524
0.516892141537
0.451042108429
0.309334904503
0.135019021306
0.114290452288
0.379171021401
0.374509620733
0.650927215714
0.494192498319
0.400902481606
0.31928935615
0.380477219586
0.585172570882
0.588536638014
0.433064992394
0.419468972115
0.0859753770204
0.181629018706
0.454864951688
0.50008953051
0.638207792278
0.265532925456
0.503095785459
0.315962316364
0.465831062611
0.550361520911
0.526315313808
0.4652645967
0.263941830287
0.0797191606278
0.176555465733
0.360129205954
0.541873110089
0.455718878037
0.416925418839
0.312877071919
0.370792414077
0.627147663017
0.634383343047
0.535098604307
0.520625273877
0.183141757622
0.0433843433083
0.258010730937
0.324358658127
0.563939127469
0.262347711095
0.48364562112
0.291927282261
0.350265170343
0.558828739198
0.578668660481
0.591543881923
0.481002721947
0.212508631669
0.0796007703803
0.271307595454
0.408669607136
0.389329836731
0.375789962427
0.344479661773
0.366365006221
0.565776938242
0.656607947539
0.591774487849
0.572851618638
0.355082708077
0.155316256218
0.123595800914
0.186247102052
0.428754758068
0.214434480111
0.379433634402
0.282249469577
0.268776603449
0.571405949717
0.601831980143
0.6706592068
0.674680015856
0.34488686992
0.212260808131
0.114429485325
0.251435969157
0.31516933601
0.319399786967
0.363780531854
0.341820005167
0.438973740193
0.625775975689
0.607845962108
0.637323916948
0.527675520037
0.345065993361
0.20843953476
0.157225966502
0.299306097738
0.199019945466
0.310656266706
0.199785005195
0.225645264293
0.557027376468
0.590492372922
0.714389181758
0.746217619955
0.461577151057
0.365853272044
0.0794280788315
0.103168800139
0.261494773171
0.236362491453
0.275429037395
0.287965198045
0.345400801719
0.520094379682
0.571350631375
0.684181211354
0.668617263964
0.491936735715
0.400365315321
0.157158928988
0.2298405744
0.19902452418
0.264106683696
0.103530475822
0.159464543412
0.466465238163
0.549936838173
0.70848301319
0.756286523515
0.566540186709
0.477913216674
0.271990222652
0.0855701597586
0.290573301949
0.129252178461
0.255140144797
0.168015628904
0.200169895834
0.416045305468
0.505438084888
0.707342517129
0.741409414488
0.552114276643
0.604691557067
0.229097038879
0.190058030135
0.17850096205
0.225698289441
0.0869070787355
0.0706304260565
0.365913661466
0.466462658495
0.623483527365
0.739061917019
0.660805918382
0.585195331966
0.474917437085
0.136395179815
0.356270116818
0.0621493695603
0.300728764157
0.0573143181152
0.113967783438
0.326039053218
0.435907638062
0.699664676373
0.75085441367
0.587014363091
0.672445433189
0.355062595302
0.262227823318
0.231140532724
0.255303830177
0.217712634888
0.102576842752
0.204009987788
0.324670983124
0.568033622102
0.684660208852
0.710133118462
0.632266743615
0.642487220738
0.216396699122
0.444168646624
0.116043235991
0.364643062825
0.206441364493
0.197706697936
0.219291474333
0.369041699751
0.617002606665
0.686950005325
0.651119970338
0.671808622541
0.436526343029
0.360624026999
0.312494789426
0.322642105902
0.354468729756
0.176648791364
0.0571425393366
0.183313445569
0.515948368023
0.61075107333
0.703097939336
0.594129299534
0.710402496429
0.24573459349
0.541494845892
0.262404915892
0.432245916914
0.306822912073
0.283372349322
0.10583962557
0.200169244473
0.505926477014
0.583809961306
0.671773716209
0.666106413129
0.489312396479
0.435269338486
0.420832806021
0.336158111321
0.450196019963
0.315597518465
0.178059033894
0.0601752409913
0.401886331152
0.515547281132
0.640351183408
0.524692633754
0.72004146282
0.275346975497
0.545268884768
0.386628693646
0.466539834298
0.388231404992
0.355157336726
0.0872903284009
0.0686023523422
0.39753148052
0.425184156084
0.630408028058
0.642673356108
0.535716741647
0.444455889662
0.53461208897
0.361349735162
0.527268703916
0.438502693723
0.300928535398
0.129114901925
0.262755828317
0.365495277743
0.557786070681
0.459514669854
0.672157715086
0.352679298925
0.488661532354
0.396677197144
0.475468372039
0.45652793662
0.477086525157
0.232787289403
0.255285446151
0.242695164165
0.285922185732
0.557835762468
0.585776228021
0.573495128005
0.380295044953
0.536451202604
0.426305683508
0.551418675069
0.505553193824
0.438964357843
0.242652404512
0.167981628661
0.205935297384
0.377645178952
0.389866473802
0.587230421101
0.436251162316
0.440187410726
0.316436785664
0.458222704236
0.510596232005
0.613677034648
0.350901756016
0.41477588289
0.112333143078
0.196416021365
0.444471000436
0.500103666703
0.56729281534
0.301780534616
0.466131211611
0.444162011385
0.508115519165
0.548275221805
0.525801988097
0.365673058787
0.242442690729
0.0750532363651
0.133639958515
0.346039798842
0.471564490631
0.385601423387
0.382034013584
0.224784236951
0.434648400168
0.551734252653
0.690860714364
0.456981896562
0.530057046722
0.0932150301742
0.0834084957296
0.275908634332
0.36547627624
0.499319422918
0.265614987816
0.403109030634
0.340796472094
0.408276430558
0.558047102042
0.579852520002
0.481641554668
0.406654895788
0.0641666972104
0.159868001029
0.306307429638
0.359944519463
0.295515050989
0.303809492368
0.17120881086
0.428841997327
0.5164087141
0.719150252503
0.508507585474
0.555218086147
0.228428463715
0.0912061776894
0.119078269309
0.209386865001
0.402079307121
0.209369297479
0.307969971453
0.223179814466
0.298482236411
0.531970915005
0.601646838474
0.550276390003
0.625328029216
0.177245115813
0.234228682991
0.219770783848
0.290073463234
0.287318109512
0.25428938634
0.203047826904
0.40461219688
0.373981510681
0.693973431908
0.525848875451
0.573176356873
0.395380174561
0.200355973346
0.228370545874
0.12726068573
0.305235731068
0.132822154245
0.26680130954
0.120056372549
0.199920752412
0.493590935948
0.586844444566
0.572918505414
0.727900214282
0.310651427768
0.338363996894
0.123854264651
0.235642393268
0.302693765081
0.23520378314
0.185879096411
0.319106136859
0.240167275635
0.580754049402
0.517242386599
0.615776638982
0.555884871748
0.311806711464
0.314457720309
0.080590544427
0.288320999921
0.244388270379
0.290732842366
0.0730189234728
0.121008283529
0.392953223142
0.542658702134
0.583875818125
0.722263456388
0.411360291621
0.401540642259
0.119234086504
0.220632808276
0.331968317867
0.184457720821
0.255602427678
0.190722135916
0.158328706396
0.427446612517
0.480775620071
0.63247096494
0.650208720416
0.375295533131
0.468133417404
0.0813896963332
0.256693922792
0.285398809445
0.32687290661
0.188594430335
0.0637041784017
0.253482290289
0.461546072684
0.551108343743
0.688830884661
0.488952937245
0.455209545167
0.27282033931
0.17424898578
0.372053977344
0.196841489115
0.337805307441
0.0473512881513
0.19216668998
0.338299768032
0.421007349741
0.621962641857
0.659042959554
0.397988288737
0.550778485137
0.200362873702
0.238541160178
0.273402074353
0.348658355004
0.295649122216
0.139689419616
0.167630710112
0.318144031411
0.49042555096
0.646318787004
0.56851582767
0.508732801861
0.451561354024
0.102854621548
0.354728832861
0.258505751732
0.389148246935
0.233940693681
0.286222629033
0.272980113514
0.354617455019
0.568334787678
0.590455515576
0.46309375571
0.540119590893
0.265009505749
0.258709957714
0.232505565572
0.382024578694
0.372646691655
0.238198857845
0.151905962055
0.167634708799
0.479695174307
0.573034782771
0.608684680494
0.502999713708
0.541282198999
0.100103196808
0.329034029828
0.291103216723
0.436454574408
0.330092688043
0.349160751352
0.196416094248
0.247183052557
0.466789770412
0.483996791349
0.557365031784
0.529577149409
0.271605006538
0.260308801311
0.18744428724
0.419313506974
0.400547711611
0.358077396415
0.208397679069
0.0725480579197
0.436021159585
0.501281854193
0.576466584946
0.458154743986
0.558537258308
0.116383289484
0.316695230354
0.290988044542
0.426638625479
0.354436214538
0.372033013551
0.153045174489
0.108520207738
0.397809997272
0.360692112997
0.571503778703
0.549601029033
0.376202775746
0.255313567656
0.233531225502
0.424459835209
0.391310201937
0.467422299842
0.265274674477
0.122173760677
0.337250575741
0.412400638358
0.510119186406
0.442348036338
0.544131425597
0.130368452734
0.273872160309
0.258411000441
0.378007956924
0.356693484159
0.424667814999
0.182992031006
0.251495175856
0.304819950194
0.247701600272
0.569685344972
0.552544708669
0.499881469241
0.224834833994
0.258729257144
0.424816989092
0.326871087027
0.498989075341
0.36454367953
0.191218591003
0.216456227021
0.302801004585
0.416080437863
0.432209167038
0.501546432775
0.305766550513
0.267917963814
0.134810875281
0.300989539093
0.329320650214
0.543588129863
0.228579905506
0.37590288043
0.176816427812
0.225232233998
0.544649156919
0.537952471079
0.558687894144
0.163470333853
0.245730911927
0.397087919979
0.257045271131
0.456032085235
0.419724882478
0.255366954787
0.175636949424
0.214752635823
0.189347442925
0.444647862279
0.466378708313
0.398070661391
0.308881417448
0.125168524964
0.222057885123
0.273363418082
0.605457230658
0.290178758368
0.459246885942
0.116824212938
0.193694917841
0.437254901491
0.499938312833
0.553676835775
0.166685664191
0.32245909862
0.267833292505
0.167545979745
0.423395724069
0.429432281963
0.328366712388
0.254980195698
0.151086465458
0.0964017802622
0.479627180603
0.427833600013
0.441553589267
0.365919569786
0.260706189446
0.177831848903
0.231243977162
0.589050303546
0.332068581321
0.469086622347
0.0629878654934
0.146835615489
0.26106939588
0.425871829432
0.539626217331
0.242841751193
0.372187779909
0.0754631002193
0.0751366945708
0.400342663419
0.42638083867
0.378075692803
0.407761013729
0.13268104876
0.136821119645
0.457629954778
0.445898820265
0.522974394506
0.426408146575
0.363600924816
0.155569769465
0.149465785731
0.523701011386
0.346138793221
0.431458574297
0.16978265928
0.149388321224
0.19851779395
0.398624391411
0.448579861451
0.34417010591
0.446897689191
0.159633886768
0.0954083944142
0.362304969396
0.391952007043
0.377495751552
0.502460485199
0.17810540678
0.176463521319
0.409055065912
0.459204217405
0.539713918356
0.48185166274
0.398054244997
0.0928377177419
0.0845199703429
0.422508294882
0.338535265168
0.429298659658
0.299059244064
0.167610662917
0.196474247392
0.411544635601
0.357065375014
0.503826998978
0.511186039807
0.263717781617
0.168550440082
0.2934695114
0.295181083317
0.371314400279
0.483288779365
0.282877692584
0.22769773387
0.278422948136
0.426141622852
0.486568833536
0.491528273763
0.455712743009
0.150136369843
0.131899919932
0.263039400307
0.299297745393
0.451060065883
0.396310594155
0.209426097896
0.171693604364
0.388638777503
0.324208116721
0.567824461336
0.550470276895
