0.0
0.443925074659
0.72468832998
0.697654413854
0.475672641421
0.256702888179
0.0668192786346
0.1266715715
0.329223264947
0.537575124133
0.675414459709
0.558572549804
0.179920695952
0.343539776578
0.664629077077
0.757012418352
0.656377563855
0.447940314109
0.236646655204
0.0826118443195
0.223511993355
0.482260381291
0.671055836339
0.720728129323
0.540365924344
0.127674567655
0.372046258525
0.671828040648
0.736994968896
0.578651055122
0.308982406456
0.102870401761
0.0800492566538
0.293298107151
0.512347626492
0.669674126349
0.655481987384
0.342531257514
0.189795006065
0.607407153832
0.781369907133
0.708143553351
0.525133860477
0.322815427243
0.0979698709013
0.153981183501
0.385855644327
0.62143466248
0.668411765076
0.447524177046
0.0811885447108
0.432833122899
0.767335836699
0.809575866081
0.641875319462
0.408558167118
0.15316654399
0.0517740634209
0.228458094289
0.455233470936
0.641583335468
0.637099989488
0.374999915399
0.134780655182
0.573131491842
0.773606937355
0.732874767242
0.537810166369
0.314691558958
0.142233783483
0.0688049504761
0.329113365899
0.55788880618
0.690732813373
0.595219855811
0.209955986279
0.281441168571
0.632909418098
0.786523986301
0.710397140448
0.473589204951
0.238960573961
0.0270808093871
0.220122311107
0.432695853383
0.607652116804
0.644130513863
0.411581355653
0.0608857897383
0.555705759995
0.80748178942
0.758529743013
0.570996448233
0.359377740684
0.17065444048
0.0929488064845
0.272208040728
0.522359081569
0.628653074961
0.496841297598
0.16854855344
0.34062587267
0.685674627693
0.791317179365
0.692569494405
0.50218865602
0.270880844487
0.0490332057976
0.169071091978
0.394496067233
0.588939401671
0.640791020337
0.482695504113
0.154358931735
0.387205908673
0.713934429179
0.759493178017
0.585172847375
0.383809756279
0.2221278085
0.156393504374
0.276508960714
0.49294123594
0.679452169047
0.608237743184
0.235224124421
0.234822355188
0.624344216366
0.775758581997
0.713398372789
0.522036713496
0.304579081016
0.122996421102
0.203053353843
0.428212438848
0.58622725176
0.609481069632
0.401667694879
0.0337163095052
0.48798524736
0.750993546188
0.792029046701
0.62346325095
0.372068676212
0.202197827052
0.158168754807
0.289883993881
0.482470540739
0.639469725143
0.623668806315
0.304317692701
0.24391375466
0.621253915821
0.767421795255
0.67428413354
0.488829307472
0.315366323696
0.171252449123
0.193049589461
0.402410211704
0.639789755211
0.706587023414
0.542400755827
0.19177352003
0.284726271959
0.649936432326
0.735616301881
0.609028601702
0.410054381266
0.214735176594
0.192659134401
0.337967346176
0.55048056774
0.689071065314
0.64111274636
0.339732036513
0.188508179641
0.608361736597
0.767102763703
0.703831930533
0.50876517277
0.305829634704
0.190740012859
0.240493281524
0.437792529423
0.615209018574
0.688091448823
0.494546417763
0.0749673138871
0.36016498564
0.641415566894
0.720762720683
0.590541211568
0.354013617451
0.187236786894
0.200916342432
0.343281072583
0.522865057455
0.707249463373
0.742386036815
0.516007488501
0.084501099342
0.439043358461
0.678833589213
0.635076785095
0.4675331847
0.290088432776
0.196287567949
0.267000178001
0.464932108793
0.690531650617
0.745904076154
0.581704247027
0.213059908974
0.280132081122
0.599382514425
0.683078091179
0.576865986871
0.390019976496
0.18971393244
0.182177526185
0.356410286783
0.564496431396
0.697801467875
0.662571293059
0.394195696542
0.113254590085
0.488733762702
0.725593250783
0.652598437883
0.430879888525
0.257324027689
0.205632161184
0.283374351226
0.443261997804
0.647718685502
0.778740706362
0.637716937135
0.281741455483
0.260555039966
0.542683824731
0.619145392689
0.521888327522
0.318156357832
0.124326706992
0.15421728181
0.376314780194
0.59456117361
0.749671719402
0.766879667743
0.550610765678
0.122104468885
0.337315093406
0.591646077499
0.634243256098
0.463017728875
0.236665840204
0.158386801417
0.2794443648
0.47608342208
0.669990296708
0.78251765664
0.667072950757
0.24204095096
0.285198251669
0.623952324312
0.690712543689
0.529833152007
0.323121058347
0.142255981735
0.153233651617
0.340767673395
0.57433888012
0.756129361841
0.729405961571
0.485835066726
0.0862242549225
0.365141016673
0.643325802136
0.615384064467
0.432057031084
0.201868129778
0.103291283171
0.245067694684
0.431714078626
0.663288902301
0.812565545579
0.76852219029
0.455300372003
0.0589816941862
0.473711772897
0.629317366989
0.554452089669
0.339413647858
0.133024614871
0.0920670612454
0.314754791007
0.568641500711
0.75642865512
0.813765113615
0.588631977178
0.176669615908
0.342628580985
0.620121518797
0.675627348767
0.486709263226
0.21174913348
0.0268488694072
0.24063288652
0.452868341726
0.639061983225
0.771447828103
0.713308885411
0.399635313083
0.11216556019
0.537965224115
0.665557900994
0.546120278428
0.340758392099
0.127802224046
0.0708643283006
0.234785353686
0.468467550544
0.719138109782
0.792121939146
0.635345064394
0.250757287365
0.249585729625
0.572378407942
0.646882808604
0.532040136776
0.314710056568
0.0595252037151
0.187591039085
0.393124569226
0.620206122526
0.784172391767
0.78035258651
0.528365413726
0.0938397987721
0.378961210362
0.65293032305
0.597602101098
0.381418781061
0.162353239886
0.0463348312462
0.234452010656
0.438538400916
0.65031416483
0.758569625383
0.571486694076
0.15413586225
0.313810456251
0.633268390297
0.714077746507
0.594687145664
0.373313920359
0.171365836516
0.113034992271
0.345348343809
0.568252448572
0.719386192895
0.717516637646
0.468869819424
0.0957192937663
0.448067835426
0.680136665649
0.678396555759
0.452100169249
0.199131437688
0.0268796828966
0.159632256215
0.364810590272
0.577974910093
0.73763380252
0.699327684089
0.345140535851
0.176045339814
0.558133831885
0.696374409077
0.612702760176
0.43799180438
0.217876906207
0.0935754714312
0.261027986536
0.508941002798
0.726446902317
0.741607848079
0.529702179302
0.167398012905
0.405787468181
0.71132977969
0.731940838036
0.58466321523
0.330889874972
0.0815221554484
0.130428542847
0.321207938604
0.552427658649
0.690379051976
0.625957216402
0.293504169746
0.225138420651
0.637710490312
0.781524955727
0.683395957912
0.453828260059
0.248795174766
0.0750304878919
0.161223437514
0.410631458723
0.621863958125
0.734442527175
0.571013424676
0.168285612657
0.284742724474
0.626691302401
0.754025387551
0.625617264516
0.39714940839
0.178609699495
0.0852129095581
0.288127033026
0.486256283616
0.677211583133
0.710905408065
0.474594401183
0.0634638294976
0.499276845409
0.741960387168
0.71758611265
0.550157350413
0.329731083182
0.127329934315
0.0643513277376
0.320164994156
0.582207442106
0.659393499012
0.51183793055
0.117719814598
0.39501403088
0.731263541818
0.815067497732
0.703638371377
0.474290661416
0.210927634317
0.0551337557731
0.221736105518
0.446189850735
0.606554799063
0.626311628423
0.437133400216
0.160637440065
0.469808620641
0.746230119786
0.722781257969
0.536426219128
0.331848840261
0.14918828697
0.0541068708294
0.233309581924
0.478898440136
0.681334391764
0.61284548938
0.285467481503
0.192062867694
0.592834203379
0.774390415041
0.725123872697
0.538546401334
0.327647649947
0.0907389042637
0.181310020662
0.421138895877
0.613507141776
0.658868108175
0.45171481128
0.0498672342471
0.461820014099
0.761705447143
0.816845063751
0.615195748756
0.362879166514
0.180713460132
0.102621610507
0.253449895448
0.449668940938
0.598233829035
0.545272262959
0.190733361068
0.332756747612
0.687050439403
0.803297464095
0.701240786874
0.519335995428
0.312972404808
0.117908606185
0.0980393108752
0.354896898047
0.583303661406
0.647277609955
0.504936700529
0.146528294701
0.332692649083
0.688635236505
0.768738260035
0.6634558371
0.437746887742
0.213030159102
0.12283224585
0.256218235463
0.480555745538
0.650253484019
0.659170906418
0.388012403167
0.158614356318
0.599479269992
0.799661368298
0.752060213865
0.544775885772
0.339948000955
0.184098442095
0.17982684878
0.36553365881
0.561913625533
0.644252403459
0.442525780558
0.0814187485747
0.397291983228
0.707044293691
0.800827386288
0.650082384779
0.42380529328
0.227797653487
0.122922291018
0.240366571343
0.437306494191
0.637502880562
0.660811786046
0.426965754246
0.106335104108
0.535211680362
0.750936150039
0.709232154628
0.543875769275
0.349516234143
0.212141670123
0.210520092857
0.388158875523
0.611877368647
0.70941715245
0.615826499726
0.248183556974
0.244258510961
0.590669366046
0.712461089148
0.64456329707
0.446555688448
0.213208358077
0.142624872802
0.308339542254
0.509258861409
0.643099829333
0.643879676664
0.407106429609
0.0376800352986
0.486172554879
0.756032073093
0.711837710814
0.52410422216
0.341567927237
0.219400840284
0.225761513672
0.374730799378
0.591893407698
0.70342042896
0.536405692768
0.206200659933
0.323240208794
0.631794965789
0.712971283412
0.603856097874
0.407510185452
0.235585881037
0.176148218751
0.313319802251
0.5040764338
0.678027919396
0.711745394397
0.517381769522
0.138093583175
0.366358488444
0.638383581687
0.687240337298
0.501292506552
0.290241311173
0.202717924702
0.275275215468
0.43328706534
0.62011417646
0.756106950144
0.668901631934
0.273094256078
0.220353472102
0.571203621316
0.680625314461
0.584923086683
0.416705944936
0.222933663413
0.136509466362
0.302517862566
0.546079673269
0.699955134497
0.672174128538
0.438491984893
0.050511548594
0.446912613227
0.698250789887
0.672484132629
0.509439252972
0.293706983956
0.189731393708
0.255982646922
0.431638859984
0.636633196452
0.761956144309
0.703951014747
0.36525925963
0.180778323557
0.553734134751
0.677374659618
0.56783419259
0.341065713082
0.165384092752
0.152681956299
0.329081515246
0.536936950437
0.737467765007
0.799603792324
0.584138219483
0.201242143714
0.259723004948
0.566623050292
0.644097273939
0.47702041594
0.259208989605
0.125766547862
0.24968008551
0.432129839281
0.639628824993
0.793789452232
0.730201092138
0.405731998726
0.135691581827
0.557567016593
0.683390507796
0.574051898777
0.373551908716
0.183541643579
0.15067191498
0.29682915274
0.540918522162
0.738049514855
0.762734025664
0.568355632922
0.138903651525
0.330711239634
0.597846920834
0.628857255146
0.488312754873
0.240056481708
0.0440709536137
0.2132415345
0.414683805888
0.621257281868
0.767300059971
0.773173623379
0.537967050341
0.138635255883
0.371681949486
0.60767751089
0.544437072043
0.354152567889
0.165798152021
0.113251463367
0.264513113451
0.471729859525
0.71652348089
0.82480993018
0.630958613581
0.229932477827
0.253260952819
0.587490096384
0.669326107999
0.533258930069
0.308066771756
0.0752905847248
0.190411225564
0.429043375238
0.632161248242
0.770989416008
0.723664781176
0.424665505353
0.088223975623
0.469521702014
0.682047179236
0.61971912297
0.360369432728
0.128794300567
0.0716772763397
0.240668505857
0.435094948164
0.634721903648
0.765258925758
0.664134145143
0.287257783514
0.25895296247
0.555415298397
0.633413009105
0.53593718297
0.34715682955
0.127161531857
0.102741654261
0.315975702755
0.586885685401
0.780644499375
0.800083458458
0.595269150925
0.18133039008
0.341908610942
0.626336486298
0.649566015092
0.486154177356
0.203190638536
0.0454695787391
0.22134739962
0.437046959827
0.650455727397
0.759604854601
0.664791699656
0.291533603315
0.250087611713
0.623052657664
0.730972878999
0.597586842925
0.374582607557
0.18426281641
0.0613466870708
0.283331911397
0.506599757548
0.702439303019
0.737277424159
0.493024187684
0.0853578069072
0.360873770833
0.668520838702
0.708800920803
0.524946653848
0.301757759202
0.0761184947391
0.157447796447
0.343724461743
0.561940057845
0.758457645881
0.761795849489
0.492751184552
0.0363149188854
0.473987724466
0.679389801281
0.637846547098
0.448912765654
0.217373450953
0.0527098753924
0.177974561553
0.45011576714
0.676395318539
0.740009641419
0.588726529848
0.196885508154
0.358152656869
0.670708257449
0.760972781684
0.64852411439
0.394604213857
0.164768587945
0.131285680851
0.325149463707
0.53746902314
0.667440458844
0.650646493443
0.397969417324
0.108818359753
0.534352009489
0.749198839397
0.670354286005
0.47014833204
0.262705092445
0.079438786431
0.100914558873
0.299246161716
0.557483075409
0.716737046501
0.604534510858
0.282739244038
0.244282778356
0.607558023081
0.746131309032
0.659214371993
0.469097173076
0.243953243918
0.0780103346391
0.271458573592
0.487878014694
0.680234020096
0.713016122942
0.503447849827
0.0876180525163
0.37913669428
0.702695645688
0.747363166686
0.554338447974
0.333036722666
0.138087871964
0.0678530376303
0.271553101805
0.487052140588
0.644036544029
0.559307149209
0.162041165144
0.332770526688
0.690952233452
0.806561076302
0.712822542275
0.511866107024
0.288944502695
0.1000661742
0.153443934849
0.418685321459
0.607073369633
0.643466271655
0.461075423441
0.0752864766764
0.441091241306
0.735656938589
0.781654638598
0.627035168575
0.357138729945
0.143413791633
0.0430741659449
0.233721923752
0.457371898831
0.629753879013
0.649546353387
0.378034658306
0.135181027803
0.575476549968
0.779515942341
0.731414073569
0.549217589976
0.357357338591
0.146416735951
0.10053636503
0.33405731034
0.584942007247
0.680407287337
0.495680566334
0.156735361295
0.386041087258
0.736030026676
0.824513769468
0.671994297738
0.452334003363
0.211184246909
0.0692956065442
0.22020758184
0.437479053722
0.617323563255
0.60039151969
0.324596338509
0.178519403004
0.625528894187
0.808634184642
0.750792225953
0.556531797935
0.331620739694
0.166920251353
0.107365930043
0.316583822516
0.538043189402
0.658177988895
0.568184519658
0.187064893646
0.283770562916
0.621433888172
0.758433140384
0.693589387647
0.473009943621
0.241663250438
0.0908455749868
0.222113650967
0.428195417476
0.612158251204
0.679084611585
0.480947450901
0.061747428696
0.470494269009
0.766823642534
0.749555965806
0.576565711708
0.378416361803
0.2145156192
0.174945589391
0.325922888384
0.555491461517
0.648897613055
0.488888069187
0.137615086913
0.342946003451
0.68408907221
0.784633654274
0.679408176379
0.488604317775
0.27514723158
0.102636567345
0.212692372206
0.418484304682
0.592310957247
0.612508685373
0.425487887984
0.162786830823
0.450415346584
0.728212564772
0.745545682612
0.554035557425
0.358474141346
0.232737692584
0.212639451328
0.329570338369
0.532834254466
0.715097148144
0.65918836607
0.298861627158
0.197510093592
0.563775438952
0.710656906612
0.65107228689
0.475264685453
0.268278283545
0.144603081796
0.269994575771
0.490743047559
0.643601771684
0.663334670189
0.468017734389
0.106884582056
0.431192411679
0.696415501287
0.740105601215
0.599054249197
0.360766122959
0.202437312314
0.213334749243
0.372283346404
0.557923041341
0.678893210459
0.611865052235
0.250415311102
0.284951637464
0.649068239847
0.760034911199
0.635960343399
0.430726339521
0.272754897059
0.184155751131
0.256770298481
0.456168605602
0.67772389645
0.728111100482
0.537182928818
0.174857433474
0.26753261246
0.610000020015
0.682013597822
0.531567254078
0.335759896989
0.192946074332
0.241347107248
0.392565928853
0.606075001385
0.758843227426
0.722537580003
0.435243547009
0.113869988767
0.521865289851
0.691717325518
0.63897095886
0.458115871483
0.259245922858
0.171125457608
0.289414478354
0.516202757334
0.683709047012
0.721878081382
0.507820497451
0.0828432858231
0.386822791062
0.646660374164
0.692701718337
0.545953856698
0.299318001627
0.143177309679
0.218677681393
0.393287267718
0.575491725727
0.730236428273
0.731387816725
0.482397281795
0.128031877118
0.471053426722
0.661963555925
0.574162136411
0.384176328266
0.213463387956
0.17188301613
