1.00000001476
0.934887268383
0.677982387669
0.516777040654
0.244277500359
0.160289236857
0.0307797549085
0.0785305463771
0.281741539676
0.372209115876
0.608766559431
0.868494476201
0.984261139845
0.96609863224
0.885264396041
0.676254704372
0.434626061814
0.148210477991
0.101814092577
0.109737078728
0.171962330506
0.298697575327
0.623820661979
0.710404002757
0.916142804238
0.972532498963
0.932750691749
0.753863389337
0.538522900833
0.363104813119
0.189493725038
0.18071450229
0.20500129176
0.30673064739
0.376750499543
0.594974257699
0.830820730335
0.945770854657
0.955759199581
0.911942391238
0.684838414178
0.465023587766
0.190035457725
0.270220152134
0.250936550232
0.289576848572
0.360204918042
0.55440313177
0.659338059637
0.840510958564
0.921294011133
0.90407235818
0.761492675539
0.574710052838
0.412771620459
0.255627366766
0.317328885289
0.347456638895
0.404349785575
0.400517589787
0.58249287444
0.760727933181
0.886855744134
0.91896765162
0.881124054687
0.678206716494
0.487804474494
0.278716948201
0.345605919078
0.38747015199
0.40918213408
0.446384444736
0.538096555905
0.632124731286
0.769454778606
0.858138711482
0.853095904273
0.781400179125
0.584789943845
0.449529206203
0.343629593872
0.444552097419
0.493343515533
0.476763906035
0.480059761347
0.576929115798
0.680074186968
0.826152507787
0.838111876286
0.822475815972
0.633470113245
0.509180423726
0.331125816894
0.409138674935
0.513344195031
0.535135809107
0.559977015387
0.462822023727
0.600381003026
0.692900255461
0.780303982539
0.779915218887
0.756136605823
0.596233796929
0.461804555359
0.416227262168
0.532695079413
0.602048797381
0.614189569659
0.581164966894
0.575972506213
0.571346475594
0.726615036162
0.747261083718
0.736519305565
0.575564650076
0.506905561691
0.460239006984
0.4419055746
0.620726271525
0.676885149897
0.684073008539
0.54511564627
0.598037811143
0.588499895628
0.677736268766
0.708851514077
0.651704907959
0.548305499142
0.43541336615
0.472967181431
0.644097758754
0.675027629973
0.737681519979
0.696433686619
0.600066639518
0.487858548028
0.623808316218
0.612248395399
0.633789338719
0.543479578897
0.396261721517
0.492448902931
0.476228107053
0.701076367392
0.783569373163
0.783591648423
0.713812038332
0.623662915144
0.514177302096
0.55950727694
0.595551167912
0.560537157908
0.457232529103
0.409880671568
0.477994793958
0.694208770499
0.746065649838
0.823043978922
0.795482946276
0.6416568314
0.59900321708
0.492291596663
0.494002849583
0.510225458845
0.44822374595
0.331908156546
0.41321244384
0.512657868954
0.770139341912
0.866787819728
0.868235007238
0.803149298831
0.656721080847
0.465743339577
0.483279446233
0.436463146994
0.439258700974
0.351576881811
0.345155382728
0.488221386574
0.636493381166
0.800902551285
0.882819166423
0.872643012243
0.731906211292
0.640993317044
0.445373592122
0.387786512114
0.374028513578
0.360529704681
0.236430880599
0.362120420665
0.53683322734
0.816263743434
0.898034124961
0.927019083899
0.890960520188
0.694341923524
0.495518286995
0.41956902453
0.291239749079
0.302687011334
0.224555155133
0.290703573865
0.416581090835
0.61889198661
0.836493523475
0.938869995964
0.934314308965
0.767085713904
0.728827193067
0.425387464216
0.30027512069
0.234932882498
0.212635534347
0.1696947392
0.283341946396
0.53531356347
0.785833438224
0.903724548722
0.975856099222
0.940896155795
0.715532525591
0.498592546195
0.396903516633
0.213432276363
0.161090890263
0.109057205988
0.194691135469
0.431046552336
0.540415860952
0.846985721824
0.974049552808
0.964953426749
0.881720054998
0.753789882412
0.439357349671
0.236566341647
0.112626667878
0.0663358689979
0.064450513765
0.24929098799
0.535200892247
0.779158586894
0.872104173557
0.994050051153
0.970488391733
0.741799461975
0.592979392462
0.360669375745
0.192895256967
0.0244582293563
0.0558683152005
0.160852654254
0.324898395619
0.509838006719
0.835539012455
0.965902011015
0.983912598231
0.94369341697
0.772109666086
0.463912299658
0.238075506235
0.0642811306523
0.0769800382539
0.135994151068
0.242390069167
0.519796447961
0.662738791109
0.835974290845
0.973460214761
0.970763274918
0.783340495637
0.687332155547
0.418249694819
0.245179767741
0.1352297945
0.184013793023
0.259573688197
0.306622931137
0.503030767991
0.809450023633
0.911448318054
0.968424186222
0.939510066055
0.763610784427
0.497688070607
0.293746583594
0.241260679428
0.191161847588
0.273648022969
0.307389256932
0.524029520715
0.548584044633
0.78495979631
0.914580632952
0.942699009206
0.819421304211
0.66657407857
0.465352448825
0.292709428873
0.271983869782
0.319443525158
0.37282058662
0.376846520348
0.513288431458
0.758721247641
0.818075732579
0.929382140386
0.912465811437
0.744405454662
0.552595098102
0.284551637132
0.362781994377
0.328409657497
0.403369286888
0.402309984954
0.512920896584
0.567175022428
0.734508399471
0.849313008307
0.890440712143
0.812392301646
0.706472967536
0.473025615382
0.354646951852
0.384913365609
0.467831310202
0.487555606815
0.453575801446
0.532992715791
0.65860404392
0.778831108713
0.842289089943
0.844789699257
0.691915876674
0.562102426426
0.35861993332
0.393405363912
0.453426937993
0.52961792017
0.531209896995
0.527306582017
0.536938820342
0.67632481513
0.764386757445
0.818915910471
0.792123283621
0.662668863794
0.480783227547
0.406988500592
0.477733367158
0.552138344571
0.608083134861
0.556545117155
0.570484071452
0.594345384814
0.689244447934
0.748323095035
0.760381218235
0.624329793048
0.591089041214
0.38238983349
0.457973640287
0.561286229891
0.653281553242
0.682580360215
0.562776489087
0.586148299173
0.611415260125
0.669800503046
0.729693627235
0.703411755471
0.600172485773
0.447049078448
0.45339381695
0.545592227833
0.638669428836
0.722508047542
0.671263698463
0.635795170567
0.468453273289
0.629177923204
0.628908013189
0.662100482633
0.559109384165
0.522889403392
0.446664032842
0.452899913007
0.643263369301
0.754705162453
0.785158818944
0.708270565689
0.642106406034
0.547502976504
0.529941592138
0.625691379837
0.589127916695
0.505086727365
0.413880549673
0.437009691852
0.641319135694
0.659220958347
0.815198475538
0.800719046274
0.70149053706
0.565260842537
0.546760648788
0.494361477257
0.539173160335
0.486265404355
0.386737696929
0.39675261434
0.470281971123
0.711260297456
0.840222970474
0.862935001388
0.812312443424
0.706878431773
0.509558853185
0.445189006664
0.479079027423
0.459494571274
0.392777707036
0.357903187252
0.36948010462
0.60785276313
0.716320895253
0.875670862168
0.883627579394
0.798975541484
0.683402207305
0.514483675812
0.389872767818
0.406431502657
0.380494854125
0.309314676222
0.324135435668
0.475104591183
0.73965131018
0.863831021703
0.926032657762
0.886953544256
0.761642672503
0.538268332208
0.480367478137
0.324976146156
0.325518437557
0.255768739845
0.281992948438
0.319083858349
0.550357436113
0.756219353395
0.927860364796
0.95238848628
0.841823171746
0.762089899098
0.504829751772
0.317895781547
0.291310608478
0.240610810762
0.184442283472
0.254717250059
0.452774361286
0.72845210684
0.834078554407
0.960818494053
0.938132426532
0.80083174618
0.571761064901
0.467814060168
0.251594502807
0.194445528069
0.118290847708
0.190737179107
0.287524964162
0.511893340026
0.769963011896
0.958717672275
0.987457640684
0.908717011018
0.828894685935
0.506551444644
0.29734613858
0.167104276681
0.093214436882
0.0569183783247
0.220746599969
0.426441410195
0.685308772859
0.823191793226
0.97442551047
0.974254718625
0.834675730866
0.636078237702
0.511223995536
0.214683600508
0.0726041328198
0.0356834683785
0.0699467235223
0.255175084249
0.447002172683
0.762323344469
0.935645118661
0.987019849348
0.965746595014
0.849261854427
0.512947733937
0.313641365
0.125501276988
0.0586947909638
0.0980995490462
0.226398229465
0.388388984473
0.628914922439
0.741373297247
0.962164929153
0.989458966935
0.839631485287
0.762263694759
0.522368145615
0.275749658971
0.115239646924
0.150662774766
0.204402085539
0.262615180281
0.437144006002
0.750084595165
0.893218035855
0.956128222566
0.961747741915
0.840617531285
0.525376847175
0.410453772255
0.20149210785
0.185078127154
0.243596735217
0.268618323941
0.442202494678
0.493433674311
0.70714805871
0.916529933417
0.960636920176
0.876845512904
0.768922584074
0.535586095353
0.321974073739
0.23931162516
0.295948883128
0.324062773757
0.355984568226
0.440210262064
0.719214843595
0.761636830344
0.915106168642
0.926900259121
0.817660907536
0.592060889731
0.417483522255
0.341084960901
0.290464656746
0.383795383509
0.386174258013
0.475789745454
0.495679472824
0.673187465583
0.854272382409
0.89794255764
0.848358055159
0.776789146678
0.529822593653
0.381353800566
0.320530916876
0.441079787891
0.454103440031
0.454603462411
0.486899027229
0.65185216469
0.687796485461
0.834531511453
0.852831256575
0.769106442519
0.595842385433
0.42741526585
0.394081320524
0.399562632501
0.513221354831
0.50064259585
0.563374523889
0.506164633007
0.639190828872
0.767588381648
0.818638628856
0.819526976843
0.735793441603
0.511531077405
0.418266136306
0.404284866037
0.530766721035
0.577741117649
0.554140632747
0.539458771519
0.61662270036
0.651525088954
0.74561316845
0.767373518615
0.700621683456
0.632785316522
0.432276864288
0.440108477843
0.506151046647
0.630827701225
0.657727952865
0.61432191784
0.555119035358
0.606132291486
0.666566474256
0.740008776688
0.728924702085
0.657249141881
0.461590168943
0.469500883168
0.430313201452
0.59863377652
0.693956620133
0.661930267587
0.637703599892
0.525775356192
0.5940355821
0.646701456425
0.673965472084
0.603426438654
0.601442752368
0.432866364564
0.450803183756
0.58318919575
0.713873751165
0.766171733896
0.723579838867
0.629771820881
0.577758627249
0.539303805461
0.631669570089
0.614336601137
0.556526817399
0.400259034966
0.467210306664
0.531665002529
0.624852666541
0.787774826166
0.791051521082
0.759852369443
0.56036975777
0.578731451102
0.524001931249
0.552890490802
0.528782849716
0.470051858181
0.380392190836
0.452827595242
0.638499254798
0.798750619946
0.837991850714
0.827454766934
0.721308712718
0.58134568755
0.41187757819
0.521035788044
0.472667796804
0.443025033149
0.362418385593
0.333155767119
0.541544497327
0.644761033851
0.85573186313
0.883806836408
0.839491416005
0.706618662789
0.580064456805
0.418813141014
0.409194596089
0.409839103546
0.362985829962
0.301761839072
0.45010521386
0.634126920462
0.8302809803
0.883112257383
0.89662310994
0.806385443188
0.594619862159
0.498207265704
0.387479626488
0.334924804261
0.310302260108
0.259118302234
0.26382520042
0.491195173658
0.676936533527
0.907719529368
0.947361562177
0.914226426505
0.775787143728
0.586278884491
0.341350365871
0.30779273221
0.2724028957
0.236192183376
0.215673227535
0.388870685159
0.637606066912
0.784250657924
0.919926050888
0.940220978902
0.861437734899
0.675884884586
0.530542251235
0.311435647487
0.210978624504
0.16843509224
0.196738882722
0.162972209689
0.465468464612
0.688423690734
0.932618236953
0.976281696086
0.951739781039
0.855154195511
0.602411022855
0.357031660155
0.242723782498
0.113950227168
0.0961970044963
0.166943626231
0.359033629643
0.559821619389
0.764057557483
0.937194103424
0.972155772945
0.90895675359
0.692364573468
0.614728335641
0.278346840509
0.116716891166
0.0308970451623
0.0483180586746
0.167164862508
0.415640642659
0.674623760258
0.897619233728
0.968103097652
0.982944101924
0.883649640031
0.604714844034
0.365263351996
0.227214267623
0.0621556737763
0.057407383085
0.192050254279
0.2792454463
0.554223301575
0.687813212951
0.926275838205
0.992895596508
0.925027308657
0.796485209644
0.635827199477
0.29542220199
0.133062608061
0.110729154008
0.149164237104
0.22056715658
0.405957139844
0.649859476698
0.865649461805
0.931745574133
0.979346742759
0.892086648424
0.6133859861
0.481906121227
0.239845238462
0.187569874201
0.204241341674
0.25495176687
0.323137213032
0.456617832587
0.632677890354
0.896121282791
0.966679861541
0.917879406448
0.842436839417
0.63636498649
0.332390440957
0.250652959779
0.239617690657
0.290672964982
0.331881203736
0.401959469079
0.618990743808
0.739958809799
0.866692887697
0.943115844867
0.877809050721
0.623061069205
0.564389685833
0.335318005911
0.287029451621
0.346527686484
0.381093166617
0.43859728795
0.448715826711
0.60202598693
0.845934264287
0.895304257485
0.893552488886
0.814802997282
0.611009824858
0.379338302393
0.338648730499
0.397242390381
0.401012239624
0.453988434154
0.45006722232
0.629755786761
0.611183778159
0.799793361782
0.866334623651
0.830399387479
0.660108781983
0.513964168076
0.386059684533
0.381504485242
0.478259807803
0.48842467939
0.540888239428
0.501888771001
0.584768668699
0.777225831089
0.782192103383
0.842333689241
0.780434128722
0.579418462744
0.437826546936
0.332875846721
0.504096730286
0.525329445241
0.564979663363
0.515902295075
0.607875196787
0.605907951597
0.72844449471
0.777766403221
0.761672169538
0.646922416773
0.542175004411
0.411161021904
0.47313818371
0.58002117839
0.629134400595
0.644693300315
0.549176943771
0.577576199121
0.668213509499
0.717645476132
0.750905555313
0.693461721704
0.517532149331
0.459772778887
0.382464502099
0.55541656677
0.644736050322
0.675108947287
0.619559519824
0.617013542748
0.552967206458
0.645219102413
0.679758193487
0.671804899178
0.638087910108
0.482798885686
0.424445287411
0.533012924984
0.665255707898
0.73390977
0.74463641357
0.623608559231
0.582296536808
0.587871812535
0.617992673753
0.635785164729
0.595472743472
0.441035784342
0.503482542346
0.390602516442
0.610966472202
0.742707283274
0.782814238264
0.779216229389
0.619868004921
0.57593257409
0.558130414783
0.568189031407
0.564279842841
0.530988800884
0.411093368559
0.420428040427
0.585381856591
0.706630959213
0.812306270926
0.836964202069
0.711221238158
0.631638080874
0.436377547015
0.538183866956
0.504843371992
0.486633617974
0.353315461782
0.405645604981
0.439516320883
0.608001486945
0.812236952838
0.876621348697
0.867208097704
0.727329790452
0.606164787643
0.467133358419
0.410839380016
0.456166978533
0.398798185363
0.317000442124
0.411509685157
0.559291702848
0.774069325189
0.827911400279
0.91012266219
0.830182916784
0.685046871294
0.488878635934
0.449735987688
0.352174874188
0.352794597981
0.276224562488
0.249722845585
0.413754594438
0.630229128214
0.861249044173
0.938691457097
0.941492252992
0.809578933164
0.650018261699
0.407476083494
0.29183785998
0.313878305205
0.264962051249
0.209738792833
0.348792136171
0.499432925391
0.738728321252
0.860435160979
0.953378884882
0.891955481418
0.76344865862
0.592995020947
0.397503629193
0.226481727759
0.209172401525
0.177431204294
0.156508634506
0.386371416669
0.628615503215
0.867844207459
0.954610948023
0.979734335019
0.866462873419
0.685596893411
0.410679642357
0.31823124169
0.161806747433
0.127484723483
0.110466011321
0.300832721922
0.458771581149
0.697584259991
0.879845303914
0.982115556047
0.94750055383
0.796012716967
0.652111595697
0.367901261648
0.144738017908
0.0819557956519
0.0605274486606
0.0848211125637
0.364383853315
0.595816575049
0.852442390095
0.928626923173
0.995972694002
0.897298000449
0.709890903181
0.44607342678
0.30358487906
0.0915425084162
0.0356176169212
0.126336530302
0.222203950684
0.422724552178
0.66078318191
0.871453079987
0.99161507891
0.979770988831
0.846663943944
0.716111396806
0.366596774759
0.167091314625
0.0641924591566
0.117749141889
0.16853052696
0.374872827505
0.550426684327
0.787263214652
0.903343412816
0.985327275574
