1.00000001476
0.896552935175
0.841275280004
0.550985721379
0.251143488469
0.180480883752
0.0654819173491
0.0745969312121
0.129200105316
0.360191685452
0.504555676777
0.786526387376
0.902370174349
0.933437424809
0.891867775068
0.718007023012
0.60907272359
0.311831073543
0.18669103295
0.00892914635093
0.180669758581
0.137059602244
0.346142570645
0.583268156778
0.668423860199
0.860352239067
0.896633949854
0.878886385404
0.635312081885
0.402944060742
0.330067555536
0.122286184264
0.179991531515
0.138510600804
0.0200438976001
0.346404483578
0.517978327321
0.644533402637
0.826796604686
0.813990041107
0.723921776916
0.671102627019
0.376857152799
0.257946359837
0.0211736766036
0.278994476679
0.160411001395
0.212871292714
0.441746427246
0.363754532626
0.525293878668
0.759378794657
0.722036016846
0.602681263957
0.555692314667
0.350156435726
0.146876856424
0.2708685711
0.318382312983
0.24520930434
0.365235409769
0.378903436969
0.17240513422
0.542324220058
0.664746427858
0.61297964157
0.612904650868
0.364788988881
0.257032577949
0.052967952511
0.316999631279
0.327151226286
0.424966214722
0.556235537544
0.23931363912
0.16144176406
0.562112090558
0.4415883825
0.436072429162
0.56614222111
0.313342357596
0.194316407258
0.290414811564
0.469907507919
0.482659768242
0.567717023813
0.583188678404
0.31073640809
0.344607227279
0.544351699059
0.321963949062
0.453075758391
0.341420546723
0.219070226617
0.1588045858
0.303100697694
0.489150472593
0.678226803194
0.733068753095
0.618281680095
0.355972326944
0.485567256376
0.263544935167
0.147206614377
0.414254747552
0.315233995493
0.207672466761
0.193441858056
0.512329149181
0.619529193373
0.743491354087
0.823589702157
0.672458481596
0.586903040502
0.5672273308
0.201252858793
0.229381127485
0.307999068334
0.134863083407
0.202658633467
0.242707263448
0.525198443331
0.773524175097
0.790857708962
0.874983510414
0.708496745018
0.637098758303
0.485257351362
0.176145420083
0.280148042784
0.234804607202
0.14752829236
0.105153576731
0.391984744324
0.581093239748
0.785014583813
0.927650217193
0.888837782077
0.880467077538
0.734816202589
0.5176080025
0.286966862149
0.25113383305
0.112718049511
0.152422915072
0.150042757573
0.415486261314
0.623453600255
0.730093690256
0.947326403959
0.922192120838
0.852184035115
0.714090419418
0.436025649516
0.337945011351
0.159447186759
0.0835419886075
0.0771141046491
0.187228455554
0.368927022465
0.660035918482
0.858938109438
0.933959489522
0.953904616797
0.876892492287
0.725649442903
0.441484302645
0.293638846979
0.193128604443
0.0785709374065
0.0896509412165
0.227972981034
0.397554410869
0.590720829884
0.783675406459
0.877622282185
0.945576375455
0.806227152319
0.630159174601
0.446224544497
0.157948254897
0.0778226520094
0.0248353314112
0.166962894199
0.129044938002
0.38203698013
0.682901077948
0.772580645086
0.857172637496
0.900346385776
0.776662719691
0.564082827025
0.47378374358
0.187787839421
0.0459731671407
0.196750787243
0.171595986651
0.11338958071
0.368739314559
0.53618030251
0.585655328837
0.8037128892
0.824911046552
0.735862591569
0.529601504059
0.198792811754
0.132920352792
0.10447315781
0.272734880605
0.17303027181
0.0997803224028
0.530217338989
0.393218018633
0.577109228307
0.782904795124
0.703432690054
0.559678386823
0.566345068077
0.248748959549
0.165643923835
0.273143619395
0.388256768057
0.230126070258
0.311959120899
0.424244222672
0.195649256469
0.521226855222
0.722702659762
0.584313998492
0.47229381843
0.289269967864
0.146495914749
0.226375512464
0.357821771182
0.464306045903
0.441623877727
0.566511056614
0.273957357607
0.186299898417
0.591154619315
0.513744565952
0.418047224738
0.512406617086
0.331470697186
0.228936209221
0.260077640322
0.528546204075
0.515340728997
0.550031909665
0.604135435037
0.248107950046
0.310303484394
0.546687795866
0.309360345599
0.302923776443
0.364895301792
0.115519792745
0.299001127443
0.396436633982
0.621021695823
0.696988674357
0.70608395622
0.609638715433
0.3154148279
0.492969715372
0.381656344088
0.200271397402
0.382657662192
0.301596573206
0.239859388359
0.268999419115
0.486115696916
0.644682865161
0.800319284939
0.812475701587
0.61680496812
0.504880807604
0.502814641448
0.228621817375
0.23610618482
0.363862645872
0.111333622024
0.319635723268
0.370466352559
0.644699860447
0.7606024836
0.821967599342
0.871283282213
0.725639960156
0.67183347646
0.455911449316
0.137902033386
0.256385026552
0.237185999321
0.223435748771
0.227960152368
0.338730219108
0.608029619801
0.881039321297
0.907781485586
0.919500468363
0.746491503165
0.648961909599
0.420362205687
0.266995678048
0.292014083176
0.147268633186
0.259346406287
0.250083830405
0.507913578688
0.706538318695
0.829440243455
0.936669343353
0.907761387922
0.885706926049
0.614734605159
0.424392875748
0.233082793313
0.160620038341
0.144730965044
0.148524610256
0.188353663522
0.458253915938
0.766685666193
0.84678299544
0.965887661047
0.889846830605
0.80148541852
0.605771450699
0.383342441093
0.323543096899
0.11054638767
0.11018491853
0.091321289083
0.27749139841
0.502291020654
0.663302653967
0.845331221327
0.86073112742
0.927630247994
0.776832654579
0.662633876974
0.333875486423
0.0766222876038
0.0549993375572
0.0601395177037
0.145006522639
0.156733858347
0.421514259857
0.637442628965
0.780635761337
0.815374113319
0.849939234688
0.690529212372
0.474986444181
0.406873798786
0.108346726021
0.0702269252658
0.155800157672
0.221892684126
0.154303049323
0.396597914445
0.629815709308
0.622764743952
0.77884535181
0.817644740955
0.66734023807
0.336370927222
0.169232524279
0.0512049284795
0.161357912372
0.282518550154
0.197381936569
0.0513099080481
0.407707927855
0.526324193433
0.584977248618
0.781551524737
0.608592974468
0.46536522162
0.421406229165
0.189048884596
0.178266614968
0.271922440211
0.417584834814
0.267444426053
0.263409467611
0.483939571928
0.297274413461
0.467420329708
0.717326435599
0.556391826403
0.298174837127
0.319630661336
0.0291588898394
0.329549552571
0.433827039521
0.49310124568
0.397457249886
0.431612494859
0.417517507109
0.202525227466
0.570027513574
0.516388953384
0.401090306066
0.410516340388
0.221867660223
0.291226751132
0.381277555631
0.514475288147
0.563774474627
0.576798319325
0.577966013907
0.26132587393
0.180872681113
0.552953551977
0.395108272297
0.320743738192
0.391826014094
0.104303028277
0.43487866137
0.50527104576
0.708045455188
0.669635154278
0.687126508424
0.618690828399
0.355665617254
0.430947953772
0.492839728325
0.279339151395
0.365771615753
0.245207727397
0.336545344844
0.411073759635
0.510518266005
0.730199193942
0.833928934248
0.773136353398
0.700499603716
0.372570292107
0.47089317101
0.294835150041
0.239681768114
0.331145441593
0.210920182216
0.401622219645
0.430260299611
0.737286974793
0.816964238577
0.879040996975
0.843792052897
0.678224665291
0.61299173527
0.500078162342
0.250514265621
0.289847319228
0.22234053248
0.261439933236
0.385594786773
0.431257154824
0.7236548065
0.918390453603
0.887480587328
0.930563387492
0.654905487772
0.558141391273
0.422802049299
0.186503133352
0.268913000403
0.204852266822
0.279479897479
0.254727484037
0.599025986461
0.778520555952
0.9016507096
0.934767878037
0.848184773918
0.806209648705
0.618025311359
0.425864131323
0.277895400283
0.151888504693
0.167332961514
0.264842533567
0.288815874805
0.536027369294
0.728771476933
0.842881902229
0.96779122752
0.802959326931
0.718780232631
0.548403350106
0.257242080555
0.246382448272
0.095258127473
0.158565220726
0.0891162537616
0.351808837113
0.494465452804
0.744972120271
0.87003098639
0.856132434844
0.834465638976
0.749810608144
0.515324012543
0.239332611353
0.0977529911622
0.151311026218
0.120490672913
0.170990347398
0.261533593753
0.421603764744
0.662397870449
0.820589505228
0.786319731484
0.813587968882
0.567461135887
0.34265060281
0.217859594081
0.0526621328356
0.132808680184
0.137440281493
0.277244825631
0.0971264164084
0.382590161282
0.732088299291
0.714268883279
0.731229497797
0.788965139527
0.54279456124
0.227435648653
0.202864036185
0.110288751616
0.240152998265
0.297354315068
0.26246312151
0.0916344050931
0.419327846663
0.573441941882
0.516366226481
0.685781933712
0.626500076905
0.444471106772
0.280445774067
0.154906160559
0.272818423898
0.355814154823
0.412188361282
0.279588581858
0.179030228242
0.599869555383
0.372759603803
0.503988590284
0.714810961453
0.508857566356
0.324088536556
0.291510757606
0.156181605953
0.412791230233
0.474394033308
0.570424819256
0.343556690588
0.400796964295
0.466309063553
0.172563769883
0.456544680727
0.651540452609
0.412176898708
0.302460884704
0.219202769874
0.340898759207
0.489382315153
0.541000753384
0.621057517336
0.545281484727
0.624307519901
0.368696686601
0.235954062428
0.575206670442
0.435872136923
0.322714177044
0.295611622071
0.275792073631
0.464905145106
0.542006206845
0.740345011867
0.666741620485
0.630380705705
0.624268992704
0.287894678997
0.410328672555
0.546860502316
0.292769501979
0.296237897775
0.226333880749
0.287914589498
0.547168720394
0.597484941265
0.802255206932
0.824788684452
0.797986365266
0.642984888979
0.330245243025
0.477237639546
0.426704994215
0.282124824178
0.309586232697
0.280200216268
0.438477320049
0.515946860999
0.713464371652
0.845188682962
0.866589355129
0.801691184617
0.585793226641
0.515526889733
0.469311858825
0.293368086803
0.325408891782
0.228534912956
0.233275972179
0.506560462589
0.552070611782
0.812305804169
0.871124557215
0.92869564532
0.85547110608
0.615605001125
0.568225985326
0.439247777557
0.224092286476
0.27977286123
0.189521818454
0.35314688832
0.387124816659
0.529247164474
0.760834942071
0.922979533769
0.90092302621
0.840018888253
0.635620059223
0.538732063931
0.304914019062
0.282425532714
0.209303131994
0.188037200044
0.356020780657
0.399103448679
0.614524242311
0.766511494963
0.909796905154
0.912257044663
0.780992952712
0.72992625414
0.44835090791
0.236370447591
0.165300387708
0.108424858771
0.214961217565
0.141806591387
0.31915343132
0.522294952184
0.745179003602
0.896049594793
0.884241771727
0.71940198492
0.648376447216
0.36064645945
0.141857856254
0.17299675924
0.110329147793
0.146396535941
0.207458313903
0.307000262333
0.502782487265
0.707698237731
0.831434505657
0.723612811675
0.729210980348
0.575343589824
0.365889800617
0.0825610952487
0.130644162806
0.17200423885
0.150020897783
0.23425180665
0.166055383145
0.417620605681
0.742379858791
0.669591952825
0.637202621352
0.699026109378
0.412690349603
0.184949098023
0.152518703603
0.162710195774
0.279517303428
0.313221650951
0.297664572331
0.130098246086
0.432418336102
0.665768862492
0.519366281263
0.614862516295
0.680477149623
0.38555373255
0.0709237415008
0.171652375085
0.277591709417
0.354075750041
0.392757563111
0.292220749743
0.168510647716
0.518131344609
0.487728297338
0.482103547612
0.683903185168
0.39884553128
0.275987854552
0.163145738924
0.279091052164
0.437793351614
0.516959126037
0.535155243105
0.353895885443
0.338728033393
0.55548497377
0.27436777835
0.462303760438
0.650118325444
0.393289065334
0.196475806459
0.188602213692
0.334287667189
0.56800287152
0.587007242265
0.620598956241
0.49015980409
0.526482198392
0.473712868072
0.315643637321
0.58812745334
0.422105703367
0.342609805463
0.299407184373
0.318525107909
0.538582968759
0.644464559138
0.676092177725
0.724776992633
0.641576739805
0.59469858875
0.313689654926
0.30966122344
0.540969023961
0.41986175475
0.348926455919
0.249797120161
0.351520751786
0.668004881656
0.687859534714
0.846267422349
0.744712375058
0.757120367898
0.612296274956
0.356342936291
0.506086376044
0.456816156665
0.345541036679
0.351687537612
0.274892626115
0.539595956261
0.6234760358
0.686042031902
0.869982174808
0.859743649292
0.745971930444
0.673037322875
0.357509783807
0.44935845939
0.358424528732
0.378979237705
0.280484473421
0.277382818771
0.586261945557
0.626972183619
0.837347562456
0.861530528719
0.914174903503
0.781992056624
0.568267464684
0.57942793519
0.422171528511
0.306035024717
0.309582776727
0.171863499013
0.410292295279
0.493010191515
0.590991067427
0.816168777027
0.897141471774
0.884243907299
0.846214130892
0.497461525112
0.4421166358
0.335730194821
0.253291493216
0.252042687476
0.15553799859
0.344040577378
0.379000519123
0.683411399407
0.806883421022
0.903412685206
0.853443207678
0.671451299333
0.633155856522
0.445931377032
0.278014910772
0.258451852797
0.0642223132136
0.188458140349
0.297307886694
0.414232570034
0.568726031417
0.708825428928
0.869194999902
0.838978676728
0.557845238781
0.524906015483
0.323632322679
0.0965294040488
0.170308495631
0.092337923886
0.197782663936
0.0795771347712
0.476501785072
0.529589934915
0.757415228379
0.811016885684
0.65629059214
0.60625456788
0.557658508888
0.233300668081
0.17943111694
0.101300693897
0.226675452777
0.131903376832
0.272522282136
0.272648709435
0.361629951603
0.683328240497
0.772274543023
0.596451489929
0.628194773749
0.265599982565
0.0952755834604
0.054004756483
0.241220934994
0.312506323649
0.276798126838
0.396138224517
0.0859073470393
0.441155150929
0.734202117301
0.574284747477
0.559476244386
0.627521815213
0.320319851119
0.147933954
0.123308171253
0.361500068162
0.401809552868
0.397429967244
0.358359506837
0.042300466201
0.479911887981
0.6212196987
0.477103331341
0.592670887439
0.374494368063
0.250221245521
0.231982649122
0.37354640027
0.51308589929
0.559669581463
0.53103104813
0.388611457995
0.338086969772
0.647228615758
0.416322582005
0.472444672169
0.621642378312
0.419386582186
0.33534517595
0.169347178075
0.428296898362
0.626795687379
0.612245739835
0.691049932753
0.390510038726
0.501955161578
0.524616336749
0.289550441709
0.481457474229
0.526968227286
0.362890938932
0.328549438508
0.396913628275
0.614543591757
0.70301131921
0.683880996555
0.704376424283
0.592749664546
0.638254513157
0.487659106346
0.381566080378
0.553388167679
0.431501730097
0.429471342602
0.216257368116
0.40785512988
0.681644614195
0.722197618224
0.851234180115
0.690704516844
0.660065645707
0.602671835494
0.3218395475
0.503816993609
0.514461072743
0.395079414637
0.375467782279
0.297663514363
0.542672890439
0.720915460193
0.749606680284
0.858809926242
0.80089370132
0.784629125355
0.635878129445
0.361315007949
0.45430968652
0.445972705409
0.414577341507
0.26539725471
0.32741128587
0.575608699719
0.652376708734
0.850403821168
0.878643247352
0.823937661098
0.703052678008
0.449424320376
0.487785547754
0.412481400382
0.361105849458
0.373428756654
0.132915666494
0.322772485748
0.601556589759
0.688629296122
0.84470766285
0.820880414148
0.910449856135
0.742695002199
0.414378517967
0.422521702914
0.399076794681
0.318099083374
0.256626793839
0.14672229061
0.396213301848
0.448323095134
0.68961833536
0.783666035439
0.857159606813
0.786582800511
0.608841040997
0.429003074848
0.383378075457
0.208290214405
0.300940122655
0.0926778182451
0.166073503059
0.342323131902
0.517596372355
0.653161371908
0.693155349753
0.884894267084
0.803664550601
0.536916766559
0.488217290962
0.257630265185
0.154780725989
0.147563218775
0.123429406731
0.206256513984
0.122083044133
0.463230660307
0.487261728352
0.65338647762
0.847774520262
0.682098404808
0.47095216978
0.445758313804
0.0903953354589
0.178144348593
0.124587012596
0.202335696031
0.114421155066
0.338362637805
0.38824780638
0.428988435542
0.714969380931
0.773294457728
0.536534621051
0.468680651876
0.310646211715
0.0626831822499
0.168398856165
0.313833451287
0.312421045506
0.247905803692
