1.00000001476
0.828452248908
0.439546195257
0.115742615425
0.237823640733
0.318361211963
0.413239862064
0.356750096624
0.29933027481
0.144755315241
0.231601312184
0.629003875604
0.953773051195
0.93790506671
0.755096300599
0.351692899479
0.0799473319839
0.281392825719
0.174848017541
0.18912343731
0.349351091811
0.359642797988
0.0321843316395
0.441404191264
0.731505111327
0.970240532235
0.866847904649
0.580131005699
0.193109477889
0.23854792723
0.320852937877
0.374316779094
0.312156064422
0.319793277186
0.269283590502
0.103364277351
0.537231470746
0.893674413217
0.943268050554
0.837519378118
0.473924910726
0.150909268595
0.321111641078
0.227476247614
0.239140280855
0.477991696452
0.465451696613
0.116801243638
0.296101523642
0.635870641272
0.885708023058
0.896371307249
0.636952944536
0.313613245924
0.324669842944
0.221333061276
0.234767644664
0.305770201076
0.331032501065
0.36342970705
0.209569432348
0.411491367033
0.819491180313
0.918817214603
0.848441756591
0.570421415387
0.348858126351
0.343208796003
0.307993644589
0.234354730996
0.523920955568
0.48566679127
0.271634399506
0.195765172284
0.509506927039
0.801914003691
0.897947556276
0.646387592863
0.486020250627
0.349161421956
0.191624706261
0.220692405605
0.184218373399
0.400222677417
0.523650061932
0.328248183657
0.278581145792
0.694099771656
0.844468584993
0.841443709973
0.626090111747
0.48743567216
0.430133192566
0.35618087289
0.2356561862
0.514661487518
0.51436246681
0.414646149875
0.201603838307
0.335057988031
0.700899046135
0.842936816311
0.659284766232
0.6137202493
0.405261573599
0.294551011035
0.255120307467
0.0849085210121
0.438234738637
0.661174760492
0.430460250811
0.222223030294
0.537972308389
0.742857877876
0.792869662634
0.6693272557
0.551576205849
0.495149970462
0.421472264551
0.143896459784
0.383506796335
0.54081092325
0.536939508191
0.337577142135
0.237492958542
0.576339462053
0.743993685515
0.69011905448
0.620521872761
0.514847372203
0.509436630163
0.308037510293
0.141956492883
0.456950433715
0.713011330021
0.512264841247
0.29852439103
0.341922487402
0.596389933642
0.714156216079
0.666509439445
0.546349717897
0.595172715737
0.430462463992
0.0726639228163
0.293260355695
0.490394841857
0.625414659666
0.553671038946
0.227751220106
0.421839411681
0.617042420428
0.673682635154
0.628505756605
0.610136397906
0.616834125003
0.457035743669
0.196698683633
0.453337547444
0.716114775473
0.602312762328
0.429399946927
0.186928757137
0.403570571563
0.606893131298
0.618998732058
0.514264662519
0.694825467835
0.490465238656
0.203530659421
0.234922865375
0.435187841927
0.665983232413
0.665963153614
0.277616672051
0.30527551299
0.478491661881
0.576580824392
0.623216299362
0.687485063633
0.695775100606
0.564451541013
0.226089923758
0.383994474295
0.641613956319
0.65406710998
0.560677627137
0.23346038492
0.247069942997
0.472384590098
0.485040297343
0.535093045155
0.68242639624
0.593821447874
0.418542550872
0.072978674099
0.390847744267
0.736523896204
0.721293301855
0.392624480652
0.237869410901
0.292587357055
0.442728636784
0.57167739423
0.67516197875
0.736520462648
0.667049959399
0.240457639454
0.293811222267
0.619390949274
0.694652552993
0.631551768869
0.393131637947
0.109959082855
0.322768354858
0.332323979744
0.556455786914
0.6876127185
0.712321418976
0.502634223882
0.150338423786
0.348734270771
0.715716956848
0.731863387444
0.480441661931
0.259081678267
0.12431067248
0.288996069518
0.47269848804
0.656414602782
0.719252007951
0.732614661395
0.353575941697
0.12864465351
0.565171975942
0.722207469605
0.692759926432
0.48664898421
0.0898185330025
0.161565357768
0.219111883639
0.466610792821
0.7080333249
0.803799756652
0.59365357978
0.29757155216
0.284243177132
0.65136993553
0.746576331545
0.5390432935
0.369737015804
0.0714242737859
0.134099366059
0.312869847394
0.561808546768
0.715681689144
0.740123040998
0.454610042379
0.169928646744
0.44366655115
0.695097887007
0.782679798536
0.549365618047
0.232838536377
0.0127249007854
0.0977831411576
0.348166572704
0.69229039789
0.79010438236
0.677612227246
0.430791612569
0.12484185214
0.562622952536
0.771492542158
0.632294657279
0.460888371789
0.263023792466
0.0398700353782
0.180056538514
0.413935834828
0.715248407188
0.790945778286
0.582545932991
0.191858629194
0.320225323535
0.647838210748
0.750971114951
0.574150915684
0.329590963572
0.158988689572
0.0579006513892
0.25312388001
0.619455418171
0.792559195365
0.724405018527
0.481312883564
0.0375204254268
0.463645233586
0.713782441013
0.716179158508
0.547773984832
0.397659478713
0.217126260898
0.135038417589
0.279651682862
0.628390597777
0.815385726492
0.659294946242
0.22645960652
0.199345489847
0.58090466549
0.697475962896
0.641083329217
0.367831654119
0.350292325035
0.236135413181
0.169468078357
0.454973347025
0.728731111886
0.762940765749
0.558844436349
0.134005715431
0.436924113486
0.65526390276
0.717485347768
0.636105878347
0.500133369865
0.378841158331
0.2778095012
0.186997059097
0.53793556043
0.810391012796
0.662024366869
0.321653703151
0.214816340987
0.396871545533
0.6140036928
0.661624733413
0.441082911317
0.494945811276
0.402398962943
0.192704384672
0.368772244398
0.605631400819
0.749107148069
0.666095557214
0.258095779822
0.365865210608
0.588586249425
0.679813458905
0.627543997286
0.557624143319
0.506490608486
0.428602172898
0.197384470285
0.462750342029
0.726518126138
0.66313560532
0.442976173335
0.17744420686
0.262534564572
0.592052551716
0.576312322071
0.551238845928
0.598831677152
0.54323831897
0.345941787016
0.349782847788
0.466354112657
0.698391922882
0.69371336788
0.324227351523
0.2672572731
0.476900295244
0.600834706116
0.593214364771
0.623318852461
0.588128431713
0.574309516105
0.313384597151
0.373585379902
0.571008963441
0.620611378708
0.540918866693
0.257190380284
0.189512821678
0.574176771595
0.536440972448
0.596940737224
0.677892897926
0.671051445084
0.489925271448
0.387246563065
0.34551139173
0.662366246936
0.687089286322
0.347525513073
0.153852839723
0.419509068677
0.425813082038
0.512057655647
0.640556028806
0.646692753422
0.695551114144
0.444150271144
0.281848986748
0.485626167222
0.562086914519
0.536499695819
0.389423188393
0.247206226069
0.484953598414
0.516347542142
0.567372336011
0.706843571591
0.779795037569
0.648767967407
0.474694779607
0.24844702064
0.580678784746
0.592606496056
0.324838256948
0.155936524482
0.293968670995
0.310838679266
0.491069574662
0.538728173059
0.721730308538
0.811801374527
0.566827026475
0.263565654615
0.373594055861
0.48338026648
0.573555751352
0.434492517701
0.266681933757
0.421123616624
0.454935993215
0.476738445224
0.706742351847
0.855679375226
0.793999492868
0.570757906936
0.221377961196
0.466283533252
0.496962547033
0.308400538375
0.288237237139
0.198560925835
0.255117026977
0.442953009939
0.435784824644
0.76385520213
0.87864182295
0.704059479905
0.351117408683
0.262214557246
0.375705272846
0.586522107553
0.425774492368
0.267600862417
0.339853231608
0.391864661212
0.335542144033
0.646955749829
0.88898829527
0.894975268417
0.677044641859
0.276652993732
0.270171710971
0.399146632848
0.34854811318
0.292065553464
0.302259478736
0.333279503521
0.296686441061
0.377438920271
0.743833820702
0.917334820068
0.850034779205
0.511651989942
0.234439720033
0.275678878648
0.513534474521
0.341516691425
0.224502942814
0.289624347096
0.260155385028
0.218575462767
0.58385044402
0.845058585857
0.961125579309
0.799710119292
0.360409104387
0.0540364882027
0.267691156407
0.354784702747
0.382872879732
0.375527302602
0.337152288362
0.229794509281
0.31849897301
0.652095605455
0.931548964608
0.929310853164
0.673042932432
0.314651047096
0.163519966133
0.391223944189
0.303215606543
0.12971352801
0.352832225244
0.272063522159
0.0975579959198
0.512699620813
0.762821056115
0.980671053953
0.871410074169
0.495410640484
0.0834180104859
0.164353416151
0.295291889875
0.422175236403
0.388327673658
0.356335273634
0.236032903474
0.211361814133
0.550253151441
0.912350747544
0.965789121324
0.810683289008
0.419499047164
0.0348484651384
0.231816954042
0.187289468323
0.15638948303
0.340887985312
0.380885153749
0.140975542766
0.358965999846
0.664728219702
0.964531381481
0.909530564671
0.644638590783
0.210160585483
0.12845531455
0.282432255193
0.374027702953
0.302837458978
0.359467958474
0.312697286542
0.0316616822223
0.460584994724
0.859231412776
0.968205093575
0.895524309636
0.543941199555
0.131502985737
0.24304122034
0.172820264808
0.212028820002
0.428892658733
0.477199046098
0.180273194788
0.197893058252
0.567581189445
0.874081219506
0.929744746926
0.715980375142
0.34986479225
0.255416247015
0.194631812799
0.244970860167
0.281592763883
0.318097026801
0.389860180298
0.212751707159
0.334678361066
0.790076397131
0.938113035207
0.911133353704
0.637825801894
0.318293721178
0.273992218495
0.256566468218
0.181548545194
0.482178328873
0.500135301514
0.274140345613
0.118089033367
0.459519560369
0.781219333157
0.93835919372
0.733255686323
0.519469611029
0.33250997408
0.15854967557
0.16311824997
0.167621929318
0.331914886466
0.477161768065
0.339307431934
0.20684647129
0.66980834642
0.859858957748
0.903276540496
0.685909044776
0.478273607646
0.364997279543
0.320562820099
0.188282714195
0.467828073404
0.469936257337
0.381022423327
0.192957025008
0.291251002969
0.683554891011
0.895723279024
0.745564969044
0.654389116906
0.406908625856
0.258894225705
0.248557268156
0.0275370646186
0.367328575372
0.617643419403
0.444634287352
0.139187894293
0.518034558866
0.756910728542
0.841176016365
0.72039833223
0.556633861663
0.445300011825
0.410651960299
0.108083450198
0.34795836228
0.488053055111
0.471351317222
0.302008635581
0.200298533539
0.566489256119
0.809039961529
0.766373603741
0.679237753851
0.521815955295
0.474533637374
0.318105145165
0.12958699083
0.352200330045
0.670124421555
0.496239569507
0.222897940236
0.33469637294
0.625931040941
0.757510396496
0.730589001301
0.558616255148
0.557043850238
0.459912350088
0.0896679343721
0.184012312717
0.421081739069
0.555243839034
0.511893891277
0.223627168158
0.428303722278
0.686380122714
0.744412763988
0.678031890307
0.606500858702
0.614606630193
0.481204411278
0.21690243738
0.352277646553
0.673232302291
0.558824529932
0.36910767841
0.166226947841
0.422190318513
0.652904044331
0.692808616717
0.530895368213
0.683393359841
0.511575510943
0.23759864923
0.145150186545
0.325182193017
0.58652067657
0.655987248552
0.280357248162
0.308691022656
0.548178414573
0.654310917733
0.660907808174
0.681667022539
0.697848651232
0.59746754644
0.292753822783
0.288064088725
0.575953676336
0.602786196246
0.5107457289
0.199430387985
0.254094916482
0.534991349348
0.574326350357
0.550754040077
0.699374714312
0.621067059017
0.471948072029
0.085935963568
0.255420533383
0.63461921967
0.708410321984
0.372956679517
0.245100008488
0.358511413656
0.515636942674
0.601353765807
0.683860789067
0.743886679833
0.70169807355
0.341043590608
0.199287221331
0.497038179689
0.613499370656
0.600256872405
0.387696734224
0.129779573541
0.395104324516
0.424257260944
0.576810480649
0.686087130616
0.725901390691
0.587702025506
0.257696214085
0.213610386063
0.638417132698
0.716586348247
0.470530102927
0.261915369123
0.176315253162
0.34037623658
0.505649629334
0.660983088207
0.725373098663
0.788836484572
0.44059154763
0.0465565527144
0.453037201472
0.620802480903
0.640965872953
0.49974810588
0.085250037748
0.246060369326
0.308063874367
0.503674229508
0.700277275639
0.832301467041
0.678690407775
0.407553291504
0.169621139905
0.567475346818
0.686170979543
0.519144154934
0.359008209564
0.0567108391956
0.178014870801
0.362724340266
0.56868579165
0.711915383447
0.800667043817
0.546549531473
0.204014506855
0.322251198877
0.593975318222
0.736918022336
0.557958547796
0.197114034942
0.0976538228255
0.177934501559
0.368352430635
0.678212635859
0.830882244253
0.76691229962
0.542127481807
0.0569926212362
0.483002039874
0.703423474294
0.596035280732
0.446509222697
0.227124169987
0.0336740888932
0.222478262841
0.41293177776
0.717967640338
0.819687427055
0.663371596261
0.293357202831
0.190534625091
0.541770040084
0.726728099588
0.571282981628
0.299846562832
0.0668291553109
0.0534516277342
0.247831268383
0.618105604558
0.826458743609
0.80306198333
0.612025739839
0.14976592192
0.352384845882
0.658839380629
0.676642013355
0.514658642385
0.365956756846
0.147656589043
0.0852360408569
0.274794394251
0.646554729405
0.844153178555
0.766286859168
0.362370518349
0.121371407437
0.494002290652
0.664006499899
0.606099782137
0.332466583448
0.25407156732
0.163799178726
0.144471693765
0.467820630445
0.773272875108
0.824863980863
0.6572083147
0.248438253787
0.326848830748
0.587253087348
0.686566225265
0.618525054298
0.459667871236
0.294843659473
0.184848305311
0.169346526333
0.529020614191
0.834317425185
0.769273305198
0.45951927369
0.240250092061
0.334135532332
0.582246327151
0.651648057946
0.400794419935
0.41163809925
0.34945446731
0.150283193661
0.357064837907
0.647908016
0.817647426577
0.744133442266
0.368427777447
0.295135762102
0.52238861577
0.646967730907
0.614898819188
0.500261147358
0.420967958498
0.340097324029
0.160775927294
0.443524189603
0.777665802689
0.769648534161
0.558215701603
0.282116240356
0.188632617497
0.53183299759
0.582173468474
0.509834489694
0.512965527388
0.495879603499
0.299202302775
0.332711837412
0.501070262904
0.749374828524
0.772322184402
0.452175839624
0.221946461691
0.422290274678
0.595495174259
0.572953420078
0.544919151237
0.488859650227
0.496705439485
0.29716639588
0.359816358076
0.62059302292
0.725262088533
0.646853922573
0.342610330724
0.143732214471
0.545660591918
0.543065612081
0.562983037233
0.60875908644
0.615735132603
0.453189333075
0.378358850981
0.368073148976
0.679584496971
0.766361639334
0.472493361807
0.163059843888
0.386202467086
0.427252900144
0.491266099822
0.580770734527
0.533856724861
0.624709266326
0.443751173001
0.295233098101
0.519999396483
0.644640107991
0.645425447384
0.475675852379
0.235574118955
0.485302795594
0.534397837181
0.539906328532
0.636975322117
0.703262493743
0.599428069175
0.474548107594
0.282601086546
0.594696075899
0.691064659239
0.456774513834
0.221955732362
0.322340284472
0.308872064225
0.468410450086
0.483189236711
0.608417938332
0.746111217958
0.572586402508
0.302867715961
0.434627607977
0.541296503567
0.626652506065
0.514784485325
0.300869290597
0.435899278624
0.483769721664
0.470195087912
0.631787551169
0.769375997018
0.737440166138
0.579379918775
0.268855378172
0.484836299365
0.563331273646
0.413771211047
0.362066086682
0.226914207744
0.267292439076
0.469705920316
0.380679321254
0.663702042648
0.828161157649
0.696867680822
0.390754110688
0.348163449571
0.418523736914
0.626537600093
0.514793986234
0.3137878678
0.372333951097
0.447461425491
0.320718437338
0.564944275012
0.809522686071
0.833160597825
0.679786062814
0.335451290437
0.327221830211
0.465757483372
0.407678803685
0.373489274737
0.333984334996
0.365731257424
0.367119401826
0.343589424031
0.65470210871
0.864120093151
0.829754963727
0.539061217989
0.326499574149
0.292655814294
0.548073944579
0.427244017458
0.283480448981
0.316760450976
0.354542144608
0.20442021273
0.494481873178
0.761105406176
0.90237948498
0.813512517963
0.423633146438
0.136330481599
0.322811983053
0.394760669209
0.403708232074
0.397920918543
0.402026449191
0.332697287318
0.311140226831
0.577491499662
0.876416450336
0.920970964224
0.703977591889
0.381083966316
0.177012846768
