1.00000001476
0.942521611672
0.777240257896
0.499663756489
0.28145547364
0.1319616033
0.0433627885143
0.0616634633423
0.216660669589
0.366901727227
0.684254422912
0.815425245416
0.940144515041
0.956894278845
0.859994068549
0.701889596769
0.503885395849
0.216856924984
0.115695988515
0.11237143569
0.101117434738
0.268087376092
0.483290884459
0.662264345615
0.914216971718
0.963787024058
0.964667005518
0.803413643674
0.561609308148
0.326090594753
0.203430236444
0.178829614937
0.200959322718
0.239404934469
0.296150866792
0.564909319436
0.740421111007
0.886875275019
0.942152455502
0.891401484764
0.724177259554
0.541376703114
0.338674845667
0.199244329169
0.217269726478
0.230078601678
0.309281601788
0.412074026958
0.566596116241
0.816527855067
0.891621806407
0.931033489071
0.803478463644
0.664900212729
0.346482688224
0.277489159825
0.308723763916
0.350532284239
0.312761238348
0.329192143174
0.483746357919
0.638174307373
0.785368747238
0.89950355113
0.860642640643
0.735366854999
0.5769597077
0.448284681657
0.319645040943
0.342821255149
0.381365793753
0.413040598461
0.374493554932
0.538107864969
0.692257310454
0.79493318959
0.862312295887
0.78728691149
0.668594148468
0.415508116359
0.421385007333
0.411811296203
0.487926322257
0.436183533173
0.439245091457
0.476508591306
0.523326656179
0.722447220981
0.805029775851
0.794277547643
0.751498011755
0.582608010259
0.49028021157
0.398151246014
0.484791421558
0.512506630004
0.530297694724
0.395671990814
0.519885604736
0.602676090531
0.6763774488
0.778863861715
0.719219734651
0.634416837152
0.498643253218
0.489344894193
0.528323650226
0.598966018098
0.555020053364
0.55621786882
0.498199135571
0.390609228056
0.62975102679
0.688247563965
0.713992333202
0.699777410183
0.528855028318
0.493007204324
0.416283578367
0.588516995025
0.656183409857
0.648175378548
0.4924304298
0.546853144795
0.487149990921
0.505321009271
0.674073331561
0.621292810401
0.555092966245
0.504190006699
0.513267296117
0.592192714776
0.649894939959
0.68021764324
0.701936562806
0.534162564588
0.385736815412
0.56490301185
0.528172725921
0.576572310163
0.612700872169
0.49308974728
0.388828357554
0.414615200318
0.665510612742
0.751354537806
0.773968762741
0.630104762443
0.638936500128
0.382741738454
0.412858970367
0.568327088135
0.526167995662
0.457851315376
0.442914111883
0.509613145888
0.596557335804
0.678785087918
0.789427698653
0.804727137345
0.666408461394
0.47105451533
0.535629725708
0.351396931267
0.481572899531
0.502229766172
0.456757883156
0.348406094277
0.423772210088
0.659558137024
0.819574127343
0.856335049809
0.776814852728
0.728425176153
0.432873426122
0.354699570401
0.455835894838
0.382339884124
0.399143703908
0.399784275932
0.455308467847
0.609236091749
0.729593163667
0.847786843676
0.88246123539
0.765407647668
0.608881201732
0.548321390721
0.262518089258
0.3515252966
0.373274360205
0.356319745306
0.285109368137
0.473045811373
0.637585416758
0.85226534363
0.930929209005
0.913777071104
0.805245626465
0.517569200216
0.389395459299
0.356493846462
0.249427947245
0.304811113243
0.303640245439
0.395630126513
0.538830731779
0.740049292556
0.883229703173
0.9400962576
0.884808470592
0.747509797434
0.592324823341
0.276885670958
0.245497089441
0.238608703212
0.234437603095
0.18898337966
0.436657449488
0.615451259744
0.835840111274
0.942466353322
0.970053973146
0.877318648314
0.682029292733
0.439982373008
0.313287116997
0.146321152229
0.163033837364
0.185506400382
0.304288469779
0.409893195308
0.712679843992
0.865637503228
0.970481060366
0.950979444126
0.795821047249
0.65204004024
0.421793033419
0.17143131807
0.122411037803
0.0817454808329
0.0925649451235
0.367182263853
0.556293719909
0.759197533851
0.930032350886
0.981800604896
0.910742330634
0.773965546826
0.46686089319
0.324028718852
0.161340574488
0.0262330944115
0.0738254955576
0.201435749096
0.338136586243
0.651768945416
0.815964485711
0.965681885284
0.964654024592
0.868999828138
0.690624616003
0.481994115749
0.174270740292
0.0721052490865
0.0502138500276
0.103709337345
0.249618379666
0.504663826188
0.689759468632
0.887896606277
0.962540395422
0.939090504624
0.803422249016
0.563424832628
0.395692557119
0.189454863585
0.134121836999
0.104700849447
0.210289756256
0.328661658557
0.513325451414
0.771280387019
0.918641386217
0.959875993491
0.923704800275
0.724818386153
0.534545704904
0.252088855356
0.212884390582
0.189506009971
0.208520998509
0.174242858366
0.465479748413
0.62305413421
0.782093309356
0.924005790795
0.905555069557
0.810840843533
0.674745698243
0.447377831559
0.308330229791
0.26519872855
0.249168826066
0.329682833268
0.285232148896
0.395485821155
0.710216457623
0.830265403101
0.906471633932
0.916109410076
0.719229999587
0.535105050226
0.331539127227
0.319609691525
0.328095813145
0.343916605771
0.28032249381
0.487559112629
0.459348120961
0.67750043644
0.85934038556
0.855861033052
0.77075079961
0.683226563155
0.492438754605
0.370949943265
0.336346428178
0.393876837979
0.458196540895
0.332153803822
0.391352272465
0.658986088772
0.655840144872
0.827534284795
0.855380686995
0.738613659259
0.491255566438
0.334508262859
0.383971522608
0.443499492004
0.479726131548
0.431532461744
0.543429849938
0.376613075613
0.610526425598
0.770656760507
0.745982358473
0.72192417091
0.652269464045
0.529753673882
0.408825453862
0.417776727484
0.509684398628
0.562380600553
0.456924009744
0.445790539875
0.607028879356
0.525470810118
0.759558479614
0.760914501327
0.681630714193
0.478520961641
0.398354552514
0.389774649688
0.535206605094
0.610283353408
0.617458991726
0.610217695942
0.389383569753
0.535758168556
0.662244470882
0.62739983519
0.69836913219
0.618069994047
0.498254290959
0.435440143933
0.514397043896
0.589680704956
0.664916196856
0.614399872623
0.604188540234
0.575367444161
0.439351901687
0.635524787808
0.644833533755
0.593898460314
0.460243627524
0.467733988119
0.436463184964
0.612563857792
0.717444210173
0.758700791024
0.711984416554
0.529039954352
0.551302599837
0.53963406748
0.519899885111
0.61363301166
0.525717447291
0.47045929742
0.396606940646
0.569186082434
0.676510890877
0.773968827248
0.766781860958
0.71774244528
0.621645911609
0.469491360259
0.525754016624
0.503403104484
0.481267695951
0.419575348706
0.431178307873
0.462127359545
0.653127978077
0.779205128726
0.851150019382
0.80720250264
0.687347059316
0.565919356201
0.477955962153
0.454713274961
0.474850742893
0.413737661081
0.364113215269
0.310242253549
0.584445879262
0.679785774655
0.847645342681
0.866968783583
0.807906177905
0.66550548105
0.531870810317
0.436054617482
0.380740062559
0.365400752896
0.303985485224
0.357986000475
0.430568628576
0.629858773557
0.823569242816
0.888288645988
0.869081081791
0.786992339184
0.607117654559
0.42430970359
0.384142273687
0.337921598928
0.294377533834
0.223983482844
0.266607697494
0.529753715433
0.675035276431
0.895573161979
0.932035459966
0.90733984737
0.718717721233
0.581065178065
0.368586039394
0.237829051016
0.243579877981
0.192972756872
0.221079556768
0.38345362989
0.634726215547
0.819806468344
0.90215516239
0.940171559882
0.856974474336
0.706676329365
0.453589385843
0.335539534578
0.188224216247
0.150454218236
0.113737419635
0.223911670164
0.415109659966
0.663344679558
0.903494342521
0.980485846482
0.977828982977
0.78926105411
0.640997152203
0.388270729432
0.187818576201
0.122990697517
0.0834436793422
0.120219454469
0.347541593049
0.545037390744
0.762492969319
0.905128883914
0.964338296868
0.90641873687
0.805686686276
0.513769274507
0.354201671546
0.113485443075
0.0316291755411
0.0885536086949
0.164660763014
0.382000416982
0.636344111364
0.808490317657
0.965762487438
0.992137274507
0.866268200062
0.667637858028
0.442653873912
0.218838263052
0.0830725594194
0.0756211064006
0.117877871179
0.335936107033
0.423801671092
0.728574178572
0.867629053281
0.932611136136
0.90503081708
0.812475996466
0.621650284796
0.388708734735
0.14274970871
0.140490246026
0.190238235104
0.166037130543
0.342510267067
0.59733352137
0.692931970948
0.933888056439
0.949844964418
0.898859809489
0.675420646426
0.44582026361
0.272825426491
0.184494069744
0.209702629008
0.259001101875
0.359194822087
0.35520670257
0.633083194647
0.79995185068
0.860677318058
0.895496273687
0.813639748939
0.658983903505
0.42185065922
0.240983972679
0.230683115142
0.291743139405
0.275540191949
0.391683690153
0.528301435838
0.595988111864
0.850286844936
0.872836588981
0.854322275432
0.680691917305
0.532859831144
0.288845818027
0.278810512769
0.360812216318
0.428429029109
0.424664298943
0.368219553832
0.567923025808
0.693801595914
0.7639693737
0.869362087894
0.775047695136
0.645331684853
0.44652332146
0.373355893565
0.349086344046
0.421284378533
0.449338728436
0.510592728651
0.496530492108
0.553428920998
0.732935829154
0.767767666367
0.781286436984
0.678648390636
0.55186059797
0.351547512102
0.408773084844
0.473529121269
0.570487404217
0.545231838983
0.495023706814
0.558922971106
0.585932294567
0.702703797084
0.780964683104
0.697135519671
0.638669856219
0.44411191898
0.437678727293
0.43865912343
0.558246828675
0.589270980002
0.619820813199
0.5246221531
0.556346632757
0.632630896151
0.649154968313
0.696866702106
0.629346279439
0.518098451267
0.424374509264
0.478643577196
0.585977642536
0.677712903865
0.640627130865
0.615513341479
0.578663461774
0.477111867422
0.621795102581
0.653183458455
0.6158632116
0.556444513664
0.390430223153
0.46043157045
0.463699387883
0.663663787333
0.731549354697
0.737598699519
0.568088877646
0.578940835335
0.541728234668
0.492596790298
0.588860308502
0.513328712555
0.452433839377
0.410136009662
0.503160260972
0.657197469865
0.724177724441
0.752870650659
0.749944214279
0.622138988477
0.423204184485
0.549140682819
0.514675183054
0.488091271611
0.459445000666
0.340913171716
0.370131070112
0.479594349962
0.749072756614
0.828866861318
0.851072848193
0.67868124117
0.653134754885
0.448573507829
0.364229476127
0.482885697461
0.432378367986
0.356525957213
0.35715657056
0.520892473769
0.659049073768
0.754752971291
0.857712996311
0.84585675237
0.739704856215
0.483595403589
0.512740558612
0.343536201058
0.36523539118
0.349065623779
0.335401001776
0.3215279455
0.487766311469
0.768770450726
0.898903450314
0.925627118967
0.802562495754
0.720988248913
0.479988750834
0.303515406207
0.376904921864
0.296526638747
0.270394228493
0.29516155786
0.459295203058
0.665756282045
0.792555102921
0.921989898451
0.92137968128
0.82074647781
0.597927678018
0.508805380986
0.251810352701
0.233540780606
0.223356738059
0.255259238119
0.274321966077
0.505525884227
0.714812979144
0.924466030176
0.974317181864
0.940143964991
0.780511032651
0.517948356976
0.330720261764
0.282025384521
0.162463550327
0.161005860914
0.197731742465
0.394079569254
0.611156367192
0.793457839285
0.930284458363
0.959876912837
0.884930558456
0.747507439819
0.540119677979
0.219784228273
0.129463554835
0.110089066249
0.140342106143
0.182392550102
0.469356847421
0.672041267707
0.89383984583
0.967232588593
0.981925358917
0.828436930701
0.609066059443
0.394366746107
0.244976821305
0.0481842663141
0.0273439358571
0.110366793246
0.313132586039
0.488939890656
0.75777434154
0.903892576628
0.974251984909
0.927797858616
0.777029586769
0.57912643462
0.328315448693
0.0772192564289
0.036568486359
0.0636387602507
0.165653183351
0.389967333928
0.604348399514
0.801466911234
0.935492320792
0.975676898634
0.854376975945
0.705241267612
0.399356087151
0.267195307858
0.155675504564
0.144675108659
0.144798711581
0.256552239495
0.417039092931
0.679973011101
0.844705981606
0.953990073273
0.922740516055
0.823433995166
0.609434325092
0.424929521147
0.1627429863
0.159622426276
0.186882722331
0.243863379558
0.326150002617
0.550679226352
0.703861855986
0.870892330046
0.939247515874
0.875491095365
0.724788176943
0.494920738518
0.367661389139
0.26737056587
0.290665684342
0.244130663042
0.296154618863
0.40343554283
0.559934715249
0.791202775325
0.882078884487
0.894269627908
0.851102554559
0.636421500136
0.476812794907
0.265647203447
0.321740519711
0.333630370947
0.358521430479
0.261378187002
0.498802123186
0.631003147882
0.759718725337
0.881679461534
0.826128280004
0.724471954937
0.597095209007
0.430692487167
0.400731163114
0.41098061763
0.375527356978
0.417844978179
0.390905007919
0.38906798987
0.708542230413
0.788968156233
0.834940305031
0.821393522256
0.605880071285
0.480614974066
0.348011901421
0.44174145944
0.489428000316
0.492243052978
0.347773061554
0.519510631941
0.491901599024
0.601511599214
0.803589982495
0.764093777588
0.686511881585
0.611065003041
0.474897533636
0.461823012761
0.472528409362
0.520671887045
0.557203739669
0.435604459746
0.356777183631
0.650767976879
0.626441582987
0.723851033709
0.758831882018
0.617744649448
0.418828717795
0.374760295429
0.536260880528
0.603385250881
0.621862598878
0.494985950072
0.572125228716
0.398394949608
0.515682984663
0.717150554546
0.672516263374
0.621169435164
0.575912788314
0.519012585011
0.485914732495
0.535151427349
0.648168838613
0.671163019664
0.560827123814
0.412129224091
0.585799701796
0.479948472994
0.646190523471
0.67038708985
0.5983186524
0.409186319499
0.424235995598
0.561074836044
0.696322334265
0.726721653862
0.677811270174
0.6411675515
0.406607959495
0.433984642041
0.602876805737
0.548828047673
0.593160659957
0.54395780741
0.510756766423
0.519901898546
0.623966433653
0.726859957185
0.772316651166
0.677362199504
0.585780535402
0.551304974249
0.373596893146
0.516891292839
0.557849427377
0.51625249027
0.3941587389
0.505097119499
0.587660795375
0.751042180655
0.828639523556
0.824769983094
0.730945699357
0.491421548998
0.472258930535
0.478715261153
0.427831476132
0.501256703367
0.454044854781
0.475515945343
0.454943827657
0.685629718857
0.796153815586
0.858397883627
0.818902354491
0.718315463353
0.589430070947
0.349954898585
0.419560506093
0.426803259007
0.40471618514
0.352098336466
0.472579533163
0.593462972775
0.749047461098
0.876629633184
0.90350118806
0.820339652763
0.651588293949
0.492929253484
0.418155479621
0.32529667475
0.368229043167
0.351954325495
0.374710937476
0.361315119227
0.689451326963
0.804497652432
0.917883033201
0.903394936804
0.78885631596
0.634249473955
0.432240027636
0.318226797241
0.312550854113
0.275905301773
0.253148953697
0.416931937727
0.549142300866
0.690748296814
0.901519057039
0.93991071595
0.880978172875
0.747223935069
0.523550341065
0.362249610143
0.261304797877
0.227389545614
0.237592085984
0.215780598709
0.309297258194
0.645566938181
0.795497904618
0.94132548134
0.95194761854
0.886760522488
0.67534222126
0.482157515415
0.255665969316
0.162095943015
0.161319032479
0.133247226628
0.275424955826
0.472205858086
0.663339616071
0.883148728506
0.954396150305
0.945588154857
0.807265596547
0.637115796885
0.38040882298
0.212980343794
0.0879817946534
0.101158022923
0.129435918667
0.262144578207
0.497158064959
0.765035091536
0.928818956068
0.986032728069
0.955280680321
0.736655617499
0.540299612588
0.297712132372
0.112575067046
0.0342282144423
0.0435265527654
0.137130025581
0.427629051363
0.591337842407
0.783185667853
0.946241703749
0.94512883947
0.859054293538
0.750295422027
0.434554510355
0.261930808069
0.0779385068121
0.05707164845
0.14956839644
0.2028918776
0.397391938047
0.72297226322
0.849368902396
0.950422651221
0.969979063195
0.773450904011
0.56546416997
0.381265471262
0.189584563009
0.139596235021
0.14757853538
0.122777792133
0.399359038471
0.463822601688
