1.00000001476
0.899370617672
0.756288314238
0.479000829415
0.230596623185
0.15620067395
0.0529380270749
0.140603104144
0.250232971005
0.339595481957
0.653498661204
0.845720734936
0.971430023835
0.962145707974
0.86437059739
0.778368587343
0.418586449176
0.139492556022
0.118570673635
0.11851924049
0.173512348894
0.270117186176
0.515978023557
0.762058358289
0.832246623065
0.964017996185
0.920518361151
0.785736666208
0.627211649083
0.361945976515
0.180047738972
0.144251092201
0.220807525603
0.32282049167
0.340178512108
0.587823057245
0.801431125574
0.905515926181
0.966346481086
0.895417262253
0.794060593769
0.467348383784
0.172300845981
0.160701241988
0.246931733422
0.298713052202
0.343489935984
0.455116631441
0.711424255518
0.76058706748
0.882032752318
0.905163192745
0.803525935237
0.729295011662
0.461519461964
0.244934721555
0.281507911766
0.338889371194
0.404037267197
0.365830524203
0.503036577916
0.75419103621
0.784863451594
0.903857708512
0.895362257216
0.769509875887
0.535501486746
0.272285271102
0.252256853926
0.368188905806
0.420852178857
0.450690066095
0.354922146672
0.579285219244
0.693983951257
0.789324833484
0.861730606229
0.761418597336
0.689651667743
0.483062555581
0.313164458549
0.39435847054
0.466702055713
0.514737391699
0.476872278375
0.463594162082
0.699167651742
0.700001131127
0.794820276644
0.841814155187
0.741288115054
0.579685950323
0.331788464201
0.282761421761
0.420072898246
0.526987904807
0.580809123205
0.454978159196
0.491978786897
0.649198529243
0.687024985794
0.807337659874
0.746667872901
0.686840145822
0.503167911112
0.348483901051
0.501068527673
0.590252083318
0.609357000012
0.601686994463
0.479290655401
0.660908823691
0.677793262816
0.689546638064
0.758995113648
0.678940580479
0.580719047454
0.420413820342
0.339092103696
0.483829674918
0.632819374067
0.697927334239
0.662490298541
0.549545643072
0.622447111973
0.600872147813
0.71037963381
0.68174288011
0.615831605896
0.447848633074
0.364399718944
0.520649864188
0.655054237077
0.706608627351
0.744302903298
0.605156465816
0.639993368111
0.62373466425
0.527676580638
0.639713378462
0.592548342391
0.574205091696
0.478617786091
0.358909092533
0.550841256951
0.729937879653
0.7808575399
0.784612765886
0.625652915259
0.61552839083
0.491142393109
0.553858535725
0.598033324641
0.51852375151
0.385515959306
0.317450765143
0.419575649881
0.65548882248
0.785889787317
0.841581637082
0.731564640616
0.673842044173
0.649462033487
0.433675694246
0.496240050453
0.494394156566
0.471840792153
0.399560026493
0.357363462716
0.578096437034
0.766252179128
0.82383744998
0.871419917763
0.706643223669
0.621990922531
0.461842991878
0.35115189961
0.467946681211
0.407590786823
0.340561121875
0.295748022119
0.390195518279
0.658816044522
0.830342560212
0.91453796031
0.833437103786
0.683594223003
0.668446636092
0.413566567044
0.366759754094
0.386591260805
0.329064717463
0.282817994923
0.319393229792
0.560457942291
0.801865413449
0.861708173116
0.928011426285
0.80407271107
0.670157739895
0.589203875406
0.332498501455
0.334787469812
0.293931634302
0.244712803947
0.193929429694
0.272884828989
0.580202541144
0.857920768257
0.951898736823
0.947213878616
0.803995926613
0.71541357697
0.458354074351
0.2653960052
0.275924219201
0.205854391436
0.168500717885
0.271177899095
0.506584050662
0.773979656359
0.872500070526
0.960059516051
0.889936900945
0.716900014384
0.649912368161
0.389950821185
0.221936379235
0.160301280605
0.130167399852
0.175069768379
0.242940578976
0.534940197926
0.862527770353
0.930710582161
0.992911151016
0.908867169345
0.751755630727
0.533618925797
0.250565012219
0.197549525562
0.0994671639618
0.084593827284
0.256531856942
0.376038178988
0.636180561859
0.85013265066
0.961687737165
0.973793004409
0.819002143116
0.737634347736
0.485506607995
0.162890043976
0.0485972052625
0.0211111377561
0.10241477429
0.234069018425
0.48016134017
0.832640880046
0.909612389748
0.979415949986
0.948930239278
0.787432993048
0.589768944984
0.283932680541
0.139906669819
0.0702508527654
0.133938851655
0.280699832048
0.337563788811
0.532934491264
0.810893118682
0.926117178317
0.986418577748
0.865480031645
0.793911132057
0.576167629345
0.202740904498
0.125988961244
0.183857635311
0.188573665561
0.29778014473
0.404201671696
0.714698121858
0.828458653643
0.911168981728
0.951460749849
0.799666698179
0.66927296512
0.466345993913
0.234491611465
0.167716164535
0.237229015172
0.346883839072
0.397728904503
0.474064611927
0.754977634336
0.862918257509
0.943570166895
0.89915588884
0.809178083239
0.601418529679
0.263211379159
0.171685842866
0.273883318338
0.333680199045
0.395116018735
0.40424309081
0.641952158485
0.77250152762
0.814163747452
0.898298787575
0.793737856541
0.723312884982
0.57225800131
0.309649752156
0.293306884638
0.379905619016
0.437859857092
0.464469717187
0.407592475614
0.685177355995
0.781094314399
0.829109178532
0.894379985339
0.784121622507
0.610929150097
0.361950942476
0.259312897533
0.376052820966
0.457577973015
0.507001593739
0.433517788759
0.473415494988
0.683787599599
0.724148672686
0.821996765375
0.755047435572
0.664846277578
0.549734126976
0.359783852874
0.385374025472
0.505989531948
0.547113351775
0.576925119458
0.447763556201
0.613419858035
0.719845346512
0.711758333614
0.815111624957
0.735573617933
0.617156844226
0.4106038731
0.282234326622
0.394531150642
0.542365506684
0.613740161615
0.578023141229
0.426357380385
0.612770368766
0.647424714162
0.731697341303
0.732558660882
0.651247288986
0.558334348166
0.378537973797
0.455894654386
0.625737944645
0.644287306373
0.678808502016
0.547038156003
0.563109935699
0.693268711704
0.639589569132
0.706412449769
0.663719698716
0.573364458151
0.471914308492
0.364883071104
0.440229844219
0.635060826793
0.715646004
0.74468587113
0.595092350567
0.591686275427
0.594336068825
0.621215052377
0.658054335278
0.58565676473
0.485934357892
0.36385581683
0.476313517162
0.656883963204
0.733611499814
0.784421155129
0.710302862477
0.587457352608
0.652901002516
0.528235329813
0.549869808945
0.562869804605
0.515262881726
0.509172574866
0.390847485103
0.477399191119
0.725431842525
0.800925667234
0.837695773833
0.716018636199
0.601077780913
0.545382945335
0.453558022948
0.548473381465
0.497562567947
0.397110112343
0.332772869532
0.398975438664
0.595314745316
0.794356168436
0.861563512756
0.830980882188
0.662253601473
0.669459824332
0.515914155991
0.392664429296
0.4456872917
0.41183181802
0.400029016799
0.347561917332
0.498112275138
0.755956617148
0.845470882123
0.900590313576
0.823822221815
0.622724121846
0.539597923036
0.313048339654
0.38038376072
0.379833848577
0.312073025541
0.306943754424
0.37257862811
0.57473717253
0.820460150772
0.913953551166
0.921146492094
0.72128574119
0.662089526603
0.532891491303
0.285430983487
0.326591185159
0.281075770935
0.247104790282
0.287888375842
0.468979201728
0.758992723866
0.884217699613
0.933872425014
0.908935712985
0.685132213343
0.607595664347
0.419704839521
0.250144321187
0.25530211337
0.201453134241
0.195026758827
0.263518761341
0.45808130407
0.798315789907
0.948885058154
0.980499607413
0.870315552873
0.72857023166
0.572896655558
0.257625672997
0.211334317208
0.165000862746
0.124817828204
0.226719475727
0.426622486198
0.698639165479
0.878394885944
0.946966425182
0.964083438803
0.754983301413
0.639922946581
0.493322014856
0.206060173694
0.125153387318
0.0675615954524
0.150497142285
0.262720459717
0.405136682654
0.776681897575
0.942894738781
0.976061599859
0.970098903211
0.788434266277
0.614662813856
0.319671230764
0.142915923903
0.0774979818528
0.048711723877
0.228790363782
0.373498040958
0.529245520233
0.805294190523
0.932943176207
0.993340342911
0.864360450877
0.723524943236
0.5932124675
0.256705658437
0.0567506597178
0.0872208125273
0.0853783837128
0.23815997862
0.373956943545
0.721668904855
0.919669506723
0.945443385919
0.980152133796
0.826115448077
0.650227751052
0.394913798044
0.163063822283
0.0954876649257
0.143132898447
0.271485522979
0.389879117605
0.442267493714
0.733314863148
0.894118019425
0.970133561982
0.903414212915
0.768892871909
0.666976396228
0.339150211092
0.151817930819
0.228670542503
0.237462399443
0.308851196496
0.387178407283
0.597796315982
0.828001422348
0.870104825885
0.946673483407
0.837929933958
0.672686189854
0.545947406121
0.330344526017
0.204671147012
0.266426254819
0.34375548246
0.455982698658
0.445165936657
0.656925331042
0.838205780607
0.896689187274
0.907894670761
0.799664260998
0.674333948153
0.386997988327
0.222693849706
0.287879213078
0.379685158212
0.422369062944
0.451845912416
0.528029707843
0.763018272805
0.788522757792
0.854332339935
0.808344469783
0.685259436633
0.625707631529
0.412776573745
0.309392170902
0.414463736704
0.463514295898
0.52929569263
0.460155715907
0.550354038476
0.774136303046
0.776594826702
0.856007585797
0.799390190794
0.642387461581
0.450120064859
0.31245632899
0.371971929261
0.496705043536
0.5329966079
0.54330899615
0.412733703796
0.620439807717
0.710223285209
0.751643836886
0.754950429258
0.6305463277
0.561468473037
0.424379202787
0.385696364053
0.524002247297
0.581678485396
0.627706951668
0.562222954788
0.492134744196
0.703314589476
0.687084353174
0.743405296208
0.737481191999
0.612436718712
0.480423930991
0.330798883894
0.371460242323
0.545437669237
0.628991851249
0.66114379817
0.496139243029
0.512102295467
0.646093812172
0.646384204814
0.706337682027
0.615596463091
0.553324843806
0.433585591902
0.426017199246
0.619509933695
0.692054722209
0.709471605364
0.67677105548
0.49565426265
0.647226933114
0.648254137957
0.628058501419
0.646581000966
0.546915280929
0.486144791445
0.421857798903
0.421870376521
0.61037294678
0.731257065878
0.77789973968
0.708585076426
0.550577965799
0.598702918915
0.551620105783
0.610762217824
0.552452369028
0.48092542255
0.376833445338
0.451151681196
0.628791641997
0.760702113814
0.801308824819
0.806412658736
0.612397213775
0.613224788477
0.583296585874
0.465794792349
0.52104243901
0.457923595172
0.477049729707
0.448046191244
0.43758301959
0.675281158217
0.825447050002
0.851282282336
0.823206599123
0.613591783563
0.569708462037
0.431871458952
0.462277122963
0.468443619764
0.383366508946
0.326020718205
0.414402129097
0.540515304431
0.772615264914
0.875512360631
0.893452858628
0.732245284328
0.633910696754
0.593755337327
0.365694271011
0.372800426898
0.353394732658
0.354315993545
0.35241834295
0.442374793819
0.694831367052
0.869802931475
0.903869899266
0.918194468591
0.690135323647
0.556987420869
0.384509684591
0.26648707846
0.340540745544
0.271191713698
0.278474149099
0.388790712049
0.512425920923
0.771843588187
0.915449433854
0.955645182822
0.825395708475
0.635164970882
0.597022843671
0.335687066439
0.239714983791
0.232473640817
0.19013930745
0.24772859712
0.413703949549
0.66864449069
0.89376808381
0.932194207998
0.969807788618
0.77983696348
0.588746789806
0.492969639571
0.235403214516
0.200663791078
0.151018287527
0.158018881964
0.27944009344
0.393301519949
0.688835462612
0.935151798165
0.984613223607
0.941551406268
0.756794796801
0.629121453875
0.363517571946
0.13652600608
0.120125249807
0.0686858244652
0.168491253031
0.385747702201
0.599161511973
0.853505529844
0.940080605472
0.989925961812
0.851880319188
0.62293460668
0.536646714476
0.287713835599
0.0861025014464
0.025153700666
0.0885594514525
0.27773141868
0.370173232938
0.631761959331
0.929264072136
0.965535925128
0.992540990465
0.855002057372
0.653655337362
0.42936201284
0.14223818431
0.0459484572359
0.0548768897249
0.174885092697
0.385478645347
0.469693544441
0.713360301618
0.911247457955
0.975932124442
0.928531125849
0.72321640391
0.619241434058
0.39249257168
0.117454861527
0.130535501443
0.134892917388
0.217857152035
0.363710533809
0.565814095481
0.888596028261
0.935282431713
0.967469711315
0.884115542722
0.681046669403
0.485382766044
0.25145991154
0.142671406291
0.174478906788
0.246437157309
0.413219874383
0.453164193612
0.610620803978
0.861076159347
0.932860676579
0.937854281935
0.769375754251
0.673792773648
0.472582598659
0.217590852863
0.254634838068
0.308139595083
0.306378509553
0.420369457173
0.489023442414
0.773374308502
0.862160342357
0.906433854548
0.882386238486
0.683785574486
0.565138220952
0.435399249015
0.273503626192
0.296684234916
0.349572755209
0.467015489787
0.507953447148
0.544728404086
0.792688225451
0.859794267605
0.892874580563
0.80585457386
0.686372148953
0.490514774001
0.296146636665
0.312679792139
0.417553892024
0.44962695374
0.502617442199
0.481794897218
0.68711988331
0.794240184036
0.802287107191
0.816213381576
0.668462368942
0.606354555209
0.506886569611
0.356619843656
0.429087137645
0.502299065607
0.551681288297
0.565054589851
0.462173729483
0.701980451196
0.76880601013
0.788197264247
0.807556897989
0.657516452436
0.496694488854
0.382840947146
0.388079092966
0.516289509573
0.566998495397
0.599231090113
0.493232051643
0.506849870814
0.696397380613
0.701718476412
0.731323895819
0.619255427245
0.526602056984
0.462023456473
0.410610997051
0.517408944511
0.624088234257
0.6473066266
0.666927504441
0.490949004838
0.609978996634
0.696772830623
0.668527296926
0.721028047787
0.604589675971
0.499338628845
0.397613968814
0.381009729946
0.529156574264
0.64957997925
0.690974582323
0.623989912794
0.439084689976
0.605487232417
0.611830672659
0.645972510058
0.598525257391
0.508319522457
0.458378357659
0.42756973727
0.582767678177
0.732992350068
0.731413355824
0.756911214164
0.579279909073
0.542820139323
0.65221623749
0.582650220538
0.603999420164
0.52731071414
0.456263638609
0.459783589816
0.448765850182
0.57132572872
0.741636794488
0.786419031027
0.793842465254
0.599987524583
0.562177268148
0.542311131103
0.534917937173
0.525691472978
0.443157353854
0.376277901136
0.428807318842
0.597899424266
0.764303605915
0.823700258336
0.849730071871
0.728980062576
0.55558336097
0.599136545173
0.466324065118
0.447981554767
0.419590428628
0.399244941647
0.466900737952
0.451739926281
0.604583898561
0.82878799478
0.863831473047
0.876340645848
0.712298075365
0.552610994741
0.474282639063
0.372143576347
0.422138017983
0.35406853736
0.292849160222
0.411521039396
0.531152306616
0.71676256769
0.887471325096
0.915831536075
0.840649413912
0.622108721645
0.601448689735
0.442510594252
0.289315984172
0.298082722371
0.280853708164
0.328542081541
0.415189794426
0.616423841826
0.860472635584
0.918902397461
0.947847612172
0.823467590805
0.562009388361
0.449108325692
0.227524932351
0.265299506974
0.235732406091
0.209410408797
0.378813001002
0.506732541132
0.693078155989
0.909842349654
0.95981752783
0.919316494239
0.67713207799
0.583970262318
0.444600320248
0.180433224564
0.174161016709
0.128529277145
0.176124763179
0.374433589546
0.583195301375
0.8527710243
0.947356794413
0.974651492755
0.902770044095
0.612783125735
0.500439613111
0.321603212998
0.128040146989
0.107447233407
0.0884319438379
0.260440039531
0.400333200628
0.573794251586
0.882249063888
0.983875579727
0.975402456931
0.83046717556
0.645738980384
0.466507280284
0.160985950943
0.0612593624841
0.0264171547201
0.0989779576923
0.339922762984
0.537010906157
0.776046299267
0.938931763332
0.980983662468
0.94319818035
0.670366948688
0.519614981896
0.377573800213
0.116473126781
0.0421695945192
0.0823985597597
0.242393053602
0.398585590538
0.513744044446
0.845785716738
0.972395677928
0.976574042367
0.927034680565
0.69620643681
0.499440864599
0.239088783029
0.0631012105029
0.0943892527932
0.150482283339
