1.00000001476
0.796678344444
0.816555648928
0.574167942701
0.281652790924
0.266132204995
0.0285518869793
0.118357504593
0.277458562867
0.236700386796
0.599681019648
0.621164687087
0.825427114606
0.844989138293
0.822451167424
0.814369929243
0.433206733914
0.503798177444
0.0842717000404
0.0380047057577
0.256905685589
0.127130397471
0.0271388898779
0.395204409562
0.613783144854
0.694852601824
0.710179647968
0.82464609133
0.611944388161
0.467724512961
0.471784990271
0.0481948550256
0.0684808484029
0.363279789184
0.197555537248
0.0214971989653
0.459734462751
0.628153815357
0.338420416943
0.494950802049
0.690952948136
0.510095865629
0.525369719464
0.119395845846
0.0640840792261
0.242674385948
0.435591409915
0.316215772263
0.422609304379
0.547115148403
0.42391334718
0.197368764042
0.310968492372
0.560555665063
0.420107599116
0.436998053448
0.0827674378479
0.208069109387
0.380543298337
0.457549602076
0.505058734635
0.713264437421
0.650826781773
0.436484221227
0.148085287496
0.30251600445
0.462863903955
0.342040582506
0.118054457645
0.099968630338
0.127778666988
0.561640853273
0.427325576175
0.848123189831
0.74174066871
0.773455452378
0.469255084851
0.417240587505
0.529253093407
0.311225900109
0.102726888194
0.050320728981
0.196363721231
0.185900714404
0.438464793716
0.547685352877
0.779447297053
0.816777792446
0.904926520318
0.695902541987
0.689833975499
0.566215273685
0.210420852497
0.144873912255
0.0247704951599
0.13628771446
0.437451456931
0.327213850203
0.780326707529
0.689466133675
0.839252047005
0.866902015714
0.831414615858
0.671678975427
0.372002082972
0.385280797679
0.07209485679
0.0708114464367
0.207060170776
0.214456135551
0.22979828682
0.606208561016
0.770451242822
0.936075216564
0.83965554948
0.929952431024
0.64855388399
0.448702233495
0.420673282146
0.0782657707428
0.105813024407
0.250998037319
0.133232079579
0.332236776501
0.499973526658
0.710560507793
0.658556616871
0.728689687877
0.845085555802
0.529006567159
0.65835045768
0.156170161388
0.125272797054
0.230974504515
0.224825051523
0.141172440587
0.284386228658
0.52225255677
0.45513804982
0.496776542606
0.695254341218
0.6050377911
0.545629334324
0.533855128743
0.12885314681
0.133865375347
0.384828825217
0.271434025827
0.240901406261
0.566358258675
0.587219728673
0.0995198228249
0.198355354507
0.518618082773
0.465861964432
0.50411314917
0.220435847255
0.153901196371
0.145834866946
0.418784477649
0.310081594022
0.606637302381
0.6410150002
0.569721098416
0.137853140296
0.0635444767624
0.539542325964
0.363401752485
0.314211757814
0.131092228502
0.276003057506
0.30777413425
0.372362887174
0.519941160548
0.73845202946
0.735639094914
0.687501345854
0.460136950016
0.440444290339
0.472944520384
0.204195435778
0.159067213343
0.0666517294351
0.0955159606284
0.475508059527
0.318043598387
0.826676416559
0.698634185901
0.848299625205
0.694762807277
0.671615702946
0.604611716661
0.327844264582
0.153525195032
0.0748907532369
0.164501689467
0.184276606031
0.289828967229
0.40037766474
0.644839477016
0.798809052453
0.964869432106
0.825269311855
0.877765832616
0.651825679281
0.355859699803
0.304983364644
0.0794453189656
0.17286839993
0.346624293818
0.256459188509
0.586184788049
0.57463205998
0.759325016602
0.81733852588
0.829151459835
0.760247688683
0.497859164307
0.613364094021
0.173972209676
0.131452315473
0.216638593295
0.208172609606
0.123614145627
0.463368615906
0.656077144386
0.773948613599
0.701532459803
0.908147939909
0.653953854565
0.57464265233
0.542042718177
0.19293936812
0.0367311024588
0.271505698141
0.158547672278
0.167700107917
0.505219174968
0.620587372166
0.37640881658
0.483316381177
0.761942804217
0.548141596973
0.711722813546
0.282298276821
0.265898339981
0.157444443031
0.224186278831
0.161905622944
0.384200044143
0.553881188274
0.31721196131
0.188783661566
0.450337072473
0.559160710095
0.499359139545
0.475328623269
0.233291509405
0.247285187879
0.389578894918
0.214646515441
0.37149691523
0.626905695346
0.63482328327
0.341638059075
0.161195291963
0.363622426888
0.382583667271
0.345716718423
0.270547919844
0.201894827777
0.0762204938213
0.390660768519
0.257116386317
0.684803626448
0.659975518786
0.716251309341
0.424758115557
0.337670339562
0.585765650597
0.282514900574
0.086506353419
0.166645560565
0.278312322635
0.302282509403
0.289066282135
0.486584811489
0.6545245542
0.750049767659
0.830570855979
0.661309764025
0.668395999165
0.566460487619
0.24983014168
0.208335759545
0.0309529026985
0.16486574676
0.432844588626
0.32242698977
0.742091935067
0.614351658825
0.819144027247
0.763755225647
0.779312788389
0.679984846873
0.45134413155
0.425237378091
0.158687599952
0.114266888983
0.210070716304
0.287390859768
0.334356595847
0.525221410928
0.720047020299
0.915115759823
0.77497649813
0.953798796318
0.678961944189
0.518828180082
0.448718419243
0.192832403899
0.162476970212
0.277367760175
0.272972302327
0.409037580915
0.540633232904
0.669526500441
0.636221648773
0.667954926307
0.746406164545
0.578455647506
0.750979068774
0.322350732417
0.294897524086
0.185800622198
0.204468617463
0.101450576734
0.450102678975
0.613961172441
0.579301247736
0.449780758394
0.759682500449
0.595089327014
0.575684319426
0.558445557589
0.281344523788
0.090747756433
0.314202033765
0.0681586582071
0.206763166058
0.536465596244
0.616367930414
0.113909450609
0.22565595612
0.61678645758
0.471970207428
0.620829174111
0.36799564385
0.366324050864
0.0984924852834
0.201030585557
0.157348908875
0.462190597508
0.593026637497
0.381188642174
0.158971341989
0.240676317351
0.561847928148
0.363497134125
0.303328052191
0.262215041384
0.317357041115
0.456649625798
0.232199719876
0.45806467175
0.595803723541
0.651508366598
0.530094857962
0.398302595241
0.415942940461
0.391265255851
0.136296861682
0.251475467964
0.170891339814
0.149674381998
0.441043731371
0.344219672794
0.714726930281
0.617734471078
0.785097586726
0.573288487471
0.552580636113
0.65504214727
0.346076947497
0.203707794496
0.147961722208
0.200898754093
0.324916518524
0.357321263331
0.514843909476
0.569522477046
0.700755984031
0.864189956902
0.695397277801
0.82669862562
0.642015528692
0.438872825281
0.295563976572
0.130593141004
0.206453368283
0.380923731207
0.385905392816
0.651687947761
0.58672374759
0.755415424147
0.687618004838
0.734731682316
0.67556082574
0.562637795894
0.618131997412
0.298917295195
0.23221932327
0.199457360376
0.302485730247
0.331199436282
0.502831677111
0.675534891309
0.804625259535
0.605468340388
0.906733470267
0.619612756081
0.569871496059
0.520031806952
0.282186880417
0.125959211196
0.208489546918
0.202992975303
0.255087136778
0.540828172062
0.642640628754
0.430525999563
0.461882445414
0.661928249658
0.556817601093
0.745458568251
0.441463092243
0.431128012158
0.177469219277
0.0781672350897
0.0618544626901
0.446389609202
0.622021140992
0.406334990844
0.249829357264
0.563265320539
0.552840182491
0.466432694347
0.460328766037
0.297872343559
0.205500418451
0.449147891645
0.151910246902
0.336326987226
0.509273106236
0.610376729925
0.140672760718
0.219406557095
0.528593903363
0.3742304775
0.423086386783
0.366746271299
0.375961073675
0.158907814159
0.33732982474
0.333609746407
0.518628679862
0.570796213362
0.506408573006
0.330254856611
0.306148838945
0.614648875817
0.287431039118
0.118601663833
0.1971893806
0.313972884507
0.541193561198
0.405374899192
0.59297903341
0.569340958002
0.611496588444
0.617753960789
0.489691810182
0.561373502228
0.48485413389
0.220231855722
0.200590601838
0.0642844710451
0.215622673101
0.486993752482
0.468832666603
0.753463875789
0.614217008038
0.819408009581
0.579619333796
0.638973475128
0.660301495401
0.462567145003
0.407439994002
0.183837439474
0.136958226891
0.284603199563
0.412467530269
0.576968343861
0.565285896047
0.679001854193
0.842429872447
0.618119807582
0.87662796621
0.626040514943
0.541159194742
0.377510502739
0.239909523087
0.216641657741
0.243752396843
0.345726949587
0.537841614718
0.597595974772
0.721350835176
0.573264568123
0.627321751625
0.602368030799
0.572864770465
0.67183892609
0.429208987768
0.379996265871
0.227452088461
0.186814750376
0.270895883926
0.481724783344
0.678988399726
0.66585463977
0.461334938008
0.785369553277
0.533732161214
0.500375649418
0.491850531586
0.309428536158
0.162466328432
0.310941394592
0.105316139462
0.158684487166
0.490287669409
0.618541547422
0.313001008123
0.355634559766
0.600067375555
0.462404078293
0.620890116284
0.472241651288
0.478682968886
0.2446633217
0.186055184467
0.268646023611
0.416040477639
0.588278270165
0.289709430973
0.229790223945
0.421245283108
0.573261472376
0.357469416536
0.290041356394
0.228422184967
0.278848402113
0.614453965495
0.390583492825
0.54738378724
0.502354054831
0.549952645239
0.225947332441
0.276182250881
0.533571884764
0.371116277729
0.230228843668
0.272180003946
0.297926342894
0.227120108466
0.496376560468
0.522026076949
0.635233068805
0.561018818767
0.650316420632
0.375081857682
0.437375198859
0.630364763965
0.343750452123
0.170479154513
0.0798650206271
0.255906889955
0.548217427562
0.51588613809
0.738488417577
0.62471779233
0.611563633199
0.679209700677
0.485825938954
0.645892799927
0.53373828929
0.365158312846
0.20211709416
0.0924421192547
0.247769717657
0.422796773247
0.476354847154
0.766290711396
0.671934642897
0.859504950959
0.555174874464
0.654659829589
0.591094894145
0.487654826717
0.482636318736
0.287986784095
0.2228591856
0.206605626904
0.324985661689
0.552640755898
0.557049332441
0.71115218238
0.798521808021
0.571358163725
0.853307846509
0.536662798137
0.519324556513
0.402671804202
0.306215603226
0.248593660601
0.122590268395
0.183657986678
0.346168691065
0.550920431269
0.673243653382
0.531597093946
0.572366198585
0.544920820326
0.491678770795
0.605001204117
0.483273955427
0.454632596668
0.345908571006
0.0614450939487
0.200518761491
0.40370287789
0.646826313768
0.484540763159
0.41252554773
0.651392029711
0.506332981853
0.400732732607
0.37642330718
0.260083461187
0.24371540188
0.5232074725
0.297392523256
0.357243403475
0.44570769812
0.536055436259
0.231229034348
0.304253350058
0.592972883206
0.395993585072
0.471259084563
0.394842415828
0.436759230957
0.310982133694
0.418938242317
0.497333892851
0.49103832646
0.528901431465
0.340373735257
0.192797582723
0.366543510706
0.588235105686
0.355059784118
0.118445983057
0.099611306566
0.294399514136
0.705354456126
0.548731894019
0.767366706062
0.600946959305
0.531902441728
0.334324130496
0.267169195819
0.531813881433
0.424198752263
0.180002164149
0.125982198949
0.216757487015
0.259332875373
0.541500715672
0.592823132369
0.763368063014
0.644717336941
0.812103107605
0.415599397627
0.533115619647
0.572837231028
0.362725313297
0.236801652287
0.117462054853
0.220743763166
0.450026159559
0.471027259823
0.783934022981
0.673461300797
0.694720270268
0.761389011145
0.543062295933
0.677734612669
0.491613113618
0.400609837947
0.25087598995
0.218627470078
0.287798973402
0.234334162701
0.332916585549
0.676104983538
0.691098852759
0.863324654542
0.610699295082
0.69430190363
0.521799076959
0.413803522614
0.442373580238
0.353406670987
0.315325928093
0.275454176028
0.108117650739
0.38871602458
0.461719679469
0.708155914197
0.696825454977
0.596084128136
0.809427765445
0.463532556493
0.448742927163
0.350255404836
0.299497964902
0.31085125354
0.327213340376
0.161524936877
0.120477302367
0.445846635699
0.542105437368
0.503269207077
0.549308826811
0.545425691043
0.414497477098
0.514202114107
0.434062545919
0.44120267549
0.462365902659
0.319099227236
0.332803449507
0.410871718253
0.556634148867
0.260622752093
0.325220023355
0.516613188407
0.51433728348
0.38499423066
0.225489729735
0.153356776546
0.29014533511
0.678977145653
0.486308162518
0.635788934105
0.5341002446
0.487811534402
0.0601373378968
0.157064596301
0.566823658272
0.403887726855
0.381053937622
0.242425065159
0.372172604525
0.326789071897
0.550782995385
0.637232594302
0.657896712314
0.563702813815
0.557868557869
0.192487861555
0.380349366729
0.536944704712
0.360797396605
0.0271282199491
0.0636423471435
0.282637662674
0.677338287684
0.55663349553
0.890996914018
0.709210233886
0.639170248009
0.534344559091
0.395542318951
0.491768785678
0.418774196867
0.172377347167
0.0803319363006
0.24303310782
0.292072395089
0.436409196786
0.504931109217
0.791680516115
0.744736775396
0.936640722968
0.570695404481
0.652564892257
0.500325126359
0.276306447446
0.205069737047
0.204016072692
0.264592391449
0.322088084259
0.283123024991
0.669891993735
0.621746393601
0.754912054857
0.805024328226
0.670218560872
0.719219988471
0.412583943703
0.392736115942
0.260899129164
0.27200424437
0.35285573262
0.0821501950014
0.106916117308
0.465449319048
0.60925578861
0.763318989177
0.665573115074
0.750478898672
0.51606638036
0.351107489924
0.395617480925
0.330366882812
0.334787238712
0.44184705741
0.170893167734
0.141945114424
0.369728241661
0.617513382347
0.487059565482
0.559137729042
0.744289091019
0.457778074057
0.446762489661
0.244686217686
0.224099253939
0.352526536877
0.526532802188
0.360323093324
0.320396598297
0.433884820936
0.38414163173
0.365551132838
0.440233784965
0.534503023714
0.410275350574
0.478947032334
0.314923994811
0.391407886777
0.509028647585
0.498899327292
0.522785813806
0.579300189224
0.519877076622
0.257477521438
0.106177057441
0.361083364166
0.470528550274
0.395405844478
0.144535261569
0.0758181897557
0.291646867638
0.715329010252
0.54684658632
0.84099507525
0.680663809262
0.603508304491
0.225518326583
0.149000910072
0.483969522656
0.391712316884
0.300322797879
0.113388367075
0.360037525799
0.316478640357
0.527642811306
0.63373794722
0.759756629984
0.688072310051
0.789017446836
0.43135909796
0.499650227924
0.456800901429
0.264511617525
0.0465748027382
0.158877933375
0.304896019105
0.567556974856
0.425415804049
0.862121557062
0.721238483849
0.755003054771
0.727466716247
0.621328438902
0.498394802254
0.343997450099
0.160989960005
0.145226529429
0.284715112399
0.357455746696
0.241042652447
0.296384372238
0.680220380872
0.755999247496
0.957244699692
0.720049688296
0.78839017874
0.492980022801
0.20028747737
0.194564554308
0.206385634013
0.313429246779
0.325293478089
0.0792964718187
0.425368870577
0.504442759644
0.711845857996
0.727936655059
0.714201819399
0.764377794116
0.395517964623
0.46300021591
0.205317482362
0.237687277552
0.403020472281
0.28466626021
0.179663501304
0.255427531552
0.487235323313
0.551836330288
0.590019842395
0.724582973164
0.519063608593
0.390663086295
0.433130483794
0.24101437259
0.293759224738
0.556060402207
0.367037477165
0.224656620759
0.473019465125
0.517605312777
0.177898049075
0.372036145977
0.610394670516
0.442562531591
0.482078180042
0.183937701571
0.150573774639
0.344332665158
0.610213104802
0.465543564489
0.593441836461
0.574787318823
0.433864466761
0.118690846068
0.202134273206
0.462736098497
0.394945829568
0.440612663656
0.233430496375
0.380413591179
0.488499667647
0.530675149765
0.623470335598
0.729443936445
0.618048220744
0.534396081551
0.215681248532
0.282560664931
0.369752074425
0.311009229384
0.194948132183
0.14809806497
0.294258127232
0.656156277785
0.476644271132
0.912108695799
0.751504406677
0.765636274306
0.513725816679
0.448112381358
0.421466736017
0.299680689751
0.139404421984
0.13476435421
0.363095085043
0.343617825137
0.39187165573
0.505573594055
0.725329860676
0.770544304147
0.933802501736
0.668640757663
0.688070205073
0.446535074947
0.105470495936
0.115333061228
0.185830219307
