0.0
0.366766099704
0.432386873362
0.542543114855
0.501394315953
0.257859258065
0.292973812931
0.248509265209
0.437583772642
0.469467040785
0.548688565363
0.293695922518
0.217627228842
0.216897271621
0.303181570901
0.529834815359
0.475343504723
0.484607796921
0.175280718335
0.0895746806689
0.36761662487
0.444569306271
0.537491925312
0.504270906023
0.244439475426
0.175661683733
0.293530852857
0.29259463883
0.490468993651
0.450670364356
0.307201523174
0.29137742881
0.197602328015
0.424888352946
0.5062168814
0.592333803417
0.357517536064
0.289506957726
0.0612391842696
0.204465185929
0.434991207905
0.433408231535
0.47606485541
0.198252353371
0.117490605446
0.330716288523
0.404305074237
0.567841782357
0.549687810094
0.361208636827
0.373961066686
0.159682132093
0.215559223887
0.405622061523
0.418789648058
0.323479594286
0.22887198435
0.134371322301
0.34279045252
0.425642261676
0.59088560733
0.425753569532
0.391593769927
0.139160039261
0.0950582478508
0.253649344947
0.396987038815
0.40732860972
0.228946278896
0.192598908594
0.289541102773
0.334046679784
0.611116755563
0.610495830461
0.492472152351
0.472338155168
0.173850034284
0.199124314153
0.3029378866
0.367674137694
0.362866147618
0.226860399574
0.0809680881216
0.264775063658
0.304824372611
0.602141300419
0.514736352537
0.477772606029
0.352444409899
0.0373815639414
0.12370537012
0.344705861145
0.417164933629
0.243726273869
0.309748789886
0.275255590436
0.304396426561
0.590957399465
0.606484508795
0.625165376026
0.539227056777
0.272226421796
0.182667621638
0.294567835443
0.338677012511
0.47840280009
0.270866812749
0.249515108786
0.19340201665
0.248429363753
0.586905216197
0.60548004795
0.539651624207
0.457182785537
0.126244507634
0.087378440051
0.240957087421
0.366302871595
0.233852643213
0.321845015414
0.116199198502
0.240959118257
0.525022378861
0.575569192724
0.660693066645
0.569897463802
0.271353301027
0.154806133462
0.238306017154
0.29799540357
0.475123761722
0.312414433257
0.309439812808
0.112402143069
0.218115680039
0.548670256278
0.595278343905
0.610829794759
0.532053612826
0.268762823755
0.258634002744
0.17261317743
0.346879053173
0.291031823292
0.360719941842
0.0199441534235
0.140532806285
0.452106819913
0.510167446422
0.587918428413
0.591425826112
0.360606923241
0.222814643839
0.0736706933257
0.273806723931
0.379951283124
0.356104578229
0.316456326781
0.0215738159217
0.122431118158
0.508360747661
0.517056401881
0.675617996523
0.595613276198
0.350318165407
0.348381332762
0.0741111885623
0.340932335892
0.283961737847
0.411396531064
0.125928428451
0.0566338972479
0.25792207388
0.449244121611
0.525495135591
0.597956934184
0.488454365932
0.275834121431
0.129717576195
0.251857165368
0.33379267979
0.39497781868
0.383257849531
0.0595053676665
0.140210260988
0.475231442372
0.409505371587
0.656117378943
0.582747473999
0.469653643532
0.377056323339
0.0644880208511
0.33992690078
0.356729088424
0.449813334419
0.304778662248
0.133217965709
0.105527000122
0.354975693947
0.469218934229
0.571236559768
0.555409146421
0.317625156084
0.213738195664
0.205699931973
0.292667281589
0.373164500621
0.444171432725
0.133311524713
0.247801908822
0.320364894329
0.309993874671
0.595704001476
0.54391412836
0.512622332828
0.34535465123
0.0351260952605
0.248649487125
0.367706874054
0.454531833238
0.402461626528
0.247635671261
0.112362488254
0.242429161893
0.357787664734
0.532803049592
0.534054174829
0.369836501122
0.301825735659
0.157538859592
0.273108395665
0.399132273257
0.511314976239
0.305789869979
0.340128030485
0.176295228259
0.209177954343
0.514100289529
0.467926285989
0.49741748509
0.346053852079
0.156908776776
0.184893299411
0.261428185724
0.494170611385
0.454839632904
0.352602218656
0.24818462085
0.130056187215
0.241349278238
0.488538573579
0.524575179367
0.431977503225
0.40340625607
0.174024399813
0.309882576866
0.421102226948
0.53405504937
0.45013053996
0.439847961449
0.154964019982
0.080136002067
0.420027524144
0.437335518006
0.549990929392
0.37402684221
0.30354182438
0.155832811969
0.187486358727
0.511555788594
0.537002349022
0.444632774481
0.3608352421
0.0662378257198
0.135492044824
0.433792484592
0.431717618795
0.419690675135
0.392849278867
0.125190187462
0.281145936548
0.395165089994
0.557671704522
0.519826314945
0.517118054849
0.160099191908
0.0549580077722
0.305119232351
0.374342173029
0.540076574239
0.367330902429
0.356725059054
0.12341086768
0.208062638691
0.507953267945
0.545362642708
0.526792893597
0.467169784584
0.169008207249
0.2014972841
0.32179247156
0.344417055865
0.410892400131
0.389186142779
0.15181575863
0.204143834966
0.367091169498
0.528246549641
0.498600941213
0.554423609427
0.277728662479
0.163568845365
0.126100563977
0.291440039419
0.419492696764
0.367683535973
0.321752927265
0.0824327714355
0.141789638938
0.485493735466
0.496396534154
0.606476249807
0.589409810533
0.294291226411
0.303894835016
0.166223167189
0.297991037595
0.35274756152
0.357628924958
0.181320619068
0.0769245488915
0.188369738869
0.473300284645
0.449693036313
0.604004221485
0.432809558252
0.268364591927
0.110566537684
0.222282056195
0.30662128024
0.363277905024
0.380551762929
0.0967129030819
0.189568306193
0.486089845999
0.474307150914
0.652622058593
0.627362148467
0.482122856687
0.379707849579
0.0987769226357
0.248255172299
0.385655624952
0.368697388357
0.358638622222
0.0888379841182
0.0595894381569
0.421654862991
0.43966423179
0.627731379136
0.581722174805
0.352094574524
0.238696628864
0.123705420428
0.253905444646
0.302237791649
0.405947503912
0.0862984232293
0.203461529926
0.364129471755
0.412746943659
0.657781638005
0.63287785286
0.561014600027
0.41520401195
0.0666623409965
0.150294837664
0.405543082062
0.367815206097
0.446688515393
0.1462933744
0.116900517953
0.350588147946
0.438031079661
0.627145498707
0.619592920185
0.452983255698
0.348769473092
0.0409617822227
0.225507879584
0.26919935181
0.404975239232
0.17956002284
0.240659956001
0.233116934048
0.320301176698
0.619804102493
0.60436370883
0.53316145922
0.446885476439
0.147083465437
0.100614515894
0.288835098309
0.380332564358
0.430777672066
0.221029213123
0.136959199824
0.263547956304
0.362503062587
0.626264546411
0.606582242568
0.557766199998
0.486057837577
0.120262518357
0.27991653859
0.252041392751
0.420035821815
0.252796569671
0.295359139679
0.131995559574
0.194531867886
0.47493623014
0.578879018106
0.550309937178
0.488952526337
0.305546869686
0.110883238457
0.142687031057
0.386799752018
0.421930247194
0.299442716489
0.232608405809
0.190068073802
0.238783698704
0.62316784965
0.546851098284
0.58505599159
0.515937012819
0.240020159846
0.28768284136
0.194097506393
0.451287604476
0.34809145428
0.367970996266
0.0885300184319
0.110757256062
0.328533155813
0.519595373533
0.569816711467
0.497487420114
0.424574590102
0.135178494898
0.14062542971
0.375702719361
0.426022191164
0.334354256754
0.362673463675
0.145278615108
0.154153881556
0.514064513138
0.466248988246
0.603501933167
0.510780449608
0.321919653708
0.248436909376
0.213323334281
0.42031584858
0.425662568512
0.411579825733
0.251587285596
0.0352816109445
0.188544037306
0.431936611474
0.512270469272
0.495699732695
0.439834583045
0.167100183621
0.132850998738
0.318417202032
0.405538782373
0.389779741945
0.478182201383
0.140233390764
0.180420341703
0.354055303439
0.379607257729
0.565358781366
0.456839433594
0.320931872972
0.167284226256
0.119705733394
0.371987733535
0.39969163367
0.488601720064
0.371962580233
0.141793049406
0.0276827540686
0.341585813996
0.419951457335
0.493996772073
0.489036690393
0.250514753532
0.262274883964
0.325009458525
0.436182941277
0.48645727289
0.539024504822
0.326920319686
0.265119713591
0.240996390521
0.263802884789
0.521823390087
0.455725457118
0.439513134941
0.193851351766
0.0674077028608
0.359228534638
0.376191701753
0.544989523546
0.506885612317
0.252659090201
0.13790237
0.23852426771
0.338034296017
0.476660033212
0.476558389619
0.26289923332
0.286048231023
0.245930042548
0.410156036385
0.527231853091
0.597080864635
0.421753439235
0.34480778098
0.112743852904
0.184884518254
0.483110940618
0.436475788753
0.51504137649
0.202357367555
0.154208328921
0.328587706499
0.414721040136
0.581787351109
0.567022867588
0.374028247585
0.283259683364
0.15400557683
0.221289719781
0.407779476621
0.414225753123
0.296325005155
0.287502477952
0.176495528606
0.366550179892
0.534427728117
0.616606576732
0.441592375861
0.405325798062
0.054403207365
0.0899317032979
0.357143729615
0.391610687113
0.469568835756
0.227577336176
0.145550614338
0.276692921784
0.360139368508
0.602285502362
0.577439594548
0.489215241924
0.467133160654
0.0929587154501
0.215714769415
0.305258849396
0.388412948756
0.293448526745
0.250112342546
0.0949910894995
0.266480995729
0.406578555679
0.598945037882
0.471361377281
0.486480436129
0.241938050613
0.0564827444831
0.160113466056
0.354981081645
0.388507863895
0.259915726483
0.227500762748
0.231941080525
0.273713028621
0.631759438628
0.59617467911
0.584645415281
0.545674489825
0.261125010765
0.247932307754
0.188311403866
0.360720886348
0.354820201966
0.277544201298
0.140798448985
0.18398568881
0.262832087145
0.580211826195
0.531759222566
0.546426140831
0.439125958845
0.128410378902
0.08253198464
0.29800964867
0.383542050714
0.247140205644
0.33448286205
0.204618806844
0.218946374684
0.568347786949
0.563207837263
0.671375793369
0.583918989257
0.371209581105
0.254627002912
0.198802608874
0.315418800449
0.459597474412
0.315535591857
0.297360058108
0.0964780042626
0.185199356869
0.535815078167
0.578665586033
0.582396628664
0.519593632453
0.225024723497
0.138899807321
0.178547110639
0.340410860568
0.245252693477
0.368838554891
0.0464133492063
0.166612879329
0.462038925504
0.500517089652
0.677740728164
0.583034071789
0.366250854965
0.238838750714
0.14290922968
0.266666183273
0.427791743948
0.368004427893
0.353326912405
0.0306774823948
0.110871364158
0.472463333261
0.540417581273
0.625234963975
0.571327892361
0.354925100191
0.320900233814
0.141750966669
0.352317714921
0.317850691351
0.414242033829
0.13160379433
0.134544712182
0.36901136656
0.407748117222
0.590138054966
0.591068072943
0.446873186937
0.29488573179
0.0778696051796
0.251375866635
0.334424758893
0.412310366115
0.388903968562
0.109447206292
0.0301661576371
0.409204053598
0.442352621976
0.662621717951
0.585140455928
0.410581933709
0.387671560579
0.0848264896606
0.343854862794
0.319940262856
0.476066396969
0.232282454152
0.187077943048
0.178535691247
0.339863059856
0.508712049653
0.574689451847
0.542252794153
0.325646396027
0.21026077685
0.231502213681
0.317660997414
0.446706702821
0.441602518766
0.192958368792
0.189930469056
0.357108725747
0.305018262684
0.608455988369
0.539366308299
0.487931096641
0.400587174259
0.125263446579
0.328671650485
0.367513120909
0.502101031283
0.353769386402
0.259190584674
0.0660548109342
0.23241757391
0.411856942396
0.523088938664
0.551122583224
0.350796809604
0.257094357621
0.188915552828
0.265750297378
0.431864073366
0.476116557918
0.276543064433
0.348659670211
0.202455724186
0.210484952288
0.504635705544
0.485419087658
0.500913310426
0.352137656503
0.0949213939494
0.221154814589
0.319523143739
0.48931914486
0.414918942571
0.365057043757
0.183493893632
0.111689972919
0.24928477617
0.46707097721
0.492123035982
0.381389257075
0.338250066655
0.168613196065
0.251328146127
0.458632434864
0.535211428436
0.424917336975
0.44279922381
0.176010084742
0.164599244398
0.399520801943
0.399451878007
0.495746837832
0.356016624119
0.229279637807
0.15359156869
0.190222310411
0.50881336254
0.464233481218
0.45750026051
0.359664323277
0.0318749182372
0.116731636077
0.3971112053
0.468710235943
0.406811058981
0.412047184385
0.175898077305
0.271717532011
0.443315122491
0.537843733165
0.546994371431
0.529000291005
0.25334403051
0.149160045866
0.3218904396
0.355091985743
0.545065757029
0.376887482721
0.367942066884
0.109101643326
0.131391439529
0.505528706294
0.546220476056
0.531467180206
0.46353019228
0.150693810636
0.0939647320272
0.30777646203
0.365839817129
0.376992405658
0.385946832128
0.118111412423
0.236868012884
0.391515954404
0.530015941697
0.592292566122
0.585328224178
0.275596747196
0.184313413274
0.209760557078
0.286634405555
0.50156987317
0.370832881262
0.393027191268
0.07563613733
0.139957165185
0.480770541067
0.53596273759
0.601668345012
0.538489907893
0.290892602663
0.290011885721
0.193390100262
0.301417223683
0.355784587669
0.38810835542
0.139252493113
0.150653222934
0.337319555901
0.476589898259
0.524284430191
0.606909156518
0.365129856213
0.280995135052
0.0376467090379
0.214415028613
0.356255240684
0.371981486753
0.348313061064
0.075234967232
0.0828311080824
0.448515382331
0.45769514848
0.668882784452
0.619855272686
0.407997400703
0.395323835098
0.069326394551
0.279615210133
0.283024209905
0.384586448728
0.208078758533
0.0962659358584
0.137755464593
0.411625288581
0.44182032093
0.627584195824
0.496149383617
0.365187516353
0.214893937424
0.16287866669
0.253348561971
0.364840226332
0.392455847631
0.0936826385917
0.191206933998
0.433902565088
0.393999721493
0.669949269826
0.627005387374
0.56037997848
0.452765663198
0.142123984863
0.256209796818
0.330222307865
0.390200323132
0.381900753902
0.156140967516
0.0898850422929
0.335950468097
0.398612637159
0.620079716614
0.602701689312
0.428358121937
0.326191373937
0.0963368887305
0.199067567794
0.28864711371
0.409187662035
0.111118840726
0.24612352155
0.287276444489
0.31332022761
0.625237131255
0.600281317776
0.614899460017
0.462886746879
0.137971430232
0.149189238519
0.330867403525
0.376208733158
0.443345861581
0.239606466931
0.174419769214
0.244835795365
0.346844736001
0.591724171221
0.6083373584
0.50458749511
0.420633912286
0.136436435364
0.233037805232
0.271708935531
0.430800492248
0.255759734959
0.311675085914
0.158481083458
0.206867513117
0.55943482191
0.540721540481
0.575844097394
0.484832783672
0.246954050855
0.127741463146
0.197034222794
0.391155681104
0.425790185426
0.318953568273
0.242288839322
0.145524853672
0.252180613457
0.561128739246
0.572215410738
0.584273493901
0.514796996927
0.199512748012
0.30066296027
0.255420408772
0.440365352829
0.338526759894
0.394006470198
0.11315671663
0.0659859744852
0.412959143582
0.503511421518
0.576451723437
0.508284639918
0.394401226197
0.142981946296
0.089025951668
0.392961750358
0.442629986145
0.394145581148
0.332824603265
0.0913807486373
0.138774212052
0.529755354445
0.470035811758
0.578786784218
0.510451702927
0.282878711577
0.300790704382
0.209968644647
0.461048457221
0.412075568177
0.463725652052
0.172359911724
0.0522865422798
0.260859006252
0.426435713244
0.553956552307
0.493746150699
0.465224803083
0.16477165624
0.130020750026
0.375345258937
0.430540767615
0.434428364139
0.433091411843
0.134128941257
0.182660167748
0.400059776992
0.371952069354
0.552536086375
0.490494832814
0.338987701808
0.241358456581
0.192364027965
0.4114329541
0.425645910086
0.4914082952
0.302549255272
0.156582396475
0.10115033336
0.32359263348
0.440234472952
0.475318814212
0.441728053479
0.193179692847
0.150901802985
0.32940596758
0.39015094977
0.491286805264
0.542521913147
0.262821819301
0.279481123209
0.230684344321
0.291452098283
0.48427647143
0.428932473764
0.350105065959
0.181771470056
0.0599075317622
0.349801477509
0.364107693771
0.548300874128
0.424163537768
0.271154882652
0.133596712321
0.226719309451
0.321638987587
0.449624443088
0.476914042958
0.250133328055
0.276318973778
