0.0
0.327726736088
0.435149318376
0.539483760533
0.45445665127
0.306415438196
0.244470088144
0.277832611451
0.402376178155
0.445166907129
0.525824516034
0.317654333402
0.160299688599
0.226348263196
0.234174284805
0.562532551127
0.466279499279
0.483082701545
0.133505546344
0.0344733582707
0.297690623591
0.46888917491
0.518034464833
0.422689056448
0.308529305555
0.142804549471
0.262282871687
0.297753015272
0.490621220591
0.434575511901
0.33631723287
0.252326799571
0.218709286514
0.327287119996
0.450590821566
0.585711013792
0.428386312402
0.258707507055
0.0549018821452
0.170141347631
0.468804400905
0.424502485545
0.516019295676
0.206867080964
0.110073924929
0.283409461686
0.47610173371
0.518369044326
0.515153885561
0.459967683645
0.230936905563
0.209452792898
0.198083230078
0.459105206625
0.389748224377
0.391358063493
0.200406683052
0.158143784367
0.303811619067
0.43300181002
0.623268865239
0.464213712806
0.361704447585
0.134593101403
0.0934987932615
0.382941794814
0.383556461635
0.528064761844
0.236707299229
0.1633871934
0.251705205136
0.401251121811
0.538036434819
0.557951848217
0.518799181017
0.251635791024
0.143843861923
0.109398610558
0.479355607487
0.355416062277
0.405498279029
0.215280987594
0.122200204166
0.227305233225
0.452848751222
0.624850394658
0.412347006218
0.466765561905
0.272877727808
0.0609330109713
0.287980760836
0.361166251871
0.492703022372
0.275223704808
0.326575451938
0.213933882361
0.330779694741
0.542394326865
0.610291088726
0.570694523467
0.349447937282
0.181410353151
0.0252845637919
0.449369880378
0.327679856988
0.400863319625
0.237216913382
0.0634825854575
0.211957510796
0.461840302432
0.582247542518
0.403714164372
0.543893517285
0.346783772197
0.0913288953491
0.157015615761
0.312963993624
0.422702419146
0.303171721066
0.378715976265
0.168020217085
0.307329869027
0.481402606353
0.633336451142
0.60396013388
0.465779314364
0.26191305496
0.0574992472928
0.403758945971
0.308707911155
0.465560909693
0.271469675569
0.149422273231
0.175798763633
0.433418200897
0.540032833147
0.429303858233
0.599920372957
0.370687708245
0.116535964355
0.0431608572423
0.268831405681
0.410764061261
0.308490975645
0.404934600339
0.11065884605
0.132753076544
0.386687250841
0.608419492646
0.606538446278
0.501746223681
0.325097688754
0.116840276638
0.264058040808
0.269991375597
0.521295622505
0.305747162186
0.250685691895
0.125769649088
0.343373667621
0.468428727437
0.531296003527
0.65217552786
0.357905411056
0.216021448154
0.0821044089837
0.239619427315
0.391768197443
0.352270068837
0.384160269109
0.110600707748
0.133252863882
0.364628241432
0.570254724817
0.599734599989
0.522665709215
0.438845219524
0.189930371398
0.150355597
0.251983684454
0.516895728873
0.340760940755
0.320474389314
0.0724439129645
0.178588217148
0.426682993945
0.560679586173
0.64500714211
0.39870653231
0.280317519336
0.134092364033
0.274599781411
0.342305078284
0.393087450723
0.389004893947
0.118051353154
0.143079112372
0.323971193064
0.466257235261
0.533080159413
0.546937871187
0.481020128583
0.24373021165
0.0963825200681
0.203147883245
0.502340593988
0.397679505605
0.455787096027
0.0977631077587
0.056609684261
0.35150352023
0.485193154814
0.628798775016
0.434686731217
0.371319187353
0.230296570238
0.284382595349
0.294050143316
0.430655919708
0.455056608075
0.23880913754
0.197518903013
0.226456889251
0.313689791149
0.485197432162
0.57415447721
0.466544134702
0.273327905913
0.0663911284802
0.180089643778
0.420015241961
0.445151416381
0.512762487062
0.147823352521
0.152962092735
0.287046828654
0.376116242491
0.572914040371
0.494386479437
0.405787950805
0.279152500984
0.251635618321
0.310407334861
0.411632819702
0.510970305751
0.378933761006
0.240841190714
0.135300442063
0.234540152748
0.474969377475
0.539975719028
0.509592127301
0.297716501966
0.133212299015
0.16277899242
0.40642580071
0.456717299917
0.532105490172
0.261201540382
0.266350142206
0.226021843434
0.251177321935
0.484894326056
0.478146676604
0.399530920405
0.321103158597
0.15588163912
0.249330905082
0.409242110696
0.540422002348
0.496504470496
0.319196276605
0.0667910285422
0.138233560838
0.387092764857
0.470096758522
0.51461952446
0.336168331757
0.187820988538
0.144994796221
0.412156205015
0.437633785604
0.572969648058
0.417647673931
0.382853809383
0.165964582384
0.200531455328
0.426081678138
0.429714102878
0.444262620777
0.296037903158
0.0903691665223
0.235848638046
0.376570840998
0.557358518761
0.539159493065
0.367973799426
0.251851873337
0.0750795711656
0.300122005063
0.404478129595
0.51987966373
0.359393550057
0.228265684742
0.125493856309
0.354965971351
0.431157713585
0.578244902018
0.491043832817
0.413842579672
0.0723024323461
0.115172324922
0.422963896333
0.385553466417
0.449411542513
0.300011539004
0.0526314088002
0.138498706898
0.357379178934
0.583060480797
0.494016462615
0.418946468247
0.405983755191
0.0923059822481
0.205637978929
0.340980786083
0.482516980868
0.35628467459
0.36091693253
0.137581130628
0.283681597694
0.43765827813
0.606392483633
0.569137883941
0.474143808432
0.163099396554
0.158029684884
0.380929453735
0.350905246331
0.420682386577
0.316030744176
0.100883210804
0.0924984362482
0.339506932962
0.565175053386
0.462899310718
0.482377875197
0.478976965228
0.145072964479
0.102411099615
0.265411193033
0.395337773407
0.353066572682
0.400355716123
0.115036293907
0.281464126034
0.350723903401
0.610704170684
0.603626007309
0.550324850827
0.286160174742
0.207520596245
0.324032232085
0.313598333093
0.447820067471
0.358051487092
0.213374589123
0.0680213883111
0.295435131031
0.544000289042
0.435497268516
0.561168630944
0.521419659722
0.142846909026
0.120967072289
0.199542183297
0.361112356312
0.342478839426
0.423613197873
0.11686826211
0.170335512525
0.187466805006
0.595192333487
0.592587595865
0.585378934154
0.375720710559
0.267336254531
0.184304474239
0.21401155696
0.477556264742
0.370241486429
0.305107064892
0.0649987680441
0.228052315658
0.44560168569
0.494109805033
0.655201779329
0.510958921749
0.205082061542
0.20462786673
0.15149958961
0.33215870872
0.353230699344
0.398073301395
0.158593528718
0.171325856855
0.134224138553
0.566161124389
0.56601574783
0.58671479076
0.502673682578
0.325344653019
0.05242693545
0.171012609059
0.463452455736
0.379311589769
0.358810080999
0.127673165479
0.114075080302
0.339545345745
0.510720595714
0.656812082243
0.51814552674
0.282697645257
0.252050935922
0.170194129157
0.295144037246
0.363457036304
0.388095309587
0.214472780863
0.131000929099
0.112348990809
0.488823162643
0.435180672831
0.570811459257
0.558243950996
0.363144132555
0.0409978016672
0.0926548945465
0.438648251985
0.385635296778
0.469884358052
0.221184861182
0.107341961955
0.232067285373
0.443936625718
0.624826674668
0.522865448829
0.411055118083
0.335414734123
0.209389984882
0.22823045486
0.388303022254
0.421098068246
0.325967631507
0.196438134245
0.0586910128157
0.36130138265
0.329298664638
0.601725427902
0.532376828875
0.40369784361
0.115201547541
0.046436160785
0.346248903984
0.385647793218
0.519136595765
0.258275247266
0.200102630644
0.16040190256
0.359850359167
0.539045175891
0.547271861613
0.483950477364
0.357281328733
0.214409742018
0.226278902385
0.366428498208
0.460285950358
0.433476049523
0.259969967062
0.0320665740576
0.270676025872
0.308280093835
0.583031040389
0.515598213234
0.435179198429
0.208398926419
0.0733646473329
0.304709720719
0.413191509711
0.520379019589
0.334798699517
0.305887374924
0.161788163389
0.272105403235
0.406682507993
0.521372586663
0.454551689756
0.408042484839
0.152401776193
0.150016132293
0.357687063994
0.477889548186
0.520013755358
0.341724888189
0.171342377107
0.123155654655
0.240597649563
0.517423595566
0.459427295269
0.454092050288
0.263827618604
0.0892399373453
0.303868891684
0.387807252374
0.538844927682
0.422458892831
0.430443872738
0.182645413974
0.239286057654
0.314590429094
0.490129448064
0.455349758779
0.409458157708
0.16506261538
0.133354068358
0.336072191649
0.469785975511
0.569458461655
0.369780906928
0.330171322502
0.0335858415494
0.176590375047
0.443728239061
0.444706933919
0.476609400198
0.272718748196
0.187469492535
0.277843724271
0.337056602584
0.536674550283
0.492339691776
0.466096826536
0.193434107438
0.155634939563
0.2564115774
0.459738189827
0.429708947147
0.400310020064
0.173344639054
0.0497763120465
0.300864691089
0.494482790027
0.550898882244
0.392576299765
0.468211177414
0.154436147753
0.086724572339
0.334779916214
0.412738808852
0.451390278845
0.343544557081
0.278094356769
0.214866729242
0.338075975589
0.546841114049
0.583133725683
0.512290206377
0.289130898493
0.213816150897
0.195438097836
0.426537327934
0.377683733169
0.409359905302
0.181161186231
0.0785739152286
0.254068781809
0.476790332656
0.527818793875
0.419018198689
0.538978322881
0.220408181602
0.0382848811156
0.201894715235
0.342823982271
0.432195387091
0.353435255635
0.301271371531
0.201320342205
0.257926595377
0.520023207997
0.611979736268
0.567306126019
0.379849941293
0.256142082907
0.139803262248
0.373425648525
0.354497679317
0.477559957274
0.237298029772
0.133086242447
0.196108549882
0.476090767028
0.470154562876
0.494309098245
0.60832184437
0.2116785708
0.140150362275
0.0826848876941
0.295587249617
0.397034096252
0.382835488554
0.29854607101
0.125343471607
0.101451693974
0.498318997489
0.590704367189
0.605150248668
0.466029552483
0.332793182771
0.0538145339746
0.226740926324
0.332041635332
0.491144984573
0.294592552903
0.173204582998
0.15525308552
0.382200805486
0.475338917997
0.606749727375
0.630729318865
0.234858065162
0.26201860425
0.0398276657092
0.270809017592
0.350007042347
0.384897581047
0.289647558165
0.12840152716
0.0870172245389
0.471548338672
0.565845801849
0.591124822545
0.561949480889
0.411133499464
0.138005540409
0.165816517194
0.307263906643
0.487533092961
0.327988980049
0.285854588088
0.103436135389
0.228033075075
0.472272472845
0.61447501133
0.633361129123
0.296369591349
0.325341907985
0.0758618258186
0.280224867519
0.294308479432
0.386146880097
0.327691163631
0.0897542484237
0.107943407417
0.425558379932
0.412501572661
0.525132431637
0.621587594604
0.448963344168
0.187604459695
0.0562669348541
0.282015218071
0.441653744695
0.397139180103
0.408236458784
0.111861676979
0.0933227508351
0.414459422749
0.571845789364
0.613117117651
0.438358780966
0.436485989456
0.134185121782
0.243653952914
0.285564505994
0.398073630897
0.388727941223
0.20775580614
0.117186258605
0.329775330292
0.274224614092
0.535604649812
0.611472973506
0.479802198841
0.224067922713
0.0906625020868
0.219325739166
0.375585383508
0.431787044809
0.447973572379
0.170655699219
0.0324245426624
0.338646433868
0.469432587751
0.595595920841
0.530965963449
0.449369722593
0.200199509391
0.224719144448
0.270325131155
0.440753400696
0.442308226424
0.31354667976
0.151707926865
0.242748178691
0.209327602667
0.529642299934
0.572799599832
0.495503194209
0.280222165375
0.160457243643
0.182636877747
0.388155779561
0.423724378291
0.487897254339
0.271936326902
0.22107739657
0.263137366427
0.324491093357
0.547371269482
0.49548328228
0.493961890499
0.219470163266
0.119441428203
0.254400077857
0.465819539675
0.478712782955
0.403863790861
0.252840401767
0.087814708814
0.152615253646
0.486913281979
0.487535268263
0.490615062364
0.360128374779
0.179228078721
0.17514393478
0.351821411269
0.433014441139
0.494477699695
0.393020122633
0.316015801904
0.222001440296
0.234742140162
0.519226848772
0.45790003661
0.512500491306
0.268104224125
0.110618245728
0.246569999879
0.437941059349
0.523259714365
0.433920327071
0.352465464031
0.137469945941
0.123299882786
0.418687310428
0.445783548974
0.511367038275
0.365557722803
0.276923767305
0.190772262999
0.264821548224
0.443983276165
0.52491381698
0.438550255089
0.357802900112
0.121465066959
0.0843239257932
0.485148630633
0.415622316836
0.486010143092
0.289880609416
0.058783818785
0.215436473181
0.421169070555
0.526787680711
0.458476652412
0.451079012871
0.289350186914
0.0795223339048
0.282488137901
0.398377474381
0.474703368165
0.393189083022
0.376381106865
0.158392800875
0.253067452846
0.447921585543
0.593406194657
0.495392088374
0.43408392073
0.191340121178
0.0641236381744
0.443349620908
0.373227412069
0.469461815682
0.28511865163
0.171394392219
0.172289868543
0.364184514532
0.522298738129
0.455958305337
0.513296479954
0.368431725317
0.0919744939045
0.11834997842
0.332034843212
0.445166142352
0.374525470271
0.411244915703
0.13690676209
0.221710746605
0.378220885114
0.610738924916
0.547459947536
0.491371064397
0.249506668758
0.106983602294
0.377417391734
0.307270642543
0.531122764748
0.29793053444
0.250312544117
0.124054342086
0.357006895194
0.461611167125
0.483762206865
0.606225539502
0.392021531129
0.132351833916
0.0809626689874
0.263752209835
0.395139797166
0.384676446494
0.408547931745
0.092981734301
0.164823149146
0.327025130517
0.584016632162
0.588204675061
0.551889800812
0.360832147391
0.177516942137
0.198024373031
0.224024054918
0.53441397383
0.324859567928
0.284660552983
0.103424285555
0.282791059824
0.414792217707
0.559344309069
0.66303162931
0.399291331421
0.241129524505
0.164139441452
0.235501017556
0.316175913849
0.394642028995
0.361686336462
0.125657004483
0.186385401979
0.283641157228
0.56908239231
0.553519608284
0.596440330891
0.479460459929
0.277826286797
0.126192975989
0.183332133376
0.518393666838
0.336050932249
0.372481404517
0.108119901729
0.133582300882
0.387887240733
0.553341817429
0.674745538808
0.411426296898
0.326299491437
0.232651484375
0.264330854057
0.220222911892
0.392766312715
0.374072525515
0.140242426867
0.19410860058
0.25771971318
0.453359449135
0.424473426553
0.641065930684
0.530851843977
0.334008800545
0.0447043626038
0.148904928896
0.448364611805
0.344255699416
0.495315545757
0.132356821263
0.100449218986
0.334787217568
0.50990402484
0.644314937566
0.50341498804
0.482179777716
0.27935381917
0.245742354113
0.185322613064
0.385556615166
0.402999321635
0.260927106683
0.198699074127
0.201783758809
0.343712269888
0.388795894801
0.652988634869
0.540359317099
0.362946352409
0.180833816251
0.124028961355
0.335116366304
0.353827943461
0.528789212699
0.167712591592
0.146472762328
0.240639603753
0.423343702798
0.584576795679
0.574183961269
0.506965558327
0.324768664856
0.218628057117
0.167717825381
0.411709717331
0.429251881062
0.373838446618
0.21597487402
0.123038327808
0.24919787012
0.378827515253
0.627525373682
0.510008366336
0.371740450521
0.281112927829
0.113447025132
0.323595171726
0.340344852525
0.548282022552
0.258281020544
0.298551725654
0.156050710451
0.317056411887
0.501559115708
0.542519608054
0.532162238471
0.357440073626
0.126749343848
0.139986483358
0.440570806777
0.425053523927
0.462197636833
0.284840266134
0.0771285229838
0.147272778813
0.362731164264
0.555631843452
0.459220224041
0.44182622756
0.29360581459
0.128100364042
0.287374197495
0.327568349431
0.518707712161
0.350875207484
0.40114151379
0.125694451091
0.266825117695
0.451541322878
0.496320095012
0.552158382707
0.389434691665
0.181027785701
0.131235897652
0.411408859048
0.447127618037
0.496429122861
0.344699248576
0.240311654127
0.0826283061628
0.310320776599
0.495271997124
0.468171414918
0.45857265625
0.342063080401
0.205450019668
0.201330583266
0.337786184938
0.51400705347
0.419099809916
0.437667029358
0.0701796443012
0.140547517471
0.38944642543
0.452896443409
0.50737129439
0.399998091745
0.149058274018
0.113909375638
0.363870323778
0.44782936654
0.523517636156
