0.0
0.357458616048
0.485649410753
0.54864585994
0.555448824694
0.507725856051
0.241013613475
0.38835637288
0.280418919151
0.362324060929
0.368629529273
0.331374804851
0.116348232894
0.216897050818
0.365338277792
0.449172161962
0.713215453454
0.670744775082
0.615074267258
0.484810727616
0.47711067817
0.0508104179657
0.275056419428
0.215453078601
0.242684618564
0.120056993143
0.244488297486
0.362095654479
0.539149163539
0.776974087182
0.698753965099
0.679876829977
0.760417232313
0.436055069539
0.240771726556
0.200871779214
0.161614265858
0.0642723075859
0.196056442692
0.22369510403
0.21232032696
0.637444829999
0.640317076893
0.785891855298
0.84636405018
0.796876308111
0.504078196296
0.324346138615
0.11980978172
0.154721331939
0.0577919832538
0.240743080246
0.0448785436801
0.298981418284
0.560143338089
0.565765652972
0.747052791653
0.896733888552
0.755963092843
0.62697478266
0.412530881531
0.251710204615
0.156631034728
0.186246783082
0.266596597225
0.0866938933731
0.362481300339
0.260182876122
0.563683224259
0.687571228966
0.848377482514
0.752800676803
0.57066754128
0.312821790092
0.37428573333
0.115558439677
0.185998907636
0.323463853176
0.267767224955
0.237164280938
0.199443368187
0.394375262384
0.576455366536
0.669839617015
0.654753260291
0.53588855104
0.431887736757
0.287315987239
0.0761356436988
0.393322896692
0.401421758987
0.396544797158
0.296217538725
0.350703077704
0.121079982263
0.431227421237
0.537353181302
0.506856654394
0.351396315264
0.41267833407
0.144013251031
0.172269460674
0.42657493389
0.493810915418
0.59520499689
0.479933309392
0.410648221245
0.240006764149
0.414154239688
0.240181459763
0.377620406087
0.382203231861
0.291676493496
0.0635046149415
0.348960203957
0.485846303077
0.620470832453
0.708122203217
0.644095222283
0.495114945048
0.556113924288
0.238258368597
0.152387869298
0.258409742849
0.264946570278
0.115959675511
0.227539014761
0.318768285552
0.411150688297
0.724745966513
0.742440424998
0.74974432656
0.69566558599
0.647604399901
0.272959561199
0.188147237224
0.0632393181508
0.202971384227
0.148688405875
0.264738877426
0.246595699404
0.445104268754
0.731059043522
0.681009506847
0.762318659717
0.881092549722
0.6228785785
0.430969643596
0.181171379525
0.176205748125
0.0313762429307
0.206516079129
0.229421692423
0.0628901515869
0.499809032327
0.487768900251
0.718064865524
0.832031122752
0.86781560776
0.629211220667
0.414998886132
0.272548097111
0.234330203866
0.0425439271952
0.268077890875
0.194776799694
0.165611073449
0.336269938436
0.404037496581
0.622040478164
0.800799879918
0.758626487215
0.685680877843
0.479770200856
0.361875638511
0.207640375223
0.181433678356
0.34845868518
0.237065324857
0.285784681452
0.0128402646572
0.381965221843
0.431637582921
0.711425738595
0.655881385038
0.553043502954
0.378186648791
0.425530063225
0.160002944819
0.178342178073
0.434486822261
0.394600275463
0.352492454255
0.280323007988
0.272073318976
0.353721782371
0.488145741004
0.522281789092
0.486030754457
0.433259980269
0.317041782689
0.0499720023698
0.416010375575
0.465655039963
0.536265738202
0.511382526553
0.455669302073
0.207769357319
0.363500901022
0.324543502277
0.332347149012
0.303281145274
0.3854195821
0.170322388668
0.205655452977
0.416857356124
0.54252403958
0.718534349811
0.663953765682
0.606112056444
0.481892862193
0.481312754646
0.0267907523957
0.23868920369
0.286817653571
0.27953360012
0.131858343926
0.32983550983
0.423550235801
0.624889184233
0.755581311454
0.710428430337
0.682670061184
0.745419488481
0.430649160874
0.19735312812
0.122855181694
0.221050966895
0.122835303149
0.249988854252
0.280078683654
0.320922328603
0.645156518607
0.715277902051
0.788183627941
0.799914793553
0.793655063215
0.482105519062
0.246943785832
0.109778086598
0.185764145517
0.172015182295
0.300196643971
0.13658180028
0.298993685595
0.581693404624
0.573920292387
0.722066007765
0.893747740246
0.736350953315
0.574853761403
0.254683305864
0.269066370628
0.0163635808026
0.210509410572
0.288784604727
0.0979626815445
0.32938465073
0.267746939657
0.561299460847
0.697042511952
0.841073261091
0.659778671734
0.486994902389
0.390334928349
0.311105198016
0.0627428746152
0.286614196174
0.348830011121
0.193445533478
0.144018817667
0.26027275837
0.408234015879
0.618080704086
0.672563989265
0.646149488925
0.496756426949
0.428267960747
0.254070534385
0.180936353115
0.405990220186
0.349492674939
0.372207247597
0.266798630453
0.284728598634
0.122499403681
0.535238903151
0.476794808269
0.482242439165
0.395796891554
0.443038897766
0.217274873994
0.195545232124
0.483979644953
0.498968046453
0.548742240549
0.476531787726
0.353969912388
0.29258970554
0.344733569699
0.322387622232
0.379966478918
0.388670317951
0.334749402646
0.110402756901
0.406518839112
0.46594945451
0.634578767176
0.646225031943
0.597625933165
0.50519020015
0.505436288243
0.252423032736
0.173754545044
0.221813098319
0.344903526165
0.202297295
0.259593154429
0.366200821071
0.520489430554
0.752543937574
0.752875137899
0.737871945487
0.68568076495
0.644598386639
0.253885644365
0.13426324972
0.200865568883
0.262137992669
0.200173831058
0.316599008242
0.314076890585
0.554536492586
0.68544906592
0.699117760111
0.771343765501
0.863652368167
0.62620463897
0.39257436874
0.0235013553226
0.235903616517
0.122189892316
0.267061353942
0.284740196017
0.190942174389
0.48289990882
0.596473732475
0.723074135844
0.78045182647
0.861872931591
0.611047599005
0.359773897713
0.249162683712
0.200021179092
0.177540933263
0.338894526309
0.17242200852
0.132526739209
0.351130300209
0.417533396059
0.568214234937
0.799351059248
0.755378708733
0.638696581445
0.336539665514
0.361905475372
0.0578008068154
0.209805384474
0.360431681735
0.239718164109
0.238837195995
0.118433706331
0.364831123179
0.465760303157
0.731947204053
0.595705042695
0.510561705226
0.457829765984
0.373681515933
0.113740857244
0.298605101627
0.453897500584
0.326061702184
0.287807885763
0.302218585805
0.166639963871
0.426115807896
0.526927449435
0.517990192823
0.460625339683
0.453303006646
0.295537150945
0.207719072157
0.431695496253
0.402411331434
0.51105009422
0.487413929757
0.404683531245
0.219349403492
0.42262953579
0.267971598107
0.371145682297
0.367071682723
0.434862484609
0.27595658453
0.243354585218
0.461093353795
0.543405361789
0.690106717068
0.627408947864
0.526714718167
0.484155513205
0.379476448956
0.087336182926
0.235881856179
0.325642043062
0.338841719587
0.196175401177
0.37879886658
0.405603891377
0.657714621758
0.679054822295
0.703205046995
0.724065665566
0.693084434121
0.421149676536
0.196504013771
0.128196121246
0.312785782563
0.222277156679
0.310329204556
0.297928862139
0.427977996115
0.685579278423
0.732660969952
0.774243553535
0.79778775661
0.782926046976
0.447258297606
0.195116365227
0.19852107489
0.242359489775
0.251801661805
0.325797309534
0.200627459084
0.41673451871
0.509171021888
0.620829365742
0.747491684766
0.879440782249
0.750566326414
0.536227249685
0.141121713959
0.297258375265
0.100130828776
0.26427691472
0.336647934376
0.0580223788841
0.272299606015
0.413218176406
0.569688694796
0.645531713429
0.838144562173
0.642578546334
0.445639493964
0.35882302103
0.243028402704
0.154607068386
0.371151823111
0.297334378383
0.130858439982
0.0957473009224
0.309538050937
0.330508051151
0.627468750197
0.683681162064
0.61370817948
0.388659987259
0.432864636601
0.117554181328
0.218819013255
0.416029723374
0.342389362416
0.344889267165
0.311790749061
0.266732335431
0.195435857684
0.586509975607
0.455249272298
0.477441968632
0.472621972238
0.421971962807
0.180466201825
0.312703931378
0.493905968057
0.435701489906
0.505171014153
0.468043903403
0.227046095288
0.388135635765
0.387179123361
0.325377227598
0.379836476788
0.448205054388
0.328840628172
0.265944514346
0.430542008329
0.388201403078
0.609693339702
0.627857757985
0.585948915636
0.501355599697
0.48059054303
0.189489350023
0.241331593809
0.302376566148
0.410789539614
0.3215105681
0.305210604571
0.374151312905
0.516999389875
0.734995245414
0.695054114387
0.666516809075
0.692532438961
0.533193909787
0.15815452862
0.0951432965287
0.279345012666
0.325490920917
0.269825371106
0.356960758927
0.305560180682
0.59667381883
0.60682601017
0.736749057831
0.829609681698
0.82534484672
0.605719412695
0.327761312416
0.07146542948
0.307470227693
0.213454388239
0.337495214158
0.267310122003
0.278711544379
0.526547194575
0.612696881938
0.711338979728
0.801332255238
0.843832607464
0.572520536742
0.316944068519
0.271080674074
0.230085261172
0.266797937045
0.358493205919
0.189244826522
0.234591946717
0.258619345122
0.503787953393
0.615118592691
0.793539700378
0.782122530073
0.596994181618
0.235235072218
0.372167293358
0.0504551921725
0.237774031246
0.40321088298
0.141555752015
0.157051588457
0.24085307497
0.373145212466
0.428345096628
0.736805899187
0.579920441191
0.481350225655
0.430896788492
0.306963397606
0.0993648673112
0.393524200016
0.403750027469
0.291801592187
0.234291917259
0.370199020793
0.0674935644749
0.449435737089
0.548675992948
0.50717756332
0.402171107984
0.479076846118
0.190055161584
0.256019650608
0.445488151557
0.39295665004
0.501371207511
0.517917078355
0.394765201365
0.205077568273
0.48984909747
0.281412229754
0.392416352427
0.441069046173
0.455737074836
0.252947907797
0.338985573349
0.469092575108
0.489200424271
0.657965555485
0.610260844226
0.463123846651
0.541115753733
0.364814913523
0.102994614427
0.268831546765
0.4256737372
0.346279878338
0.334389075857
0.417367794923
0.316811336389
0.633912541742
0.665635907455
0.713884277873
0.703710395288
0.632870265151
0.338550871949
0.140455234318
0.219484527753
0.377948211774
0.338474001072
0.359262863413
0.262557570285
0.425119553534
0.673017999532
0.672227251515
0.728587087767
0.822372094953
0.672730107197
0.365546463008
0.138195686571
0.272824112196
0.292716170802
0.309454981159
0.361863658656
0.217825852595
0.461192829842
0.444834713682
0.6861438846
0.807428962741
0.868891320351
0.71789253222
0.43042438676
0.12579721392
0.33420539908
0.163946160314
0.327752527004
0.318268738204
0.0978509294307
0.304705843346
0.429556201515
0.56713777765
0.70112456332
0.815270415352
0.619511244131
0.414142762236
0.349463432167
0.246953371736
0.230431189702
0.399899019135
0.288716955068
0.0974320486348
0.0441825193346
0.399885108344
0.395146381767
0.634296209173
0.723075674412
0.570963094063
0.299820539404
0.44371348672
0.0566538570252
0.205500027821
0.454419387445
0.277304201451
0.325399235654
0.276883260932
0.258916433245
0.209507317435
0.601492637045
0.445017505711
0.463130236759
0.466273260284
0.381101276405
0.0578220790523
0.409551305733
0.46542919891
0.428694312123
0.470624456913
0.514552783261
0.238872665548
0.402147380834
0.408986840997
0.339449493091
0.380465529374
0.500971884045
0.26692850886
0.321384124151
0.451997013407
0.391549449952
0.608676014645
0.654025738377
0.572423120877
0.453663904624
0.521060624853
0.191115417496
0.268557137281
0.374865198788
0.469935894349
0.318907892122
0.379792919626
0.398834515019
0.47870294461
0.716562588186
0.677672410654
0.63522890888
0.714871926767
0.473166882241
0.126558375911
0.144255379137
0.39348775085
0.337658588376
0.387205605917
0.410055614638
0.224049033494
0.575922802162
0.597969154724
0.749939261736
0.79755380088
0.764759129044
0.490685870909
0.16919083499
0.155662160645
0.342275255483
0.313668131371
0.389110364666
0.227010579634
0.285606658434
0.515642346456
0.572652665159
0.696449636777
0.846356891949
0.747492582732
0.515289491379
0.269894384611
0.298768855425
0.250419134533
0.302002074597
0.391742795352
0.224659115127
0.278961693294
0.228314753274
0.560688725232
0.665668217526
0.821514175703
0.736393293312
0.479997365458
0.212259622366
0.386995782238
0.0726386449783
0.280460056586
0.407735350094
0.0970231598003
0.115655422937
0.27326742227
0.384026512887
0.523664667901
0.712843288203
0.590556131501
0.467365922434
0.410060842798
0.307274201828
0.142096237426
0.434928992711
0.38844039192
0.232631949261
0.293046168087
0.380304849766
0.124477828233
0.465210602715
0.597088934381
0.471171238473
0.340242825731
0.504153955504
0.164981386382
0.217439280242
0.475761892544
0.380390570739
0.512300031281
0.457897156859
0.369893697589
0.251903173954
0.508869332699
0.278059157626
0.396509804868
0.470691840688
0.450208869109
0.152195215776
0.427189688412
0.478710183114
0.511463721532
0.630112613222
0.630358560729
0.466975188166
0.525726386894
0.363536247512
0.141663174113
0.331972054996
0.496980869958
0.33399298822
0.394595346848
0.448223435846
0.352499899733
0.634003987476
0.701185492558
0.693374120245
0.641367056666
0.636966953114
0.294941618121
0.12475499109
0.289487173036
0.456157158915
0.363436646735
0.4262025992
0.325552106602
0.409984356416
0.673915403049
0.657148867399
0.702270773917
0.82058782753
0.601238858062
0.313806940882
0.0419605710384
0.356533577553
0.294286844635
0.404248902663
0.417527651487
0.190267568204
0.445381513431
0.443744801846
0.6871680042
0.773892521607
0.827833690754
0.578020888548
0.271053296927
0.182452950114
0.318030597933
0.239887971808
0.388210920728
0.318269763976
0.127676994354
0.291930721615
0.433064932696
0.572440068635
0.767975192579
0.747475152073
0.590875522947
0.376352352067
0.342726902422
0.235380259183
0.250555714419
0.427179784324
0.300769315508
0.127261410649
0.107630491831
0.397121455682
0.43342795564
0.704513445615
0.668280736498
0.477325675481
0.299679271398
0.45668283459
0.0770641705897
0.222559690102
0.477199527708
0.25957992211
0.26388233306
0.309050900183
0.259488043555
0.329818667038
0.577480136298
0.498245494256
0.471839501753
0.453773342131
0.396774502007
0.069479712204
0.458151996658
0.446372961524
0.39547315437
0.495265099177
0.455022184463
0.169981625464
0.400354870798
0.45351394767
0.321907784682
0.360981247614
0.545909515732
0.285412296134
0.297849078322
0.467750613798
0.436907925069
0.630500357833
0.611829247677
0.541442663997
0.456036846236
0.527927929809
0.165707556468
0.291619403147
0.450264662833
0.496243692057
0.278562037605
0.452308457511
0.454039116279
0.529840952317
0.684701093543
0.677813568035
0.617938052809
0.679371138054
0.447639313301
0.0836744392376
0.263911070181
0.465073510573
0.37355565947
0.450540877232
0.449400535929
0.302666763124
0.570158065105
0.659896407964
0.72572919605
0.724732219488
0.74648133142
0.429052993981
0.0608227646049
0.211611117461
0.409322990112
0.37152851969
0.463964774088
0.305497045318
0.299234593599
0.540007811926
0.56077573386
0.654928421404
0.831933420515
0.685405370964
0.447963908362
0.123548188371
0.330313961752
0.214035892062
0.375561821965
0.433842458469
0.252783600104
0.26631820826
0.249683416582
0.542102571409
0.643109300774
0.813049308487
0.590727826973
0.364644029579
0.286795411872
0.333263965654
0.120119850301
0.364313455072
0.428772999093
0.0783791885153
0.0614476085482
0.327177437839
0.377121141368
0.617862586322
0.6855823025
0.58947056162
0.443675565497
0.402837689221
0.289634164005
0.194305381769
0.453117971139
0.361352179584
0.214543668491
0.294564331584
0.288587910749
0.163636706221
0.563337334362
0.542804397662
0.43204905996
0.38011216197
0.530943972491
0.229375312592
0.228829224199
0.496787916401
0.379145085623
0.459548629985
0.4603120723
0.323183527499
0.274069050848
0.475751922203
0.363001332577
0.428962018806
0.484342316956
0.486789908261
0.195863416991
0.474074224434
0.456044790376
0.504557294882
0.60629522886
0.554849562211
0.420925204476
