1.00000001476
0.809728632447
0.519751365695
0.228390293698
0.287280820106
0.263619058076
0.482789987206
0.266674992116
0.405948542749
0.142741215874
0.189412519567
0.633138659249
0.8619789974
0.929780634339
0.661000488557
0.400656886976
0.0497264092178
0.233934502125
0.348348880276
0.265343010394
0.428701691124
0.414630640889
0.286146841313
0.436000417804
0.833991309742
0.967523092268
0.875301505439
0.66461550828
0.147411239439
0.0791943917271
0.161809553461
0.454640244564
0.178754099822
0.530417513815
0.259107505333
0.0729060086035
0.463237631011
0.773698454729
0.950913897074
0.792716952424
0.602891097832
0.161746476621
0.0698539592752
0.189766828532
0.242456923377
0.413341410305
0.489935620747
0.404873866458
0.312207649868
0.731623358737
0.833103167451
0.900363685028
0.788949975163
0.26216642244
0.174170242514
0.231962491799
0.346618812961
0.0447266639441
0.591533092451
0.35668035234
0.236409850102
0.370420270595
0.642881635443
0.893498873605
0.873367911296
0.71506694126
0.305128036465
0.0998648475972
0.0953664649497
0.160596650776
0.411486845805
0.52685932681
0.50087296589
0.300584618323
0.576749812218
0.617060470227
0.874871466638
0.834614324133
0.396473922542
0.353677520656
0.281810689214
0.210562926181
0.0663499457596
0.595603616625
0.459765800079
0.448476695625
0.443631766964
0.514653953569
0.782616487213
0.881822862746
0.750071869784
0.409682532133
0.234331633061
0.0720759539536
0.119032188269
0.346628043399
0.561148053397
0.547882369681
0.454627541622
0.431115800267
0.406307989496
0.804746328809
0.821680090573
0.5271605155
0.503400654689
0.285413002935
0.0834873843854
0.0967248672012
0.495656533102
0.546624926754
0.620977916204
0.569576057283
0.486134397326
0.663645403552
0.834213612819
0.780623254913
0.490835305865
0.408251797088
0.279298644906
0.120634793468
0.186165022985
0.535446327185
0.520588386836
0.596670407285
0.402396104296
0.231073351516
0.693882862907
0.758391623016
0.638433136954
0.625927550441
0.356845028994
0.297423377407
0.188345910909
0.328558729682
0.563090395335
0.713869368625
0.656001114113
0.516545422493
0.50925536227
0.736016364429
0.766288490078
0.523247383906
0.590396956956
0.47465685222
0.246453084883
0.204348217197
0.434228843613
0.445035858877
0.687711904736
0.504206308767
0.146217527888
0.551971105127
0.641510653342
0.668224676622
0.655953299056
0.485984865807
0.475554328687
0.353942455424
0.235163158396
0.483603346936
0.745071314274
0.723080151084
0.524437507436
0.320076586459
0.593024953203
0.63436534137
0.486551771938
0.69028107448
0.55151092429
0.421068083933
0.38198411576
0.293912139776
0.355160236529
0.72857915599
0.650079575311
0.280718366191
0.440348047082
0.496058469028
0.582881030986
0.584670067301
0.553000126951
0.54724585654
0.482688034042
0.249368887952
0.316508903343
0.70348679222
0.762097550279
0.531331566695
0.329789161894
0.45023757632
0.440444739133
0.428677365347
0.697547566962
0.53060283739
0.570673582894
0.52431895611
0.104382185794
0.277087278656
0.700384315792
0.748089592298
0.473140248315
0.423452492415
0.381130339245
0.454344119714
0.504091190061
0.562975272247
0.626465795925
0.587573767657
0.354984720907
0.110305440443
0.550883322921
0.727920239727
0.561824521885
0.472580023743
0.346285593232
0.252680985558
0.376846319027
0.647097247117
0.483278238651
0.716927087886
0.642589691832
0.205403658473
0.279052866154
0.61068734815
0.752707449732
0.641400818066
0.459309644283
0.317482846078
0.334186412844
0.422213091665
0.553761671221
0.71404116976
0.691043160589
0.545287551323
0.129168142099
0.328851328361
0.633178075301
0.604630745534
0.585775009806
0.33681182812
0.0671078306104
0.29352686615
0.532187384758
0.457837610217
0.819709514482
0.76426649887
0.486990352476
0.367950121223
0.515573403094
0.697671466404
0.727032796297
0.546320657737
0.258932712546
0.169428617759
0.280566148036
0.491757336399
0.702105770766
0.773586964447
0.712783547722
0.334961060943
0.15315121255
0.511663043554
0.623502014882
0.652883388027
0.443670954217
0.133674486903
0.154233088361
0.337539128823
0.427262821589
0.798969390171
0.852046589773
0.667436189911
0.443041602949
0.431211550389
0.600500439563
0.709879814298
0.663694548119
0.222935406414
0.162191565016
0.10433765074
0.347037365092
0.573426078523
0.796133006002
0.797910080402
0.507287288604
0.240870873482
0.346864194604
0.574606890781
0.647022642058
0.553416579581
0.269893085741
0.133749099819
0.162732725583
0.369789303623
0.706409181842
0.867070359569
0.774414453134
0.529137932806
0.306875309713
0.416123828091
0.613582768955
0.70511152002
0.241357902047
0.358210106815
0.033551556407
0.168819226757
0.408055868462
0.757953939767
0.818024492785
0.669913998004
0.461438214968
0.128264356615
0.442352499928
0.587573687457
0.564708081925
0.35465058211
0.249160552519
0.179542029233
0.286860228948
0.638552257205
0.800207776293
0.864282344798
0.661732810141
0.218846657297
0.159453039896
0.507832102593
0.644766660672
0.32683913575
0.490088855467
0.118469230155
0.0620668410861
0.287126301627
0.676309650339
0.803378633975
0.825122810709
0.672578937521
0.145461252498
0.291673336949
0.527118469828
0.518482909163
0.422327206581
0.34873932124
0.290207127907
0.213919435916
0.568841745576
0.661008556699
0.901394194072
0.776985607528
0.326763060268
0.0894246605446
0.414748736333
0.5493517911
0.436752138902
0.571339707657
0.224755489311
0.248609300448
0.300412957454
0.550162010696
0.769892129062
0.908814549025
0.799363001483
0.344954328802
0.182999405781
0.447541231474
0.504323438015
0.434327256143
0.483272107475
0.405316641869
0.29601315927
0.470319813173
0.488887338813
0.846823781395
0.829446777044
0.479937138698
0.269759317435
0.27906157465
0.422984848384
0.487258535288
0.576999676652
0.352905932829
0.457202796584
0.437679900375
0.45938924714
0.717759457895
0.898320579819
0.844228284182
0.483384428864
0.158166072219
0.30658079759
0.462694279839
0.350595313844
0.591338853088
0.453423663896
0.469050490013
0.43697723868
0.321507870053
0.732091640689
0.819386811108
0.615917182725
0.432110483672
0.0665711284728
0.253734992203
0.406574420683
0.469327732693
0.430115161649
0.59182209797
0.582042793783
0.498234616907
0.629378352771
0.845354746261
0.843172034833
0.557852398298
0.329745403312
0.183013343184
0.303026466201
0.262228710182
0.582577487553
0.411326771208
0.61233915285
0.511306910065
0.204479062617
0.609958233214
0.761570655368
0.721827295007
0.570224074068
0.199660524899
0.168227238563
0.221842315743
0.315961633012
0.420919546638
0.642837620162
0.679744015753
0.576948915927
0.483802579142
0.761416179275
0.769506512519
0.583656334323
0.537100454832
0.218279581634
0.170401067154
0.323372273667
0.496642574503
0.338247597114
0.708879013557
0.629025112498
0.261946017052
0.540195972765
0.66162713167
0.756203039005
0.631175950338
0.383223039046
0.165152891804
0.122137666462
0.202681295414
0.361821647711
0.66726189034
0.750316622499
0.65905064806
0.389420706508
0.631661446233
0.614945741143
0.563755758667
0.648598797031
0.21808965441
0.246758520025
0.386248976218
0.377150553847
0.275682097586
0.755883081212
0.741979358389
0.477781357608
0.570855052614
0.550495863552
0.699221152017
0.628323294848
0.453128188237
0.192060920721
0.1884315753
0.0845350888972
0.304362303271
0.631590382446
0.787503976461
0.738556251002
0.480990708202
0.514573852247
0.435131557988
0.518446067985
0.667360770392
0.184707393481
0.376674494515
0.364596568987
0.193542660945
0.193917225885
0.723647043518
0.811112520919
0.714999384182
0.652006941119
0.503863372327
0.592807981586
0.601937220691
0.493520955187
0.289800008077
0.280960080439
0.16262117114
0.207968010716
0.471399021856
0.757548007812
0.785953323459
0.625315529748
0.507680872378
0.263091508132
0.457276454126
0.630088508876
0.253360148054
0.513686021695
0.334300142446
0.135856802073
0.100325632785
0.608675208005
0.814999516696
0.869716156078
0.7307169563
0.504934332209
0.446225376447
0.522000264363
0.533906175807
0.365755445466
0.437405688192
0.383682184191
0.113499591891
0.238147053468
0.673779000697
0.790944626745
0.74431644051
0.620115837935
0.144979991974
0.378030987532
0.523942312391
0.35106158835
0.564281877147
0.429343868326
0.329220594626
0.191525677716
0.487909584832
0.764093149782
0.931377887713
0.820605894917
0.504333904115
0.265561471483
0.369749419889
0.494284570435
0.331814526241
0.572771801193
0.507606773092
0.247054062939
0.0414595212509
0.558158988777
0.751248613204
0.821768844472
0.774956948582
0.260451389439
0.318751381417
0.353340251175
0.348834156557
0.48346465321
0.523942148689
0.441665620001
0.290011858738
0.398480659532
0.648635416012
0.925477844334
0.892355687302
0.537821684733
0.286418157211
0.202601119499
0.35802579322
0.205504471336
0.610730431628
0.515042667064
0.403031753852
0.186228965532
0.390662508854
0.65741158263
0.852230456573
0.877541739748
0.461323704957
0.336034238867
0.207049035626
0.259978217937
0.386214998044
0.528682267171
0.540087190092
0.389837624927
0.286514082456
0.445170142586
0.84321876743
0.882614812094
0.621424402704
0.451944488466
0.103244134899
0.186444907704
0.0740643076702
0.582808872487
0.467035199794
0.567361845892
0.38183539418
0.174040367284
0.526301511063
0.833287863585
0.882862020167
0.628874345244
0.392306740419
0.147888938504
0.144022960632
0.329890645745
0.480850370999
0.641887767676
0.526271888164
0.231239441239
0.192404503823
0.700441735818
0.811724284059
0.72326961989
0.587182360002
0.187802245989
0.0258718050183
0.0442539130102
0.496735784871
0.442285806478
0.706068903906
0.579896856837
0.203028171801
0.420192335796
0.771400525724
0.849403355889
0.721667710294
0.498919319085
0.182807707755
0.0575042150414
0.252183327002
0.424172035502
0.661055158142
0.655706131689
0.344516307792
0.0645718834334
0.529596809446
0.71782691223
0.79875224228
0.681591877445
0.361373094146
0.21631737858
0.134940404766
0.333117901123
0.456393298663
0.739697237823
0.71473026875
0.409605899307
0.344671764025
0.677952793244
0.808901489303
0.735147693212
0.65507827077
0.290595578698
0.229334938062
0.23340320919
0.319190330065
0.569523183814
0.717567274474
0.46980524346
0.236780959663
0.345011982019
0.581289402142
0.797816520358
0.71494099781
0.518593837836
0.406359736296
0.294648694952
0.245734925637
0.451050739763
0.69226107666
0.755158899822
0.547332275675
0.295500156126
0.532391935684
0.673885546032
0.688480862169
0.747874487707
0.3623137381
0.429744958073
0.352002264196
0.167466862685
0.438720663418
0.711390816298
0.566764971424
0.411017896814
0.244067117477
0.399525571318
0.680955917097
0.679737867614
0.575023917518
0.498471807195
0.446287014292
0.328443898619
0.382042531864
0.643433479101
0.721609227664
0.621333400182
0.391427964578
0.346222937191
0.423182665898
0.633577747284
0.727817547194
0.384380909994
0.578932791558
0.470302272399
0.0985826775273
0.358949472143
0.657866429865
0.643379272061
0.568366413597
0.38121986601
0.227420434144
0.494165425397
0.614900639001
0.552472530008
0.533073777953
0.554427911687
0.450522894581
0.290622850254
0.575732073121
0.632226944727
0.636463191342
0.558994959253
0.190028361779
0.177255057152
0.588366859675
0.653385105863
0.416869189396
0.681184447616
0.559022534459
0.288051761474
0.398282651133
0.548827148426
0.681212348685
0.669708425828
0.522853724889
0.193885547786
0.335752217335
0.533352146863
0.544466008152
0.566054342579
0.653577608631
0.607805956034
0.344769198827
0.473584752136
0.500618120754
0.588668603918
0.658955014056
0.156512105286
0.0493800788172
0.498826995383
0.540388337585
0.449107300191
0.735316314229
0.640887478741
0.553354865834
0.532766864568
0.448626425975
0.65637525589
0.711129639284
0.585418101292
0.279407343995
0.199731409399
0.406106837041
0.526012302942
0.53916437467
0.731311730289
0.741152258983
0.509925671994
0.457954643611
0.343667952967
0.503742943084
0.687354128477
0.288741647893
0.200374862799
0.323363024857
0.368048183695
0.404079450911
0.693341165784
0.707105480994
0.766963993012
0.678156489639
0.459287968758
0.562625193422
0.701505189868
0.62927920205
0.311230722407
0.111451431686
0.267857883429
0.389535812899
0.406110838154
0.733791016917
0.783255632619
0.670242983319
0.574151440809
0.189427075031
0.410600312776
0.661138707672
0.450500138477
0.338518156037
0.0994097942253
0.188006334022
0.252360679737
0.553067705653
0.719879627361
0.860800439121
0.787650034393
0.51720544617
0.392415404655
0.617110447706
0.644185200273
0.29250848196
0.324613063224
0.237250396429
0.187330637013
0.249698674986
0.667862269495
0.746511654605
0.790729343234
0.732598691177
0.169460905587
0.349545591311
0.563954083849
0.541797268025
0.38708545233
0.160636782523
0.0840457248123
0.0877403673034
0.414370161632
0.673709552522
0.90429810268
0.87238262843
0.595817303541
0.251657181264
0.446705045248
0.56820962912
0.260710613096
0.480671781343
0.211266662257
0.112095225832
0.158540691358
0.558730970399
0.666585526201
0.879476871016
0.878782408099
0.390492143351
0.387946715702
0.422741925811
0.513412618009
0.396621808451
0.252966588022
0.104964568826
0.0505102036334
0.312840602729
0.569316866305
0.921885196691
0.918434661824
0.71583531291
0.36430202343
0.256292673975
0.421179229644
0.270515750475
0.534917278583
0.103757029315
0.235963785143
0.1140885531
0.392447309091
0.565216040434
0.927637004981
0.972870045081
0.647985448714
0.484262947428
0.320130791478
0.415693247009
0.413423891188
0.311411288257
0.216213496903
0.164659832044
0.191055053851
0.398354218998
0.849068392454
0.904482890109
0.83540483196
0.541478340269
0.195648973841
0.257275909415
0.294560590291
0.530637794669
0.0666382616364
0.391709656553
0.17976972958
0.178353041234
0.468458772416
0.894433998032
0.996195210885
0.82389709463
0.567580547819
0.268226985472
0.296060758394
0.35691402277
0.40596524249
0.294284670404
0.346109999317
0.157614941502
0.183600820267
0.684170926031
0.847094992677
0.911400057834
0.682133217893
0.343176845244
0.0797950775489
0.252136847006
0.436539676264
0.192872955693
0.478655389896
0.360252961393
0.206413442127
0.41325650833
0.803980002329
0.971389436865
0.90597179233
0.672576253279
0.229714998917
0.118364875743
0.206243990457
0.440420079655
0.258203102792
0.508708902834
0.263235642234
0.0789936311473
0.495769705138
0.753767829824
0.932747627548
0.788260758105
0.552304409186
0.155496261782
0.107187751192
0.245194916126
0.219066913797
0.448360052616
0.492546921862
0.382895567622
0.374520433877
0.711297560477
0.884747310065
0.933197547
0.79667247494
0.286528577622
0.141405026468
0.163201107306
0.349446816161
0.125275811764
0.580865272943
0.336952579712
0.241494769835
0.357417281858
0.61774133229
0.889770652482
0.860042758895
0.723749097182
0.34040708799
0.100080332569
0.0850611550293
0.154076738572
0.388638154626
0.527474614507
0.510992135995
0.358942210597
0.597354740043
0.686991640035
0.908511799396
0.854974153703
0.398336573039
0.360243852354
0.265705874705
0.209199997653
0.0730805332567
0.588387143768
0.386434472013
0.422462710353
0.380426488317
0.455301287732
0.78132878593
0.876115971238
0.785452982493
0.450648004801
0.244758535588
0.0743907181693
0.0503790431371
0.349156776869
0.517434601676
0.593265546577
0.455280887163
0.459728058936
0.426742377127
0.831356833714
0.832027068374
0.500595594126
0.514143066173
0.310243208478
0.107119699771
0.165638844201
0.528708077345
0.442372749045
0.588454771348
0.534115242573
0.370793533833
0.652230332587
0.83337399776
0.776883550528
0.523828111276
0.369603165847
0.2004052079
0.106048297158
