1.00000001476
0.885089532556
0.805153144872
0.511072897259
0.191834788332
0.0986972967548
0.0203624894164
0.10267811562
0.135157980714
0.326423223738
0.705832921547
0.818441752742
0.954799471599
0.944282452484
0.808164696057
0.70758973756
0.410681313616
0.214574225974
0.133551836588
0.104980327556
0.19811888078
0.296643673437
0.549347665979
0.738181168346
0.829161167174
0.973754531656
0.905933832677
0.816063172359
0.608406273986
0.29270782194
0.17715495413
0.141956826977
0.224495902826
0.202665271553
0.373250084371
0.631489906315
0.733040704195
0.918955290341
0.938882024073
0.82008409474
0.715298477029
0.409841285053
0.287596367089
0.250033859842
0.230054542786
0.322040616867
0.344097656758
0.545316877264
0.674587522895
0.776133351316
0.929757824422
0.877468241657
0.825659808872
0.691229744405
0.319563714649
0.273012473884
0.237662654948
0.348664977937
0.328954028832
0.431794649317
0.598100127147
0.671848819007
0.784565800848
0.893120559453
0.824932578402
0.71039589791
0.447554033449
0.349767809179
0.343149933045
0.349208248336
0.457591833196
0.447599756403
0.477068661973
0.580047473395
0.718022470341
0.879525703458
0.846136611666
0.797289148909
0.682908368906
0.309925358685
0.376209881207
0.318363896687
0.47721383212
0.467219735304
0.524182495781
0.627927038014
0.590925728717
0.664982061574
0.833551572886
0.768449371371
0.735339863485
0.447637095818
0.415029858644
0.432190714513
0.448427330278
0.585954770254
0.529888067479
0.502427078712
0.55392710951
0.680656332383
0.796860776537
0.780449189267
0.740148989197
0.638657161598
0.37696893726
0.415465204302
0.458266987629
0.582478149997
0.607149349521
0.629120809756
0.65810498912
0.552648600101
0.592746229795
0.756275905863
0.71313582004
0.695731459306
0.439075039633
0.464750628377
0.499781289426
0.529112670303
0.696356439051
0.650185587052
0.655100948805
0.650979881094
0.596650459987
0.688719162017
0.685105616751
0.655913765549
0.590897903611
0.358580831147
0.480725641979
0.522064036026
0.652143821843
0.75408542019
0.715811045132
0.697495269994
0.519490222754
0.523479499858
0.661176292252
0.633108249961
0.607069525513
0.467069624263
0.449202376993
0.511019879096
0.591460534963
0.778431897304
0.753209128981
0.761579657567
0.679560385269
0.581033887826
0.580336677438
0.562243343413
0.548842879303
0.504847706871
0.306076457928
0.476814721542
0.521241012333
0.681590692213
0.843456908006
0.815378568375
0.772151528097
0.513479196644
0.488824252409
0.58266045882
0.513342601414
0.492147935817
0.402608378367
0.319085388526
0.504391596443
0.585274773121
0.842291371038
0.835701217531
0.853102302571
0.769779600625
0.565162260116
0.426080128475
0.416454416739
0.422443305471
0.385534700348
0.234011968502
0.447807666709
0.49896357445
0.724912214232
0.87802695015
0.886178441643
0.80631752294
0.552406167999
0.464785712792
0.487317909803
0.389392938523
0.353307091743
0.277246623986
0.244624481619
0.433431739744
0.567987406152
0.887327623615
0.892603357478
0.89208578606
0.814358677668
0.572291365446
0.43777828956
0.372044540113
0.295830068089
0.270397370042
0.131967896781
0.401414859228
0.481367987554
0.696431570644
0.890754151197
0.916036307381
0.902396842327
0.697337057868
0.509121878876
0.399590767049
0.263819040528
0.201693041983
0.146690581293
0.165604151332
0.345300224598
0.582095111863
0.870164714323
0.927119366191
0.934437496492
0.846912459418
0.603513509852
0.491624841339
0.325561811422
0.158675692257
0.13772071496
0.0850975588404
0.338492078512
0.45463584407
0.6828465748
0.890459337137
0.92203504486
0.972771500872
0.785127431318
0.543088791851
0.436536160047
0.151912356855
0.0479518754022
0.032341448967
0.13414396471
0.313651688798
0.47504037092
0.791833625462
0.944635705828
0.956658510321
0.909163712959
0.642668919888
0.538291731358
0.304573959347
0.0772034629718
0.0248231967127
0.0836281646087
0.251917600647
0.420027855225
0.676885607727
0.894789282441
0.916661820912
0.984127641892
0.810019479689
0.657270731984
0.43883787942
0.120757952784
0.111729952641
0.114607566724
0.234601167092
0.294560150311
0.4025957381
0.750438742311
0.923547003905
0.956267389451
0.924028664219
0.673851386149
0.568913747301
0.312339805113
0.133293190554
0.184328288312
0.202073428237
0.289671634317
0.435608243066
0.619121660128
0.851050203845
0.880339285506
0.96295289066
0.842826099563
0.678461409061
0.518121674461
0.249560312951
0.244592034426
0.261298592127
0.346950038073
0.329237697283
0.401699935356
0.718984248988
0.826688624079
0.919665265269
0.907712293938
0.7103623954
0.588406666356
0.321968128707
0.243998276351
0.325488205446
0.339039681175
0.428822987844
0.421843810282
0.592282518806
0.788454529339
0.819520666022
0.906635674673
0.818913185833
0.682743888305
0.598273867104
0.304240683071
0.331663462455
0.382797921752
0.446223115223
0.404642459474
0.436021054558
0.660107483483
0.763690432786
0.815828772395
0.862231410458
0.732350485523
0.582324602175
0.363767965366
0.315817360224
0.448872690331
0.458428179648
0.536808474282
0.517847644165
0.543489822328
0.656584647631
0.738877892912
0.845876441013
0.776007661108
0.660001132223
0.603880698204
0.267305996568
0.434050336414
0.459200697286
0.562039643579
0.498816473165
0.507045379965
0.665731804154
0.692415980507
0.694416253986
0.784345231023
0.676484489956
0.570786122138
0.405051284911
0.372998525621
0.549604265465
0.568233410362
0.666343245131
0.592224584569
0.504049438316
0.560968728697
0.673278672656
0.763113805427
0.723037635745
0.602414169575
0.567522120878
0.309589043876
0.46495704457
0.566762433071
0.650715675171
0.622434698234
0.601320206784
0.673518298616
0.64098408869
0.592808306384
0.696863551412
0.602072412872
0.571067859693
0.371937267085
0.456982197762
0.627198582278
0.647691684492
0.766167191332
0.68970193722
0.609262318462
0.63954464754
0.617653465442
0.640699829202
0.623341454291
0.535333636614
0.510037543527
0.312088144262
0.505083339593
0.643599321105
0.72830264634
0.787512346098
0.71767816641
0.678657115894
0.575863360352
0.485027266174
0.583388039979
0.542446770563
0.490556637859
0.410968564957
0.45668899875
0.651088145269
0.714625096288
0.838771805058
0.77672289468
0.707250365578
0.669364197547
0.53512061786
0.5385173795
0.501248601458
0.448557494079
0.430093756177
0.273246615864
0.524837755009
0.671471619361
0.76163717301
0.889391375872
0.800848429601
0.76708665326
0.534185722171
0.39100925683
0.485390083387
0.438455649489
0.390692838621
0.357523423014
0.347594779176
0.635943330194
0.735553890049
0.88839438001
0.859620939117
0.790571320362
0.72902537018
0.533399993786
0.377204244077
0.344473591244
0.327167520856
0.295863787513
0.222743288782
0.51711117316
0.679280742917
0.790804379842
0.946869853806
0.891894676078
0.789093602127
0.510721165599
0.32529424064
0.368961883461
0.309942732465
0.260220663201
0.236448117508
0.268670527207
0.615881317461
0.683860034654
0.929900838691
0.913536946948
0.837974524771
0.759052087095
0.505897427187
0.309616439379
0.246981717822
0.197256252264
0.165009141436
0.127357856833
0.491029823276
0.657341148507
0.791940500536
0.95230215805
0.922435790266
0.852117057486
0.632694191036
0.374764586374
0.268467140561
0.176205618473
0.116491611352
0.09951172678
0.253711914802
0.501047682612
0.680846570414
0.917554305514
0.955403648461
0.882798851957
0.779455408663
0.505774857051
0.313736462197
0.204823091555
0.0670255939545
0.0380550737137
0.131005870465
0.462943779921
0.620721583992
0.765123547896
0.950462156648
0.929032182768
0.909917141146
0.748211515942
0.3853425975
0.2694025488
0.082726389562
0.0384230980697
0.066604668585
0.244897592986
0.471272908862
0.601782342364
0.832762540864
0.976359821463
0.91222677666
0.829974031242
0.541749379011
0.36221782924
0.203578024488
0.0566781020637
0.125280873492
0.170491721255
0.365815358432
0.556702853221
0.748318386601
0.941414046026
0.936347147912
0.923115782516
0.753583721896
0.463386469485
0.335368658036
0.11404250339
0.183214681601
0.200985017105
0.333572828522
0.467822311859
0.532445415252
0.760987276596
0.959648611233
0.913100108991
0.88412560403
0.551490886136
0.419160360555
0.250210806322
0.176306149172
0.275338746588
0.272714787207
0.365121478827
0.552009966234
0.69739627168
0.895769848398
0.90132548451
0.90376657122
0.773915279756
0.51925161112
0.407158051107
0.27382829791
0.321289067325
0.361416798032
0.437052662107
0.492871895708
0.490672895086
0.725107471303
0.889513919139
0.885564928787
0.85511562991
0.603789745977
0.468116756315
0.31074034169
0.297731049269
0.417883150508
0.419934924262
0.508119458755
0.547411753346
0.614221500641
0.830129201919
0.842452380911
0.844508605797
0.747988324578
0.515114755836
0.496061027129
0.353966348304
0.408142156978
0.504636153897
0.531939666129
0.525133906047
0.467553273424
0.664105316993
0.804637348852
0.811036693547
0.812801871261
0.645222622525
0.475564916963
0.356100392843
0.37756484091
0.539239914741
0.547383532243
0.603042117781
0.574787015901
0.590894507024
0.692965871273
0.750442301801
0.776142495272
0.696214517695
0.497229075237
0.51238286051
0.351016730284
0.505500408774
0.60705241109
0.641926486544
0.57275657268
0.483010515893
0.636923605505
0.73926218261
0.701158378587
0.728376833556
0.606995594539
0.404581868667
0.408223242915
0.396549514405
0.649342463127
0.664954673521
0.719693373135
0.662467175526
0.5113945044
0.543164844771
0.648523016782
0.687576082571
0.644925825972
0.448869651096
0.501194039737
0.370289921435
0.55870289214
0.687858001936
0.720810665401
0.642792536592
0.540075115331
0.624159683387
0.666349876564
0.604986535743
0.626617451927
0.504638150729
0.409852506595
0.372547404235
0.482268681119
0.727227823034
0.75246822467
0.804825450219
0.732047213395
0.553998198838
0.55942443642
0.602380968747
0.576054542993
0.557746246664
0.377131816244
0.461924337384
0.389429144863
0.576866053686
0.764586737723
0.796119923673
0.798636935337
0.690583826275
0.611120997694
0.579021394941
0.478085208103
0.499427423554
0.438913671414
0.347556424752
0.388123623471
0.502094385957
0.757919423623
0.826407840104
0.872811207018
0.795451111219
0.612704788342
0.590643530558
0.505233785819
0.461162335707
0.430362776869
0.329245626433
0.397875215608
0.371629928229
0.605007025211
0.803900372719
0.846031638308
0.908903133192
0.761334670432
0.675663184391
0.539820309733
0.352635983433
0.370864260979
0.345065574482
0.253774127658
0.351695407725
0.420007904235
0.7328221691
0.871786420691
0.921134909583
0.869045683187
0.680327110681
0.628002044643
0.474295821281
0.329623793457
0.276594521819
0.227530629854
0.268704607639
0.333712337922
0.600388483583
0.831057609564
0.867426531706
0.964559345218
0.857788233199
0.729002286427
0.471833945199
0.235845365317
0.234114127894
0.212543230909
0.142144918822
0.256279477012
0.334747891019
0.740626272996
0.841208037021
0.949847055136
0.912382967699
0.736222093017
0.646512559403
0.436602885567
0.209910001656
0.133078473112
0.0919501600087
0.154895733336
0.260976926505
0.559156001041
0.819624949271
0.872387841355
0.981350168314
0.898901110067
0.756241506325
0.562142304111
0.25911640109
0.129572168625
0.0752706191378
0.0641082625839
0.169611252567
0.329551145994
0.659242337915
0.790973576579
0.947288778102
0.951645434369
0.791262128218
0.669370977245
0.407663678725
0.171426628599
0.0889942284846
0.0595780917853
0.139199239563
0.21191376874
0.554345581096
0.773188815711
0.843273231668
0.964624003969
0.900472307417
0.799687333675
0.672227449688
0.293145880832
0.12371047377
0.0579378526
0.150479709199
0.162787354689
0.329453308996
0.601641944871
0.740599958443
0.865545525428
0.971603683798
0.846544463406
0.694506114722
0.454729643915
0.218012066776
0.184039902667
0.166966483175
0.242405018148
0.265322025561
0.448490224061
0.6828700749
0.807556147327
0.943374981346
0.907049534542
0.809767431667
0.6910253512
0.306143869936
0.245599521028
0.184938493863
0.270211020097
0.262906695896
0.385663117901
0.60123099517
0.676093246056
0.783742779806
0.948845831744
0.825962128719
0.775480273869
0.477977878409
0.306037575339
0.297063745763
0.284386513187
0.384206037774
0.328465076812
0.406616246083
0.627105097228
0.770501292607
0.895687104369
0.882560635668
0.796034201474
0.693710935525
0.37669725811
0.331222304733
0.345703185198
0.395185701753
0.417106512929
0.485268440345
0.609576150651
0.630440763041
0.71789978634
0.889099587871
0.813046512977
0.76882478615
0.512410013894
0.39620386227
0.400546726783
0.402805155211
0.519380543378
0.461857737572
0.524945469681
0.654226508046
0.663921374755
0.817785161858
0.820530338457
0.750802578756
0.662426625805
0.377688273285
0.431055981707
0.445939451791
0.496448973079
0.58676233454
0.569361385256
0.619880009123
0.565030728262
0.63928580003
0.800058340681
0.755857389211
0.726999666071
0.577562127487
0.42050692545
0.450191595253
0.49628993136
0.622019182764
0.589645855497
0.625999406177
0.626060599698
0.614596704518
0.700316169558
0.730367714618
0.685483209808
0.612259271716
0.362885534697
0.469166694896
0.494319773426
0.572943726908
0.702872088671
0.689761518652
0.656547821019
0.509185712773
0.576324396313
0.722611938274
0.661212526461
0.651079281714
0.548553956659
0.320375205678
0.496546787296
0.510835964188
0.718011576019
0.706777091504
0.728670355146
0.700082013794
0.548597887561
0.517130976239
0.604236402748
0.592980149289
0.539532355427
0.336173248176
0.475441199859
0.519465782272
0.647028445873
0.79407553075
0.772919103719
0.66685303258
0.495800324315
0.526909078867
0.630166511268
0.570148494511
0.545112943762
0.450725031141
0.294370709964
0.46719895578
0.547280558432
0.797824196944
0.803770489746
0.800343230331
0.749922885804
0.53210209546
0.454969925633
0.534046721471
0.478170853088
0.473409056389
0.251477360978
0.472120346254
0.541084773269
0.672554843891
0.859567589961
0.839037498873
0.79210928118
0.637111046956
0.528664942966
0.515389081611
0.446480284211
0.419196769506
0.350407673081
0.251145172077
0.434990223644
0.592196351444
0.824407086268
0.88912597326
0.874766256782
0.789661055601
0.537728165894
0.450004572257
0.441147336538
0.365482913052
0.353876405197
0.217181930153
0.431847022443
0.536295233067
0.692131072539
0.900606797271
0.895205803133
0.902504693889
0.729179971282
0.528596518078
0.472856461607
0.317477695791
0.278699304892
0.252504823411
0.170660040994
0.415774403807
0.532093572871
0.798053327058
0.952292580162
0.922326114829
0.861841049837
0.575305344563
0.464301879492
0.380592642304
0.253823641901
0.21136198856
0.148650829467
0.32149764628
0.49058978041
0.690751419831
0.926629310741
0.927992185777
0.948045055937
0.793232958917
0.617902859854
0.403373736274
0.174493046343
0.129979814155
0.11789030867
0.134851085201
0.365134024433
0.464253310608
0.785136055554
0.958117018826
0.960261718426
0.901596958631
0.617396211696
0.486947525102
0.333144917838
0.122459812882
0.0593375138351
0.0284743433233
0.244630266168
0.455396909995
0.622269840781
0.919078211304
0.93020941713
0.971439348151
0.849191847494
0.632248681142
0.455621326523
0.182464941294
0.0374600580193
0.0455971304768
0.176014847213
0.328063328201
0.422379810346
0.756712761081
0.894594234694
0.957133445175
0.925333524497
0.688694504217
0.521912933348
0.297031104797
0.0797503767339
0.108125170148
0.151318981222
0.29727998011
0.354136382044
0.598422997842
0.880396155906
0.903717489108
0.9414383594
0.845301804252
0.656486939628
0.547440816694
0.248043689407
0.138938672936
0.176447285432
0.274272989718
0.316309216234
0.405103039663
0.684763293991
