1.00000001476
0.919578133268
0.724856347644
0.502351421287
0.380126444847
0.104483422664
0.00894412041132
0.112986377771
0.13944710682
0.361923412564
0.657531817253
0.823636775663
0.936891023153
0.936455087266
0.89062977418
0.728479781303
0.477158832249
0.25977514655
0.155934906763
0.0757610152478
0.190736117664
0.275745262781
0.522641766455
0.598446966068
0.831922669375
0.933364132975
0.919833194723
0.828299731246
0.681572748135
0.475836912364
0.170483502978
0.108646072031
0.248926436653
0.206186543551
0.33944721868
0.531745135196
0.5555319664
0.828618830571
0.869722674211
0.905281233724
0.762093923426
0.526954386454
0.311831417656
0.219524585837
0.206804976547
0.32603814401
0.203133877244
0.484741367643
0.441334529798
0.698390972894
0.824155328757
0.819836618115
0.827010497672
0.736408621328
0.497296185375
0.167753415176
0.224692738567
0.344112826291
0.358813775136
0.431813338154
0.51484731396
0.338530666775
0.697661685892
0.691553907231
0.800184207612
0.731916504983
0.535644068791
0.359405623129
0.256017652451
0.333252055772
0.447523480109
0.371570920821
0.535110174524
0.356436775576
0.506701279978
0.728827282254
0.643306790539
0.751995873525
0.671689040607
0.530382828883
0.203505114303
0.294596694948
0.345019064274
0.519426541537
0.53313030501
0.655706167217
0.363184485327
0.634619247364
0.560545622028
0.63245868878
0.642137810426
0.50725656295
0.396049122029
0.300618602999
0.378312324823
0.514678848753
0.538196929017
0.656811081801
0.565899856049
0.478098406042
0.645395713458
0.438938748188
0.650760776426
0.545600024295
0.488169391627
0.27889611937
0.291866888399
0.288382394466
0.616327401537
0.697284304971
0.756463690032
0.53585367974
0.642434124224
0.475040991891
0.369488457165
0.541218008922
0.398141918627
0.359516692677
0.30978325698
0.383588583215
0.498524268805
0.607834795587
0.772038992393
0.766262732021
0.549381331343
0.624718281443
0.286663848522
0.49425870648
0.449069107647
0.359413820162
0.285242113413
0.210091789744
0.293700908965
0.646776968472
0.802967092237
0.844531633803
0.744475995655
0.727926390395
0.57596598278
0.303195669719
0.444993128328
0.22976317479
0.25930701521
0.208524373297
0.366627346427
0.469048453223
0.636791319379
0.850287259646
0.906322508802
0.780214417343
0.721020217642
0.384712252868
0.39592598333
0.333696776483
0.205035970494
0.199491808229
0.0926679184017
0.31472333969
0.644146935704
0.801994154182
0.882946399606
0.895766808165
0.841501706308
0.723779607812
0.442678122988
0.419404981574
0.179399976081
0.140018478296
0.0721967029885
0.294446649582
0.411577249919
0.624443780184
0.848977927684
0.959797708166
0.932814621418
0.876043446601
0.670886518091
0.484186875598
0.257705579825
0.0862820790047
0.0705941774954
0.0643012879579
0.233536957568
0.549162298422
0.674958117789
0.842248837216
0.96630372826
0.963512580217
0.798565984344
0.603834571448
0.425533792025
0.229012614404
0.0671531467157
0.0852568746564
0.166033940041
0.330304263594
0.546610030715
0.800361726901
0.887671484299
0.956553425156
0.93176705835
0.829826103403
0.568677281103
0.26942214774
0.13839093145
0.0635667647992
0.135685472883
0.206518423146
0.411516887017
0.484045075173
0.750027007225
0.927508023611
0.973272933973
0.853856438455
0.713216895069
0.477685093278
0.324860428654
0.194562406059
0.182334066318
0.158962803904
0.322166649044
0.432646505798
0.65116574936
0.822667436252
0.885085345789
0.913618962871
0.85365639901
0.699793793249
0.360685596107
0.283620915892
0.145536205071
0.283786751941
0.262725581555
0.466853197904
0.375778145517
0.654210703173
0.823317285952
0.891514279915
0.852323183242
0.750727469602
0.562915240174
0.395831586129
0.299164146781
0.282715256236
0.302297423432
0.41551874387
0.441072775641
0.493464799344
0.745546912078
0.725297692676
0.841672887595
0.812333262504
0.730744465369
0.495634940544
0.37676635445
0.161582868329
0.408179494591
0.404152531254
0.579462897748
0.380268723134
0.539706441653
0.67394970404
0.650211683422
0.802307735816
0.705971560223
0.588911947592
0.450374946532
0.346335381314
0.359873001951
0.387413073791
0.529209036301
0.572713153157
0.335834606638
0.656482012562
0.529257709012
0.709062482219
0.724563143189
0.649328838708
0.525465864464
0.3674153852
0.230150905748
0.480578545925
0.549282340536
0.68101953111
0.528724565058
0.568734884213
0.581762769959
0.388182642417
0.673208479602
0.558834504726
0.499292284734
0.416623013203
0.365673170365
0.403749745307
0.452761619964
0.673045990531
0.718184776036
0.489421489654
0.639945885879
0.366194954098
0.483434555286
0.623108514801
0.494496982887
0.464627677685
0.281736741775
0.333417681334
0.529972545783
0.628107302362
0.726439223276
0.72133900766
0.642656712713
0.691346609697
0.329367154215
0.559157566896
0.406008418055
0.388009828359
0.31180891438
0.341237901726
0.3642875896
0.530206980782
0.748201247631
0.852882017899
0.748189657313
0.772967613449
0.513278586683
0.401993497838
0.482544411674
0.307436519613
0.359001307605
0.197042100748
0.323325573181
0.490066848819
0.622194706848
0.729879956753
0.863517985991
0.816710594223
0.767155120858
0.472569831921
0.486784057787
0.2903585027
0.221340691094
0.225166360533
0.239905935685
0.238783053044
0.537040771799
0.771034867757
0.851523147117
0.8791134603
0.881820334589
0.723345560737
0.440738203874
0.400759139518
0.137747696273
0.212911089775
0.139783652322
0.223020837797
0.351995935845
0.519481699649
0.719310641478
0.942884417885
0.941729576025
0.850487310846
0.672744933799
0.529954473578
0.322380798179
0.129892003434
0.130006441347
0.0958702851192
0.168933648967
0.461532580306
0.729461402243
0.819443392649
0.918732731868
0.968103917054
0.842644535672
0.668873856751
0.459026675451
0.215280117758
0.110633494306
0.0603695829088
0.136957736887
0.276938671116
0.417159389917
0.689152379029
0.92588183605
0.977882345172
0.920621393826
0.818506768714
0.623132256253
0.443890613407
0.269169912169
0.109288429075
0.138410791461
0.213960958611
0.39949132595
0.611761542448
0.763359340298
0.88479461573
0.969046234162
0.933367313461
0.845837266249
0.635162552228
0.425120939837
0.187826465463
0.170554557363
0.174844964809
0.323967159159
0.37085390589
0.541109083846
0.831147661023
0.877854947552
0.953969488917
0.889441254871
0.732572582441
0.521567411647
0.405604999656
0.210413785847
0.231570021206
0.274526413083
0.420723041189
0.408575931586
0.668245551169
0.770288787664
0.910914103347
0.898784901332
0.881340292818
0.702196456575
0.514291987635
0.289746403376
0.288153670632
0.315411311695
0.432430502551
0.384047874209
0.448370946635
0.66003337148
0.663539597207
0.867763638746
0.860943147663
0.730409296417
0.568530221242
0.489735274423
0.317682754632
0.312493132661
0.417261366205
0.499137451954
0.285950953574
0.56762091172
0.606662088987
0.733456585624
0.832131455559
0.812728851334
0.691644596175
0.488996984254
0.439453962328
0.390871980102
0.445815815115
0.507876831199
0.530537308321
0.428652940259
0.653793438377
0.486698891671
0.735824636866
0.732653481803
0.690063766613
0.555145387394
0.510872006355
0.358081362248
0.416149837787
0.551732427786
0.65378250151
0.495606541448
0.611450264346
0.515530505273
0.539258652624
0.720404409075
0.652219889706
0.618509317162
0.458830816141
0.485214776213
0.427453469186
0.507334467837
0.543677834443
0.68415507056
0.552400596602
0.711540457129
0.408592891085
0.553370294619
0.572402935572
0.542610613974
0.533072276448
0.458243616047
0.282632667479
0.493102697853
0.630587970198
0.741684435723
0.674480343371
0.695985807279
0.606468258754
0.338155823245
0.593729999183
0.443318120292
0.490005355444
0.415215368574
0.415840392934
0.376274410738
0.45573742225
0.607290059285
0.817162048574
0.730145558249
0.788612854791
0.51005631367
0.497970484974
0.43430794605
0.298679296265
0.428934287968
0.310613480748
0.167610773092
0.465077200057
0.666165039892
0.781742244533
0.778302796587
0.852550010705
0.726474590059
0.428574985908
0.507183871672
0.238314223865
0.277955339532
0.329090261287
0.281785925273
0.302317541924
0.365793752511
0.659653043751
0.882487492423
0.856028730963
0.863156668299
0.705871532466
0.529417600346
0.481445623758
0.169517187128
0.290098607215
0.13198107802
0.141548180759
0.390483111461
0.625037497457
0.754551047517
0.86425456387
0.952813402435
0.906988748062
0.729584742998
0.62468968726
0.297787461384
0.170024472246
0.173768227818
0.12437523602
0.222299455179
0.335698528822
0.590054626839
0.860558117791
0.903734339136
0.946997446791
0.855968582995
0.681216149608
0.532532366281
0.30077108114
0.189648523051
0.0536660885065
0.104011796323
0.322539728142
0.490137163077
0.659640397995
0.853133262059
0.978423544201
0.950865427654
0.901024603058
0.725645970773
0.46766549515
0.234227791353
0.112269710538
0.107126945045
0.196346333028
0.298442392963
0.467682661919
0.708138910725
0.822205012165
0.946259581753
0.956879248245
0.796283525903
0.600909242941
0.477922255308
0.252980976766
0.167325890514
0.183827519597
0.276791009231
0.306471975892
0.543651365456
0.760627962151
0.917784306084
0.924499228627
0.949107137993
0.811990973931
0.533845522877
0.448431047585
0.243869273073
0.273627825463
0.287084827458
0.338853871128
0.361682858132
0.604964723917
0.689775975507
0.890097878598
0.922763213232
0.862337282819
0.675727621673
0.592297141324
0.346825929386
0.282364884945
0.348694947668
0.389212130107
0.330751313098
0.506692629315
0.644940701192
0.774874017871
0.864506924377
0.903289936977
0.816930790826
0.618839432226
0.600437131647
0.375195634608
0.403091570836
0.358994221258
0.470988860952
0.342296603727
0.596713880071
0.567908476343
0.706874637072
0.828559439661
0.825799752381
0.75601308335
0.634034106033
0.386902552937
0.389598253217
0.474927469373
0.527367244963
0.481857895802
0.479086354252
0.601832923706
0.543408297723
0.773168591912
0.766798723486
0.752232595941
0.630090468835
0.622390468784
0.411471281444
0.392522894314
0.456186356565
0.622888989261
0.474579809205
0.655873291656
0.483765289395
0.533113342485
0.668217734732
0.63983396385
0.705884020991
0.580260874794
0.33844217071
0.428679929961
0.550854562102
0.640689673066
0.593177652069
0.597615396098
0.621309164272
0.299302909462
0.615321902368
0.581312838542
0.580251215737
0.582260025563
0.550178245433
0.40482857178
0.310337499127
0.550156440767
0.739099101122
0.637653653359
0.718745463102
0.590529633654
0.431292496388
0.602984793527
0.426776115111
0.566838840244
0.423406350433
0.324374092875
0.395040835216
0.564492877837
0.672607019633
0.734311643141
0.773672343563
0.800403101761
0.493761624708
0.585776126086
0.39933658796
0.382727940197
0.461060784938
0.403022877799
0.336622914099
0.284498882714
0.55436352534
0.772467552135
0.771049808379
0.814578690677
0.734830798066
0.498858528161
0.59847059356
0.2748449835
0.370239020575
0.261887783613
0.270294271942
0.317121148751
0.499064833213
0.599371101379
0.80899655096
0.879554085066
0.920162304293
0.747821035793
0.627942060328
0.416064877663
0.188959436446
0.3149367486
0.213086087904
0.189991006404
0.251980381342
0.47454243025
0.685413674422
0.802192287081
0.894961073608
0.896218604055
0.675882953757
0.624307022255
0.319833623568
0.245762703141
0.128550744702
0.0985189851384
0.158760404716
0.335900309872
0.511047220647
0.78427850194
0.926758611357
0.95984377829
0.880040137302
0.771935632951
0.483164667342
0.252682782273
0.190993753915
0.0305944889172
0.0688506232411
0.196581314493
0.359666761528
0.592392277697
0.745585456071
0.933799910138
0.964340420654
0.827501580704
0.695962008527
0.497810993263
0.261267701691
0.132144322522
0.106335719856
0.114302763107
0.232610708462
0.474380993454
0.714198545672
0.879973762148
0.945352788777
0.967886740953
0.885712603743
0.655378438469
0.529762584278
0.29143717938
0.196806660562
0.176901843734
0.235868650956
0.258386097791
0.521227009242
0.678791230079
0.841655344776
0.964471522504
0.925937718145
0.838708882436
0.626141260012
0.382819414815
0.213181210244
0.279502402413
0.259720719719
0.330967914176
0.365513601952
0.62990817207
0.728046170785
0.890212650366
0.943528053958
0.907350793564
0.743525918658
0.686142729582
0.391222522562
0.265695391142
0.295063753341
0.380130651247
0.284829464696
0.505609084733
0.564961437274
0.668007727189
0.849878450874
0.883576054219
0.875580687307
0.704827707553
0.450665305899
0.303594101268
0.409337180313
0.40935354788
0.424882345065
0.344775598702
0.535475521293
0.480903802857
0.749739259873
0.837776825507
0.838786413899
0.736104601527
0.723299217456
0.47790368929
0.250305797286
0.416657243863
0.513383272901
0.428942979139
0.537425305364
0.542276260479
0.495854515266
0.725079257516
0.743239691985
0.809328116101
0.64393496111
0.514525401267
0.36243077031
0.476491627999
0.498878988127
0.551886767494
0.520764768085
0.628396021135
0.38517279328
0.628582263916
0.677182458793
0.691875685291
0.679750850993
0.669170486621
0.485991473416
0.272378224298
0.476618365516
0.574653681014
0.583918318259
0.610479140541
0.623955906731
0.378702366605
0.658918897549
0.577630358229
0.641007793602
0.54166628025
0.53154443929
0.394086662881
0.479093328233
0.472380601095
0.661916307405
0.671417992875
0.773271580252
0.573587574603
0.523609593095
0.563061615935
0.487503652098
0.600714084552
0.53228068856
0.401755720314
0.276547341035
0.445185045103
0.54843080757
0.661182806704
0.721546400936
0.771706480061
0.473196719926
0.648157944785
0.401601195386
0.427385904548
0.429412799062
0.409827569382
0.332387637289
0.361873741062
0.409401430376
0.691775867008
0.774574325459
0.882974711844
0.714188319084
0.583582884219
0.511664736633
0.199202559499
0.445442503565
0.359328889532
0.23946110408
0.230048010564
0.345006654296
0.524464381041
0.659152135501
0.809802500501
0.896221060935
0.651793450876
0.671294575951
0.437830820881
0.264377610972
0.334880736414
0.22235734199
0.205659787621
0.151741323898
0.395510973517
0.669951332802
0.808012997263
0.929987237383
0.885737515412
0.784798863102
0.659380676203
0.322699508965
0.340968600486
0.14863192598
0.0840051329098
0.110576408824
0.206833040304
0.468239650768
0.654905928601
0.815346024201
0.968016654512
0.840098933405
0.798594063429
0.551819725494
0.280312680774
0.277650872788
0.0423632998827
0.0517940961016
0.151549964102
0.288810335878
0.585914040598
0.756155594108
0.907352696799
0.970044366859
0.902070066847
0.805486559447
0.592377873516
0.34773398389
0.0867564263135
0.0788922861794
0.0904781566463
0.127296873917
0.390885876505
0.585382664694
0.723750903992
0.922951632274
0.945532138586
0.909769342351
0.700672552639
0.433299478828
0.256205018677
0.168062983058
0.130417129029
0.237665294435
0.169268621589
0.432547219874
0.605065512841
0.831152839691
0.940783255447
0.950590434422
0.843476904596
0.726629276314
0.480829413943
0.134265248079
0.239739982581
0.223726070277
0.235083847471
0.383360007088
0.505900716536
0.58933603445
0.817533130331
0.918740401076
0.94005297685
0.753234869979
0.576256840382
0.323296946444
0.312916300964
0.27176819035
0.33237200354
0.301780835247
0.439080350162
0.465544236795
0.736093515244
0.857621657518
0.90245472869
0.834097579425
0.799037402316
0.594071245531
0.259868461246
0.378908709005
0.312477863621
0.40013521781
0.433649673211
0.52276352915
0.43927983832
0.711604648278
0.824194239396
0.867178621852
0.749831465054
0.691473535696
0.473231929187
0.398942346922
0.330860594999
0.43776123825
0.463734549174
0.555664075296
0.521144828904
0.559817075984
0.74008627081
0.761181939964
0.814047664243
0.763387686106
0.599458866646
