1.00000001476
0.883834452301
0.741516096688
0.566513721513
0.246684538048
0.109734957378
0.0452787340726
0.047989775588
0.137203670112
0.382770857039
0.674916767588
0.779932207227
0.96544466319
0.955785343196
0.830320918588
0.73518449654
0.343781151089
0.201849527224
0.130907259733
0.115115022958
0.156977030404
0.224226443616
0.522889733814
0.738778184497
0.842064122041
0.970694521517
0.897138248925
0.780419071749
0.602275462928
0.355172947089
0.257657657525
0.170165864759
0.167323141071
0.186555532188
0.384831547735
0.646281311527
0.72465025446
0.899003253225
0.941943214311
0.835306881146
0.788164829064
0.433069745798
0.298355818217
0.242741268388
0.227693466808
0.268700259438
0.232750814153
0.447392368191
0.688720245462
0.791543023048
0.915056189112
0.899626865733
0.834310986327
0.631497016205
0.412524843315
0.357540233889
0.264049357257
0.333566748703
0.299412736818
0.413347419679
0.616873778002
0.683367035361
0.811973137193
0.915898919963
0.823054844445
0.787492576698
0.510411579247
0.376141306062
0.388825331844
0.350835402771
0.381470597124
0.328042891504
0.387470708077
0.532816337746
0.695255229065
0.850986060455
0.850066772762
0.822689420595
0.656476853446
0.413267845087
0.467031550309
0.372390888489
0.465901640682
0.449457523052
0.471130508796
0.602614094009
0.622858499467
0.736018384676
0.858014029368
0.793419603826
0.765157592779
0.498435217355
0.41609431824
0.483006174169
0.481130725789
0.521588886309
0.453008473112
0.4326098656
0.465017629609
0.575371895651
0.771168081943
0.792883041725
0.768775641786
0.620772221465
0.382254076743
0.512231053619
0.45549988623
0.595116847918
0.575548670026
0.556999391213
0.603811099537
0.565842885786
0.628189723683
0.767136534117
0.736396380714
0.715611188149
0.560736705157
0.474375974615
0.551969109663
0.583181649172
0.637172906813
0.606117212386
0.5805898506
0.466399721164
0.504593799847
0.680852533196
0.712765953844
0.695071842473
0.624193492106
0.388554526221
0.548297675163
0.519088507549
0.65911564973
0.687760267466
0.653237552861
0.639022973015
0.525561940113
0.493677114394
0.632165964675
0.647701736571
0.633101291691
0.525019283454
0.513295636684
0.563728159179
0.636904036234
0.744755562296
0.715822427736
0.700549321844
0.588949768342
0.444216674106
0.596808927109
0.617784600566
0.596380840364
0.569213931952
0.351779470472
0.564514368045
0.556892030219
0.703370868037
0.800772590983
0.707888766455
0.690805463897
0.505307330261
0.41026443061
0.477865394508
0.528601477827
0.539470874682
0.439972073853
0.497695359856
0.568674265576
0.635614217619
0.835629010664
0.803198680296
0.786261154471
0.634794188768
0.454392405982
0.488145281902
0.522704522788
0.483315211169
0.458241071731
0.306699704535
0.525406752866
0.617835666725
0.762640350665
0.877118422789
0.804522046778
0.72980992864
0.534005792347
0.376764219148
0.370389143088
0.399256263539
0.410394773207
0.314988351385
0.416429254653
0.557362271705
0.663026535599
0.890651903003
0.878533456338
0.868202417452
0.709842013345
0.453045690253
0.418752538312
0.41439341262
0.352362976082
0.347429753407
0.230753832332
0.47266904252
0.617163755052
0.782231761928
0.922767541259
0.881448206471
0.805454619517
0.592343159352
0.438001328933
0.356032839011
0.27594389914
0.279010742989
0.205496113907
0.315479115051
0.513673270125
0.603584893347
0.909352856192
0.9225498315
0.923077501465
0.817713359655
0.481026925865
0.397263471321
0.309991003636
0.219524343331
0.216739179513
0.199396529707
0.414494380809
0.594774478608
0.784252493134
0.927858847103
0.944357651277
0.903486659957
0.650677191846
0.478709729577
0.345067346405
0.19117089996
0.130086808715
0.108808295716
0.266697116624
0.463666680969
0.559922661794
0.863554171374
0.942121833258
0.958960861699
0.878143167513
0.578263936202
0.393085678308
0.241666769873
0.0854467854933
0.0713395556703
0.114282297536
0.299283979843
0.4758250702
0.750245341913
0.919435118814
0.954086550994
0.965166181673
0.725200743007
0.539139243189
0.359911252217
0.0812630442536
0.027732746162
0.0277177918958
0.208307675156
0.416168135737
0.534879337226
0.820437737573
0.945089567252
0.951971026889
0.904709350263
0.616729519626
0.462190005928
0.267407383362
0.0970134381745
0.0913061396214
0.120729393265
0.244155560967
0.407130261283
0.672736845342
0.913191485724
0.917821858221
0.963930669542
0.742536892623
0.572652754637
0.455346743238
0.108575378306
0.17240803475
0.167033557987
0.242109203097
0.37598681895
0.480715198317
0.78489531993
0.925764947193
0.94088938153
0.912389630475
0.697444363187
0.534347718
0.327662767654
0.230990449585
0.241752337509
0.25858916421
0.289357584399
0.351086364109
0.642420862773
0.865947117073
0.895044374955
0.949291317943
0.762683067603
0.604533712789
0.515527203545
0.210807426462
0.312748289336
0.302264754795
0.350023286498
0.36472568054
0.430215381216
0.651498158825
0.84615901102
0.902432205638
0.884651316822
0.732366731097
0.630320209706
0.375510624735
0.344107974722
0.382746972248
0.385881786115
0.415586977008
0.376765765245
0.560078373747
0.814345917256
0.841323716434
0.903223874898
0.798269371571
0.622491196286
0.545934962135
0.279781147723
0.411510266934
0.428177852296
0.434506002987
0.41283409363
0.402931498671
0.569003851953
0.719700205456
0.819509565864
0.847786555997
0.709937033068
0.635111573713
0.395872248061
0.382364046368
0.506458501091
0.501690630959
0.530307541734
0.446875157781
0.513539691521
0.72937163602
0.769588493401
0.830100523271
0.766977146286
0.62155604679
0.588389738815
0.379057635905
0.50815142807
0.550072398956
0.542593080169
0.483807937995
0.43569117419
0.530780825261
0.626084615351
0.725776544694
0.774130976445
0.646280219027
0.635633896799
0.426255562846
0.460780572436
0.604227696364
0.597777959914
0.66023539933
0.518229898845
0.525675778032
0.638784617614
0.67971577732
0.709806638313
0.695762189952
0.575415120976
0.570592903152
0.481435999006
0.58799365797
0.648345556697
0.662870423686
0.595939916726
0.516367592288
0.572575572314
0.590091872317
0.600853793677
0.696804496859
0.567331932208
0.570004548667
0.465172819508
0.481931641613
0.681581654924
0.677879857854
0.7546609592
0.61571981315
0.524484463912
0.596486866482
0.572619383585
0.589540813011
0.606127981882
0.544749702296
0.530740237029
0.490313845523
0.640432934008
0.706126617344
0.768203151849
0.719580472165
0.606868255273
0.594869929201
0.5653075167
0.508692967423
0.591798624475
0.492822069714
0.499727669688
0.431766582052
0.438967398672
0.730924826759
0.75683218883
0.834080933824
0.735313971532
0.548575419585
0.51264591743
0.462515230796
0.459071775776
0.483569973606
0.472392004615
0.456228548027
0.404192470182
0.668215228288
0.754001051743
0.841268101304
0.852619038075
0.692205491844
0.655920643837
0.512513317164
0.404041951722
0.445393503857
0.415926882441
0.4083099017
0.369332913792
0.433669448462
0.732729879202
0.807220434834
0.901576176584
0.811675658987
0.641208050797
0.51234675846
0.349820474331
0.323277843143
0.35796452685
0.361548433536
0.363563233783
0.324303192128
0.634362123862
0.765656672456
0.862010974481
0.917823308685
0.773053470134
0.722909642664
0.525899504382
0.297896031397
0.31036768663
0.300877630608
0.279679565246
0.340405551653
0.42828048287
0.747123523545
0.841171418531
0.935176336169
0.89645277646
0.760382830962
0.578454880323
0.327155535189
0.228825190765
0.249315721521
0.211999479551
0.25706863491
0.268737677682
0.619033964244
0.768350170817
0.850240978449
0.964409039115
0.826140923054
0.778788233873
0.588722016431
0.24892761781
0.166078258961
0.173952874636
0.166234138062
0.243944924564
0.396350918005
0.665441593772
0.826902208389
0.958728797857
0.93604685254
0.856682527285
0.720644402611
0.364571782963
0.20602062484
0.133979746799
0.0776817011772
0.127883704393
0.183311141205
0.560416578882
0.746484686205
0.841699688413
0.9870020253
0.872224929833
0.817095776087
0.608419452476
0.27931805535
0.137711777118
0.0498970042008
0.0420777815432
0.156089876372
0.351167703253
0.594425428485
0.746564205877
0.946186651405
0.957173656134
0.876300618658
0.751900028241
0.412377677548
0.253540881151
0.121409856857
0.0799280643712
0.104117270167
0.173962189563
0.464049611706
0.708678750889
0.815781059625
0.98126534426
0.923947546923
0.830232376664
0.661657429002
0.321443762021
0.223672514561
0.135778236656
0.126402260614
0.14368156654
0.322240726936
0.539988666709
0.694469428367
0.906666646678
0.961548424852
0.885385852227
0.800192830864
0.424267642055
0.319836725008
0.230333268957
0.19580747885
0.222367290354
0.248970974705
0.445747472125
0.636378293054
0.749911659685
0.927361254893
0.911941165389
0.845090463058
0.690052841239
0.453614784125
0.35239076496
0.253299030132
0.272536303623
0.268853555025
0.368728547622
0.547061899785
0.607418176856
0.846061755418
0.926266647089
0.869257732668
0.838675157684
0.490635790967
0.399801945331
0.32097208601
0.284163795756
0.369337563026
0.308081971286
0.450144248529
0.585700702363
0.680546248331
0.831637083878
0.875874806347
0.847239468561
0.687823850119
0.498722220886
0.440499046378
0.313152439313
0.418193400994
0.407609261757
0.455269327251
0.548341992568
0.584034092586
0.732919426311
0.880712277101
0.833602656829
0.816935370985
0.56146529192
0.456827303911
0.439998981987
0.395889732067
0.484890263541
0.423184949986
0.418761711507
0.486724278642
0.595254184206
0.746163459735
0.804415251865
0.812718102786
0.679977318045
0.499087696422
0.517764583602
0.402530339966
0.535025685593
0.543998650527
0.549972107639
0.587870200245
0.539386423772
0.636245962393
0.797101636972
0.775347687775
0.762613597124
0.524142930148
0.465369398599
0.522833860684
0.520352792459
0.612773340824
0.548718034807
0.501394360648
0.440247312924
0.486325020259
0.670445804981
0.721122617862
0.737185038231
0.621899119399
0.423334316693
0.543515944507
0.460190462984
0.645587982097
0.663547380233
0.642801384819
0.651719422969
0.506604906575
0.555735718032
0.687741130747
0.692834215854
0.68394267816
0.543557915087
0.477992435625
0.561919363103
0.608218158813
0.708690071875
0.691589911062
0.641023468879
0.483248813346
0.457172676886
0.589647525169
0.650003520624
0.636435033012
0.589008513832
0.396509253687
0.533472097413
0.499221789189
0.684425435422
0.75768061939
0.737012543545
0.718686252057
0.527423030143
0.41941427092
0.571865406298
0.586045374727
0.578333355835
0.500380882386
0.489219991485
0.547336661676
0.651865573532
0.791824479025
0.788459188064
0.791708307368
0.621828329263
0.443214911986
0.532416098667
0.547595498185
0.52448766765
0.51388883597
0.329868899701
0.515068748934
0.50687165124
0.695063623365
0.838929314232
0.80570136312
0.792179287632
0.558429713286
0.38899350463
0.400633100207
0.447129279067
0.458489821532
0.40206816502
0.443713420596
0.50515830632
0.604618388547
0.852079161047
0.850157718358
0.863086359883
0.715980037286
0.492911373027
0.484482851041
0.44423554364
0.392981987566
0.384619571556
0.265667567458
0.461653350148
0.533765777494
0.734756358544
0.901600324625
0.868562502642
0.844333240248
0.624025181142
0.40904005302
0.32569770714
0.300830633431
0.309365232658
0.264136570952
0.358890087864
0.464919603815
0.612716668019
0.873260601866
0.899333710967
0.920477666351
0.77440447228
0.533646232735
0.476710835528
0.364825656978
0.250428545149
0.250853293922
0.170671937265
0.367316533294
0.528505718728
0.723021680782
0.923578368856
0.928176614607
0.898185394523
0.706868661232
0.542681252235
0.353728749938
0.179606534586
0.170136799354
0.14002981112
0.225804823361
0.400613281269
0.538579046242
0.880380399336
0.924901817756
0.959477509708
0.869095793177
0.579669301363
0.505136265415
0.319642104602
0.121421851859
0.108513406908
0.10180839147
0.318877259931
0.485213865291
0.697798941195
0.882115952453
0.948542619561
0.95137794973
0.752495380239
0.600901512774
0.431484247392
0.137676247874
0.0406401996566
0.0292831397488
0.191378021479
0.346730667329
0.468593131996
0.817431872294
0.924653910874
0.975951213306
0.936221912812
0.661997635326
0.530969614183
0.299189455467
0.0560668215231
0.048851706558
0.0637171518821
0.196041685188
0.390957887124
0.657001013932
0.846525849583
0.934465843899
0.987697671227
0.798551261338
0.657213717275
0.441269556608
0.119177225761
0.136685756063
0.11358680182
0.227962413483
0.319954840973
0.441165559614
0.732998781247
0.901547006888
0.950099853443
0.934170901574
0.709960568785
0.58295764369
0.370597896714
0.187155326272
0.191241037364
0.179094778686
0.196289309576
0.310445836385
0.582692695229
0.817974165555
0.874170155723
0.968886481515
0.803140690163
0.679214579048
0.544365015384
0.190435189847
0.273223724305
0.247522997456
0.311113530669
0.337305092654
0.406512490417
0.698564316359
0.847995181025
0.904094237906
0.918181731607
0.740831433281
0.618690814535
0.420911436973
0.323337564328
0.330817025967
0.329547664609
0.300161646207
0.330408044089
0.556920254615
0.777467787906
0.824613451491
0.924773626491
0.795639482889
0.685689194306
0.600349606961
0.273186296383
0.397186497866
0.376043346525
0.415628932214
0.400394372678
0.361636513298
0.575689526484
0.77555480701
0.839020092445
0.863228636584
0.768429034481
0.682880389178
0.445111900935
0.422316854797
0.451572234794
0.448817428026
0.481712811472
0.391335816166
0.539428522913
0.727499366317
0.763121985268
0.844057476227
0.794679142668
0.677199021506
0.596365263402
0.33035630422
0.478112356869
0.503117144183
0.531050683869
0.48485046591
0.395690695507
0.479322708975
0.61709656204
0.737291947808
0.79435983394
0.72371518301
0.66653362068
0.437951286388
0.439737001557
0.560941940059
0.556167303814
0.606486886491
0.510377774793
0.535635843469
0.674097098334
0.679039182129
0.747652756985
0.746732459464
0.644172647136
0.606678982691
0.371133168128
0.542046783336
0.604937567932
0.631845573796
0.600740729469
0.484769859195
0.473359586197
0.524394241455
0.611222466726
0.707691303244
0.650939737012
0.636630616951
0.426078708249
0.461822591644
0.626475792553
0.627988659103
0.726232886591
0.602264359406
0.576138714993
0.622483031085
0.585649719856
0.616019832924
0.645262761877
0.578199374784
0.566478768407
0.470777880733
0.594813178655
0.683782328909
0.735299123068
0.706551581635
0.620030208483
0.589074383898
0.483645461756
0.500987445198
0.607790077072
0.553187889876
0.551999307555
0.437618165003
0.473486430991
0.676014360707
0.688854143883
0.811540075324
0.694207770928
0.637803722922
0.613940686824
0.495952069273
0.471135130612
0.536731435406
0.500781008448
0.495324689921
0.459844401444
0.61236357029
0.699346477924
0.808835801036
0.805188809424
0.709417542066
0.668730431437
0.535845577285
0.397467175921
0.504910399074
0.451037855829
0.447463344516
0.387483330573
0.399720138315
0.700436657734
0.741556561383
0.877122509245
0.818355771185
0.663827176815
0.612179902791
0.422679096998
0.349071843343
0.393174534034
0.407006913385
0.392772221281
0.379745870902
0.611882067222
0.718753075559
0.846688480649
0.909948611502
0.785861853462
0.731466723837
0.514437270697
0.334920145115
0.365367371988
0.348743126369
0.330614359107
0.289916721911
0.358161987039
0.675850225924
0.781508728086
0.924610709121
0.888382110406
0.758753090987
0.627462727997
0.387433472812
0.259311039292
0.264940199571
0.279162686544
0.272090894162
0.24991348051
0.566805943328
0.696504490161
0.858943751149
0.958958603893
0.854748844566
0.816950232037
0.552790678633
0.281752243187
0.260181927758
0.240760043159
0.191525529967
0.227731613302
0.34433515637
0.657634991965
0.785590126271
0.929112386758
