1.00000001476
0.794953529755
0.808951937964
0.574612121121
0.303695200281
0.250280947322
0.0374215822197
0.120112241038
0.240523817574
0.277684562537
0.624547403794
0.580202580616
0.792768005949
0.859499910533
0.829156315786
0.814522458874
0.469759122988
0.51723944271
0.0687165503133
0.0967313092298
0.118162626202
0.101833995876
0.252825121418
0.360965086499
0.4824663715
0.664859377974
0.768405942949
0.8456384799
0.571000802596
0.477296968724
0.488387492849
0.0576121402395
0.127354694654
0.255095257551
0.236763634807
0.362394607227
0.0654073376071
0.346867908417
0.466400785185
0.640244125648
0.638612955879
0.435587897612
0.526831684401
0.133386629829
0.072569358472
0.16451676907
0.395656247705
0.339581079942
0.423620430714
0.231532807148
0.113331430858
0.547278339294
0.539598410151
0.254278505858
0.30487184203
0.499664611134
0.0385591313557
0.164720970661
0.35307729312
0.424297268598
0.558358624817
0.567960621234
0.354691719499
0.475768462016
0.485329515208
0.147605635965
0.0354782200226
0.271669862587
0.292589431103
0.155153528869
0.210481233036
0.527442228502
0.369127585688
0.833866683093
0.678816986236
0.667951255497
0.627484676874
0.556577604307
0.239009192487
0.0861121324781
0.249076141098
0.113208033589
0.0607694396116
0.269522812026
0.403538404271
0.468855023658
0.764286059241
0.77480735283
0.914067208993
0.728283656862
0.706620249055
0.450022156304
0.169548237183
0.332430475599
0.161553272674
0.163769848013
0.373732661289
0.239746603159
0.7234229117
0.697665077682
0.835934683157
0.860489195266
0.825800281647
0.664882052572
0.40825237526
0.47805841969
0.226339985343
0.189158144722
0.208542593433
0.146284071934
0.183430141252
0.563604373195
0.747845302282
0.897351528957
0.847575763352
0.942432274119
0.660949083233
0.478235350943
0.457347915182
0.1702463643
0.152691334967
0.208319056806
0.0405460603061
0.274610400335
0.345519914124
0.615043624241
0.713689778932
0.790104375816
0.83326002406
0.553029611107
0.71152477774
0.233650622644
0.243760080441
0.164666607989
0.188689930143
0.183115578632
0.0251131798659
0.235339724235
0.323187401637
0.66619224704
0.744916897979
0.495812814679
0.552127243425
0.628292133558
0.193803311166
0.222446274343
0.365674932391
0.214451608358
0.3579500269
0.294982103007
0.173106312252
0.354934952963
0.512158107103
0.399435339291
0.354180358759
0.549160607396
0.336352497771
0.213811305832
0.139869675743
0.375167056739
0.243847062597
0.606452989239
0.445606643392
0.430954289969
0.492022356483
0.441067481159
0.0874061913331
0.245508008613
0.488360561612
0.210831834523
0.157039753561
0.245235829251
0.27586196672
0.462058441315
0.631642680922
0.563791334557
0.719289647128
0.558924779143
0.437818504577
0.169316091845
0.229687132928
0.448955627591
0.274564090914
0.151523257084
0.316043051971
0.146648382348
0.731102582239
0.661049813248
0.782826109604
0.704811626629
0.67696496829
0.436413663382
0.260403020236
0.375941430976
0.339477622594
0.131526749806
0.243856488548
0.182022981074
0.201867219327
0.609885016761
0.773578571549
0.923247632704
0.792994065293
0.900309734646
0.592307538757
0.345209539553
0.459591315271
0.260420220557
0.191759414031
0.226143986926
0.0634571044657
0.370668363447
0.504404728669
0.720197990915
0.792066532822
0.815099561421
0.759785512474
0.535690851477
0.709623852407
0.39720440907
0.34400232522
0.256265319803
0.163684754654
0.132288917148
0.284625891369
0.539269348262
0.611390913499
0.744633376836
0.880736529818
0.646843123094
0.595839884266
0.612944979146
0.290539817238
0.24077094948
0.424667791545
0.209614507257
0.161284923425
0.265611152742
0.385118788697
0.485505315134
0.60684162244
0.69709128292
0.546841936842
0.779121172837
0.38475281419
0.365085508784
0.186328377334
0.295788498913
0.239547898613
0.334606149793
0.239684544225
0.113337884344
0.470012146191
0.499539084848
0.338799928723
0.531931449738
0.673586085551
0.338122999655
0.281290642232
0.375169350753
0.200098496873
0.466168882835
0.463597888705
0.340413018899
0.467399292777
0.378103799535
0.122926979914
0.206852262798
0.468674274221
0.489711489941
0.328737515386
0.071021966873
0.242041244823
0.13570957499
0.655653039246
0.55007663111
0.654374011933
0.479245240708
0.430880084273
0.197089584892
0.164484081791
0.450573457275
0.39338498523
0.166032137538
0.126053880336
0.0567610834316
0.320081454621
0.553349297683
0.654791013697
0.811148357868
0.607639389627
0.689041436148
0.352806356665
0.259410027098
0.538372313477
0.358465690656
0.170833820913
0.114233943141
0.122947865549
0.460478431273
0.51926993912
0.725685454456
0.688810078136
0.709957444413
0.573031958628
0.40970901103
0.554477195982
0.507295835985
0.289581859031
0.326772276336
0.225009612737
0.143961507932
0.395955740517
0.640084706133
0.727302334351
0.714512377883
0.908464800134
0.643941193871
0.484990381101
0.548825405058
0.327758402529
0.269088527691
0.421095178966
0.31860193407
0.0707236635247
0.362373086127
0.504136302036
0.592946164836
0.651666814988
0.722411415692
0.58396019505
0.821380382016
0.506939505047
0.467584949488
0.306703094089
0.365975406858
0.35873254539
0.305011644651
0.360890720232
0.204075704361
0.506564749383
0.634544685548
0.533874036428
0.619336104784
0.688771401917
0.384210375093
0.299353008891
0.579590368523
0.381008368187
0.490388198839
0.43260480079
0.325170572987
0.290444332243
0.328155872931
0.444065878592
0.446788232369
0.701267760509
0.489748776467
0.429786343632
0.168423176121
0.333872405879
0.316773153676
0.553173003569
0.445755483736
0.453887878907
0.278728888092
0.20938783807
0.185263418492
0.415637211978
0.623734932826
0.439679288726
0.300032475514
0.291179599608
0.228055554369
0.530592510975
0.504749254608
0.519489660381
0.596606230712
0.34530217756
0.272617047136
0.0626638507585
0.324696255281
0.569555739021
0.385683834267
0.0533505467122
0.110670223375
0.219598889569
0.546948097906
0.519503401113
0.716388033218
0.48388537025
0.510836580264
0.371766465653
0.171191714355
0.434251115377
0.510615866531
0.204267579765
0.227863527582
0.218311982849
0.236195859759
0.369825327981
0.601453433992
0.712074381499
0.571284446773
0.800518773962
0.471582676915
0.361836873284
0.559876950256
0.391392982842
0.247171654922
0.340414930885
0.379226558026
0.0836134280791
0.33688110681
0.512674143894
0.554912832734
0.620120470324
0.604070521297
0.497480483056
0.670730503885
0.595236228778
0.417476980721
0.431123816338
0.447160349062
0.418997472127
0.349982238443
0.451601560807
0.366617010336
0.49596469368
0.724815135742
0.587574467171
0.544860014871
0.587850400532
0.366781893223
0.324775707358
0.640280079894
0.521496245265
0.474766983756
0.453104689463
0.365443616595
0.305547849568
0.364965776294
0.571589938661
0.535490017366
0.780295034865
0.547388612385
0.524629080731
0.320356469708
0.49333995175
0.525162695244
0.538086307887
0.429993584037
0.240262462095
0.192522118674
0.260309000599
0.374559583785
0.537565785574
0.667926477705
0.432896312497
0.315620325171
0.617736453294
0.486096116917
0.710696052449
0.575152185325
0.497958424833
0.329283491881
0.116537072417
0.193792245024
0.274503949663
0.491152776408
0.529223764424
0.417297822916
0.124399716975
0.335983891642
0.393579327446
0.619603485024
0.57513802993
0.698476561826
0.27699026023
0.28765340012
0.246035861827
0.230665681061
0.498568841141
0.47148702128
0.27738643557
0.156694047306
0.329640710322
0.503575913355
0.411557606461
0.576694550784
0.616503007968
0.391503153769
0.509031427427
0.177468936498
0.230759987125
0.56872287217
0.377303238416
0.138025929134
0.281197274997
0.411139432487
0.312331710526
0.365518202231
0.598568861114
0.443090933401
0.563266870574
0.46666925456
0.259959117044
0.443953543023
0.547235392627
0.259704793714
0.411113792638
0.45208567831
0.366665486043
0.241928145126
0.431205600384
0.443098749184
0.424931343139
0.736823621468
0.492333485314
0.437631145731
0.52454541939
0.381675746982
0.312344505566
0.588328822154
0.577116803182
0.332680559124
0.340669948486
0.260311753693
0.317153816265
0.407898875943
0.525512702014
0.494545817516
0.666076830624
0.597158735184
0.488694325556
0.495154535057
0.607519016882
0.640273742548
0.539557759435
0.406343899214
0.0868863842804
0.178220691727
0.392009597846
0.448334390032
0.498518493258
0.562470900531
0.372860678524
0.3400200311
0.751992590575
0.633892206682
0.782063152766
0.630471230938
0.508901506768
0.144430321639
0.0344628053973
0.392063704084
0.402015636633
0.585431937949
0.513600679987
0.495793573211
0.289579662856
0.531626501813
0.61077993622
0.683290491152
0.617815168165
0.620274457707
0.183432389432
0.17518446835
0.30855664764
0.376448493108
0.550224195691
0.418170245675
0.286670319922
0.533787101787
0.52735496029
0.767545192105
0.600798566277
0.64566237954
0.48656127245
0.32682083891
0.306828098668
0.108328603001
0.198143307981
0.496353515837
0.323824013017
0.0761615768992
0.352862313287
0.474298771404
0.530854024761
0.574644939655
0.777437525152
0.395771859964
0.532420109353
0.38732843085
0.0669731004215
0.336042133487
0.427774627962
0.221990155655
0.158480411995
0.447719570187
0.421421651235
0.213894391205
0.492733920154
0.51976862612
0.407815002979
0.61915419782
0.291414086112
0.292238898085
0.498334793601
0.321448157251
0.211103342722
0.484018111534
0.572532068182
0.148162508337
0.156153497568
0.326949916189
0.337964331312
0.511491244737
0.451625990055
0.312320404167
0.428915597971
0.506164954706
0.309177154365
0.554494742297
0.612671433973
0.572254574525
0.404819358127
0.27403928058
0.133982967915
0.202142100383
0.505498810882
0.407903485516
0.420062946104
0.443608523069
0.33999958754
0.342918350181
0.733744077929
0.6816444368
0.68349805168
0.543040257274
0.379910113305
0.12569329681
0.127480401714
0.389295723881
0.39611128421
0.519984525699
0.514571539993
0.482567436849
0.495125599165
0.665372106787
0.765296738291
0.718317190418
0.576938423537
0.516639649856
0.190671645276
0.140312857796
0.325505598082
0.356014834667
0.462773441576
0.332776824579
0.312355087788
0.725410819279
0.646564045674
0.923597215194
0.735178349985
0.720310110301
0.412029466263
0.338823076763
0.368495509385
0.252745769156
0.27556130169
0.40899668602
0.381165372022
0.217739638286
0.492303549863
0.620465794459
0.683437899975
0.733577568311
0.857854649631
0.457173391095
0.53559964872
0.410312195869
0.234729791284
0.354452133304
0.337095029528
0.214132002095
0.348574605233
0.510794067593
0.65974130408
0.500291807817
0.668424112435
0.596602276228
0.517461426679
0.515531601144
0.195015896941
0.143562898584
0.403350238365
0.172094625816
0.0692587832534
0.395644153006
0.541564117854
0.325091984057
0.445285481272
0.677978224445
0.46786939415
0.649440927297
0.44964233937
0.192009679843
0.19497234001
0.324478635036
0.162806084745
0.326696076675
0.524648964643
0.400424532627
0.0887284715762
0.29458122767
0.39277832928
0.371526490729
0.569295491584
0.316278231309
0.366911260186
0.37897239041
0.250242165677
0.257088539988
0.611148581089
0.65595270572
0.409997299891
0.237599278004
0.0683290742848
0.259684770851
0.351159644647
0.339500193927
0.278769779505
0.345614880972
0.398417955842
0.324097334121
0.620358308669
0.670084040649
0.737224400032
0.625840095373
0.388079826113
0.399971254914
0.214746543675
0.165742903912
0.256631395773
0.28750543852
0.32061769632
0.266242643454
0.333568976033
0.744659680395
0.677914336014
0.90421073231
0.726177088914
0.685191449158
0.378755767585
0.27278417707
0.34054798312
0.25022448989
0.252880179657
0.356391339466
0.39421238082
0.425515169
0.61585550757
0.778713149096
0.783560562566
0.756391940774
0.839957018333
0.510647141863
0.486142903441
0.376525753477
0.211602716308
0.292654871772
0.241443543839
0.246336681586
0.56626763368
0.564475125084
0.874689637432
0.718397056492
0.829119014885
0.65140493865
0.613548456469
0.511139839714
0.264290234076
0.119050392875
0.255593745954
0.217673154056
0.117661024291
0.397739981107
0.568757664204
0.544100699667
0.719048354328
0.903372983422
0.635738418
0.760694760732
0.520962079208
0.293290212447
0.117199063799
0.209275163914
0.11065789968
0.11295844186
0.443144969042
0.437030047509
0.301296034898
0.552304579951
0.632652383956
0.600781676873
0.606216553545
0.320427645111
0.398353390026
0.276816362559
0.0506001296304
0.117455448965
0.43052722122
0.56652568188
0.132449684031
0.221356110756
0.436361147796
0.477484213625
0.595139929937
0.400164197766
0.302282455942
0.186544739367
0.188236729651
0.139467255815
0.474017906557
0.530907460712
0.514163957383
0.326141906854
0.10943510332
0.416804927017
0.355434321512
0.371383422107
0.240149738076
0.35711381891
0.227343692101
0.181014773507
0.270431521803
0.630766657899
0.63994806015
0.667277335315
0.482595531376
0.428295672119
0.375213934165
0.216041020086
0.222681122131
0.15593451157
0.213344937344
0.237215134044
0.281276344265
0.589292668321
0.61660255193
0.810921274018
0.762224225066
0.612465829661
0.730736139624
0.485019166907
0.271037613474
0.207276484797
0.0714166877696
0.158989993186
0.157893924345
0.287725619018
0.619482307737
0.568160588594
0.949794896208
0.805143773443
0.89727010547
0.644947765142
0.579231395168
0.461094187398
0.239614354277
0.0901120112071
0.14524736566
0.254847970325
0.301313256958
0.472347114237
0.682047878654
0.714028455253
0.830774269908
0.982536215433
0.735229279769
0.788461125504
0.524154637462
0.302369256874
0.0801485317826
0.122417231197
0.163570121749
0.311781922772
0.403423463141
0.652036354796
0.582061756886
0.784919237197
0.780537372332
0.770506686018
0.62798769556
0.402903546905
0.438604655916
0.118675451659
0.159815015028
0.0697690673399
0.277552641042
0.474872615211
0.304780589376
0.575466767884
0.752018785925
0.692469006567
0.797339076496
0.544113474338
0.434092856319
0.147854003959
0.0873710419259
0.0341280218033
0.178440736953
0.339832263443
0.264249932507
0.0827378245918
0.327897204208
0.613666797298
0.585256759705
0.550695304292
0.358517252741
0.551487201841
0.147122593932
0.155168030809
0.164441696883
0.423473956747
0.527829209404
0.30011415498
0.0894964934836
0.207217015661
0.472202628387
0.396912195724
0.255704328906
0.328130275105
0.299588323147
0.0491265979628
0.137465308244
0.54017977628
0.45935427476
0.659407866512
0.527751227516
0.307824941088
0.585144754792
0.438275410556
0.079587692416
0.0843196064232
0.27336109419
0.0620001390615
0.0984367075019
0.248049868173
0.535897889325
0.521970482046
0.803738343608
0.665000984116
0.734744058384
0.571972217799
0.397499505281
0.298074537478
0.0450771431476
0.219409510513
0.0569992395794
0.179612106146
0.46212417927
0.462418429729
0.765295144468
0.773183770686
0.765086561643
0.922026399508
0.706107502351
0.619739193074
0.369091778246
0.230862878211
0.0790269643308
0.0796454026804
0.227386222242
0.387298527909
0.368870148618
0.811227688809
0.756369243436
0.943261570546
0.808016073834
0.800047751927
0.602805213314
0.402694107493
0.411187669652
0.0975469460535
0.197208189475
0.197975408961
0.260938476981
0.492325968793
0.530443331564
0.769905348614
0.916354462859
0.824388286577
0.92571187719
0.623769868561
0.494513866737
0.173834635736
0.113461696974
0.13554287782
0.102685453926
0.194571477667
0.313132267965
0.366981894389
0.593450312933
0.782311416885
0.790785246291
0.637636274772
0.498509983375
0.670248814738
0.165323463611
0.288354561853
0.159320648651
0.180690528107
0.366496195169
0.0549368757713
0.347783303676
0.448884993191
0.639736835022
0.645755986696
0.461826660877
0.51409134032
0.367423849985
0.132283817514
