0.0
0.323212170879
0.446272776875
0.523724335629
0.513088197324
0.474462927856
0.247192907042
0.333330767423
0.264534295913
0.359209048895
0.306676811367
0.398519050103
0.161271307633
0.136003867115
0.453832407679
0.383206434832
0.656066199396
0.673532675281
0.654436900262
0.455133879276
0.43721893315
0.0441959974745
0.202851374083
0.250975271531
0.321021135051
0.137551043114
0.262015918801
0.364640956398
0.455397318804
0.701977232718
0.847933723301
0.747864101162
0.641144730056
0.445156741043
0.307968872856
0.0915193846201
0.204346208492
0.25965690573
0.0906054787499
0.26787049042
0.257845880617
0.512180220855
0.754923163923
0.905410584998
0.83190651112
0.677863173849
0.551891623793
0.440813086767
0.131728829308
0.252406692161
0.185990784075
0.0743146493801
0.107599390357
0.293558597893
0.503810657498
0.727861302763
0.865297066598
0.78242396089
0.693006791442
0.697419382606
0.47544984625
0.251924926196
0.237643587348
0.122120010832
0.158441805328
0.15466477975
0.354604458414
0.324464933018
0.608027251003
0.690526461312
0.699285237496
0.716585966677
0.70061822312
0.44024423869
0.273583465691
0.184931234092
0.171744642924
0.285269215384
0.347709779563
0.260628836054
0.181981106851
0.414585140819
0.535085480989
0.622833274372
0.652701737224
0.585520214473
0.393146472892
0.230151008033
0.094395538014
0.327740971113
0.405597384277
0.449949324816
0.292152134323
0.29172472826
0.125593238026
0.477943567609
0.462781931771
0.537091902941
0.397379779294
0.389693539558
0.0938395367082
0.137348957941
0.485740183809
0.449772025335
0.564206548121
0.478116471633
0.41244577162
0.207199789754
0.362683829678
0.273458170527
0.319524265273
0.350219501492
0.291098269251
0.0425601397973
0.338709541989
0.450886986622
0.566946719553
0.654907427999
0.722374221448
0.528876797778
0.459535384516
0.199915648337
0.166394192292
0.150218036613
0.317411713201
0.162419825206
0.0832901358945
0.40683741583
0.322760874826
0.653992217817
0.764490129505
0.850776036691
0.653178515248
0.568914643924
0.31323038858
0.198830338512
0.120920399057
0.284419427517
0.146908273522
0.173532568314
0.244052465264
0.371703833405
0.632690524285
0.873985117897
0.849602637477
0.746055718827
0.590998143107
0.525548615724
0.183936104336
0.168805877756
0.256901227739
0.0802310717779
0.175423288683
0.123761256761
0.403293021079
0.605411066504
0.851677546651
0.814624241903
0.720113354542
0.692936855112
0.548145186435
0.265705157647
0.259215754556
0.206068971035
0.168878083275
0.136535049594
0.275744340262
0.31630601004
0.527794059593
0.69484319969
0.685773684271
0.707307383165
0.720917395318
0.512520204302
0.334654737984
0.240017845534
0.201760156321
0.303513176095
0.320294854131
0.371429320886
0.0359738572707
0.407221711102
0.418720276945
0.608833563477
0.637635278335
0.608376981394
0.445205350947
0.312473877433
0.17971174096
0.257731194667
0.447640287594
0.453192330033
0.394155414526
0.321608934216
0.21741650862
0.346007252602
0.502566358361
0.459729925577
0.44508767922
0.39070963491
0.234393649694
0.0819762153852
0.397555105601
0.498657344295
0.549771937497
0.526233024671
0.541492804238
0.220051311976
0.392400851128
0.286925332512
0.28615397137
0.283133810123
0.3682413339
0.0673800138033
0.121802580498
0.505345536923
0.475289523387
0.66759320992
0.682103426531
0.677020770545
0.437724312371
0.36697609041
0.0157062564302
0.106197435044
0.257012829705
0.273058385207
0.0912627078443
0.28493596223
0.386797148417
0.54736343291
0.704404040991
0.869251536283
0.72776400287
0.627402421245
0.334720792992
0.304619893347
0.0517249513275
0.235615237808
0.195637309854
0.0258084440056
0.295882974807
0.216180451841
0.567144185191
0.735218345738
0.912109697056
0.754096640549
0.676420021283
0.518966044166
0.362773862907
0.0851730128982
0.273762486645
0.185260253581
0.141976668665
0.0907807833449
0.274710932393
0.463731025867
0.759464509486
0.810148950261
0.758178139963
0.666024355035
0.656288291321
0.289866507895
0.229226466191
0.264020787445
0.188436721552
0.223177377106
0.150044674732
0.318118607218
0.347996852962
0.672381272524
0.673770178932
0.687014697692
0.712366118581
0.571724322553
0.335632280796
0.284120625974
0.232924955518
0.308219220394
0.321533004065
0.360360659094
0.219243796855
0.304625234267
0.433425463381
0.51853200438
0.634898941693
0.626731947715
0.460568141309
0.36662759703
0.239936581221
0.255357082371
0.431827805665
0.469126444885
0.465526707668
0.28769369761
0.367322047292
0.0962955684919
0.50031874965
0.466072573183
0.430472258471
0.369697155095
0.326335024303
0.151040285476
0.296582291763
0.539660166234
0.530091483641
0.567417224011
0.583177183264
0.422037842723
0.331247496305
0.39216195207
0.200765540502
0.237537560111
0.34208711818
0.234031507985
0.0454472972031
0.397095676473
0.513664227111
0.603779403501
0.692099144848
0.771969489631
0.527827992626
0.452305644475
0.205623916983
0.124814852512
0.152644802489
0.326780341722
0.109299374391
0.0668940329847
0.44059536092
0.437008321667
0.685061271779
0.780971510226
0.855939855072
0.644635217936
0.476459210197
0.265859245343
0.185447224211
0.171231518735
0.272719870509
0.147388873488
0.205453331563
0.260644674457
0.461207632507
0.649824763362
0.880022208034
0.810583018495
0.741273520868
0.478250879544
0.50201132203
0.15291849038
0.209325913104
0.242952925854
0.124000116725
0.213057375106
0.0952767188832
0.41214805638
0.592209949136
0.824840497237
0.742514559102
0.714263519317
0.632532896977
0.470502577151
0.168948176012
0.284188995915
0.220478243159
0.266610913548
0.167205185598
0.253405302921
0.230109117497
0.535420589158
0.639195501737
0.676843307364
0.652713802302
0.668399776353
0.324616033046
0.301655591818
0.255906115272
0.273432848045
0.386719365551
0.299647306562
0.357111385409
0.0677722917469
0.417954092872
0.440999951227
0.594675594811
0.615935352561
0.497267078295
0.345458509877
0.302258692226
0.224351717672
0.415086876693
0.477185013069
0.467100316787
0.377964039219
0.33219346959
0.193367835639
0.361329061439
0.508167968433
0.43387693264
0.33448688679
0.35640756559
0.227898017063
0.254103044109
0.509817482397
0.548988388725
0.561849711246
0.567356676105
0.54745723769
0.269480440409
0.448112731551
0.256544540673
0.210807620199
0.253036151659
0.325785882466
0.097365091351
0.289198624664
0.542445949302
0.540631737335
0.685454146357
0.782113672049
0.684860554175
0.504358234232
0.383739613899
0.0806423807183
0.027659608968
0.288954083212
0.24732463502
0.0554389383537
0.342827913988
0.436178843642
0.587502701564
0.753494305215
0.892537421887
0.74542451256
0.579283713856
0.330798646861
0.309478532079
0.137589357463
0.298430065659
0.187122675931
0.104605811639
0.315439947043
0.333612691556
0.608734540297
0.752411301681
0.900708797614
0.762820857531
0.584936568798
0.471473059609
0.350183703143
0.157062040874
0.292893229187
0.202164782241
0.223102146368
0.111889202958
0.332890114764
0.496855259707
0.752338396422
0.766432915627
0.767250231494
0.565379169478
0.614307206618
0.224054198208
0.245176932938
0.274074614276
0.22471511571
0.304855421899
0.147738552867
0.252374258843
0.365594347047
0.609966270851
0.62444814175
0.675411728201
0.645157507707
0.478875124468
0.241220861568
0.287927777349
0.227690077952
0.409573556787
0.347229573492
0.350987566447
0.124741884321
0.301851779438
0.371529665391
0.530038194829
0.565861338702
0.564736027938
0.290206958117
0.347361209639
0.213157437168
0.303889926669
0.535359696118
0.4211472682
0.486281292564
0.316120197415
0.270266745324
0.186109128607
0.491451433492
0.437154367067
0.338275821005
0.318786689091
0.30830681888
0.162456250177
0.461335610899
0.565136964575
0.534114283043
0.574355087733
0.579241743152
0.326041917068
0.361030837076
0.399422474624
0.181355591902
0.17059464821
0.330269729436
0.21802955034
0.194929934409
0.523345822993
0.539054719836
0.608900728035
0.761531769709
0.746986687688
0.552158399579
0.494952105576
0.198040807857
0.0999049908042
0.181095926327
0.32870806542
0.0896023313394
0.261436975119
0.460314106257
0.473816727416
0.710856930666
0.869851564575
0.848133989484
0.670141503509
0.477593462011
0.317781090626
0.198200975257
0.27635384835
0.280905441406
0.155504793149
0.293281959817
0.272647935523
0.502700310565
0.69418255404
0.876136597427
0.833464610752
0.676857332524
0.480777248427
0.473328191764
0.232980262917
0.298402590162
0.259811773894
0.227267810575
0.229540715857
0.197130160979
0.454917875453
0.600157275256
0.80041826913
0.76977819212
0.641475797914
0.58620180771
0.433169845894
0.203789022735
0.309496068814
0.243137185311
0.354250023382
0.174935017662
0.246652994261
0.268323334711
0.52042323935
0.604833760923
0.704139846693
0.584227458868
0.613292739441
0.237479377832
0.287576107873
0.268942915568
0.295146460938
0.47077822989
0.301273010136
0.264362851924
0.16019572628
0.32846000499
0.427288248635
0.581268065574
0.565704582815
0.388610302488
0.286980782705
0.268157990197
0.200021710159
0.505389462394
0.486685182477
0.476865708242
0.352928285145
0.347372834468
0.0643568387969
0.3889701398
0.445453700791
0.372734638748
0.22456576756
0.36330793804
0.138066880885
0.275372713588
0.615686307926
0.479751105016
0.604163594153
0.587142392219
0.453291957278
0.22448010654
0.451568296908
0.246978092793
0.131173758081
0.291091404529
0.314318776402
0.055741234734
0.440148045056
0.566772652533
0.534159194403
0.697871550277
0.791784205874
0.573031777939
0.504630493125
0.39880061152
0.0893892957643
0.0915555596704
0.315808209588
0.239244870934
0.123585778211
0.477379859231
0.438839355759
0.584847015832
0.83251706744
0.864470882815
0.73784202041
0.588453436455
0.366346918194
0.256505142752
0.223784461476
0.341209794541
0.184482457912
0.270569870137
0.331149927583
0.34470219393
0.632729877131
0.829579780793
0.874123246879
0.751546445659
0.581767046163
0.480199523612
0.330641348534
0.297975840373
0.318105768598
0.267607673652
0.333134660038
0.0581088231576
0.380550056279
0.519780873626
0.732014779882
0.777994520174
0.707585869141
0.569680128265
0.532510475079
0.292698518387
0.307747381197
0.305165853612
0.344816446607
0.331334317537
0.17628533388
0.278763415324
0.363404038709
0.575184942743
0.669969627632
0.636297344827
0.594832071712
0.415326733477
0.243822721231
0.298316047255
0.258506226112
0.488263608886
0.359015872801
0.318088472205
0.0567665542566
0.296015871127
0.354124480064
0.579552831014
0.542661478159
0.502872563486
0.207920700513
0.306934332224
0.219572894847
0.319328949732
0.602507613401
0.432939863198
0.43220698833
0.311661630342
0.21467716693
0.220835633873
0.479260746041
0.419035287064
0.229160257854
0.313451447702
0.235468975011
0.150933891814
0.530492246306
0.555791133999
0.564273130533
0.558255235373
0.593013580939
0.25112694674
0.37752036792
0.353200861333
0.140718984631
0.207003643885
0.360988646937
0.0937297690456
0.212752269716
0.607115099512
0.462784937463
0.656420455534
0.760767485721
0.68251137345
0.455131407069
0.504225810998
0.215472775053
0.103782859116
0.283746129019
0.334017713437
0.0973819523071
0.375760840155
0.482947909955
0.462116807296
0.712926737292
0.889198462408
0.738195951598
0.646502992233
0.485471866799
0.309404341199
0.20339280305
0.317803235696
0.292662205492
0.186153050724
0.406494440635
0.266303494937
0.492491951438
0.764771709468
0.863472726528
0.801093918674
0.661318305172
0.516784354298
0.373868283555
0.281639287958
0.351053742165
0.29144198667
0.351182947072
0.263737872286
0.212936250563
0.464251313553
0.671330963145
0.76206699124
0.732307700549
0.639203768146
0.541119027264
0.369731718425
0.307896044004
0.335007994509
0.362787813412
0.449764026061
0.202615116609
0.300308440091
0.258401576166
0.506391177567
0.594860705703
0.671794525038
0.577695014895
0.479009087198
0.282802199158
0.301940076371
0.307538956832
0.426504819501
0.504247081824
0.325759038788
0.248845606492
0.202737116667
0.281559983261
0.499987536332
0.584215159233
0.506317650529
0.306741380372
0.260593110535
0.251739183814
0.242315046946
0.569870511206
0.510267330801
0.461086996465
0.291400208756
0.367087780957
0.0707083431193
0.455570114839
0.463295881474
0.313971579518
0.18874610808
0.308682385785
0.130230072963
0.296771972697
0.658995397023
0.510306704146
0.58699961984
0.554216896204
0.447495270258
0.242821674169
0.431581716931
0.249592871156
0.103852995143
0.330210639729
0.230482566007
0.13142497932
0.487769924416
0.543018541632
0.58248089106
0.6818821434
0.790873309135
0.494787875224
0.499620692254
0.342142957047
0.124433779816
0.265184096881
0.354854935197
0.177058807579
0.193769349013
0.519063868844
0.372077264878
0.622717856742
0.809558135971
0.812706844257
0.627370086359
0.588924890915
0.343926622486
0.273884309413
0.280661379662
0.363666763567
0.233476486459
0.339359565957
0.340151224994
0.333909100701
0.614902141802
0.845944517146
0.78229223368
0.721589134886
0.566348546577
0.449320690646
0.281035405398
0.31663140807
0.344999862149
0.326740572513
0.385160993005
0.064363444285
0.364765294646
0.569265185734
0.739834332112
0.742110414569
0.682065802497
0.583758206211
0.401223937725
0.283570176804
0.341333176829
0.3656339696
0.465303537562
0.363737022623
0.232705388292
0.25530624424
0.437972609987
0.538979033938
0.630034323586
0.634802486781
0.498449618871
0.312320969427
0.282973696564
0.315109033332
0.417653804891
0.568623339986
0.418377401581
0.350780537596
0.0759819294897
0.317491953322
0.332470967149
0.596315038013
0.515498019297
0.334956238558
0.218636043551
0.279803529605
0.258807095486
0.458454745686
0.633632541927
0.471938432024
0.410554628909
0.390923221284
0.185743927706
0.351339819352
0.517802823549
0.357975785651
0.156132415101
0.27543574682
0.188913122938
0.20363555216
0.579963693152
0.588724950817
0.572700901372
0.518791820717
0.606325559115
0.253448694048
0.421933791889
0.382205984495
0.124965792398
0.241268538394
0.317390910146
0.0453886011555
0.255201755476
0.62839086642
0.514400284857
0.669956791502
0.724807430746
0.664427038396
0.442573903002
0.460219899694
0.165598590084
0.223576787173
0.340067829014
0.280650788193
0.189029197413
0.41402130058
0.453865199638
0.522101308951
0.70522838909
0.870377496823
0.643969374166
0.630448253113
0.388332441671
0.304551396154
0.322070879605
0.35011967208
0.28514322745
0.276304759645
0.402766992968
0.222281606855
0.507986585366
0.731120936288
0.805386692033
0.704487570518
0.643901240389
0.449433305528
0.368111795646
0.251509969816
0.382452703569
0.339052031743
0.403270589289
0.221437007455
0.205425876099
0.42536245611
0.671756259937
0.701707342691
0.713618511571
0.596465472073
0.484979088767
0.276339867447
0.295209931749
0.362704016737
0.444534964385
0.463691816809
0.181747998524
0.289496126596
0.283865172827
0.517627575355
0.584778291672
0.650358295114
0.562906048559
0.333556151175
0.222340785174
0.306446693399
0.380820219604
0.563743577926
0.519196973528
0.374851477748
0.208842743135
0.263376203984
0.255791590531
0.493684544904
0.582922699585
0.376483635543
0.181538166572
0.245068511919
0.255887360306
0.418116252298
0.64473165568
0.566944270868
0.470070832268
0.362121140359
0.379432113291
0.152913327219
0.527075383733
0.422855639406
0.157005495998
0.188747743459
0.270177294335
0.162097489079
0.445771319141
0.676451262613
0.552359481246
0.574611154342
0.625942800471
0.442935662464
0.37042804713
0.476289444393
0.232535392275
0.163159416813
0.317561229447
0.175168687271
0.185437226811
0.528694078469
0.573079911553
0.613200255733
0.664298258191
0.783083542009
0.497816160043
