1.00000001476
0.870922348584
0.494083861926
0.271482642348
0.15742786558
0.107597515408
0.0174508463028
0.124115527071
0.189379033558
0.164037833631
0.249097501155
0.573235297242
0.933981498928
0.975359447893
0.73489492059
0.403344990785
0.123746533012
0.1129598542
0.108947992703
0.0518759206622
0.135925494305
0.123107584322
0.135105153427
0.451162161425
0.818910558383
0.982266581739
0.857040068243
0.512937954675
0.114464299439
0.198396968703
0.215415299965
0.11193398951
0.0575837532084
0.0911852791407
0.0877089999417
0.285066745176
0.633148107104
0.933439479724
0.957597685219
0.716759129712
0.339838745038
0.194443258661
0.235849111981
0.185759614968
0.0446047869766
0.103753805501
0.194104728273
0.169980502787
0.407039913495
0.728012715402
0.954837935587
0.950731197246
0.703992698234
0.33721288233
0.139495326974
0.121196969893
0.0680781633123
0.109956055954
0.16073584963
0.0979381309297
0.134044087675
0.514435013658
0.844641257725
0.97890045589
0.715766775534
0.336933205135
0.0117035519081
0.176979322246
0.197803639644
0.134946489502
0.104425948129
0.130274005248
0.12959602247
0.448774914109
0.793126530739
0.975554180876
0.877137811406
0.581957502254
0.295500051415
0.235018054238
0.274304895464
0.151661070512
0.0817777013738
0.148083389514
0.161848202592
0.187229432897
0.457128263553
0.831934277707
0.994443509827
0.854513384512
0.5277905628
0.198473959758
0.115214942809
0.118674632042
0.0710896261522
0.103142996665
0.166682952728
0.14456878382
0.276245548811
0.710498067722
0.940696369106
0.919518893407
0.671248896346
0.289146695999
0.0414367988266
0.153436227309
0.124303701267
0.12568347739
0.190097516812
0.147879737164
0.217323220125
0.537306609654
0.843125520376
0.979182723169
0.811717960492
0.369707809636
0.180574215553
0.217642071304
0.193344605295
0.151473356826
0.14526284613
0.151134206145
0.12634480061
0.309759600236
0.649685844691
0.9595792502
0.957504978237
0.673711360995
0.379199111402
0.232070795051
0.192701926663
0.121720181403
0.0498623044095
0.164119482073
0.153346505109
0.157966759136
0.429698948268
0.779225508248
0.974567015863
0.892578951611
0.591358360919
0.186123537368
0.0586023647207
0.0672448132326
0.0747108185899
0.153331704797
0.175638951146
0.0986077862899
0.285340866096
0.644647499278
0.961961971559
0.918438494227
0.624224126198
0.230765579863
0.0725219272791
0.181803065005
0.161661357155
0.107583990177
0.193577776011
0.233796448371
0.206189283204
0.482089334349
0.801100031184
0.968046155163
0.893018177064
0.612242430831
0.283173738929
0.232250505114
0.179289815246
0.0735881789987
0.0986149071569
0.160678373318
0.0967534002756
0.145526429381
0.525394652961
0.847484413513
0.984589271052
0.777206409793
0.426671316187
0.149792650338
0.0994982664608
0.0724376606143
0.0147116013884
0.126385448684
0.167849366741
0.147343053324
0.474747804481
0.806506462831
0.988657487631
0.895378819145
0.560547580217
0.218931408744
0.0867521687935
0.136328568692
0.0428610372176
0.134621374293
0.215926574875
0.21536306228
0.230025755811
0.525699755718
0.889356748623
0.990623363199
0.753403573412
0.417251735841
0.128525987513
0.174458813932
0.17841197297
0.093447408454
0.102692978586
0.175716174776
0.157515591573
0.240256750401
0.682594129855
0.945888541547
0.950743430128
0.71852156134
0.384644075495
0.182805148249
0.178734766205
0.132354498921
0.0211729269109
0.0861848158363
0.0733756838755
0.197060155575
0.534322025276
0.841212738944
0.980063256409
0.842649807415
0.431851053851
0.144596627237
0.109112828682
0.0981167546986
0.0326297673343
0.0989838301519
0.15477410104
0.167774781698
0.366741832748
0.710070685431
0.978662197995
0.940806928977
0.634444782892
0.293325243646
0.172101184861
0.212168469683
0.155884841814
0.0708688967931
0.174246324098
0.214981513812
0.168168915422
0.380954649982
0.740055053961
0.97264118358
0.928048570076
0.616487569974
0.246528026517
0.186368539987
0.190495439877
0.123667679578
0.0936987484706
0.0990691917957
0.0352346937403
0.210822333508
0.554030888466
0.91888466732
0.949722269815
0.714322263491
0.344163914155
0.0945830993349
0.158557245437
0.149808745189
0.0438171407595
0.0846045266567
0.140123660162
0.242289884626
0.53100659117
0.831901092707
0.968867075853
0.871913724363
0.577436774116
0.20571222237
0.200097642195
0.168158187618
0.0929915415239
0.142778296922
0.218979467537
0.184743936647
0.171304456138
0.528186811724
0.845866939302
0.990053018934
0.781800055552
0.39772933341
0.124200170492
0.177155385
0.186464963747
0.139515187159
0.154280964103
0.186554393652
0.0681159719741
0.344229096052
0.708019897922
0.953739801824
0.912809997408
0.624495932657
0.287941918286
0.122717126205
0.200332519626
0.121852135089
0.0795293718159
0.0960921214583
0.0959573536606
0.274798180924
0.581118643035
0.902867960864
0.987696099155
0.727097322301
0.379768150858
0.101345038753
0.139070237678
0.139927700834
0.0788718973821
0.129439571788
0.207015068185
0.269160718884
0.38538840824
0.758946785719
0.964642609122
0.90773803658
0.669601047375
0.349548282907
0.154449578786
0.157385426998
0.10236651823
0.149874764139
0.248733752289
0.204288456686
0.107762978984
0.418803497842
0.780261533151
0.968645816177
0.865815196207
0.441015897037
0.133528296089
0.120551613336
0.139462260177
0.124219589811
0.122437331359
0.111543237732
0.0479576260057
0.323793917957
0.740936973128
0.978748521975
0.90652969806
0.578919492208
0.238931655007
0.152046578919
0.186554819361
0.109703665296
0.0520419853379
0.174776100747
0.206168671097
0.300207052333
0.539308089539
0.829366673942
0.991428899803
0.884447126499
0.544754921557
0.238925346466
0.138992781827
0.0811657638962
0.0574817423189
0.174347387245
0.231678369143
0.178654571956
0.212618551611
0.534191186721
0.912732594303
0.961479376065
0.723266747086
0.375006351408
0.0868941915125
0.100602181059
0.107197899258
0.085419023033
0.164201098379
0.152669920674
0.130709894494
0.470046079255
0.833515445154
0.985035989538
0.851795298069
0.529620763858
0.139029079587
0.192076760094
0.177440252664
0.0730260656902
0.0688094098353
0.133998498969
0.11941858616
0.277022705533
0.653219142484
0.918787247442
0.963529224992
0.730514532422
0.351403007426
0.168864876928
0.19469703278
0.131125630686
0.016585012513
0.14992596129
0.244165353858
0.176798821763
0.386346585708
0.724353895533
0.966027151083
0.953453958221
0.685006109416
0.354913541967
0.101189075734
0.116883729321
0.0345142769323
0.114280454024
0.170065735541
0.121766253167
0.158349572235
0.497918439364
0.852444805084
0.979980537437
0.733075778203
0.363063768549
0.0190828683182
0.152543933888
0.174512520993
0.0983947918222
0.0669470399445
0.103178748183
0.16289067788
0.399438329131
0.797312648084
0.984943429455
0.894106161991
0.610362403809
0.321464363985
0.227448658983
0.254550503449
0.166405556786
0.0167873233373
0.139838944934
0.16757701197
0.195369134069
0.452732703439
0.792805295807
0.990681008556
0.897721543485
0.538989186922
0.256289349475
0.118606619962
0.102996031869
0.0477804242891
0.0910272891042
0.15011845995
0.101569643955
0.228826449652
0.65305472179
0.942477352173
0.947848663909
0.684509610945
0.312696963961
0.0631822574193
0.160096736011
0.145129491643
0.0900351082916
0.13603434751
0.125680660518
0.209041438269
0.51427182936
0.826359130241
0.981521906961
0.850955007636
0.462982821329
0.211814099774
0.242973755759
0.232478664776
0.146295112992
0.102530941468
0.115018858989
0.107467874993
0.270632392956
0.571060256077
0.927318533667
0.974906910957
0.739092602261
0.41717961907
0.227380538694
0.201910323384
0.158326668038
0.0398591813598
0.129037389936
0.154442118309
0.125351946341
0.401701172444
0.753416622342
0.95318230345
0.907018405127
0.637907822086
0.227117891943
0.0974464415164
0.120167439533
0.097614730662
0.138995559288
0.168350323806
0.0818141459132
0.215696661305
0.617795506055
0.919211633952
0.950103500758
0.66330175675
0.23927360476
0.0734792955696
0.229094154811
0.217207245278
0.148519156509
0.150333434334
0.212967740396
0.175657756101
0.444422646377
0.767179049122
0.951967213171
0.897371722729
0.641140745832
0.344438013118
0.227210430017
0.221311972737
0.0996750150944
0.108847895724
0.163357275057
0.130215991135
0.15022690961
0.472858415951
0.826720131013
0.994542884653
0.794299523021
0.46836922069
0.132336186599
0.0549965839514
0.0765405801726
0.064181129926
0.128486800832
0.156788153559
0.165423630091
0.425733199103
0.805455448039
0.977200318537
0.874025078845
0.573391883671
0.212302837795
0.0977754008713
0.172715215844
0.113938112536
0.144324682502
0.234604714403
0.21933471515
0.234492832173
0.519512834963
0.858993569295
0.990288890252
0.808579937772
0.413586108041
0.188844169792
0.183785883423
0.16234428069
0.11173386216
0.132545890755
0.18360818859
0.130344077081
0.228415327469
0.651016251693
0.947021959894
0.948747061331
0.700745463813
0.376692312928
0.175542014476
0.134064556299
0.0754504020692
0.0536808259865
0.134929508328
0.106396668627
0.222550587236
0.538308588665
0.84662980517
0.986630600024
0.849699108896
0.462457267884
0.125094681638
0.0862788222055
0.0755247487951
0.0577139852923
0.153450853075
0.189145165567
0.165958135313
0.363466200397
0.666730579565
0.968167286249
0.939410944777
0.629144504419
0.284081507773
0.156599756194
0.193457592965
0.149555140174
0.0605967653743
0.193871445172
0.225974241303
0.148970363857
0.389877924867
0.759179013598
0.969049790961
0.920026603118
0.649048863526
0.266582734489
0.201769415145
0.161844025211
0.0738308327333
0.0552627728316
0.0978450469719
0.0206665404035
0.214167750438
0.582526076628
0.895501973223
0.960421912919
0.726552929255
0.342466304509
0.084409788177
0.126618147501
0.106890003056
0.0205388933832
0.11184594747
0.200220774127
0.225647279272
0.52597096616
0.824207195145
0.983871557987
0.891407722132
0.579989141729
0.236648730431
0.168842228849
0.183962635301
0.0706493235768
0.126651178137
0.213802704743
0.209498089606
0.150333214569
0.455111982741
0.827803069762
0.990270087133
0.796786744249
0.465623326848
0.130870820295
0.155748210478
0.181295959691
0.111729893587
0.0972049762339
0.134181852377
0.0664061072768
0.305660965828
0.714379314675
0.958052580081
0.930006293893
0.66312779604
0.319253383161
0.119329486646
0.198148664885
0.139384625406
0.0279434964846
0.0797110772654
0.119804493847
0.266471417828
0.565894636738
0.879401464591
0.98821881969
0.79292658818
0.399611404924
0.141743438992
0.155103988486
0.148661842613
0.0755161659374
0.104384410296
0.193792844669
0.22638416832
0.316555177213
0.687642784452
0.953308521641
0.946914882896
0.700121499617
0.365270223425
0.177321573164
0.190257406925
0.143631868843
0.119579116902
0.202083436576
0.181276393198
0.100192578603
0.395214541903
0.744700461869
0.969948951224
0.900469407634
0.529898453654
0.175084476922
0.145940953265
0.174592804421
0.139875183899
0.105532190861
0.0690055295567
0.0326784758272
0.321606221332
0.667838308772
0.972575363649
0.922868100578
0.613061866624
0.27588525475
0.159078860656
0.200892230208
0.161154271556
0.0417041088972
0.159139933284
0.204082499434
0.273633955243
0.509513521713
0.795467606581
0.957492324231
0.896673520158
0.614837454684
0.246231008989
0.182501861059
0.117048630225
0.0961526533838
0.183056404036
0.242350998024
0.16334092287
0.121294313732
0.504328786696
0.871471958394
0.970987110407
0.753024774927
0.358516099486
0.0746631826301
0.136924248573
0.158000504606
0.133623413991
0.158669752344
0.155150280041
0.0996561163219
0.470586274303
0.803333071257
0.969667700732
0.863972090015
0.536110904337
0.190718602453
0.183530030338
0.198696734853
0.0919430217301
0.0916378920951
0.151516531025
0.156860252285
0.283422976344
0.609087500324
0.906268204083
0.983727273044
0.73087392637
0.411691176597
0.160355993344
0.146672807777
0.100536031384
0.0522181140699
0.176468634951
0.245394967686
0.220903892024
0.344915572556
0.725685499371
0.95345623151
0.9322247555
0.684186122103
0.346570752934
0.0888138453957
0.0979408662015
0.0744737150112
0.142476133434
0.200247416059
0.136844369189
0.155886101466
0.508684541017
0.862073288669
0.979038534974
0.767179055351
0.340313040784
0.0454030367573
0.154871134218
0.158888991641
0.0943010197815
0.0861862888669
0.124734197449
0.170254502917
0.372160865273
0.780744911269
0.987317486498
0.898985394125
0.60763445343
0.307608491737
0.215757151078
0.21201369569
0.11817811902
0.0689422276594
0.180675579255
0.201706615308
0.23070740395
0.462241652281
0.781110411766
0.990945376008
0.914818584203
0.559704491698
0.265581251023
0.089069889046
0.0568755477621
0.0371725920471
0.132308695534
0.166473731927
0.104250374735
0.244043682122
0.606841929274
0.946216652741
0.939666986538
0.666949535813
0.320418498095
0.0548249401329
0.146263496606
0.136254473172
0.0517533841012
0.131493032556
0.135521659999
0.21296442113
0.510952165145
0.849830759275
0.986691803838
0.852847820593
0.51636119441
0.195669989869
0.260660526877
0.225005031996
0.0968421537754
0.0587205329007
0.136748356579
0.113323552377
0.217878148365
0.568049325595
0.886130756135
0.984304630831
0.795049359141
0.427281184228
0.204796362595
0.186113987876
0.138573075194
0.0285165110281
0.105669154767
0.170898940882
0.106082530828
0.397783793465
0.737927633773
0.967070027652
0.931682837906
0.644248928967
0.27064267674
0.0829639729151
0.133416220221
0.0838984686096
0.100340632634
0.143391104005
0.0973703905379
0.211138869804
0.572020977175
0.885299736793
0.971167766023
0.68350797597
0.306954496632
0.0959410731349
0.231512786036
0.226542744455
0.133923421199
0.0916332666163
0.154945064957
0.162524474918
0.380505743128
0.745107619352
0.963015461047
0.9204990914
0.679192872574
0.397021767358
0.236970827052
0.245790684323
0.137674063615
0.0594755802003
0.129898720497
0.120546713697
0.135109572114
0.433991220526
0.807410765362
0.98327570512
0.858204537419
0.489802310197
0.152141701944
0.0599019027321
0.105325091725
0.0786927783493
0.0939915378409
0.136504414571
0.146195647009
0.338663734498
0.764696493193
0.961296216179
0.891584183412
0.600909016964
0.220692218992
0.121943879619
0.225837778514
0.165241496889
0.120615400685
0.203996755378
0.195837357
0.231637496579
0.488581921274
0.795793521114
0.985681941326
0.871192263781
0.486655022181
0.269503207876
0.208788069455
0.1853294858
0.143533295174
0.136485820281
0.14309355612
0.101197834062
0.228315875976
0.582022990918
0.93509051963
0.964150570381
0.711069855336
0.399911970692
0.170618528145
0.128324143468
0.102920915234
0.0514016620845
0.143528502202
0.119721283714
0.208721563319
0.502288369042
0.828339573329
0.97416730882
0.843300993011
0.512674019749
0.105371291604
0.12318849155
0.128706595967
0.103417328549
0.176229001265
0.215222283221
0.156765318463
0.281119700651
0.63788700705
0.944793129349
0.939721067576
0.673670926395
0.277729896719
0.132830055656
0.207194177657
0.176990021892
0.118574560799
0.192549046798
0.237708746751
0.135321226958
0.39433972412
0.737857076467
0.954839480846
0.924109754655
0.657719917691
0.314703392379
0.168657684888
0.142157912296
0.0604245748761
0.084461381292
0.123679395707
0.0525912323242
0.22089563068
0.587093977424
0.883180946522
0.972101059935
0.704207315942
0.351467765367
0.0698327955324
0.0907699740597
0.0747507578189
0.0489025744592
0.157600211538
0.219679970132
0.229038301261
0.500229561676
0.830176021056
0.985931899769
0.880406445889
0.566563812158
0.252734818448
0.15112414799
0.164459198671
0.0655788504289
0.150933720336
0.245537011569
0.230002536577
0.151298404182
0.439703784432
0.83334803603
0.991154754046
0.819353678982
0.474428145044
0.143498250599
0.131785759231
0.147376095887
0.0814804166438
