1.00000001476
0.913445924477
0.770177845264
0.556668034609
0.263332273434
0.109455851532
0.0239746966395
0.0894410272022
0.224323700628
0.434508999011
0.586845243593
0.849102232095
0.957635796371
0.96533754075
0.871491860432
0.676972872665
0.420893777595
0.264737360157
0.0768734224786
0.109097435836
0.135483683632
0.290071082848
0.498116496034
0.75072776352
0.871299821613
0.972467939912
0.954178819827
0.826078686024
0.573797172135
0.311432222247
0.162654215768
0.176840067755
0.220798163388
0.302858464077
0.331716547686
0.54964530583
0.816428604746
0.905968434377
0.946140595095
0.856028721387
0.673575029025
0.4501295498
0.306019851967
0.205519354633
0.260747606588
0.266631291366
0.366285274345
0.506219179459
0.691109847791
0.796278740517
0.930576537938
0.933704363509
0.821140107819
0.594688828699
0.388293434129
0.242919765527
0.303161491984
0.367082680006
0.392479490539
0.336992796087
0.530178591476
0.707322711234
0.852212382194
0.89312356309
0.845591467384
0.697031681259
0.564206877651
0.367513305345
0.332346802777
0.411105006542
0.407270804017
0.470945217634
0.534289113211
0.557019192735
0.729562522599
0.8689564641
0.870306206791
0.785560143158
0.54175024334
0.411939108233
0.355105352463
0.374426891671
0.500068642002
0.50189141643
0.432323305348
0.536907536491
0.652774387602
0.752817376352
0.810020457486
0.803397398008
0.669838672464
0.585174299309
0.423147641283
0.395962500696
0.531431138195
0.552143292976
0.597949799551
0.550411008807
0.445172048444
0.657157520604
0.760893716613
0.778512544178
0.723137721418
0.550263252092
0.41379023336
0.46510786223
0.485026557888
0.606387645493
0.614746399969
0.544156262516
0.584398497504
0.595354844666
0.630025624163
0.721680333408
0.724700729048
0.638675669492
0.546544797599
0.408243731022
0.494945106549
0.642884981601
0.678012361804
0.707254179813
0.617008386403
0.507188933828
0.594059134086
0.654791343186
0.660032445984
0.632128752415
0.527096652599
0.368600319656
0.46847528441
0.570226512633
0.666305807373
0.736526736009
0.65911259373
0.648471330027
0.546505188633
0.457809098864
0.615122768413
0.627190697969
0.582959707806
0.492544656979
0.423108480705
0.549995600294
0.719519370395
0.778373624109
0.790688071199
0.662719763036
0.56369020754
0.552094337419
0.511418009792
0.53316806767
0.507746047011
0.44036878723
0.382028553343
0.421232509518
0.620449366155
0.756045215024
0.837268816864
0.811388321769
0.730206089324
0.55181772756
0.453657089472
0.515111187531
0.498449123152
0.467976221552
0.405371812032
0.361674638656
0.562891765961
0.726456227848
0.834390512265
0.875709249062
0.796109166665
0.629672634356
0.53241013802
0.407312970671
0.375936278216
0.40654588718
0.338266090117
0.372814085474
0.422165984538
0.636377176194
0.810632953252
0.910629282223
0.89453774122
0.783544963802
0.541671988539
0.455632358994
0.397709521908
0.342621143615
0.334181214975
0.248566104969
0.31351248981
0.572502444494
0.68837035907
0.867237235576
0.94063637898
0.88210918903
0.71799892325
0.574092914239
0.335954558514
0.271606469013
0.289393292123
0.21158709705
0.256585733274
0.398823059276
0.556706459464
0.840737924042
0.953364899645
0.957974816101
0.862215957079
0.677353460326
0.477282073886
0.306929817358
0.190587298808
0.189587570948
0.146553282906
0.259148437253
0.516389424841
0.685818621686
0.883584182356
0.973321857803
0.939180582016
0.771754064283
0.590858794304
0.30037403231
0.222852795086
0.143259998479
0.101623757575
0.135949069328
0.347242491365
0.545995859776
0.83321942713
0.947037077609
0.972198278251
0.914886015327
0.781714415599
0.489985827268
0.314965753221
0.0776814073629
0.0378277076732
0.0325769470188
0.208269229703
0.373160675551
0.64260425259
0.830177479933
0.971040076369
0.964054166975
0.851007667723
0.626063792117
0.402280008069
0.201956322032
0.0402275875479
0.0396724910345
0.0954693854823
0.31752201811
0.514914251918
0.780149459489
0.928885012764
0.979116815043
0.945189315747
0.815661108423
0.51055990337
0.332932604704
0.133970534632
0.0908746811711
0.158020955872
0.222949073196
0.336294653451
0.620779308814
0.799297323331
0.943003950733
0.971425204994
0.872733078861
0.65708003534
0.519577921379
0.238560386978
0.13283891251
0.192853359563
0.20348924599
0.307596592669
0.487321974272
0.644986033816
0.852252821297
0.959519829474
0.94867053908
0.810914836881
0.597780805108
0.375247353272
0.265234897964
0.227214805933
0.287793093111
0.234216362839
0.351919403126
0.58539940117
0.706351387721
0.886190305722
0.929252720878
0.855711212361
0.689552327838
0.525232261739
0.291730935782
0.290476172203
0.338968405397
0.370722142746
0.405354264433
0.460705587263
0.59245968139
0.806192606836
0.899055122486
0.906633488505
0.791067809286
0.629024565739
0.393935358002
0.339553818192
0.347786163073
0.398265038157
0.393137727695
0.430174148986
0.525581777444
0.64433466471
0.786037575448
0.869281089838
0.833205208893
0.738819706675
0.541529424783
0.38039185848
0.421102600614
0.475906386321
0.510255949027
0.510909432551
0.396325767499
0.565775653356
0.742124659904
0.779930663835
0.830576446213
0.717571983642
0.605571675745
0.439250161084
0.323536207583
0.454204503895
0.528002849429
0.536993114164
0.548377980813
0.546590422505
0.565672394441
0.695822176211
0.800896256503
0.753609905985
0.705850873581
0.524479653649
0.395523944751
0.501758264129
0.581128117168
0.635927431745
0.609554379884
0.496162579506
0.581354626627
0.630805861825
0.658707734566
0.733902962599
0.682996110129
0.546117845091
0.485312481486
0.393788457133
0.521339396686
0.646426703691
0.673151968288
0.657072262199
0.584168603048
0.481392230085
0.637315543931
0.708297082519
0.666033078129
0.616710322618
0.448435613487
0.442561110289
0.566037261529
0.631294282124
0.734669775024
0.718461837884
0.655775383157
0.608800011982
0.575826767678
0.542160917089
0.615083256078
0.604003877107
0.451430469354
0.426140855933
0.418497766287
0.523032482143
0.734107376539
0.784879524296
0.780355468609
0.636909429976
0.466574678893
0.574336342509
0.574448670794
0.537450665845
0.519108144481
0.410379276843
0.424237220545
0.593724296721
0.696426138352
0.806808890818
0.808673627425
0.764365123617
0.647082129161
0.501555688417
0.431088297012
0.510864781416
0.483014743953
0.390174441114
0.308306284019
0.414391732762
0.604120516391
0.797035866064
0.884835124228
0.865315467611
0.719167177931
0.623542802695
0.532850941867
0.466036240246
0.40373754311
0.388914367537
0.310577230347
0.377163851516
0.528070558399
0.685617408442
0.847161127418
0.903455554802
0.840448923645
0.74178465323
0.503118887064
0.337256313377
0.394899614125
0.344687611357
0.304103228052
0.247701724704
0.37890741005
0.609354957797
0.834911281737
0.940886042588
0.925984260006
0.779277398887
0.684826256604
0.489864354243
0.315319117656
0.261865607397
0.234989386976
0.196499812283
0.337849608881
0.458174135165
0.698673438428
0.890913132124
0.951651565353
0.912559020066
0.800490796786
0.53082620834
0.396734242442
0.29847355404
0.212025549876
0.160507840642
0.162211112128
0.286028774274
0.605358159622
0.825645640856
0.931894212103
0.982704750806
0.897007214967
0.736412092189
0.536018250716
0.276972951414
0.130071325954
0.104030073648
0.0756403477404
0.253375310494
0.435120740141
0.688743439198
0.855212841329
0.972161414263
0.945388815095
0.829291489542
0.565121173335
0.404854114192
0.19874896402
0.0643572634356
0.0194684897886
0.141598762045
0.292450506412
0.574882312375
0.791271068275
0.924576246482
0.995482424829
0.954502225728
0.750453352932
0.571709413568
0.28440186554
0.0945214433121
0.0388757180784
0.106788856259
0.177248368619
0.41750397543
0.618142580909
0.80552651092
0.959881497313
0.967305464653
0.847046039566
0.658617564728
0.439090699268
0.20795575067
0.129456115458
0.145767180721
0.221209514327
0.311213325766
0.51791387599
0.759101764026
0.911705665904
0.95940518647
0.947000941965
0.753497013061
0.589682383801
0.324690099846
0.110373622841
0.186866428567
0.231732053284
0.298913843736
0.463826544696
0.594677049135
0.75455630966
0.924401177549
0.942510270649
0.830828160171
0.722879622177
0.448825836642
0.242858029864
0.250317060446
0.298833010643
0.354025647963
0.370645056122
0.448874660503
0.692128921254
0.841581910357
0.882139101856
0.903119925848
0.797448212073
0.584509162037
0.380457879498
0.224755090163
0.303718413558
0.355564979983
0.42421008115
0.501764232986
0.513245421509
0.691002572729
0.869780029159
0.890867244139
0.80593131863
0.68216709853
0.440779625576
0.346296846971
0.358204806541
0.43599320111
0.495607414929
0.461863127994
0.551332680792
0.689173902348
0.76883083267
0.808938313813
0.838476563656
0.759419205915
0.543885989898
0.388215962679
0.296509015446
0.378915880789
0.494655819188
0.563724416106
0.585209380782
0.518420083221
0.612100232755
0.77513214857
0.810779745463
0.754302642765
0.65037290374
0.475888088029
0.415530773702
0.458434315869
0.550186949555
0.619248575985
0.54316762956
0.620493358689
0.665462816004
0.601688249152
0.708979992718
0.746682391245
0.678814876795
0.512054135405
0.301396892699
0.354496929967
0.507061960162
0.604400833649
0.698478134737
0.668808125381
0.549593196744
0.635064332262
0.714119758389
0.699057413062
0.673567370173
0.57613363416
0.427431554285
0.422282006339
0.501645891586
0.608999665293
0.717051275031
0.703442338057
0.724439527241
0.668346794123
0.528631660895
0.609729997559
0.650907975467
0.568202475191
0.467732179526
0.315368830922
0.36396703218
0.570377647294
0.715187486158
0.797570223449
0.762732088052
0.593692107937
0.64108499868
0.633049384595
0.536643269543
0.550864229569
0.462838608841
0.396058989107
0.414140876941
0.501289010231
0.681586174909
0.810797078482
0.826817585927
0.796669177493
0.682759597855
0.496634625275
0.527789015598
0.539922482709
0.435317923804
0.363410068076
0.269252975159
0.325449267301
0.592995533483
0.789997580272
0.865688617586
0.842965244927
0.713872688974
0.684674401654
0.553287498255
0.397035559934
0.431975750925
0.370829429949
0.300968138277
0.381299951191
0.512448519591
0.719138451345
0.848403513316
0.913158752571
0.85676063784
0.71186768119
0.49409145203
0.462238525785
0.402852607534
0.305664970405
0.219691645648
0.198885237811
0.380232611545
0.606880136258
0.835973817594
0.920609090456
0.913779689366
0.859087779903
0.699371722629
0.516268119494
0.327921089006
0.288097298602
0.237213372817
0.187548280832
0.273794427764
0.46004592263
0.713859814941
0.852782628446
0.950615877146
0.939287892146
0.759749145518
0.526704480238
0.428687492292
0.269162708543
0.15997084122
0.114432484627
0.12661170773
0.33392435447
0.611983070757
0.837573219948
0.9494946327
0.949803108828
0.906029275733
0.709407469816
0.49142837352
0.279938069157
0.152402806538
0.0835574209549
0.10541811603
0.252656428534
0.472281653338
0.719584872275
0.850633012302
0.975150189099
0.962033993465
0.79520459891
0.631446759197
0.410394125586
0.190045747976
0.0683877951478
0.0423237518234
0.137696221081
0.316911637548
0.577993859919
0.76604499043
0.953880774135
0.974011595109
0.924102129454
0.792187638604
0.550833878223
0.267319464748
0.0953706637431
0.0796305814635
0.125453354343
0.274250785919
0.46620075187
0.60384742036
0.827804212471
0.962063867823
0.952727641846
0.814849428454
0.628845437015
0.3879721994
0.203775549126
0.125339697443
0.19676764597
0.230724072322
0.325618135462
0.584855906888
0.74591290396
0.918597332037
0.963415899339
0.906913638593
0.792083367452
0.571481099924
0.304090865092
0.157837541442
0.209251708681
0.267866935889
0.374028805691
0.471205409623
0.539068482691
0.787692608759
0.90085180343
0.926474918441
0.8386261936
0.666236052758
0.440870768317
0.330781435979
0.25426683181
0.326159115335
0.362202074108
0.36914747345
0.565773354484
0.722330982564
0.792777316754
0.905273183416
0.877246174606
0.78362133602
0.573613663647
0.28034052617
0.263417708044
0.354228587805
0.41171834874
0.497590683929
0.478036359038
0.517480133927
0.747344026763
0.834632898758
0.858692397298
0.820381515906
0.642564499013
0.436459595929
0.3840417982
0.375477973689
0.441888699228
0.488549471352
0.48343652726
0.601513665906
0.658388324596
0.662977940753
0.826919640266
0.837390788066
0.731428716031
0.560123112462
0.356014261195
0.332846186527
0.463896388509
0.547142069389
0.596088586089
0.518438340593
0.519440292586
0.685344523514
0.752778947905
0.762419012415
0.739187961357
0.600354177732
0.496062395935
0.414267409041
0.456857605434
0.575954358148
0.617380220513
0.649450370809
0.66525443379
0.600035721853
0.606153538775
0.734505756602
0.740497923089
0.644641318911
0.499914060117
0.358170186752
0.360054267174
0.51726216433
0.665582659503
0.706386132663
0.619065875937
0.552826837085
0.642135644223
0.642287311654
0.621533126136
0.661158499907
0.568441177351
0.489955793703
0.441789390307
0.511757592829
0.670064742514
0.720768074349
0.76198262139
0.708176404578
0.517007287764
0.538612408867
0.625866128639
0.607872582327
0.550279978943
0.383663985725
0.33483239382
0.459961055612
0.566659779582
0.761393077967
0.801720425528
0.721586758393
0.686713521859
0.632482614122
0.534252477328
0.531020767163
0.552409114715
0.465340319638
0.418467399564
0.405990074876
0.506888368429
0.730632028123
0.809528276098
0.860079175227
0.798856767973
0.598354565325
0.499435382138
0.517586672735
0.468894736871
0.427490280428
0.342020936023
0.273370013485
0.453515762799
0.629843008486
0.804724860504
0.884779030143
0.812585665117
0.751518061925
0.616007441839
0.382297612838
0.412810770372
0.417513253102
0.36600380573
0.326833443976
0.343606996278
0.537067080466
0.782733599274
0.859911721399
0.920605151393
0.847172690997
0.668782371908
0.522137091792
0.429675363
0.323419346691
0.296695804034
0.240334056505
0.187332497278
0.392610018692
0.653757727965
0.7976055128
0.943927526211
0.918685475604
0.845790974736
0.655252592014
0.420963523304
0.325160227688
0.278874723305
0.225379864335
0.219814159148
0.290584857122
0.529642812607
0.744737342709
0.894895122398
0.960560739967
0.915248356965
0.731814883348
0.529029238918
0.355729044384
0.168385196687
0.159699059002
0.109007174471
0.1810981149
0.353455848222
0.651026344831
0.816603612903
0.973183419593
0.981984700717
0.873066939434
0.679552257218
0.488150704196
0.24816737031
0.143907519792
0.0756039503017
0.0819500030343
0.226595305082
0.496269334969
0.658839048789
0.882744585852
0.973844171247
0.951902613116
0.786087527893
0.616113533749
0.339879362294
0.157769775862
0.0466668483518
0.037618142419
0.100416988079
0.333784205483
0.588323931228
0.805519100236
0.954457440607
0.994300995741
0.899069385154
0.752888453488
0.528193523887
0.225848995275
0.104020346342
0.0842051189595
0.154784238976
0.264068045158
0.461619965459
0.624790240679
0.865622586746
0.963659615216
0.958651477212
0.836587162834
0.633679571055
0.361940542982
0.240160304686
0.118068984693
0.169752892577
0.169621698946
0.324000855495
0.513906456919
0.76713119553
0.88050274387
0.958499903872
0.938589807307
0.811290700926
0.542034241012
0.331278754986
0.205408119714
0.233575432672
0.268866403749
0.324706611403
0.332435744576
0.577727826778
0.801077614938
0.903652419824
0.936820157588
0.821293213353
0.637614209528
0.46250722538
0.292533232778
0.256132852634
0.31013753763
0.300230001774
0.414290466021
0.508893937638
0.69851107037
0.827377749007
0.914153992615
0.90835684687
0.806563515072
0.552273986013
0.377844669233
0.303471055819
0.338711879857
0.410816310489
0.425306477815
0.365790814946
0.551066158852
0.703408601654
0.839382109384
