1.00000001476
0.888443031765
0.739368593632
0.581847496166
0.237852299985
0.110478699178
0.0563844288136
0.0828339108867
0.154880927949
0.424088844586
0.702255976213
0.830325762322
0.990099645869
0.969060200522
0.881754767659
0.583394433949
0.380203471651
0.221886955895
0.114094856016
0.117537095098
0.074445256963
0.354031254147
0.481747002733
0.760585390124
0.92294769774
0.969484195401
0.923909044595
0.807516732228
0.633992944698
0.300663185891
0.216224828861
0.193728837222
0.202054248967
0.212400273421
0.394695929522
0.651844129808
0.777081427275
0.959805671952
0.956841462525
0.882059345352
0.621835440807
0.477961382574
0.372628473208
0.249690566399
0.268051856904
0.175278778273
0.346034068026
0.376014205469
0.696438528127
0.836224491597
0.915365007175
0.907281824798
0.811826212372
0.634930815496
0.367802278948
0.335469945234
0.336294862413
0.338911423632
0.319751789839
0.367835342387
0.573195363585
0.713827243686
0.903519298177
0.919911219114
0.87151789928
0.665035841265
0.565956389648
0.482944758889
0.377678518809
0.415656362782
0.376150647746
0.409338359397
0.312910593297
0.633990029334
0.770690820898
0.855130538618
0.868157037722
0.815769287522
0.62328940034
0.413594728196
0.437827638445
0.477917260271
0.483174062531
0.451567440961
0.38437191888
0.537299727377
0.607422202597
0.813820140797
0.847988912845
0.828734366454
0.643667439592
0.57971864842
0.525167963903
0.455819729594
0.559599245278
0.52669206412
0.51870655223
0.367607487893
0.57336947724
0.62746103022
0.782489666223
0.798111798799
0.765063217041
0.615864995546
0.452500755831
0.512198429169
0.599371686868
0.610825647824
0.573524069355
0.485137328793
0.499828173259
0.454990558806
0.717331720826
0.750002774994
0.75605090909
0.63101507239
0.642612659697
0.527157300037
0.527934434187
0.669445712961
0.660781865921
0.640414657909
0.505572611624
0.542472177707
0.549901276186
0.675975182182
0.706680820572
0.684156442302
0.591417311378
0.455451792227
0.570800661576
0.695690273816
0.712871643962
0.660713766468
0.609110722772
0.53630786177
0.374676948911
0.598885010317
0.593723282321
0.652081419178
0.583587783141
0.60055323208
0.537849989251
0.583685004029
0.742924639096
0.776912988935
0.751736857928
0.585247528527
0.532150790831
0.467232259094
0.547252435473
0.592036244271
0.578848679486
0.531968583727
0.450415941027
0.653682273466
0.728647719551
0.796376201945
0.769140790463
0.713241534984
0.588748346088
0.435810259424
0.489672961501
0.43851452213
0.530231606558
0.481777688662
0.495025055436
0.498752427373
0.607723202143
0.80688921537
0.85977527364
0.846135334386
0.633166216696
0.584945451452
0.417943963944
0.418208465978
0.466456272401
0.472596277637
0.406348429784
0.422482679592
0.667248962917
0.768436665207
0.857035800431
0.886509725994
0.843228256357
0.667016014603
0.448103183375
0.419157821119
0.317725056173
0.392798329812
0.374857180721
0.383795515761
0.47165748609
0.613107371844
0.860904783398
0.915773426814
0.919435164986
0.713205515544
0.620496600374
0.382194665946
0.311964115814
0.314917425347
0.338783576359
0.295967430727
0.352093993931
0.612638166398
0.713209928833
0.871973301828
0.9553027377
0.917515190595
0.748485403862
0.497275579121
0.399798975062
0.237494653124
0.254118800903
0.24183944288
0.298804834046
0.392207567769
0.598726991101
0.882983745329
0.953159136553
0.96877242565
0.809472284011
0.715392801596
0.379536586536
0.237155351308
0.178981359329
0.182743095348
0.15429227963
0.271854203156
0.523035999487
0.669215298316
0.870946431894
0.988563767936
0.975787546839
0.81731217371
0.578237199188
0.417019728606
0.146385500456
0.10886317492
0.0934029891699
0.219857767852
0.343573088834
0.569750040573
0.87083046542
0.933604212882
0.979858843479
0.890551125752
0.787113495984
0.455466808681
0.242163964715
0.126920692341
0.0248588208211
0.0339357194042
0.163012106475
0.474414148433
0.628890889199
0.858848027703
0.990296327365
0.99364737186
0.84985928349
0.606051637953
0.46394218604
0.162510007923
0.0628416915806
0.0666745057649
0.152438055553
0.278900794944
0.502370572194
0.789938724993
0.890982881177
0.976099616294
0.913562847384
0.832068037743
0.543254897378
0.353260330468
0.253333361938
0.138125488429
0.149276913729
0.148348459889
0.418829890808
0.535576731843
0.823962757728
0.965022045771
0.981855320492
0.855579636394
0.689453460084
0.50452650899
0.265439557213
0.189387661457
0.215203102596
0.224669129669
0.259643602878
0.420913508352
0.743123829341
0.839146583188
0.959414446113
0.937702782104
0.86828224981
0.579038331009
0.400502607937
0.358134667736
0.282444608036
0.296741968365
0.271543571477
0.411717141042
0.489380560929
0.766689763083
0.896189710687
0.94166992934
0.846023417093
0.686205792605
0.549805936394
0.360513343106
0.332915499761
0.366033980409
0.359179414616
0.346472793237
0.375349948476
0.630121822514
0.691976281708
0.906867845631
0.903905264551
0.846633942985
0.592688260606
0.500832778229
0.408545644226
0.402379817467
0.437983170711
0.388954403777
0.444887993471
0.462261411122
0.689528122188
0.829371895153
0.87602758312
0.816563801204
0.726252827832
0.635125667464
0.425190874531
0.450805110759
0.508261163616
0.501372395253
0.425357889218
0.438144240896
0.552188785221
0.593508365454
0.826435957734
0.838341252463
0.782178236912
0.586547153262
0.525264035956
0.493276934576
0.517876477862
0.570961496521
0.494743439208
0.524381173209
0.460986650531
0.602977288158
0.711547445628
0.768819195251
0.760764575765
0.711957502098
0.644581209962
0.466497213257
0.563904524167
0.621230365088
0.631150497844
0.550100281791
0.487359904902
0.530167512064
0.545508734722
0.724088216134
0.736788659234
0.706217968156
0.546320162334
0.540577857735
0.591301934041
0.593611422387
0.688280307811
0.620639492317
0.618560840363
0.420284233479
0.540537779799
0.577022008431
0.649100255739
0.67294920629
0.648937756024
0.570814779668
0.467142172131
0.645006904999
0.71929257803
0.739547016657
0.681302429598
0.584857815576
0.523220586391
0.495397348362
0.614225684012
0.624210662501
0.62085894565
0.502316322997
0.51374479431
0.635706134272
0.665010953476
0.785342047733
0.772703594275
0.729574277593
0.435409857266
0.492136790214
0.478223949435
0.531616105595
0.571649716169
0.575025389341
0.492913055542
0.459080567324
0.670655055499
0.782472343614
0.826489435415
0.800489564762
0.687202406445
0.570001191787
0.414119515803
0.491386989922
0.493549621061
0.510401887617
0.414476230656
0.477070875817
0.623594526174
0.682237519188
0.857199923294
0.869261757182
0.824193936244
0.544897920221
0.512603728314
0.325699004766
0.420253924786
0.443435581554
0.450380139178
0.398238710843
0.424918950911
0.646124456094
0.808336929741
0.890034456571
0.881644050127
0.776089095643
0.627472270711
0.345931343946
0.385689250461
0.351009351058
0.376894800942
0.330474391851
0.473406505052
0.565100863195
0.692497528264
0.903067897167
0.932840550802
0.903887290499
0.708217141116
0.596155744415
0.312044282957
0.287288762806
0.299532736048
0.298562606518
0.275848433632
0.367152810322
0.639964828468
0.833646526464
0.925182520137
0.932789603962
0.864213792433
0.684841790379
0.347577941498
0.307712099657
0.171459236981
0.220839597726
0.216999769527
0.387503441423
0.514231233135
0.669885551429
0.908841457791
0.964857846104
0.955164290375
0.77039246799
0.634922340953
0.363485535171
0.19362298508
0.145719912094
0.150256232538
0.190920845028
0.300657071342
0.637355526144
0.781601372096
0.937892890203
0.972233459097
0.914177218175
0.73103547941
0.463697319903
0.327168195146
0.0489054335194
0.0686941795521
0.0788203575226
0.248866168151
0.389587924412
0.598975563845
0.897896416429
0.973307350264
0.982962635779
0.831562381981
0.733418065572
0.410690833359
0.169450953114
0.075159433814
0.0222413041545
0.107148554058
0.25030954737
0.594770397532
0.761748176047
0.919621722583
0.995531188207
0.963899179101
0.77424275195
0.5010098182
0.370668272432
0.161448714448
0.0807646082374
0.0802938604643
0.193675958555
0.351303020856
0.540142077593
0.856087010137
0.926856016467
0.986613833348
0.86920491042
0.7588501049
0.452450933245
0.23391500033
0.182850272839
0.151479693493
0.196942439616
0.243424556031
0.530091377494
0.655789655604
0.852003657537
0.975896120389
0.963595574336
0.805506947029
0.583734881755
0.500572195998
0.2577625659
0.216521938657
0.236701232304
0.254404028342
0.326760323819
0.519876127255
0.784362816122
0.876083692368
0.958315493
0.863877573148
0.772631596133
0.502826157436
0.3120057369
0.314416726383
0.305695256208
0.322401505245
0.213880419616
0.472686250329
0.571967442171
0.780629069559
0.923722652834
0.93082589574
0.81351095415
0.663717212562
0.569106605584
0.363200937603
0.350251740191
0.388223537114
0.383145235496
0.371027338986
0.490172411568
0.725680640519
0.796364835352
0.903917706821
0.849810738346
0.756089040693
0.538613058849
0.397647035871
0.466707662327
0.451861468251
0.459055967432
0.301418681876
0.471717563078
0.497186018014
0.713036830981
0.831027244447
0.854180142253
0.776969981662
0.640909077656
0.575312162592
0.433240075179
0.47622382349
0.524530600023
0.50564357124
0.459522405436
0.446072743355
0.622007945135
0.710809532495
0.826612088259
0.796534288295
0.734674736786
0.541833593228
0.489779143015
0.590672050572
0.578518246618
0.591796001793
0.476488884264
0.519168687223
0.3728420932
0.633729129878
0.734735787658
0.763938628925
0.715353287812
0.656962294275
0.536124449784
0.481756566169
0.572278685095
0.648478233389
0.645476332658
0.568400815119
0.438487844388
0.573318751864
0.604200238515
0.725769153653
0.726029414233
0.703467933165
0.517436058606
0.514918411033
0.655586380021
0.651202247678
0.710459736716
0.645589970587
0.61160624476
0.393747619674
0.549506442401
0.596827101978
0.670004337463
0.631996016475
0.590990895735
0.528338679235
0.51442262943
0.647996685918
0.756557570816
0.757018009848
0.67316044231
0.485272748454
0.515039044368
0.418294631481
0.606548474545
0.61399364787
0.616775047996
0.46665148773
0.559356503132
0.641846348103
0.699533210526
0.806434847485
0.758120665451
0.70725254303
0.505868093449
0.495688012906
0.480048249396
0.546890711822
0.524990389005
0.510055958219
0.530972729707
0.512087838517
0.701166107372
0.84238615354
0.84845711365
0.738140625085
0.626013495751
0.522118720432
0.301114055274
0.477855687082
0.475414773104
0.476580848887
0.399360659636
0.532629914218
0.66287604485
0.75225206956
0.879756096712
0.864319028306
0.808197521412
0.574265492483
0.456444551602
0.37369952767
0.405540240466
0.404043738364
0.397115749593
0.478784432812
0.492944207171
0.739668922055
0.87997778217
0.917091268966
0.816080804178
0.688757864061
0.560839081606
0.308079330407
0.35535825387
0.29949536652
0.342350879114
0.299648270379
0.455384127187
0.632858762844
0.74180995529
0.926811942279
0.931839639794
0.879891293731
0.611082986816
0.495547332219
0.305743620602
0.260645118358
0.269497847006
0.282514501181
0.352531201006
0.432259965036
0.745411476668
0.908365173312
0.960249797006
0.90520029888
0.810119081808
0.634417845573
0.342368980261
0.270412550185
0.151081045656
0.19112447532
0.189431766209
0.355263979657
0.585001561212
0.738351611571
0.952848658593
0.980356356472
0.929531275239
0.659720420584
0.506435648425
0.282582275523
0.122606764384
0.123221466995
0.172533749406
0.256747617671
0.385226204033
0.70847687044
0.862574918428
0.951943995188
0.970957271185
0.894155038971
0.697909501343
0.372089461916
0.255003357538
0.0613876336225
0.0444358504016
0.0741636707623
0.300202733466
0.546889888888
0.708551914862
0.95466248441
0.992973589686
0.956093211029
0.713683654016
0.591081663029
0.331765044409
0.107070005712
0.0566900863065
0.030337053455
0.187866315443
0.293364656718
0.631487401028
0.785758362302
0.924698212976
0.982323409342
0.919395609364
0.733621144758
0.439720922078
0.313304433936
0.129081526207
0.111101926113
0.117104233838
0.270584181
0.471082964516
0.668506605781
0.925248612434
0.972422303032
0.955937322126
0.794411571335
0.677372137719
0.424291704793
0.19426224748
0.203009431324
0.177460023708
0.22024502814
0.218618482619
0.584460880378
0.748369669734
0.890780307135
0.968303865637
0.936309080796
0.744211997257
0.471178095519
0.387475675605
0.274342068985
0.256233411658
0.261090613643
0.272465101239
0.445628230022
0.589777945523
0.849134755049
0.913012848397
0.929176886435
0.790796612846
0.696067387869
0.482877162902
0.306573296615
0.375426114259
0.333489605595
0.344913639732
0.26151984475
0.533754903626
0.619529455573
0.843984850912
0.920915109065
0.905791195805
0.740380007361
0.534317189829
0.446149886825
0.404459801892
0.395384622933
0.401621712076
0.368545781268
0.413281129645
0.467098042521
0.77653384114
0.840942546633
0.884757208009
0.802111183715
0.756330072976
0.501059426083
0.39271957296
0.496236664519
0.478734617036
0.478731334357
0.408732390754
0.512389763204
0.564598745831
0.763733238681
0.848721621882
0.845447659306
0.71880910038
0.531658758584
0.498080510429
0.510745055882
0.513870552849
0.519342954813
0.50475960869
0.466835438792
0.399994965648
0.670321559241
0.694261260909
0.814818699527
0.773129920009
0.725449249902
0.511016226449
0.4646513563
0.56474022119
0.602304225319
0.609645866911
0.512044091061
0.524785807715
0.503181469397
0.659485568952
0.750455302365
0.75945268072
0.67083856229
0.55176158032
0.600012477935
0.551307060175
0.618152915737
0.647668147467
0.627740872404
0.535002389817
0.465063139165
0.566718972617
0.555515775317
0.714214199359
0.685860505987
0.63965787534
0.48365336648
0.513125612804
0.640300466695
0.70570522674
0.725922792811
0.586057566117
0.587441630946
0.475781282147
0.551385720422
0.639009677722
0.655419981891
0.588608139969
0.546787913723
0.625924354701
0.605575628823
0.702123920817
0.773072420506
0.760819239064
0.626121988374
0.496295907841
0.51927836556
0.457416839876
0.595151918986
0.584361816759
0.538073716827
0.448573822733
0.528215321043
0.719720931613
0.772896154906
0.824895761729
0.68969178694
0.647750609862
0.449140655974
0.462546338221
0.491808807395
0.5220742632
0.485146717509
0.469245314276
0.570569945824
0.568406300037
0.758092290835
0.859208417802
0.856297494783
0.731082649442
0.56188404959
0.492191474964
0.403748654174
0.468830916016
0.462117184169
0.444060333818
0.378794682666
0.514495981905
0.765103164479
0.835138063938
0.901567330397
0.808221252774
0.746617410449
0.418275829825
0.397842110349
0.366394898255
0.380168368748
0.369379103422
0.411518332892
0.461699562051
0.539526550807
0.778663753177
0.915307578935
0.931760450869
0.834045800004
0.65911673523
0.514686953804
0.310838338405
0.334130376276
0.319219860042
0.341818145685
0.300911615042
0.485531369729
0.771945849392
0.834156547705
0.941916753562
0.910388267626
0.832356654657
0.493979167875
0.382421585345
0.235222241945
0.245486476553
0.243011490537
0.286827906115
0.395549060948
0.512642852831
0.771361971822
0.934919454095
0.974251680142
0.894032111128
0.704542391655
0.556453877001
0.227218194022
0.212908733788
0.166734376106
0.211614224273
0.203639141686
0.45595362263
0.691747371985
0.814370349937
0.965319075931
0.956808123051
0.89215504196
0.625083381304
0.470863863558
0.232264540053
0.101050096959
0.0973682549489
0.137237707274
0.305492883586
0.435881907877
0.752891618087
0.937240907645
0.98776097584
0.921433502591
0.802294842502
0.597799216195
0.246357358642
0.134372006014
0.0272333687629
0.0555488078529
0.115861547093
0.387931667536
0.662864363281
0.789110863233
0.970778723948
0.989581166952
0.936043379945
