0.0
0.468384486163
0.624552192482
0.577945576296
0.431739281281
0.336001534775
0.193975552213
0.247129150263
0.383213160993
0.530577719551
0.636783490695
0.64985686075
0.332954914714
0.1560322
0.437464952515
0.527603710248
0.446853237548
0.30073219352
0.183739780089
0.0867553608035
0.245229742296
0.454708200889
0.649292056183
0.728260380976
0.675157700091
0.324460767791
0.172321159684
0.486379191046
0.478879082415
0.341168550427
0.295989419284
0.219083751379
0.115893236189
0.369127133946
0.546469556117
0.710316543844
0.791185707107
0.599060738425
0.236640207111
0.210598656625
0.402368762408
0.348634828158
0.193544527462
0.206503666479
0.131316313787
0.132769986002
0.460677138638
0.670915360718
0.80186528202
0.806922960574
0.548658467999
0.141054031465
0.365412386842
0.456646557117
0.279899565674
0.214298331261
0.211838051838
0.0403074849943
0.316488147486
0.487783240839
0.723626271639
0.848249064397
0.796596749324
0.572027802496
0.414438063761
0.436431954038
0.325311215417
0.159380235062
0.1588441254
0.208259936597
0.0946967726334
0.401395736556
0.654494542223
0.751931150451
0.781108721062
0.640348690708
0.477588659444
0.563681055959
0.52197136223
0.329224913362
0.0771470974344
0.195731786215
0.0739621198114
0.143676961401
0.417132491037
0.667000283033
0.803777709714
0.807768181378
0.757571652038
0.65644896698
0.545565733212
0.428014771803
0.287909129405
0.0716455111646
0.255930818196
0.138307424322
0.306545275033
0.53082409823
0.625988849447
0.643073815819
0.687454030987
0.769733302772
0.720258725208
0.652244184525
0.447790167083
0.156910683474
0.147927192021
0.150746205625
0.0320073997817
0.326782810403
0.557482507406
0.643927843207
0.668201984035
0.765175511766
0.766169270963
0.669812436289
0.578276336169
0.388387249632
0.12949598548
0.221793588213
0.199343203717
0.192319065546
0.427806109284
0.48289962697
0.474806264567
0.634449346898
0.814881819501
0.843131887094
0.766879475648
0.560550441907
0.25210753387
0.118938185127
0.148946888772
0.163658281327
0.232958282742
0.441985774145
0.504953402105
0.482259954645
0.56268926909
0.756511741675
0.78536318495
0.65731111201
0.527998197135
0.235528248413
0.173403336112
0.230749887644
0.219039566281
0.335568261584
0.411134384311
0.369318170854
0.40063017723
0.681798298029
0.847580575386
0.785828786685
0.59837940194
0.342088260633
0.186067384771
0.117412277171
0.214266441124
0.260927253717
0.417991138625
0.489331063599
0.239929777583
0.262569875449
0.696592582847
0.788621796863
0.693741727182
0.537811338628
0.313776433915
0.0531765692295
0.190959142793
0.271192207812
0.33807043809
0.472666627085
0.377190794379
0.0483289723289
0.390785822756
0.675945621483
0.71606021995
0.574276122164
0.409388061377
0.241437964606
0.0426554727776
0.238108091542
0.357344107572
0.473739427755
0.559310765462
0.447990553247
0.13718818481
0.485908723935
0.662938554844
0.61229794455
0.511352763184
0.315361138863
0.126262884323
0.17444971879
0.280686150693
0.431692034099
0.571814338594
0.582192900314
0.382572931419
0.0435512494226
0.42078749399
0.608802185879
0.498475891281
0.398040151841
0.272409564398
0.185343459801
0.233816396618
0.422622436623
0.565659709194
0.689409453453
0.6461655791
0.340440651831
0.14690064672
0.471827208904
0.502143290918
0.39507846738
0.30609064391
0.152889494574
0.118462270031
0.230960334521
0.502489882197
0.672110504452
0.76802269696
0.683960666114
0.338831937283
0.1798364125
0.427072195693
0.453942093296
0.315969631666
0.294017335506
0.258444135844
0.179986701548
0.423087888614
0.591816989868
0.73317057014
0.79434487288
0.610250195065
0.22792747293
0.264584827723
0.388727904718
0.315563845723
0.199883644488
0.167886742331
0.135838022852
0.181918464779
0.485879353329
0.721214013374
0.825838604141
0.83659535518
0.558481371183
0.174543761306
0.364899266574
0.406838475118
0.252503967374
0.209821575911
0.279106629861
0.0782686481131
0.335196858845
0.570485821244
0.712937061706
0.852930326069
0.765879599344
0.520071425896
0.417681464341
0.438741068463
0.315129262641
0.0631499514207
0.133425107362
0.190508651421
0.0827624514248
0.409330758918
0.678660716348
0.809458041139
0.81929503896
0.638824711186
0.438287385533
0.466381648152
0.518138990885
0.31541995763
0.105822910381
0.244111341012
0.111937958274
0.253126228554
0.43570767269
0.66763909544
0.787813043222
0.79700312801
0.729880803966
0.676664602277
0.590472812621
0.40273613979
0.190075083192
0.0519698406753
0.20998444653
0.12886231344
0.320327159817
0.602121019517
0.681201754478
0.630797147052
0.620634403904
0.664879862139
0.731641848398
0.63633016134
0.440659734454
0.0803807339373
0.150134335554
0.154448503309
0.0742739359925
0.333498672306
0.561946534333
0.63315470938
0.643389775214
0.750433306299
0.817659841212
0.718208524409
0.515171668105
0.363003239234
0.0545967575172
0.193939770751
0.202936217634
0.239196803163
0.474645482134
0.523732294649
0.418695524507
0.52267790899
0.809008032916
0.837365353936
0.743605079389
0.53354903968
0.250998754573
0.0975731181486
0.181029289796
0.126733167775
0.288662846208
0.460361227774
0.450411402603
0.391457968808
0.615432021202
0.831836695571
0.767461346697
0.629024993266
0.431847150938
0.224933701068
0.157633346126
0.243377484785
0.246481039752
0.424165397561
0.459039819353
0.277670939055
0.350794857489
0.72804738901
0.837260867675
0.778318123704
0.58108969862
0.322906557138
0.128378439776
0.126800912332
0.233393215442
0.311940998386
0.434422295627
0.451549343816
0.286932003029
0.347459686855
0.696364690478
0.776555310914
0.637682921536
0.510108073999
0.313814443028
0.145316143278
0.247014242938
0.313300979479
0.433558064151
0.494509936763
0.407407116657
0.0926177937899
0.468698332971
0.695493833433
0.696046129749
0.547698829504
0.338120686474
0.21737399798
0.0306860012237
0.250750308135
0.376505607462
0.51717899595
0.574549151633
0.405787640138
0.134608139247
0.509194063837
0.670359171368
0.582568696448
0.451000830975
0.353249447872
0.119067193498
0.150104165138
0.368311497729
0.461063385215
0.614434584313
0.580252315989
0.318049099351
0.116642861985
0.415402591657
0.54046500462
0.463378948094
0.314583626582
0.263872328331
0.0722362053668
0.18381473697
0.452247261061
0.591608112379
0.701841106534
0.662577289011
0.322480661442
0.21960655154
0.454141523533
0.469084739481
0.368173155945
0.292502684983
0.191596716494
0.105463593738
0.321627492123
0.508690867732
0.69358797949
0.771575610962
0.646611386136
0.323201008456
0.182041703192
0.415605226781
0.349489658022
0.269310904234
0.243738888899
0.243195268689
0.173598038772
0.457322191828
0.651718866189
0.760302597711
0.782884029585
0.538186510666
0.226887702018
0.369730461302
0.385706232301
0.259072241915
0.192830163182
0.210967039011
0.0683209868588
0.196118767902
0.515720518243
0.733072196561
0.858832246475
0.822509662478
0.607968616807
0.304559838862
0.324694836783
0.361243352179
0.214682001784
0.202622923773
0.299620520704
0.136882489887
0.409689296756
0.598676444642
0.740212306211
0.798088585278
0.750715397624
0.543468750629
0.437152324628
0.442877034243
0.29246901884
0.075486688644
0.183627522635
0.152837201739
0.108100780876
0.455484262799
0.700639431797
0.8079832741
0.849969405763
0.720389228409
0.480755439633
0.458962001571
0.431627422283
0.278098135101
0.0957497425741
0.283882026856
0.13013690382
0.28379398155
0.537723711559
0.633245157924
0.760597276288
0.79139536361
0.720571893116
0.681063571358
0.600448302934
0.406571862678
0.110473683553
0.126956039719
0.204068616033
0.103712680372
0.330433842378
0.606984384953
0.720410197824
0.709123426688
0.633400313891
0.659557295817
0.638742054044
0.602597108846
0.416094569385
0.0856599440898
0.229256201509
0.176145276493
0.216565065148
0.371866283393
0.553879578888
0.617334612398
0.657884764539
0.764325136687
0.834330233351
0.724504556079
0.511623705001
0.279478342515
0.0768285089792
0.190647562784
0.176138751578
0.259475273892
0.516960102144
0.578456567371
0.408930057625
0.493850072475
0.751094748007
0.815713798573
0.696887229224
0.523039046035
0.182165548114
0.0884706695412
0.206194905475
0.157281912959
0.306488438687
0.474492295108
0.432996731138
0.366865533773
0.615300066161
0.824641259
0.788779621598
0.568210361661
0.419080409155
0.138836439333
0.100118753261
0.236459836118
0.265570212728
0.453253225217
0.499893750565
0.269242332271
0.298565075167
0.704804186148
0.81708684932
0.727652232835
0.557036862391
0.308264291608
0.0346722855576
0.205284785031
0.217268880173
0.355288788492
0.472813739925
0.408549620282
0.166909757575
0.345916709188
0.71956286988
0.751390829458
0.605482435052
0.432428827119
0.290142612653
0.143137218799
0.242668016815
0.349358319552
0.487856751608
0.559415174809
0.39120288987
0.029038536029
0.496963319462
0.690872421399
0.67456598493
0.516626823712
0.344136787645
0.11758554176
0.126241168752
0.257376981836
0.433845187091
0.549480864179
0.584343227226
0.422299926968
0.0566049583883
0.500544030323
0.646394215359
0.559296013572
0.424202854721
0.350421445788
0.208952333676
0.220817788075
0.384085203568
0.546874429831
0.63093887904
0.626814875751
0.288371245572
0.168726669277
0.432754793723
0.519145851262
0.424921755407
0.283265459315
0.203761689243
0.0797002219303
0.251171627247
0.461341775151
0.651331221226
0.721214115734
0.648427129979
0.30373699069
0.225081834303
0.485610937507
0.44429257045
0.317449832096
0.333101189765
0.229966958177
0.101089499046
0.400639954175
0.546551785534
0.722688252635
0.768600212744
0.586201257404
0.248223045403
0.184564390304
0.366052204798
0.312938125146
0.179868814018
0.233624338377
0.151110773107
0.12825887566
0.483903267648
0.680924473133
0.804147115224
0.784913453608
0.51272878369
0.102180147278
0.335357580025
0.401470426558
0.229180856918
0.237367647467
0.237096595303
0.0654528924965
0.309161980204
0.520161739424
0.742752020852
0.852682948063
0.791122360093
0.573670388581
0.375250575513
0.373847855584
0.254929469767
0.132032084687
0.191246465003
0.26545740071
0.142942465006
0.435835503053
0.68163773731
0.756149262847
0.783830943418
0.631829617245
0.496867359189
0.515984904724
0.446430519229
0.252964351931
0.0660465413004
0.229412796797
0.0832239343487
0.136499917546
0.46995856677
0.705988872605
0.817640260139
0.809235650004
0.752899099263
0.607900941333
0.463628225667
0.386408350827
0.208413566434
0.0888100219829
0.287014965284
0.159810589342
0.357331615394
0.566072189933
0.670050179132
0.670462850422
0.727648073275
0.757625586291
0.671992183857
0.605752958886
0.389361865307
0.0912960397548
0.198234332
0.170175259901
0.109877588674
0.392457129132
0.610501458727
0.678504566973
0.708900481889
0.751895435414
0.713272277672
0.633515590337
0.515738402737
0.357214630154
0.0782350554113
0.229551935267
0.199928530779
0.262079584949
0.490484120916
0.525904217519
0.548745165641
0.664073242401
0.796597699817
0.834213793287
0.730155978449
0.508431098129
0.215263330447
0.165657658869
0.176017970369
0.192246021645
0.290057047471
0.507843967727
0.583393830877
0.502191928767
0.535714932293
0.755077671155
0.75955681056
0.643413430167
0.486239199508
0.202817749728
0.159439330402
0.217446051156
0.267687895613
0.367199624639
0.476978310991
0.42366609138
0.40997927603
0.668116078614
0.843485180528
0.761420496098
0.562072647916
0.32717472625
0.1750279867
0.138131719998
0.210356352978
0.297917083137
0.475286517063
0.524256706065
0.263379178242
0.291984573252
0.714583879207
0.788968601985
0.670325311954
0.52599373666
0.283485748566
0.0302226492863
0.204757885846
0.284601169185
0.377563648074
0.499714805611
0.398410613046
0.074498886092
0.380405910436
0.681937079283
0.723609687069
0.548825984177
0.406343636449
0.213652292378
0.0473002608425
0.22598389236
0.361420055827
0.507909546297
0.581625178344
0.421313552246
0.128052249707
0.494327169151
0.669321682617
0.611087636734
0.498612024621
0.315458325897
0.117741172163
0.18512897812
0.283250823707
0.457839396607
0.586842117163
0.579201732024
0.384767808352
0.0376737235546
0.461359749304
0.616937052076
0.498693788082
0.378224773171
0.305629049303
0.220330720261
0.210058660232
0.435288937451
0.577917610377
0.688246078891
0.609563413659
0.310161815946
0.184446464149
0.458869072821
0.49003321792
0.381577873333
0.305594500654
0.153596953576
0.110180382832
0.240191116568
0.521259077384
0.677291680753
0.756915046815
0.664870250755
0.291387554117
0.207393846238
0.437644080585
0.437553822014
0.293910953797
0.331715877855
0.293766724017
0.174500949378
0.418526931381
0.61889724048
0.726187381825
0.78786459249
0.574249630308
0.178850148047
0.211949256463
0.350933945485
0.275374320231
0.193627046926
0.195634601911
0.151069523531
0.210674715921
0.495271436868
0.733067916209
0.82078624935
0.813955236311
0.511090299891
0.121727864363
0.336545202904
0.352537307079
0.200042631633
0.258040814396
0.31004013404
0.0979323559625
0.380449550076
0.577045329371
0.743585370149
0.846785489205
0.748682587209
0.516166246086
0.38264183356
0.373950302319
0.242046443802
0.0462620953602
0.180442117664
0.221226287265
0.10484997591
0.45249859241
0.702921219793
0.825805910805
0.791255352358
0.615402872281
0.396874863207
0.437162565085
0.465614852375
0.237572839811
0.139247847809
0.264886984789
0.139634015876
0.26497493702
0.477441051309
0.707479905788
0.804039208833
0.789929594873
0.724727893097
0.643125400389
0.531232957259
0.320481981607
0.159230182518
0.116536694213
0.251250248159
0.168493279465
0.377733600143
0.649812676706
0.690513192238
0.653523247113
0.621712229857
0.678127916354
0.70633010888
0.576189025512
0.374919160847
0.0588389714616
0.195943144086
0.173689287628
0.11840491614
0.403612307817
0.616917549124
0.663599681036
0.648138602507
0.751773969601
0.796303781085
0.656467168695
0.476953303291
0.292017920825
0.0460390048022
0.214120539275
0.204466156908
0.309744412107
0.522068036643
0.577948304233
0.45850592114
0.565378596948
0.819836321145
0.807608567395
0.720126958691
0.484027633075
0.210876954091
0.168434820529
0.203699768872
0.18314558149
0.362253250907
0.51685262597
0.504816618134
0.455615159813
0.630677224062
0.810815192856
0.743174733419
0.584191103759
0.40803402548
0.201033366344
0.14110149211
0.235268889503
0.302223237437
0.481429720368
0.483189224374
0.343238269978
0.405184864577
0.727459301024
0.836220434938
0.756923501221
0.547311098792
0.28421955405
0.170826134217
0.13693445137
0.263889393599
0.342748177135
0.480685784203
0.513051143722
0.314422700218
0.348065512901
0.708601451566
0.773323009789
0.619319586612
0.488355037168
0.304421541983
0.11202811648
0.225456985802
0.347430083272
0.446621436671
0.522270647287
0.412548066256
0.113042895288
0.458397569225
0.698972016555
0.68296599791
0.524093527168
0.320759618569
0.224771880978
0.0547271923207
0.233592088912
0.392964632486
0.535368455366
0.586848196938
0.401484469322
0.132577003743
0.548816890266
0.662351068924
0.56328453013
0.447134243292
0.354631206671
0.10943057039
0.157642074121
0.37700727476
0.478172902244
0.616519620225
0.570852332784
0.317290067646
0.111574625216
0.424807803914
0.547008206666
0.44910388096
0.318732867209
0.263453579372
0.113289181061
0.183162261742
0.450145471473
0.608464832465
0.701918610382
0.634814198442
0.274767086921
0.2240338021
0.452829244032
0.445737486172
0.364831865289
0.295531988837
0.210051492593
0.113412927078
0.306694289482
0.530075117531
0.701892878957
0.761215500377
0.638900497892
0.308506623145
0.178105361684
0.41074783333
0.337788077327
0.267081155234
0.283103540914
0.299998023295
