1.00000001476
0.896041951113
0.795548977032
0.556656467243
0.36286995993
0.157303586896
0.0120900850985
0.0440630078546
0.169471854398
0.398324132159
0.549034837879
0.78954113757
0.898446349752
0.959419728117
0.904479327311
0.693235439159
0.609448097898
0.277444019545
0.0548279158951
0.0575642474957
0.0702488448829
0.319146140317
0.371331687215
0.540981239161
0.744871888285
0.886280047627
0.878773832574
0.902374422289
0.638497604089
0.502269923628
0.250528897157
0.0930392072248
0.125385160769
0.247370446683
0.41238697602
0.225018615537
0.487364602203
0.758725202699
0.794659754973
0.833911975481
0.777705963451
0.659677336811
0.310667230536
0.189784574644
0.0671939602725
0.235135365257
0.413486311812
0.353444153315
0.131838689767
0.579822524889
0.702492083333
0.667905062236
0.797431227173
0.658498751521
0.516106220604
0.302901310236
0.14247466574
0.190396319555
0.353895523163
0.545253979697
0.316189929901
0.312652856393
0.662133819493
0.472872437669
0.568410352609
0.711137422214
0.582934480343
0.32174986764
0.266761887268
0.127395043602
0.387714253062
0.461132718728
0.574729636356
0.386547903859
0.542586378187
0.547997900329
0.253553753914
0.554447893576
0.601834703255
0.421774505353
0.268285465531
0.171323603791
0.257007849128
0.494199055388
0.656695699779
0.57478882762
0.528034097552
0.641172876056
0.366894223506
0.235643116173
0.571207026608
0.419564035684
0.285585904609
0.234618841032
0.177648464336
0.444153142287
0.513915053936
0.768665813811
0.684699229598
0.704288080643
0.626863225259
0.296584829353
0.354331319385
0.452055266131
0.222694354673
0.220489543199
0.137487507307
0.275679863195
0.52689563282
0.644217011431
0.79675937645
0.824048515526
0.810476995665
0.604781038729
0.323982462248
0.42097894623
0.266148176092
0.136851500625
0.155325498835
0.134042643497
0.357978147591
0.540796885159
0.76610305481
0.860563058712
0.917324618457
0.846976814645
0.626439092809
0.452057815721
0.346959108272
0.120737774215
0.0923052731719
0.0423406257604
0.18163111995
0.40402142012
0.587046449731
0.837319212342
0.930508370789
0.940399150774
0.874952594821
0.607794469835
0.548385671469
0.255997075953
0.0801782730121
0.0438870993518
0.115847298815
0.184336696227
0.437607298993
0.689307617568
0.832744395023
0.974158772744
0.924731463248
0.858619604257
0.650703860128
0.473019535862
0.268947084528
0.0687373005749
0.0530770548427
0.152217670439
0.233299275017
0.499475962664
0.710620271497
0.808133003138
0.937671093806
0.941295370003
0.792250299198
0.69143155129
0.384740964517
0.229194992311
0.0381096336506
0.182483313685
0.1404611976
0.31146849841
0.578751433403
0.596907279446
0.819473879437
0.900163675043
0.909037084239
0.779284043516
0.585793540382
0.380353442768
0.126718269803
0.0981535476464
0.190110431287
0.134553066282
0.39833744585
0.545107687042
0.523233782867
0.821625522452
0.869943503673
0.807483964743
0.732780968217
0.470958379855
0.323740445173
0.0877382767287
0.269774959351
0.241388825814
0.278031915738
0.499531894756
0.379941296757
0.529316869952
0.796333200111
0.766947702156
0.723246646784
0.611678671779
0.418983849743
0.239151869931
0.163082310208
0.338385366104
0.326191228325
0.469090727048
0.48048455407
0.219650463782
0.551726171246
0.693111682465
0.623469410997
0.647255312065
0.469761326222
0.351711372578
0.180500919862
0.308621361587
0.403095234927
0.450327813381
0.645347405877
0.398306476628
0.260366024763
0.599243781843
0.527930647547
0.48979394124
0.589109074746
0.342809126802
0.265412933782
0.189796858364
0.411538098174
0.483356226435
0.628861692315
0.711727013318
0.371957001389
0.461277556273
0.536400692432
0.315346186453
0.401353597697
0.418461797068
0.29061132167
0.148869575427
0.295062272817
0.456398842012
0.622000399301
0.76874242446
0.691701639105
0.447559695406
0.628913939014
0.387672156423
0.195961398024
0.411929531329
0.235823661068
0.186051689931
0.0846656761041
0.42698147796
0.513873022311
0.757597128645
0.841793575105
0.710496707007
0.647136408937
0.646651889493
0.232005935818
0.20008298782
0.324144953479
0.146297477936
0.0922977169623
0.181052108093
0.43595355787
0.666386087415
0.807564072287
0.909144413752
0.799757128414
0.782676645674
0.551299452425
0.207484302136
0.276670438911
0.169765527055
0.0526415100691
0.0870331411507
0.356366518468
0.438043214903
0.762364996824
0.896141195339
0.929612451732
0.905559231845
0.755532519086
0.519331948357
0.291646427363
0.256516330808
0.0340916887187
0.0691895726212
0.104250942446
0.379062960842
0.579232553715
0.745236615192
0.959663190319
0.942506094313
0.91464199473
0.735374768929
0.560702941797
0.350602273866
0.124462068418
0.08521885846
0.116916513524
0.240308608593
0.326889737899
0.631202041351
0.798424368233
0.918694207041
0.972791203067
0.854835853782
0.785608889553
0.548220771073
0.277685941221
0.117718835247
0.111931150348
0.201260744795
0.290251024756
0.363763399682
0.590643668634
0.822634995666
0.862800259502
0.963716140317
0.800534847234
0.768268521659
0.477516142967
0.166951686812
0.191479309336
0.16988683792
0.342063199933
0.232868343415
0.396257879262
0.617918874393
0.719552420105
0.835304579684
0.890137100004
0.820642908272
0.625640395142
0.397768866555
0.141014056523
0.202018785373
0.313026220423
0.391569961226
0.145271893996
0.459772640357
0.622436366049
0.602875418028
0.797268362632
0.766672217681
0.758119148522
0.519621527604
0.242080964821
0.2030005063
0.249521195313
0.460344723382
0.351475561451
0.256221320949
0.606647768469
0.477419077005
0.541166599083
0.743360439392
0.692321381398
0.557349403175
0.500552682042
0.101934399128
0.235600688499
0.328145104757
0.546849896468
0.399201938965
0.529225774098
0.613805735879
0.229407494579
0.490153435346
0.65100405981
0.562938883615
0.430371280604
0.32777167949
0.154716308849
0.280943313306
0.478566684374
0.531725464165
0.544571888446
0.701614072401
0.454849231541
0.120031767523
0.54616425999
0.518644963752
0.39649198636
0.417175742751
0.1369457417
0.203912639927
0.289838506485
0.645942676598
0.587387111722
0.700649575723
0.738498838773
0.420294105665
0.324329434405
0.542349911532
0.284703333121
0.279486380394
0.300088426544
0.09616054824
0.300224754498
0.382196478427
0.6458445959
0.759809676256
0.802815513651
0.734550968844
0.48786862439
0.50901430859
0.355834064933
0.0980046107488
0.235798074239
0.143454840793
0.130694734981
0.306138191932
0.575470296112
0.676563142334
0.87731360381
0.887621582116
0.760573311049
0.562533354013
0.50496931411
0.203277899028
0.0510729161811
0.177664941402
0.0229042135098
0.204504582358
0.326410249161
0.634470771632
0.823523201028
0.893509140482
0.935863419944
0.789091548947
0.662468267046
0.411047174455
0.241617246713
0.0898478576436
0.0449192456164
0.0777176109486
0.231332675252
0.444440165497
0.652730697726
0.896495898407
0.922271098997
0.957924052568
0.816485703815
0.669452165769
0.43100187917
0.219257890072
0.0532920285145
0.098969447473
0.106119254251
0.298853099533
0.526105737715
0.675979994343
0.865853382254
0.954143422989
0.927507681928
0.866030370953
0.577441517384
0.47824801409
0.184750034504
0.0919245992613
0.160848590292
0.196748262321
0.418599919998
0.473492981601
0.667893934628
0.83414414597
0.950254014214
0.897325336598
0.821481368437
0.605386642621
0.368604316131
0.172271037087
0.148388160864
0.201212818075
0.344092766209
0.458811638621
0.356563588459
0.664350185822
0.844111079661
0.862884591393
0.883716055651
0.685486177573
0.593676718831
0.267450336695
0.156375420264
0.184469478623
0.249514851999
0.465810765317
0.371063185343
0.348947420865
0.711525717161
0.768040221031
0.769697502508
0.789254840918
0.636017084751
0.446351343467
0.254724661081
0.178091544025
0.294998055188
0.369277997163
0.525314013247
0.272149834998
0.470046800198
0.68959189065
0.575281867692
0.698432539744
0.665309604386
0.565480065013
0.334132654256
0.189348102776
0.218405491903
0.383390223914
0.54036217356
0.462000909685
0.265787221052
0.584057558767
0.539044804353
0.441904908448
0.645236158141
0.555783904609
0.435135077868
0.258494356361
0.207118468393
0.349219551529
0.467489304108
0.690291620313
0.47036301312
0.440588819042
0.592942969906
0.319295562244
0.400768840692
0.56125047886
0.421100856443
0.311699117184
0.16775205568
0.254940140888
0.438727414351
0.602462169635
0.711149255841
0.55991483316
0.652975127307
0.478227857415
0.139799135904
0.411889573197
0.379256200974
0.292955645137
0.182439266202
0.163797145918
0.300738446588
0.536713297782
0.743967563354
0.732264334871
0.692773042258
0.751684352904
0.396122886234
0.181101688497
0.392956989349
0.231029108748
0.156922557324
0.0917812437227
0.204635975811
0.377212134983
0.630271352852
0.817694968098
0.784679440187
0.837125143042
0.740940926497
0.397494611744
0.336471147993
0.237963493883
0.0874513050673
0.0648238835921
0.113638549535
0.206529151376
0.502325426585
0.717421512225
0.845206701736
0.892199202277
0.887531560489
0.717286674786
0.427594293298
0.415062110307
0.108479832979
0.0438233274076
0.0751798121727
0.243906197046
0.270663538538
0.563121129387
0.815094818563
0.844248549004
0.967301199518
0.870848944069
0.702004563659
0.521136610046
0.327157025709
0.161152455639
0.0833356496118
0.134587565679
0.244317160836
0.417199185112
0.621131917687
0.796419268327
0.901414631471
0.929574326374
0.894221982265
0.721157659044
0.53930766323
0.264863010434
0.187692447765
0.101187016745
0.247395023923
0.207328177192
0.464640391679
0.708799317412
0.713700832656
0.935910197332
0.904295713545
0.887796052468
0.728036099943
0.422048163075
0.315327710339
0.176132527274
0.216681863931
0.273242909545
0.281669657573
0.49614778389
0.65605093535
0.722769507256
0.8956243843
0.902283217548
0.828928096265
0.629966736788
0.370451478748
0.32417807756
0.179951849963
0.34063917117
0.265900196645
0.408089303429
0.544996690273
0.485029324908
0.726195712677
0.823222201145
0.850614816931
0.735461139416
0.489465175248
0.396521505771
0.264260592089
0.289132489103
0.383627133374
0.283782417841
0.548858061624
0.479021432815
0.407868522913
0.695735303095
0.746359009472
0.713110238003
0.662667465655
0.353929857753
0.373910445234
0.208627350805
0.415680862779
0.38007759915
0.456793077952
0.655018698447
0.311965856756
0.430347190627
0.640540753219
0.617550556718
0.564791047318
0.541598722527
0.357100643637
0.240391464153
0.284123256356
0.436058880137
0.454018276742
0.675353036589
0.610677408857
0.1870620673
0.522427239206
0.524281498573
0.436604813471
0.512781656033
0.318975372723
0.318459783198
0.1009893755
0.434805356928
0.424466400488
0.637461973928
0.780772694456
0.511596377402
0.317395965977
0.605416743512
0.327210148825
0.313810150003
0.438737229238
0.25778710364
0.131297471721
0.127197700267
0.479996491524
0.553176237009
0.764099443001
0.802550574293
0.560835665641
0.577184567758
0.521233274693
0.0869569540811
0.261416367376
0.261752233012
0.171543175145
0.114211882931
0.330603631701
0.421755542348
0.727070385388
0.845747091094
0.814771000685
0.689132488791
0.680930300275
0.332448849611
0.0569559932395
0.255319403739
0.129723285867
0.025031859132
0.119936309836
0.448482215835
0.542945725676
0.772623968139
0.931042894103
0.845140102173
0.788802957503
0.618032795194
0.36908195453
0.166789816709
0.167883413137
0.0805282137963
0.138732812992
0.214737763941
0.416646369156
0.719768032496
0.805564103895
0.938748074781
0.902114870809
0.80619398013
0.609398037458
0.43186060398
0.211061291538
0.0309418627625
0.143677383132
0.192033049068
0.345698717608
0.4471343612
0.726029086382
0.892604601683
0.916258008599
0.948734624341
0.754355961025
0.681087380761
0.394196504077
0.125562291016
0.181693026105
0.189234030585
0.286305285146
0.365635321915
0.532299005933
0.693305199282
0.892502456535
0.929821934349
0.941196575285
0.746276789012
0.64768666923
0.346064750244
0.101012232915
0.257385691726
0.27609188204
0.396749640568
0.293136043199
0.53791768393
0.723519257604
0.811419813058
0.929186224523
0.841762437969
0.799571394697
0.525051694101
0.276006165498
0.167908623009
0.271249637146
0.402318111944
0.393272356573
0.244522238055
0.584360012043
0.710617341875
0.752103951538
0.872718328573
0.771282297707
0.701249133673
0.493719249637
0.150941704567
0.28698419569
0.311647266334
0.517194991055
0.337060540583
0.373301499681
0.653365227309
0.548036695983
0.690543300534
0.755520511916
0.733717982162
0.533251044482
0.406390687403
0.147583990727
0.289401106616
0.407082041547
0.510795344221
0.363467543257
0.585513419924
0.56307391495
0.3547958512
0.621712122165
0.664387926434
0.598440737379
0.471993913742
0.211755607383
0.238708789787
0.283247700543
0.58459409266
0.471707378837
0.471193881134
0.674526452866
0.358242028597
0.284343991694
0.600978980389
0.53727146406
0.458914993892
0.367118933914
0.135593031654
0.267591619733
0.33879870956
0.629259344182
0.565982881562
0.638988294163
0.625781497727
0.254048927498
0.391158014743
0.492073335494
0.349802290758
0.341468166726
0.203715928766
0.141157663653
0.301966306335
0.539792642811
0.602621872012
0.701744784173
0.782015131267
0.545148941028
0.276788043612
0.472779656178
0.276838499613
0.216161751974
0.23239599804
0.0763133082035
0.153028056604
0.350780237535
0.658610111742
0.703102498493
0.806393654733
0.82760680564
0.562217141238
0.396907201576
0.378492796749
0.0639823627795
0.123295421137
0.10911262309
0.0539219769989
0.219872236331
0.47062895853
0.681994983542
0.817788275004
0.890818649814
0.831685393679
0.612139042585
0.54315169264
0.234220936404
0.0952918316327
0.0938098347178
0.0989044930386
0.104229637737
0.322711834837
0.58399652808
0.696935999439
0.889127545004
0.9335239706
0.841615764686
0.675886571707
0.524182691
0.267170039479
0.124031333038
0.0541059679421
0.207544318893
0.191900962702
0.419454704077
0.62164033605
0.727456154027
0.901262933951
0.949849869135
0.831678094905
0.74557494237
0.464403816508
0.337303708182
0.094957595729
0.194013592984
0.247479016763
0.344557147797
0.528589564019
0.545130243484
0.783746348862
0.890921622742
0.934363275292
0.857093844743
0.679206503075
0.508558560297
0.273902374858
0.120270951712
0.25651224887
0.257599503753
0.428688146778
0.560669439425
0.505825209277
0.799241928342
0.904740524639
0.878450244895
0.838678848475
0.585357807795
0.49548672653
0.218043376934
0.219686895618
0.327087576384
0.351578814051
0.510184687119
0.460605482137
0.583759947382
0.788444081408
0.835836984366
0.837520585829
0.702642686431
0.586476132764
0.424449477484
0.190333595101
0.274750358414
0.346323353848
0.474944695664
0.51296082448
0.313456032052
0.632778097828
0.741306701719
0.699360195108
0.763153330296
0.592743951163
0.555568182329
0.330862141282
0.233354046428
0.359314748343
0.403795737095
0.616124573591
0.433792784977
0.331771093714
0.634496186412
0.630663130271
0.610211758938
0.665640490252
0.536170274286
0.457158474556
0.202506445689
0.304542503725
0.382608569447
0.54184318978
0.670147608832
0.36878296848
0.50206916475
0.550197180315
0.412361788719
0.546527064779
0.502258304287
0.484075005398
0.280532722225
0.207630891808
0.298489987561
0.451460508272
0.705926170565
0.634194180051
0.40292143427
0.655652649188
0.392526742852
0.258288060716
0.497880940359
0.383454996001
0.341005910782
0.136114117312
0.247845603871
0.311057761096
0.608259374589
0.784226906721
0.601229275944
0.595495071316
0.668288162267
0.203972213089
0.230847215037
0.3548832417
0.313034436188
0.140209296856
0.101294844954
0.21218632949
0.451862177174
0.723341241938
0.78689441791
0.677096939367
0.784523540439
0.569158437661
