0.0
0.290946638362
0.501511923803
0.467034459377
0.508772194718
0.32465116296
0.0832358483691
0.160178945949
0.350887365478
0.443493456296
0.516901532898
0.294525568818
0.257544262696
0.269156474175
0.274910200133
0.537740604763
0.492260477967
0.429623216274
0.297999252467
0.138258404439
0.260268429997
0.410551611166
0.429615419605
0.471323322762
0.305014344396
0.126596427764
0.245606619597
0.435626235394
0.521728671249
0.573535863877
0.354267583471
0.129214228407
0.127259900287
0.269890936278
0.482299654567
0.482072457368
0.356058952685
0.300125922425
0.198136307829
0.332242786435
0.520277437804
0.470860257205
0.47580758516
0.396495171762
0.133990022386
0.250940253864
0.345874220697
0.393419747934
0.512602716077
0.334794474561
0.198928579844
0.270616347555
0.323817696979
0.551641953264
0.587941757996
0.44329469899
0.20848724902
0.151200311875
0.150935605902
0.448175136368
0.45584994402
0.356987651428
0.339118168694
0.154934136992
0.324646104753
0.516513032937
0.468904299724
0.513620589056
0.435567228515
0.241435990787
0.158273619262
0.259826785474
0.356203359366
0.498365205416
0.377787018208
0.18537260427
0.231932173236
0.218073755229
0.533616529289
0.575622837045
0.507104709342
0.282479849948
0.160140850974
0.128806425297
0.356185913795
0.415211346383
0.399444947687
0.344163651085
0.201549000769
0.279269781201
0.418333789647
0.458350121891
0.519520250062
0.447416589769
0.261497216965
0.0234492896586
0.189376405145
0.421606969917
0.476536322066
0.40560584871
0.256466229108
0.1186463684
0.158099792246
0.504811058056
0.474061980495
0.525531897193
0.28929408113
0.212636931312
0.187844758468
0.295500502998
0.406616987143
0.496031154386
0.360304313816
0.249703690243
0.177368073519
0.272034358291
0.442092182558
0.523861835446
0.457653868132
0.304515022119
0.0385321716632
0.100309696394
0.433669727351
0.455451102987
0.434260066169
0.342723244467
0.085130582563
0.133937671127
0.422111292213
0.411641122866
0.538932037277
0.400127908142
0.317074750641
0.188414009431
0.21301950313
0.335355992761
0.501148892167
0.390066379338
0.256160988854
0.0700573290471
0.217787159213
0.442289013947
0.556293127096
0.479889768146
0.335474193854
0.222588877797
0.0923503498542
0.41309979491
0.41512824699
0.385846373133
0.362576540162
0.185979760465
0.124860278213
0.354187209701
0.409277564544
0.551770264747
0.522707012926
0.370105348488
0.175128658523
0.153424385203
0.295068014693
0.497909842447
0.435525502625
0.217630773062
0.0629346956229
0.174806941031
0.445459486969
0.543321583964
0.521858131124
0.36834113612
0.32873754258
0.205691556307
0.33329088166
0.413922653302
0.384892391516
0.405321707566
0.314504494339
0.0852961427481
0.288677506399
0.365902930405
0.518216290212
0.545750322351
0.455525127325
0.172046180531
0.190370365377
0.316583727186
0.454231146544
0.509746963828
0.267461303031
0.129081722578
0.14284932789
0.345858506543
0.510551015238
0.539796048142
0.396108335921
0.36901801844
0.229484010936
0.213143355456
0.431156542958
0.407633230573
0.441040509782
0.38282726856
0.0728916951243
0.200612750504
0.323635915075
0.457628167522
0.558813189473
0.442567174821
0.232339389409
0.214890153487
0.309309461815
0.414744294259
0.516730893985
0.333650941929
0.236784434401
0.100442250446
0.286002419519
0.414874621508
0.524811039036
0.416079627056
0.43357817244
0.173239381527
0.13590112581
0.425733227295
0.428452980826
0.494999961034
0.374632238736
0.140874626428
0.0486922143262
0.298890819223
0.42999672382
0.531935951748
0.419782043257
0.29999225466
0.253800046683
0.274065873797
0.394420817218
0.525513899662
0.419562509579
0.322436170655
0.11407470753
0.162676779752
0.321633401368
0.502945741139
0.454778821481
0.483933959052
0.160759873867
0.186250441713
0.375417185239
0.403366574728
0.516158224892
0.438516518051
0.27426544921
0.0387886292467
0.225152033759
0.373914509506
0.523522793602
0.445084208051
0.386549233742
0.274259275049
0.20731684832
0.416855606298
0.507943114694
0.449455890797
0.347789050518
0.200863220611
0.139860851527
0.327539475976
0.467467256566
0.49269896372
0.490203037049
0.242479055199
0.277679924565
0.319927561738
0.384642662231
0.52461197831
0.470923696359
0.35002953297
0.134523716344
0.170969627602
0.337205897465
0.497927613889
0.477639165631
0.440230657683
0.273808297394
0.167642225044
0.415966983131
0.489449408102
0.519394514192
0.405201025588
0.267004342125
0.131944518506
0.240126177448
0.415483090677
0.478207894392
0.465733049489
0.356791125422
0.262193351025
0.29630424634
0.362494043581
0.51255309448
0.511062173039
0.438031995261
0.209005107526
0.0700405395928
0.281311392645
0.425148040991
0.493253964789
0.409895662213
0.24794080755
0.207871615002
0.339520841504
0.467878185915
0.542121692915
0.440737680232
0.35300224312
0.120057595325
0.127006569265
0.335161923948
0.466735037218
0.453173588267
0.446323317729
0.176091049021
0.17439629014
0.329734310962
0.470186389946
0.524873244784
0.438956266328
0.244439895843
0.0561338760165
0.257342139138
0.384120777267
0.503639672806
0.431622838577
0.251499703272
0.255583565448
0.287755519701
0.341494981566
0.534371333022
0.42089222438
0.42226401191
0.126949898283
0.0557810576292
0.302502643924
0.454599074005
0.452646688807
0.487409144627
0.193120074385
0.0276228023424
0.293780998464
0.446646992128
0.500702836378
0.459168838091
0.290535194629
0.159962020549
0.196804520012
0.344890787872
0.478790104635
0.449452418585
0.304467585556
0.256690363214
0.191034430644
0.252681955136
0.519523623483
0.494942969768
0.510854673739
0.160153055078
0.0735440767448
0.151694250795
0.407283683941
0.473038514667
0.436781148288
0.221776444368
0.0749911674067
0.263788493418
0.440474982512
0.502150531846
0.457016550828
0.441594177573
0.284667879752
0.158472426776
0.302913886827
0.347509990292
0.431510309181
0.400255362008
0.17898365213
0.123501737731
0.235950292528
0.489519779832
0.5849798766
0.54480609253
0.221703203731
0.174393541058
0.0537763775666
0.352041902648
0.50510862428
0.352317521722
0.245441552178
0.222686376373
0.23078115854
0.423261913962
0.50518555772
0.450892894846
0.520622483136
0.334889470066
0.115864561656
0.28240932633
0.295236402281
0.414324085722
0.499469914961
0.168652084067
0.115082231115
0.175997875556
0.404765340071
0.595850815389
0.577163307692
0.332618406561
0.23240438466
0.0578189974005
0.274052619803
0.507662684551
0.358920037339
0.303455342071
0.30419564221
0.107867244246
0.388891151476
0.481275470858
0.450668386955
0.543173948763
0.342867414001
0.186092742571
0.231921081461
0.280941366077
0.443008549378
0.515374265647
0.244142830714
0.104226141744
0.116732717673
0.33463693822
0.581146191759
0.530075373478
0.438448740699
0.247211887054
0.0327924212587
0.255918112772
0.461015311272
0.38842165259
0.426399450169
0.307310651418
0.146316525253
0.249156389514
0.425310120766
0.468289056402
0.567918394997
0.287184455289
0.261606225871
0.196422158723
0.250685404976
0.502905920006
0.482443215681
0.334389545775
0.233936565919
0.0710314511057
0.307400490408
0.492823666141
0.472583989699
0.494627878589
0.330172506227
0.0474904578062
0.245780714334
0.421248426244
0.408289721127
0.501213557301
0.322943353698
0.189932944208
0.148006137927
0.379668379785
0.474530781873
0.579082928368
0.307318376209
0.316371549687
0.138192596566
0.19350508279
0.496311433501
0.478915800057
0.429894801599
0.257956559471
0.041858489415
0.269624868083
0.448717396111
0.482264773066
0.538761244121
0.404955341865
0.109657392414
0.247017918813
0.327827098279
0.418979841329
0.486661754848
0.371033409245
0.297737867042
0.0958809906656
0.332809099318
0.498708521883
0.551300230621
0.403687238996
0.36256342563
0.135647715774
0.187296344727
0.456698977737
0.460814981281
0.494823931446
0.300487570688
0.0987758686725
0.283395476946
0.360074332822
0.481942078466
0.561142402911
0.388374302383
0.258329044647
0.218653064321
0.287602581118
0.467860093468
0.482548930174
0.423206060006
0.356921210163
0.0602757041279
0.244251705099
0.47006022908
0.478964423997
0.48930929337
0.350314599938
0.124122708832
0.205119795839
0.376374695603
0.490901713995
0.55115360453
0.382954960933
0.204505074927
0.250227366838
0.259880786592
0.446597967043
0.50411411053
0.380971494898
0.361064450618
0.0846020557146
0.264982408082
0.464996241405
0.452481595016
0.510438028809
0.35697926164
0.146358629122
0.160043979547
0.411805395006
0.455065683755
0.544593441491
0.296023607875
0.160379691243
0.183985376705
0.290270055482
0.494515196455
0.528514362342
0.414806445185
0.28195095002
0.165031084403
0.203703230397
0.448500653064
0.470472775222
0.433696894935
0.414194765647
0.0402479121146
0.127910450201
0.433947072082
0.403744178281
0.550541685323
0.347049329393
0.203746329307
0.141981006732
0.311158562796
0.436337499085
0.565583513471
0.327258795335
0.288787612774
0.153006795183
0.246709756798
0.422804627872
0.516830342824
0.44264087505
0.374958953484
0.149595424162
0.154510266683
0.385736272487
0.416426793444
0.476396555297
0.410920602837
0.085962537023
0.0349716412951
0.391115662489
0.437278476717
0.588083686226
0.360964025088
0.277005136194
0.107668970798
0.225788686821
0.443486465498
0.471750766229
0.347676664207
0.333554421735
0.114171637921
0.221063274427
0.394369545345
0.474056420928
0.547387644586
0.48786617316
0.144871346441
0.127185042221
0.221843790744
0.362443593152
0.530729696919
0.338925117501
0.13831647746
0.0657780288165
0.310331958525
0.501170399416
0.595539011477
0.382479594379
0.351426870384
0.214917165066
0.107246439931
0.440532555806
0.365910946933
0.356941388499
0.413346207413
0.0911726357599
0.208027481193
0.372164938396
0.406223310178
0.594929577121
0.51444694607
0.26617922556
0.113771985689
0.141278421845
0.316464325062
0.54731755827
0.347212202026
0.199776491232
0.109844755287
0.171904289847
0.492800636155
0.588956213906
0.447641388339
0.395845790154
0.242906934522
0.111205338637
0.363654370239
0.345342998087
0.397067181333
0.445251182256
0.19594872802
0.185287816124
0.323169275571
0.352230582556
0.591662728751
0.50986986176
0.376786184823
0.0597039192817
0.0824819021989
0.352763826277
0.486587226442
0.408331839209
0.282445381153
0.135616676109
0.116401277031
0.457567249837
0.510694597069
0.510231161657
0.405944051722
0.271474374236
0.155744245261
0.270702883954
0.343924822008
0.511446717844
0.431784833363
0.283525077451
0.0812833644384
0.231194462422
0.349817472008
0.577108265535
0.444605190029
0.436254736572
0.0710344552095
0.034059725569
0.414001884382
0.423394899401
0.459481593204
0.42832479016
0.181283433467
0.120469221199
0.326651305653
0.415403641845
0.537211201431
0.453740182637
0.316373357844
0.191023118829
0.198994390637
0.305286277701
0.556265792334
0.435642701411
0.371176977747
0.173290910659
0.168728420286
0.329942920535
0.531179282814
0.443911104984
0.469129544858
0.213341882124
0.0897145282562
0.385767827727
0.384887045622
0.486286681063
0.440570084879
0.235995203429
0.188874868415
0.260713384371
0.404876356009
0.543308481996
0.512239412403
0.366980140687
0.214313419695
0.120257987158
0.297856511303
0.506049345127
0.461737211432
0.436725199273
0.183997198672
0.110454729372
0.348767483421
0.480836047721
0.49480338447
0.48831899636
0.321293549398
0.185232781977
0.303537259939
0.366333039103
0.519040156727
0.453324413489
0.293981824116
0.25084074464
0.151105218422
0.360912765266
0.538906114565
0.491954481199
0.45031097206
0.227326279589
0.15120855335
0.356900688612
0.432072312016
0.499693385847
0.483273187015
0.293369809577
0.0628595861418
0.311052698855
0.390282088542
0.500151469813
0.471037006657
0.333452993685
0.272414432098
0.167662743113
0.385650234041
0.545792969876
0.478629879057
0.402936265621
0.277315202242
0.0756341085456
0.267293330289
0.455863843589
0.479046859925
0.495239529183
0.232333424865
0.160881768635
0.333487341321
0.333746097259
0.555515242932
0.481151817353
0.357827686168
0.123959300885
0.238552490874
0.353017318064
0.490957174628
0.426192729671
0.397340760264
0.26339937623
0.034091615913
0.382686815711
0.489452192548
0.473974773261
0.445442741165
0.272572660702
0.0529250376598
0.240692523477
0.389159857985
0.500084047841
0.510098790386
0.265156308014
0.198626394803
0.261357338205
0.256308996677
0.56361991289
0.456930638165
0.40289819728
0.149546609189
0.118320340178
0.310793476026
0.479560419158
0.421797805393
0.47150621954
0.256910028809
0.063424676158
0.291343577949
0.437557332974
0.478469269731
0.509561865999
0.335986385103
0.116587483883
0.162761300466
0.268908998256
0.49941168513
0.493320673063
0.310912687135
0.242201547638
0.20017692738
0.272364452396
0.540702601781
0.449727898048
0.44929480113
0.306372140996
0.129375435582
0.309860508863
0.36836953856
0.37478000796
0.493670832991
0.278174544901
0.087834094032
0.228945076534
0.369971693279
0.540686978817
0.579389121562
0.368044208879
0.166357839581
0.0708731636614
0.185398401269
0.518241822479
0.435612586661
0.307736998333
0.269674741121
0.138140940731
0.330455171721
0.515992873878
0.448416553721
0.491036332767
0.411699419536
0.180999005422
0.285777792839
0.26553688148
0.346048478403
0.513861302661
0.328610217902
0.0924989097539
0.199426877803
0.268914507865
0.554733495382
0.588893501982
0.469167189783
0.232749962007
0.116504512618
0.153611281207
0.454682399203
0.435250211669
0.315789440586
0.289054177534
0.159329867395
0.292527058905
0.48564860276
0.455701962192
0.505811777985
0.450343660685
0.29445090088
0.172146258482
0.228468120344
0.353311213258
0.48236860913
0.411363654103
0.0959170634289
0.13058893119
0.181553955167
0.510246902621
0.568633478847
0.524215046277
0.278107613141
0.177939595044
0.195620659067
0.333914771035
0.444923539946
0.380537500743
0.31975326744
0.21608949078
0.239746674753
0.372534013497
0.46116207328
0.494080852479
0.477407241788
0.304970622164
0.0434449817878
0.221759478192
0.433018295267
0.45267098659
0.437581272732
0.211798433256
0.0531280382071
0.14822037816
0.471655051949
0.465419161289
0.541205922645
0.300152225401
0.280352961567
0.245659990431
0.24656264715
0.452432380268
0.474851199467
0.368339968221
0.241158182579
0.10123889866
0.238774481464
0.453907468841
0.5072758098
0.490989156203
0.334792847546
0.109911103418
0.205434023903
0.433222919953
0.441110189333
0.470206844557
0.315342304843
0.101633956375
0.106796502534
0.379574875655
0.430342453372
0.551236999173
0.424995031291
0.364331540186
0.217978767479
0.228768271651
0.401347600341
0.466472557694
0.403937083192
0.276074971971
0.0727849823418
0.217464620972
0.435768190788
0.52979317124
0.523067081939
0.368413673487
0.289414065785
0.218124548132
0.373355519696
0.445590670989
0.444390124952
0.351649875284
0.185895371736
0.117509431752
0.320564009426
0.442479535453
0.551672267386
0.524079523863
0.416398751497
0.185047261925
0.266787682386
0.385725823604
0.462713406753
0.448746205475
0.285699436944
0.125666243745
0.185963249236
0.411127082341
0.506780094305
0.546554207401
0.403044807108
0.366395517826
0.283577601535
0.28076669503
0.458005614818
0.458783775736
0.433230689627
0.299375887691
0.105904341922
0.241132339475
0.383217422528
0.503968671314
0.528879931636
0.456962283282
0.216649170767
0.269584332407
0.38589276225
0.443667259604
0.505486951122
0.348455287076
0.200763235634
0.120808852592
0.300615271507
0.474404902874
0.536804640744
0.431738758812
0.372375675424
0.242455761732
0.199139516941
0.452917273527
0.451881692414
0.472848767292
0.340857885226
0.142055038484
0.166398890516
0.329421541372
0.444642326582
0.549755744705
0.425663384845
