0.0
0.429197368913
0.555520720516
0.429952769427
0.367721369499
0.0378679091105
0.0385572998963
0.0376314886444
0.167207251756
0.431812601451
0.464521842187
0.549375727387
0.267025838399
0.206425685111
0.520692157029
0.479697280971
0.395702406972
0.147333982222
0.0901472620338
0.0945324661458
0.128032749158
0.274689740373
0.435162040494
0.495343685721
0.494273935929
0.168668069733
0.306984908698
0.519114881612
0.465648472481
0.365298036087
0.121646080993
0.107225196529
0.0908588236147
0.247155247198
0.415570798896
0.470673459445
0.5680551051
0.416795876756
0.0812461942232
0.429927511871
0.495716869368
0.366855104646
0.200371013544
0.221743247018
0.101936889821
0.221003271462
0.325157882526
0.402132665156
0.515652596207
0.529936507678
0.270116875197
0.180549618635
0.449362031515
0.452946404223
0.366407145629
0.1702183883
0.190784736465
0.0634062341367
0.32792509096
0.445057943816
0.478184651949
0.565002009338
0.539502367272
0.110517169118
0.335098463648
0.450693515867
0.35907237467
0.264193654753
0.272540911381
0.184127816377
0.146393557274
0.455426718068
0.404844338722
0.45633639978
0.596530117306
0.367696545312
0.099027641397
0.349766588254
0.424342958339
0.329293954088
0.262292652107
0.21934117044
0.0619786184366
0.2213430904
0.513802056317
0.487351998445
0.501088424829
0.601394848538
0.313966479431
0.214558612306
0.394274047513
0.336719136662
0.26593488617
0.276264680349
0.221421568943
0.0513631367123
0.421834446181
0.526084754823
0.399113287804
0.574035144155
0.532618819378
0.0834307274983
0.256443263695
0.329836240297
0.323943184061
0.301568200706
0.326714377951
0.125822965705
0.146203473634
0.423460191992
0.497033617005
0.44535752332
0.543987733153
0.450745313203
0.0639095082845
0.34092889297
0.309497676613
0.25190588075
0.280822059169
0.281522683333
0.112925658561
0.234849215293
0.570141750355
0.464853131488
0.461963219653
0.556937542506
0.268093740928
0.162360613084
0.284445939787
0.264578081657
0.280607044222
0.362287659763
0.261001244499
0.0546991005669
0.338369235535
0.512639046307
0.420039555391
0.468744335366
0.467919817405
0.14439217717
0.215380142154
0.310990294556
0.246722430751
0.292204387133
0.342119180681
0.197498528099
0.113133953406
0.481823089989
0.508784576142
0.459038283875
0.520347964918
0.330524178317
0.0409103234632
0.228090622551
0.258670403287
0.266662608113
0.381539884728
0.345776133078
0.0751609870875
0.29644994095
0.480010214982
0.477970863363
0.423619264001
0.448189261564
0.254516290462
0.109861094249
0.292073113365
0.277935103019
0.26244059877
0.381247518226
0.33227092052
0.03948651977
0.419913577007
0.555890595513
0.485234514272
0.502694538124
0.375338977
0.0821818573578
0.155644826175
0.239230975528
0.276939871616
0.354993935602
0.452736604196
0.186113513786
0.242224668724
0.486614125884
0.494304490266
0.498009236257
0.425595446743
0.318534537601
0.0524955559069
0.246390702878
0.214433983028
0.302319996
0.356265770605
0.410302432208
0.134548256746
0.364043513425
0.572472551354
0.48894525974
0.517918769129
0.408642705415
0.1451071591
0.0900041621327
0.202751987745
0.238486812759
0.363434251521
0.474585825984
0.370076523654
0.121351262824
0.495622041488
0.537167775063
0.474349100627
0.471632548616
0.309903979634
0.139349883804
0.133381056589
0.126551086748
0.329876266851
0.411328644654
0.43256000772
0.261040849228
0.220619225203
0.535527849648
0.507736403361
0.474691620869
0.381552249392
0.188189430795
0.0451252778323
0.130157960506
0.153272806838
0.396861871023
0.486383928381
0.48552132029
0.113985748547
0.425706661277
0.553905356272
0.483301081966
0.454281640931
0.223593023098
0.0852579449659
0.0874109556368
0.0417905189055
0.330112622937
0.435024541778
0.514713772779
0.356166199667
0.130342834097
0.45711563903
0.52417144843
0.435255450572
0.36241301892
0.0996028540586
0.0149179868141
0.0139965180913
0.126847980113
0.398429427878
0.492295739962
0.546274539282
0.294982951311
0.276599953495
0.532461114468
0.469556516031
0.439964595839
0.158953122809
0.0360745502932
0.0245603038534
0.056081608357
0.283076247434
0.446164051607
0.545760389983
0.490554662829
0.141146881868
0.356878557185
0.483320931923
0.435841002622
0.360653580809
0.0950353389765
0.0585525009577
0.0473416240256
0.13085199749
0.391241347948
0.47365775896
0.562006317608
0.431806324124
0.0887948383673
0.466663347176
0.448866084034
0.376443409001
0.21559275496
0.123770052772
0.0832377683976
0.141128921419
0.307292377665
0.456981647278
0.518302999716
0.559468554267
0.258899284385
0.279672490689
0.434307983075
0.374217770046
0.369996511527
0.177249466893
0.216987432882
0.119814775813
0.206871819918
0.327718135715
0.476126066841
0.578192698144
0.501994460773
0.137674462769
0.338084735644
0.456221913329
0.309078119774
0.327611326614
0.249190799576
0.130654092015
0.0584622544072
0.372805310849
0.445600778911
0.479592928165
0.559236164257
0.367953170566
0.108520504648
0.41541688325
0.33844470709
0.313471531272
0.258745622481
0.301602959626
0.0878511647849
0.291229846161
0.333026169236
0.403958041777
0.535099863407
0.536873043005
0.24755089202
0.180321950779
0.416624737262
0.336501163476
0.291212060986
0.321559758162
0.195269231648
0.0378424328121
0.297536024487
0.470486348695
0.444160287686
0.531088694716
0.436327922923
0.0701097290873
0.309143525407
0.351709051447
0.261129762543
0.313828749854
0.353989543944
0.141150523253
0.190393170477
0.406442796874
0.3745526308
0.442697233938
0.541549333811
0.325428375572
0.0800198452365
0.316288403496
0.352623087273
0.292095993085
0.29983796214
0.263748723954
0.0707128248087
0.305360976693
0.479249737543
0.433999526883
0.498718935095
0.545425215147
0.161941289517
0.202285944306
0.308641101676
0.238109928806
0.299408966716
0.343801211101
0.269637178852
0.109698793091
0.451140453483
0.435460983031
0.418078711358
0.56851171105
0.387404633063
0.0847230300311
0.213830993645
0.311231602004
0.283077109899
0.327674276194
0.3154040148
0.174696849033
0.189648152604
0.521925631091
0.478180322009
0.445714280779
0.611383793146
0.339631361663
0.126891682957
0.253392947107
0.211296261942
0.266117391129
0.369370167076
0.349978390459
0.086946139947
0.412546707869
0.53620576455
0.444397421751
0.536191545276
0.544627047857
0.161908503433
0.102756868011
0.222057252578
0.284475157382
0.31219333795
0.38637105302
0.256547788298
0.0307802760073
0.443413670158
0.53624763833
0.411550218114
0.546328315496
0.489756275909
0.101981012798
0.187084111073
0.203663290862
0.244937111328
0.387127933639
0.415012393167
0.221986900453
0.225291939085
0.567722905593
0.494897486657
0.50955075592
0.542309138046
0.299801415361
0.0364100489572
0.152989564194
0.231097688594
0.315086436191
0.412694367995
0.368653395978
0.0906344169833
0.290623363199
0.519554441172
0.464881294229
0.437292312191
0.466996993651
0.21828514411
0.132776537812
0.194718420348
0.205807217008
0.389945357587
0.466970389392
0.334035390228
0.0600698930093
0.492889444725
0.527357357568
0.491720903364
0.428231586922
0.344197415745
0.0782424953415
0.119631355685
0.136247567655
0.327426960934
0.436258216792
0.440186896255
0.186077403424
0.241038006229
0.454690923794
0.456848254942
0.455261023766
0.388868761954
0.238865430484
0.0871418414271
0.174658568215
0.158756633289
0.330232869442
0.485090564522
0.426530959338
0.0787509866878
0.387935740566
0.526961160939
0.432280981167
0.492431373212
0.209109040569
0.127878941052
0.053868083621
0.0920484659243
0.321088218612
0.426231789207
0.51358146927
0.301179857354
0.134793813875
0.467625418807
0.43014861449
0.425609669677
0.345740814867
0.139327026082
0.0613789829394
0.0374999994666
0.132823068283
0.358009926657
0.439780630672
0.511211444291
0.205193856569
0.246105885852
0.507936970421
0.434825766158
0.43538988292
0.209409409815
0.0322659168858
0.0291039514089
0.0629678376969
0.253302479764
0.398897039843
0.528556868473
0.440040033704
0.0257201207301
0.398310241687
0.486039418638
0.372306356658
0.364949064839
0.0981952690149
0.0575574208359
0.0694058433357
0.125031935602
0.319801285953
0.464452381979
0.530473398647
0.376777910831
0.137289644935
0.435728922976
0.445276393002
0.396266592002
0.249337636187
0.0656188966414
0.0342128682741
0.0276224992247
0.184643903593
0.426727843785
0.518154738834
0.529362123009
0.167949323245
0.310762003543
0.467282419826
0.36895595916
0.402881445583
0.159409805216
0.129480076506
0.0528716185779
0.137036795592
0.265859819803
0.419135573898
0.581311463854
0.458602457689
0.147297227106
0.362484104052
0.427582075344
0.375587101087
0.278255412962
0.144064881146
0.109627656731
0.0791394613255
0.240608247022
0.398754302052
0.479113149128
0.601643620188
0.336749081824
0.201724757349
0.418068315489
0.354684819933
0.326887214207
0.197923030715
0.251230512167
0.0589614984247
0.25220594171
0.321081853302
0.349690820216
0.513654464838
0.576751379295
0.1880137642
0.260601739639
0.376405692815
0.350387431876
0.324096066592
0.262696617379
0.191811786414
0.0800024817665
0.329553334825
0.384503953246
0.441204378755
0.586489576649
0.520104141517
0.114156650763
0.356503485996
0.323468462897
0.258521153951
0.271453028651
0.314999684993
0.159047989789
0.160141086674
0.417879054276
0.373648726361
0.447129882457
0.638779823647
0.334246170469
0.18756685501
0.29008975269
0.274556873146
0.313957110823
0.383222899666
0.262989607544
0.0833410909482
0.244255908582
0.429799387964
0.404513180801
0.483216100135
0.583267936683
0.249215100834
0.267238723188
0.298479528515
0.196069403483
0.323684037919
0.343317479985
0.222172102791
0.0704194958703
0.407434690345
0.451238733216
0.404883015554
0.565396142935
0.468775257319
0.105564596462
0.264419827879
0.184703150289
0.292608739511
0.377450158313
0.358147475491
0.121147751439
0.18500238272
0.37029724055
0.413553758797
0.433754439237
0.544731556015
0.340624675446
0.0800013785521
0.288313774232
0.187583084207
0.278979848271
0.381339103539
0.30943277688
0.042176217276
0.281287144845
0.508216293841
0.437254553877
0.507712878299
0.480223530311
0.178056307472
0.189538158593
0.207189740455
0.215491379134
0.34118280535
0.432521263027
0.233115979619
0.132770913075
0.348051475352
0.417378071974
0.43712381178
0.526231382115
0.395021217091
0.0689829649694
0.183862731417
0.248861131746
0.256106709086
0.345289156337
0.401134320529
0.150900031442
0.240433430915
0.485826077366
0.477620148087
0.527102081876
0.49460968939
0.263818498979
0.105389174973
0.174539098939
0.198343297889
0.304407599824
0.44196174682
0.352318234895
0.0469066447043
0.364969650497
0.441575843851
0.451559145728
0.522358468303
0.434224153005
0.184143338825
0.107226363573
0.245083467802
0.215783709065
0.335152401994
0.407508836209
0.291691630372
0.156142968309
0.467990874621
0.466411623317
0.501747347044
0.525823710457
0.339827179476
0.0754467334284
0.133360534874
0.160365013291
0.342831529541
0.421942236071
0.468675185142
0.114941580395
0.347642770697
0.469854430778
0.448040914259
0.551963590637
0.403952472071
0.261170969878
0.0448614914006
0.196052215216
0.160924399336
0.347938063752
0.438942931639
0.360074955651
0.0800007213754
0.405252034282
0.484565598687
0.404409527957
0.521193796034
0.300777937106
0.112331233192
0.0792673685374
0.0915433900921
0.287532245848
0.4282750993
0.506005134374
0.310417459509
0.209676374775
0.501026338048
0.447075646075
0.489559895802
0.382148793141
0.148559596352
0.0892064474595
0.0797292945724
0.146518713497
0.35710123868
0.471892737537
0.461500410336
0.160435874655
0.282055435182
0.4709730454
0.40438010641
0.465221503177
0.237901861228
0.0564739487397
0.0403761631707
0.0497950974192
0.214212089245
0.42257987012
0.520636751474
0.447396958395
0.0812990108993
0.444254683798
0.453199860032
0.414306577087
0.35314497539
0.0868323710435
0.0717425793092
0.0450257791643
0.128231572389
0.366794355457
0.462789922289
0.537005039408
0.302541261526
0.226374804004
0.409310254337
0.386140616018
0.411332202272
0.260744584558
0.103703528206
0.103170724021
0.122843948872
0.170030772285
0.395437033915
0.52617033465
0.515383910435
0.197822692086
0.346003585462
0.445867089388
0.323982814033
0.454520306771
0.169047700857
0.0705517306069
0.0484247827117
0.0551453414483
0.285819786316
0.431556607813
0.552512954719
0.42642375103
0.145034921032
0.403626587653
0.327695937417
0.342846296852
0.270732447291
0.153149961192
0.0568932444353
0.0331825325156
0.112248923411
0.362055167284
0.505603086447
0.577904052028
0.325905921995
0.166651237399
0.437868628521
0.296738240076
0.346182330753
0.210827986124
0.149241000764
0.0603801866611
0.119919991777
0.287187198459
0.399377895777
0.467305522249
0.495834276941
0.13800536116
0.340768655189
0.35829977983
0.243360130101
0.309025658185
0.252490318439
0.210963123159
0.0672777294491
0.17560559601
0.246817376399
0.437958423561
0.610421066956
0.439317229623
0.0813072307234
0.336613891091
0.341719875662
0.271969150879
0.307637253653
0.272979281508
0.108852778183
0.113719125251
0.339404201549
0.372380566323
0.440713674788
0.539826943954
0.249645659533
0.207538051828
0.361215978806
0.216447905975
0.335393875545
0.338220631462
0.275773615473
0.0673439229984
0.313968211375
0.279342081247
0.325937121058
0.534692141539
0.497025901172
0.184796307897
0.244569285343
0.30355722507
0.285099691073
0.304713301868
0.36011415887
0.19513047785
0.0969669639697
0.361766422446
0.394034258433
0.409152462605
0.586595662197
0.370275633086
0.151999417322
0.300091113536
0.20996737399
0.279498728894
0.357526229201
0.358923297882
0.0823676897795
0.259853016449
0.400482254427
0.345363935921
0.464659293575
0.580664947261
0.247767561923
0.166997338171
0.248364051415
0.264045924264
0.316915162788
0.372306690923
0.275386319082
0.0626613647198
0.362775953115
0.468587254847
0.36830602301
0.564220578256
0.559069693486
0.162095888158
0.236859547104
0.190128524158
0.19806114861
0.388254893429
0.400196406914
0.244023209392
0.16545759157
0.459652315557
0.410930367278
0.470016285369
0.63548895571
0.348777317469
0.11697738954
0.15884422417
0.214539800718
0.285373194215
0.396406086101
0.356384240593
0.123516607978
0.187414250741
0.465725295291
0.424280666284
0.455569851373
0.594695693697
0.318090893394
0.166960070451
0.160850855981
0.145744805744
0.37276697822
0.447372367457
0.340912525662
0.0777554015375
0.422490670741
0.479812143829
0.461928128842
0.556585737855
0.513233391713
0.129498857343
0.136889299516
0.0890330534548
0.25695425784
0.383632524213
0.429805052034
0.220534818844
0.102609145114
0.368615811932
0.433039587382
0.453916670971
0.552090955578
0.386469688521
0.0776117961655
0.136951689376
0.142114406695
0.300318441068
0.450031829779
0.42719964246
0.145169693154
0.286934064228
0.484929269736
0.435190332686
0.531093586207
0.402073741901
0.24589849284
0.105327287199
0.108742525951
0.18566346128
0.372419514134
0.46382601929
0.34514167101
0.0787001978787
0.336711511491
0.384588908146
0.422633929395
0.487248031729
0.326318358099
0.133714986211
0.108431585818
0.127424331025
0.27723715467
0.401810459323
0.479610202756
0.251321782873
0.161026650674
0.473251911129
0.406702883504
0.489873934803
0.347594336552
0.163629836045
0.0980915352161
0.0572546556287
0.167494726272
0.332671765711
0.472828832141
0.432863905645
0.0884098307267
0.318122032199
0.408691122092
0.360401859497
0.483403060251
0.266393832033
0.113123177961
0.0832630651843
0.0273755122862
0.217575858181
0.375355620761
0.494483353412
0.371726026405
0.0636127530906
0.409375462419
0.413840532471
0.396190689207
0.446067542551
0.0945305703263
0.0428943922423
0.0329929793672
0.126421016882
0.340712959022
0.446832558037
