0.0
0.514630258432
0.493956617686
0.219855976375
0.138715884157
0.138651509039
0.0777815904676
0.112864204559
0.100944548979
0.199025187617
0.393148718027
0.570407693083
0.087428486395
0.353749996033
0.65069883725
0.293630695171
0.15476911767
0.310695016757
0.171473792941
0.0706416830741
0.0546802310168
0.165899862713
0.113908150582
0.419699228926
0.492881384206
0.216072717618
0.398826988513
0.642497935181
0.395942913394
0.213437095689
0.2440900367
0.154713437463
0.0369090846544
0.0240770406404
0.130837328684
0.289545719784
0.5407980379
0.376211633603
0.125938746194
0.49618379529
0.329636466491
0.113473781478
0.14153348586
0.131802849807
0.0901260217611
0.0525986091693
0.0998508169729
0.147274544422
0.460778324409
0.383841073244
0.108479612394
0.549309370738
0.570469022012
0.281419480352
0.246516795879
0.248079916772
0.233087485745
0.0569264241741
0.164682783988
0.193468505436
0.22018461364
0.431253849622
0.323527962617
0.212817001106
0.463529770863
0.456342196003
0.295697708531
0.196606756156
0.126342245353
0.172513980829
0.128557659961
0.0701953422204
0.022470758097
0.327124628365
0.619722262059
0.265695202799
0.267219884273
0.481340369529
0.233212365453
0.0791990800484
0.113222888182
0.128775791163
0.0625772661088
0.0987472000215
0.184811320333
0.317990586283
0.541718844276
0.315594722606
0.0282771397122
0.455617630436
0.333572731139
0.238273792129
0.170338666062
0.0662412907028
0.0534051126147
0.221906307352
0.205062437848
0.237998601089
0.401443269968
0.532364762741
0.041964436909
0.447301105393
0.64054244707
0.329560179416
0.154654566933
0.133228583157
0.0251371358454
0.0699140789097
0.226480850863
0.239773320651
0.160326153441
0.381199055279
0.490197939225
0.299999414876
0.340151652248
0.490289026176
0.165677454814
0.11257355347
0.0963824706497
0.0376712987616
0.108968689193
0.111226583762
0.15007981054
0.418608854505
0.673234099156
0.345218291218
0.146198106695
0.416813773404
0.141106481254
0.0753918255207
0.1734824977
0.101227138741
0.0294733333312
0.152784012148
0.241338198119
0.240131268504
0.537525743624
0.333697378436
0.0585555597101
0.487153994044
0.570434223978
0.325709695527
0.142252087222
0.166962816737
0.0459613572763
0.0765309348148
0.131692296556
0.197073465244
0.212751978444
0.47868554631
0.203585045307
0.229976835308
0.486792559496
0.352843180994
0.190028165703
0.0833183156949
0.0236070217603
0.141706300299
0.0979171411132
0.0565860266167
0.128367463249
0.462180448767
0.598140139244
0.239038664867
0.323616034312
0.495810618145
0.193338425017
0.0740246561713
0.111549909184
0.0241231586941
0.0955174603096
0.215229891725
0.26913057132
0.348210601936
0.570787951742
0.359037389927
0.100801954474
0.519899385452
0.334383435176
0.25022296261
0.191624129694
0.144342188346
0.066535292632
0.156134068179
0.0836542766182
0.0492389407361
0.360419210773
0.443900295451
0.10103710837
0.536443073705
0.680735259007
0.338583632795
0.188897268137
0.179603922163
0.130482926567
0.13454960643
0.0536846536479
0.19548357235
0.269962355854
0.579577400344
0.440930374446
0.271479513698
0.389120901758
0.34207659926
0.151124790682
0.11646246412
0.0295403492252
0.113895838146
0.0901667851369
0.170168985385
0.20953813647
0.449228378817
0.642322050322
0.326171027728
0.212510770558
0.494421851028
0.258073638779
0.177321397345
0.23006326657
0.0717188258762
0.0550013901809
0.107038152301
0.206215706744
0.163666041335
0.362568586882
0.262474198291
0.0465768775662
0.526186490215
0.567326220586
0.320929111075
0.117603135575
0.0529019941215
0.0223392602377
0.0226430315246
0.106306641003
0.0273723189704
0.2649195791
0.506764737012
0.0564888429649
0.366023375308
0.638214705696
0.235888223892
0.0452906144269
0.206683590508
0.0683301791082
0.0502795733535
0.0941566243291
0.109008734483
0.142430756175
0.471097763308
0.508675731727
0.234036479024
0.359534437909
0.581683289431
0.354625197977
0.254061077979
0.259047136701
0.140377121749
0.0260980270787
0.138530812117
0.206380963787
0.267040007978
0.482856753727
0.321798677891
0.171414429178
0.458905939679
0.428468899025
0.22178570921
0.160913270689
0.119270959645
0.0771818410216
0.0935410196867
0.0840019651448
0.0570397593791
0.361801664398
0.362421331794
0.0518891124688
0.540189469467
0.59749592232
0.189125677672
0.112042780305
0.0999776329311
0.192889584621
0.0472564375761
0.131282322161
0.185293038515
0.369777721418
0.607289897168
0.354139065456
0.197508369242
0.392130647012
0.256684846958
0.162048036518
0.210154498146
0.139159495362
0.196234779912
0.179545016238
0.145096412063
0.168875765356
0.429854238951
0.663296012684
0.294420172432
0.25956068627
0.448044474065
0.283746158613
0.191525556136
0.144567558996
0.128490327605
0.109351457481
0.201959892158
0.161458484538
0.199551366822
0.474485455003
0.303713884131
0.0327060537165
0.491825310633
0.374234160292
0.202199678577
0.0465833037302
0.0434601563054
0.0697832655311
0.222400652671
0.130243449938
0.190378123872
0.506864606995
0.556186787374
0.0795337554896
0.43454687326
0.544135623879
0.193640521529
0.0832581366122
0.132771100943
0.103135187604
0.107125004339
0.279993740596
0.331352325449
0.31699605811
0.557591093884
0.506578753393
0.293998258221
0.331444093726
0.48943352286
0.322101168463
0.0783993570991
0.0688779091372
0.0733684498158
0.204317739777
0.210187435973
0.157173028231
0.301824518612
0.58351437096
0.351043101479
0.215356757383
0.531939831715
0.310173711103
0.11109977124
0.136938222401
0.0263104267713
0.0306596977256
0.120578964597
0.166984619294
0.177994818462
0.571204441851
0.297950760841
0.0897145408183
0.546845938566
0.51722870247
0.24057150805
0.172134625001
0.187691966143
0.0702283236113
0.146239800973
0.130477295302
0.28422952833
0.363029342303
0.601865908126
0.230493722262
0.222909219034
0.539292035078
0.36689407656
0.210219073299
0.262294109572
0.157501746473
0.0716823188969
0.108912550403
0.12678856067
0.103289209213
0.399550083333
0.568596061737
0.237360683652
0.339316892096
0.584123223273
0.351848952461
0.133748540565
0.209914945766
0.0943131633544
0.03768486492
0.0670670547908
0.151309794802
0.315434027335
0.575223221745
0.320718231258
0.146154856623
0.593497358492
0.30940612472
0.141486934156
0.184284847741
0.163376757985
0.144641378418
0.055134681519
0.0791852092355
0.125550900004
0.453300582823
0.383854176227
0.0489804669538
0.567534353391
0.625508859215
0.348754534756
0.284320895149
0.288870747856
0.244843396921
0.0860438956082
0.12826586396
0.124728350906
0.142829781075
0.389672930869
0.437123328716
0.250118635601
0.370174316275
0.512352554107
0.310014289476
0.154916573782
0.0958627334527
0.177520597668
0.0475131924003
0.0243884050417
0.0776779557239
0.368764182757
0.616959752463
0.285201539294
0.265785635966
0.51941587607
0.210867972889
0.0623384678863
0.174346836955
0.158534599918
0.0479445404693
0.111151897947
0.237949897516
0.301156801183
0.489530887078
0.226604531005
0.0881806163714
0.515391538802
0.448520195102
0.286657640919
0.183683566526
0.109859465521
0.107626239902
0.21045361694
0.248294251663
0.225228749216
0.257122633759
0.507934054456
0.109656811543
0.351893588069
0.552174121087
0.329804510353
0.12130102539
0.141757576466
0.0643521501936
0.0734951586062
0.207643096046
0.144999373102
0.0990189230468
0.384921878392
0.538305196184
0.240892155546
0.281096821026
0.504002967715
0.142567163128
0.132804968428
0.141147847232
0.0311936441095
0.112150166666
0.154928228735
0.214230412458
0.441893765656
0.685631071383
0.303358846666
0.216194385726
0.468191022305
0.236890771127
0.145278238486
0.16733852198
0.0716008244145
0.016799567453
0.177278917634
0.210230617901
0.216471748487
0.499668184974
0.345097647169
0.052497809393
0.531585645922
0.613414542664
0.321614616579
0.0869219231105
0.136834941364
0.105333586039
0.0776506503037
0.0999517559987
0.169381914222
0.247747117894
0.523586234552
0.38375793081
0.166977268471
0.37972833598
0.280653391155
0.131008476407
0.0426326787641
0.0399749617184
0.119828955437
0.0952241445471
0.0800533559687
0.164191404857
0.506998105462
0.631369645644
0.30231847464
0.29284970308
0.485980659566
0.176782532309
0.147319395826
0.147063050764
0.0430225647652
0.0587704176598
0.196057351171
0.252078176579
0.273882347223
0.482096278177
0.251233315645
0.0789229860899
0.580956632453
0.426510139358
0.333764591677
0.19019424635
0.152301879249
0.0546497730296
0.154779523807
0.0660085788544
0.0560839628936
0.32851103815
0.510186752523
0.0802803113536
0.463899479386
0.662131553336
0.329972114855
0.142818724985
0.180623540516
0.120962929714
0.124036925342
0.140032198809
0.232794303988
0.293976540429
0.562823307378
0.500571176997
0.277956534172
0.307396654789
0.392129825864
0.190997348285
0.139253954012
0.0895632091185
0.0946736137594
0.142522573414
0.198425144452
0.219426014412
0.332902194369
0.564299622318
0.321832785493
0.281430360007
0.545752099794
0.312883974617
0.177687913351
0.216598633697
0.107837021864
0.0656883561239
0.099444064901
0.128365284899
0.0670883044841
0.357133521263
0.238381323057
0.137163212844
0.539361980712
0.596528775856
0.248796602608
0.0828074820723
0.0600126958672
0.0559642551681
0.0648510750354
0.0609691377583
0.0969678402072
0.343390550919
0.588567142403
0.20749012626
0.219430872773
0.497779791498
0.19015089957
0.0605376143938
0.202261195754
0.0814434790678
0.0266806274642
0.0291205265413
0.128278993432
0.163712096452
0.470608395883
0.553257151572
0.21722502943
0.320298877388
0.565378021457
0.384847616613
0.238724081697
0.249938126417
0.105339991508
0.0510702766875
0.126117447108
0.210550596269
0.220449826923
0.444112144311
0.250492696529
0.189109422366
0.555047429678
0.419478919511
0.21820801397
0.10405473749
0.105652628385
0.0884470956986
0.0834459590326
0.0412639572107
0.0681533573268
0.378848717101
0.411311694847
0.0423109486599
0.551430315924
0.548026993308
0.173943178069
0.18486942351
0.197035326803
0.201185146404
0.027272018832
0.141019610454
0.214630581286
0.339670448248
0.55655626408
0.469686128395
0.226349835577
0.324857473356
0.400113085623
0.280533094156
0.232527362481
0.128473998439
0.191391579145
0.153912294875
0.121163529136
0.113315994604
0.334363076896
0.584046845183
0.280933761196
0.295810461088
0.513937684893
0.325359685707
0.176537803226
0.141310240615
0.102441127542
0.0611487489041
0.157624959292
0.129536814716
0.198889204981
0.463294973134
0.232792590492
0.131363071359
0.493925955311
0.383456320271
0.180209309835
0.0646807193302
0.0308500804625
0.12775230462
0.223635375881
0.209487627581
0.241296015455
0.459084966958
0.639206557175
0.139577801227
0.313969472148
0.516718331132
0.205206525377
0.0823444680327
0.118705197906
0.131230784858
0.0998015973798
0.284609749274
0.291458322395
0.244509709815
0.470746488039
0.533578245469
0.22724675115
0.27987179124
0.522906886592
0.279160476229
0.0736024748177
0.0651499846519
0.0709104425917
0.159362389359
0.185460861168
0.14507966632
0.368353966968
0.632107478194
0.302908028391
0.27421774883
0.569525792032
0.243647374268
0.0589146894376
0.120672208388
0.0269144985726
0.0594844772977
0.145694282943
0.189568467733
0.229901265326
0.613419565578
0.345735904172
0.0920952512849
0.554241988756
0.548057029494
0.288355483826
0.17040762371
0.213157407684
0.0414833587507
0.17003165991
0.182439000662
0.320168767616
0.319081622527
0.557320264385
0.402236975447
0.124600782136
0.445075596858
0.41386543741
0.259389751808
0.178262236701
0.123206292324
0.0740617913886
0.114840908652
0.0731176229961
0.0666593922291
0.420704222065
0.593747479224
0.298169687874
0.355369482543
0.5949501757
0.296053636668
0.0775287327267
0.16371853763
0.0753236374395
0.0336656426701
0.0825510540341
0.190005151488
0.309583630218
0.54616067966
0.228481359723
0.131406535823
0.63887541457
0.341441279322
0.249695631587
0.248254263664
0.16773742257
0.187160617082
0.064666442984
0.0682699366655
0.100225326477
0.405755832655
0.458622936076
0.117677406275
0.485236397865
0.691289640653
0.40098124871
0.269569809771
0.305995381193
0.223777580112
0.105473027595
0.065835711746
0.112981129521
0.108908494834
0.394100135356
0.464030715936
0.247914469304
0.337702665012
0.535120881523
0.280142685766
0.130050977818
0.0925361399221
0.159477062564
0.0306850879848
0.0644178056952
0.138828136428
0.376412996348
0.573393920252
0.255444008412
0.351186000809
0.589833365417
0.198676639482
0.077026203286
0.236255036748
0.180906799343
0.0414276863488
0.156642616205
0.23523841616
0.253426204257
0.420836459079
0.243242751064
0.182527097994
0.527447804512
0.569623847183
0.317596035465
0.21292754804
0.150970167729
0.161444945324
0.157314092031
0.244600542912
0.17062518624
0.189715748453
0.456973448253
0.227380225603
0.194809891017
0.430945219943
0.315173449679
0.0991557180301
0.101549791743
0.0788345144256
0.0772704191403
0.177878269478
0.0607482850281
0.101815772761
0.448621536299
0.562374136286
0.197954242822
0.289649031303
0.508825859734
0.211721900638
0.16501697086
0.168223547835
0.0448384052335
0.120581244961
0.181422481226
0.287361254746
0.429296835255
0.622802028005
0.212188172378
0.225141815628
0.51474383504
0.333626653034
0.209783618053
0.124036880604
0.0417418237901
0.0258791052887
0.201878396041
0.166297170651
0.166625405624
0.447328412703
0.450322776014
0.0727000989378
0.511783207041
0.603863467988
0.267849155903
0.0407273631631
0.0523521407937
0.0921942005487
0.0589840103445
0.083072273693
0.147625576886
0.28049174215
0.56495625486
0.490703615201
0.188156110153
0.324010206001
0.217795253065
0.0842086056046
0.127664639732
0.0421497852685
0.111214608453
0.114104277208
0.110476293198
0.175365766089
0.502926320378
0.594854354081
0.300742413715
0.353297794843
0.522594627213
0.230401708091
0.190600426416
0.20390203394
0.0236540948142
0.0534939811084
0.162305577164
0.215849897127
0.190736691475
0.404699221331
0.237424912772
0.173264045233
0.565331490824
0.495237683068
0.356754853822
0.147731267803
0.149865301402
0.08247213724
0.118652337998
0.0791759476224
0.0852204013007
0.350100412073
0.607066417904
0.188806151675
0.302881307413
0.556265581169
0.293972020383
0.100682720581
0.181536852603
0.0877326255409
0.101434601647
0.205287259711
0.25678385772
0.282270242351
0.538258148102
0.498860790757
0.203158481838
0.311088848384
0.491525644918
0.256832668505
0.149915131113
0.1569457567
0.0537077246997
0.155500635561
0.184575922273
0.202218275364
0.243976957246
0.50888592813
0.262035009307
0.333586209735
0.580725833016
0.35298409996
0.164601630331
0.188839928179
0.144986796149
0.0938785172563
0.0441051781351
0.0501936667282
0.054484675012
0.4337459324
0.31625918359
0.147349088411
0.532497438062
0.586089062783
0.180892595079
0.0795829165119
0.0794496885945
0.0913068495041
0.0962946838375
0.0365155914875
0.206806545223
0.38654807561
0.617593602581
0.369933020455
0.0889296414919
0.395637852807
0.230128927267
0.147124710792
0.199108445563
0.0973669739109
0.0298544915767
0.055972021396
0.137477605294
0.165906617646
0.422234315021
0.538191730461
0.249520065028
0.37469372443
0.583400797374
0.37585447489
0.206342272222
0.204055636612
0.0734644740916
0.0471409312159
0.131684662251
0.161646140594
0.1839774225
0.425339314718
0.187712212521
0.171669254147
0.610425677708
0.380843649316
0.189735976439
0.126782352804
0.099834592995
0.0994114789189
0.10721644523
0.0446645600717
0.0757721276665
0.413506719383
0.528613309388
0.158486948878
0.471920694735
0.540146953446
0.235137574211
0.224194369098
0.295892487128
0.193050359704
0.0589833612283
0.142677077559
0.199928539201
0.272935576643
0.480863070571
0.461525011402
0.2158276934
0.319178003997
0.534841085902
0.353634642785
0.206188215453
0.109844013594
0.162941068253
