0.0
0.489117214887
0.346333717651
0.440493637065
0.2874472229
0.0960807155086
0.0841404918142
0.104157075802
0.177190585746
0.355429310186
0.377021381538
0.40321414767
0.289153598014
0.182877683929
0.348651961459
0.368865654656
0.368926185038
0.223715139858
0.0734973776135
0.0950103201358
0.155521230472
0.163021677913
0.498936952535
0.435670404384
0.383309153234
0.203678045312
0.282040481175
0.188510700711
0.421196556379
0.371242752057
0.0917398607736
0.13824361611
0.181798225306
0.225733674152
0.279019652363
0.430474047345
0.577991818589
0.419400259641
0.0621981125029
0.201686631112
0.203531175601
0.465820304466
0.351772119321
0.19066020077
0.122724660039
0.232400680181
0.280022685555
0.397404233856
0.53427165362
0.535181973503
0.362400469452
0.145486470288
0.0400599765116
0.272572671625
0.471397454672
0.162333513968
0.20420813119
0.0281402303072
0.300533667776
0.376811635564
0.3032012564
0.610466619033
0.53245282191
0.280516915837
0.0259271062917
0.056752087573
0.388380795116
0.402765677279
0.255035243166
0.22226458928
0.242057136566
0.286085651246
0.383390241399
0.462030899831
0.663980910747
0.434587931419
0.280748623234
0.123998727343
0.0893594378933
0.400494586848
0.239127513241
0.25895047017
0.107081017802
0.240925617803
0.420583360804
0.220381508665
0.557955376299
0.624366390107
0.513460939778
0.153634864484
0.172118558539
0.258903753913
0.329150320468
0.264535831015
0.333705641905
0.137004971331
0.194981394992
0.374638393108
0.459087570377
0.61906849752
0.387851890477
0.341066428394
0.262301112978
0.0889829254236
0.312944068443
0.14091503734
0.312501772339
0.208994675074
0.162984860334
0.230855183716
0.426849390335
0.547687475543
0.531488254131
0.575887426653
0.298455627058
0.287906667068
0.142117916263
0.237052876336
0.243679002512
0.323498617473
0.0176027640615
0.107821855413
0.188583421435
0.448880956777
0.616873833498
0.300815538377
0.412962134083
0.391441417639
0.261445559576
0.251807616851
0.14743048195
0.325888362328
0.298472911298
0.0955644384235
0.0864173879868
0.402282166415
0.544552808917
0.54431479828
0.409130671961
0.451538199159
0.394952889548
0.0819418418869
0.143827011308
0.158184968147
0.312823438619
0.109332981715
0.0776351036961
0.0927039143462
0.301869427968
0.660010879657
0.469245938617
0.402572147731
0.469034088867
0.37339435926
0.236710081473
0.111335846604
0.328824482524
0.35323778117
0.0218676130463
0.140141824737
0.292052111283
0.454471319157
0.603946663167
0.402353908833
0.499298529648
0.448041614369
0.0573221195359
0.0764005657213
0.159101030886
0.286258212789
0.207311376556
0.166037336821
0.169894703137
0.230778572263
0.552108577736
0.60140186947
0.474627957432
0.387565420562
0.390452575057
0.0924661254686
0.0340065667041
0.291477187373
0.364095474024
0.113415884144
0.247556463007
0.0889994798979
0.318989765826
0.560723992856
0.397745288385
0.466894913129
0.383338438164
0.265788876048
0.215984237175
0.127250834432
0.241145804084
0.298829930734
0.253091279785
0.271259552091
0.184620768874
0.384442891377
0.492528347645
0.573131633623
0.311164815743
0.320916698235
0.240753824277
0.0948057306703
0.183667754335
0.234741374404
0.304204947988
0.369086812282
0.12343241528
0.169795130427
0.481997344326
0.350094033596
0.474718530472
0.369832308078
0.277926377724
0.0977199805814
0.109290446444
0.142675403557
0.325006760287
0.346959164206
0.412927847725
0.142319646674
0.175132966515
0.318074385135
0.465848172352
0.347862490433
0.390044633404
0.118335214766
0.07885116593
0.0506890460993
0.149311808729
0.394943558787
0.466638575993
0.349153416079
0.0856884184101
0.304840918694
0.260893302923
0.562774977163
0.43557880269
0.308739729506
0.0303961916523
0.0193365836877
0.0927054368328
0.182454417649
0.45511007408
0.550721041893
0.244553868872
0.0555173817687
0.140214517024
0.337094470429
0.477134193384
0.480063897761
0.141144397064
0.0574926623962
0.056859695838
0.0503414717819
0.36919171761
0.50163526623
0.504741423251
0.211482832377
0.268172546023
0.111565476064
0.417498565442
0.493613709123
0.372148944344
0.155271270259
0.0778376921315
0.112566611644
0.141323869343
0.451595417971
0.412448140832
0.390373642035
0.236666473863
0.0846622592981
0.205772744048
0.44019450073
0.379346353132
0.290581878165
0.187139226543
0.141563270929
0.153365070067
0.308422373557
0.413388097862
0.535336370581
0.291665460771
0.401109775743
0.0671276645085
0.200612414904
0.397113367521
0.320188520205
0.25718287745
0.219497011137
0.126438722681
0.25281766891
0.354912604324
0.327342747121
0.514125937882
0.425522497781
0.30291275902
0.174174272484
0.284823654191
0.295956991591
0.324617530187
0.278706420301
0.056691366891
0.1923687624
0.269356452323
0.38297032944
0.488396836879
0.354790876265
0.469881441929
0.225070896806
0.0492764600527
0.28156738755
0.164030405245
0.345821564076
0.29888381424
0.0727309027217
0.134924949853
0.386204874636
0.362289107654
0.49049456912
0.544686369762
0.471538063317
0.183854501088
0.166940746189
0.195579136356
0.252301447026
0.314258357488
0.0860650341555
0.0278769763736
0.0904378077708
0.411253052845
0.469754887718
0.481408747117
0.550281210598
0.374255048631
0.20580134943
0.142692588227
0.121961195654
0.363973385805
0.318193148579
0.110511740006
0.179984790021
0.421787015538
0.516776638937
0.428606322866
0.497437219573
0.605305448409
0.263534694301
0.0758266017814
0.0817540106571
0.164190091292
0.327389214057
0.145588081262
0.0975548909153
0.0418337934789
0.454726061625
0.500232532762
0.437846489968
0.570422349192
0.482510781767
0.326014432862
0.0272759746123
0.123900035047
0.311841918687
0.311877132626
0.122898817495
0.189931191831
0.339423871152
0.459765970457
0.471317292463
0.285219142929
0.626285931583
0.436272399024
0.126401861153
0.0632796245582
0.116860834025
0.326047208248
0.232266337929
0.203738118241
0.0915834971094
0.365025254455
0.375239134265
0.53771238231
0.516509281812
0.547683584328
0.382441350708
0.189040045009
0.112936062318
0.232241214907
0.305893786418
0.175066128539
0.264498603757
0.14689087051
0.351385392885
0.443517055259
0.318824997228
0.604454589155
0.490047654604
0.352413866893
0.178813956856
0.102251901759
0.320507943162
0.264945920949
0.287972161979
0.201956016631
0.260339749595
0.219260638782
0.555144876847
0.576060763225
0.552985061889
0.229030393252
0.373659674385
0.190802251063
0.125756583686
0.245841283952
0.277269330023
0.376605553715
0.0796704796881
0.225177753015
0.374324561083
0.471739705359
0.630019390715
0.439472956667
0.358286564835
0.254116397174
0.199919365042
0.240296417125
0.265168171287
0.366539750144
0.342035154234
0.115613792357
0.0945760075864
0.340594240759
0.601997137112
0.577427120714
0.23496440965
0.338383152284
0.260248965364
0.0487315701135
0.181398477143
0.224955951803
0.457644842811
0.224620582343
0.0792080252378
0.187689479704
0.415436788836
0.598973103044
0.482460829657
0.358111982757
0.220725470291
0.222535983662
0.127011488519
0.162980621447
0.403413345404
0.452799842816
0.172077101585
0.157523394443
0.124090022016
0.497811308165
0.602684700586
0.406110015463
0.193994447507
0.170546252962
0.114475626102
0.14420877526
0.201401688924
0.455850774883
0.389000906097
0.122020088285
0.237550845398
0.281509159485
0.472166535716
0.479345495958
0.435302090067
0.11961550695
0.133852863704
0.0416389127315
0.113045986651
0.302324306266
0.446883559975
0.314083867911
0.268503748474
0.0974552465589
0.366462982999
0.436857638941
0.427796547305
0.319073559473
0.0989994634617
0.0271314383656
0.148105231129
0.125146673497
0.356072263741
0.513177343289
0.265687636653
0.41892045564
0.110445762395
0.303674213208
0.383064149969
0.498168784125
0.180262201968
0.138588931162
0.0275584734833
0.0524229981088
0.251297715105
0.310417777826
0.432151761679
0.409308040938
0.33887213256
0.241704115035
0.270608098146
0.367899491381
0.508756600178
0.148272573147
0.131427225113
0.0799570871723
0.121484343862
0.254417524976
0.394722188322
0.377994808903
0.510695878812
0.0843679418241
0.0981047489042
0.252569154309
0.366750294902
0.305051782332
0.201669921833
0.135369709932
0.149242960083
0.244046579219
0.152479009863
0.465957129384
0.528529862928
0.512326035161
0.164534263567
0.165074544103
0.264163315125
0.391038747267
0.227622723518
0.206396349776
0.109953424663
0.0970723666149
0.283763196876
0.238618857786
0.538782002124
0.586084349378
0.268571847631
0.0992928345467
0.160254170546
0.30354193203
0.383922687444
0.28199060398
0.220727593075
0.232416383921
0.288143743471
0.2833140695
0.373120686967
0.584773175665
0.632860817145
0.156301469646
0.134264322401
0.104692268192
0.258095387478
0.263606285761
0.242183225519
0.155250284792
0.0488656879006
0.362366054468
0.265904702324
0.517585920125
0.531862257437
0.406953045478
0.20976664091
0.172615595928
0.22758903313
0.314035365549
0.288192741161
0.246802529217
0.244077272063
0.221633006653
0.375338679384
0.410237135406
0.490581093924
0.50402986296
0.385398705457
0.281412528176
0.0741988334953
0.159636213401
0.260718918861
0.270417668682
0.184323291759
0.0643603325471
0.304716814495
0.254335919714
0.523180311391
0.520144399432
0.496852898052
0.26206301039
0.366001648895
0.0761893815271
0.183070106607
0.257623032571
0.255450526961
0.245941400189
0.0772440807576
0.269275083637
0.386822798001
0.458899592068
0.468797047472
0.575899619798
0.444384624574
0.169924690328
0.0681976351438
0.212766611818
0.263370560669
0.243625634035
0.144544190711
0.262439388593
0.122840032832
0.586284422736
0.555571277819
0.546718490095
0.334678843904
0.539232413958
0.166663736031
0.0377693618991
0.23502881753
0.291548043365
0.274918001732
0.0898001046288
0.1445951058
0.289186976332
0.516164977609
0.561689114161
0.499397776992
0.528126189977
0.346806505636
0.0765882512891
0.0834204297765
0.249269770683
0.284178742374
0.237396982426
0.166933927262
0.0893511822956
0.376713792338
0.632551093661
0.61391281009
0.306332476623
0.550283352311
0.298220793305
0.10179338469
0.229097277215
0.206690662255
0.348889731056
0.20753212936
0.102304456448
0.0767725625364
0.561725744976
0.493283057323
0.4520881969
0.451080851535
0.476988816132
0.176357421954
0.0723385709529
0.205227294516
0.273712357412
0.304297184764
0.236898593984
0.124260775734
0.172421114573
0.522481878186
0.577054337839
0.241075018978
0.43352528646
0.325142200906
0.216104608904
0.130622786543
0.129679343661
0.365545686211
0.30595057163
0.196412825321
0.17760895308
0.408548769705
0.400809081026
0.483343213323
0.390241387498
0.398607363448
0.233192933193
0.0365870638905
0.123916122106
0.159219505426
0.370165098059
0.335101418024
0.229265893501
0.0710328206743
0.378776138227
0.35904932884
0.478936816143
0.436855532801
0.235799027117
0.164863767456
0.0358162173326
0.0553499777219
0.361602593541
0.393350982086
0.328333493505
0.331074472665
0.249264668136
0.297485260399
0.378763983833
0.435342832407
0.420464937339
0.155148330266
0.0694546000307
0.0253249043358
0.116053506103
0.426026834789
0.384306208714
0.368680555258
0.23401213246
0.248054248119
0.143833943574
0.53454791582
0.542802845239
0.263983963787
0.143382876989
0.0472007382592
0.0643291190044
0.213844644679
0.417727662206
0.431888745138
0.451678215445
0.103570322225
0.167419569419
0.212421460319
0.537870108865
0.484659032787
0.255520211805
0.123594725457
0.0991529414186
0.0732812771596
0.343102078835
0.400357146075
0.519767924333
0.402242045554
0.137048107622
0.103417199368
0.411849175718
0.505955841728
0.374266483619
0.310046796239
0.0638682347485
0.0352360492926
0.0866369007688
0.28023230611
0.533312363069
0.572561962172
0.178169614964
0.147823393549
0.12699934949
0.454976768726
0.400743020402
0.33909061375
0.238482168521
0.0815515576364
0.116587223874
0.161664893913
0.29017112985
0.575006379326
0.505908976364
0.155362822915
0.211472853192
0.21232327244
0.372184347106
0.352895249443
0.378640801512
0.147849830806
0.0711423052034
0.14084174569
0.122013076799
0.39151023112
0.519904764948
0.339176160814
0.242221901423
0.209085886501
0.335157783635
0.361647759117
0.367584591705
0.328483604124
0.183385034333
0.0871169488056
0.236230530555
0.276733635241
0.466044529737
0.446141257903
0.417669654658
0.367869979944
0.119781944813
0.262840292464
0.244671903523
0.380966956519
0.24170296948
0.0776815508799
0.090996733809
0.159863741804
0.410478400985
0.444085113315
0.491112630684
0.346311494292
0.420527156393
0.154402343429
0.228599757289
0.285063839525
0.36812384915
0.164986678684
0.101603220279
0.22133589776
0.382091728191
0.468782490688
0.232559585694
0.602999429164
0.509879675218
0.168601791594
0.150715635789
0.115271496376
0.365492594294
0.30111584513
0.12608284862
0.109890066544
0.210924166153
0.488098673494
0.434039614795
0.466154151208
0.479503386133
0.551858207449
0.123115809981
0.077156557426
0.1919687141
0.374873603785
0.175628262323
0.169698090241
0.070386864764
0.314108845206
0.543828209967
0.243418605233
0.64039359306
0.605791214038
0.426962864565
0.12009182334
0.100405139537
0.26416169191
0.310487149527
0.166248694859
0.171312380449
0.112915944565
0.334807665126
0.52489625804
0.477484520795
0.584360928519
0.56350167542
0.266699141915
0.119604840948
0.0858835798249
0.350154243523
0.22747078375
0.240828764151
0.0601461106384
0.127992972338
0.547071267767
0.392315764903
0.497863871776
0.586543856356
0.577158797835
0.117092363626
0.175739776356
0.170126613718
0.272202876693
0.226279517065
0.287182505993
0.0364450232823
0.191988661182
0.43907854959
0.547599161503
0.505171471023
0.462587533958
0.321363898018
0.255417325322
0.108561684176
0.301541444637
0.243789560984
0.285832767231
0.187869509569
0.105185961981
0.355758234236
0.367376589994
0.537699705642
0.501867540519
0.521607812335
0.211941180302
0.221626448273
0.105655366718
0.234332671816
0.255431752116
0.377996699273
0.126208666104
0.0663097976842
0.302945974171
0.298574068825
0.552683820407
0.479897368674
0.27587294207
0.339530229677
0.192659608361
0.211494468665
0.269817512533
0.325686161598
0.317169904136
0.181233260776
0.238251814852
0.274941569943
0.448794647737
0.472623162513
0.511855221542
0.249432010895
0.292075560353
0.0464116588218
0.172459095725
0.292789598959
0.352221864658
0.256528546569
0.104760721268
0.240159711039
0.12107968122
0.637548898568
0.58757921179
0.350624382592
0.178976511665
0.21796481213
0.125031942318
0.209432917259
0.341384145702
0.40682817846
0.232489920837
0.154674774395
0.136173136826
0.288222252316
0.578023290863
0.505856703221
0.271102048532
0.171159654372
0.0873452674757
0.0559550306366
0.280415800036
0.294503544338
0.406022886196
0.243254308174
0.225623312728
0.155826115851
0.509687475419
0.527088461969
0.514098097553
0.109873896916
0.168508881603
0.0305668241444
0.0555561883893
0.308011578835
0.384264885498
0.374287347466
0.217072620229
0.0960720152481
0.104624332285
0.538022050313
0.386623320219
0.349594587032
0.197320988819
0.056583161788
0.0925068350462
0.186162296387
0.259546110513
0.483181340897
0.33713484511
0.292810499907
0.239863788556
0.337565125195
0.402345240169
0.411882310354
0.240415780888
0.136771281211
0.107138112657
0.0445514001743
0.240111869728
0.209357998377
0.498634742999
0.374432253865
0.28206658786
0.0922679894593
0.380950062549
0.265774189439
0.470341932748
0.289592945794
0.103429195217
0.0809633348364
0.0809932271441
0.149525247938
0.292104433702
0.450361660708
0.485206158619
0.358728828113
0.099810171159
0.270936067746
0.278680807994
0.383676549655
0.246037700681
0.110183887772
0.0846315512622
0.129409301207
0.129003359013
0.459112741133
0.498594632918
0.440328183336
0.307917573615
