0.0
0.43466055766
0.575979157084
0.427403830146
0.347840670918
0.0534595780611
0.0370638729956
0.0332562403275
0.189875505177
0.403931805526
0.491864851698
0.525088026255
0.305920599007
0.265686475839
0.521637329244
0.516151171021
0.409423150451
0.187550305042
0.0653032897075
0.101060691449
0.128814823516
0.315879281955
0.417144645804
0.524107588011
0.548397725047
0.166865528365
0.362864187267
0.546692842716
0.457896984886
0.350918193912
0.092522817478
0.163726894056
0.155506045881
0.225432278895
0.431276786486
0.471901068741
0.505550871001
0.415494239321
0.142055673291
0.391352384387
0.456079420314
0.398233564664
0.300152423296
0.18700353935
0.173340090704
0.0624188408988
0.344831355729
0.335019732885
0.496541934968
0.586884344344
0.29186133017
0.256407595763
0.491021331432
0.503240080204
0.376927160815
0.156624894191
0.230707952533
0.141699335207
0.276501513008
0.426016905134
0.453082971703
0.529021410469
0.493774191718
0.155530157934
0.274720188895
0.419832567189
0.382787580994
0.291256128601
0.271187828101
0.289724241249
0.0347744429962
0.278680845449
0.315037215777
0.446308762485
0.559106953045
0.340533193958
0.0737813845518
0.412865728017
0.476741788989
0.351202818105
0.261149061985
0.308614619907
0.164550764808
0.204036468127
0.345959143752
0.446527809864
0.436720063927
0.494631911684
0.376568770859
0.150658202883
0.39571142057
0.349989071049
0.33009275343
0.346203853277
0.333546568687
0.0819355557817
0.209540008757
0.408986043465
0.430646082023
0.470953349458
0.409618601854
0.139614689115
0.317876978219
0.40023314056
0.26731145098
0.307397982321
0.371921305387
0.288798545191
0.0453487820186
0.275254859339
0.45569674387
0.425871803201
0.500867141516
0.488361509412
0.0518070269573
0.311423461471
0.312369054705
0.310049017071
0.394482935413
0.387144787664
0.235522289054
0.119135651641
0.480586054904
0.435480075941
0.412371770604
0.55645030435
0.2272933668
0.160208459375
0.311340553296
0.239021282348
0.280590870588
0.357231711143
0.370918281081
0.126529717948
0.27700422933
0.360448158342
0.40272855746
0.510523883473
0.513051984565
0.124582566578
0.192911855021
0.255302558826
0.319031745102
0.378289716093
0.437728793385
0.349245253361
0.0473343207593
0.45701424978
0.449277895552
0.400206561486
0.580126982822
0.31271516143
0.111096726599
0.147047161235
0.233864541381
0.242201031624
0.40241265665
0.463943689429
0.274786816166
0.192156999341
0.311229954714
0.416796691913
0.476927718561
0.449989861208
0.240652482405
0.0955664215989
0.221432879878
0.283848940264
0.334301825959
0.478535408958
0.405250597864
0.0927961476151
0.323730141373
0.488205014672
0.399361013847
0.550039324235
0.454277120423
0.220252241318
0.0362993901766
0.180241192116
0.164376056977
0.386253484445
0.540967721946
0.394251191506
0.0820765403886
0.33589217367
0.484977947888
0.438237112703
0.410020127344
0.407314380776
0.108074673468
0.166233643247
0.216714579639
0.329886058319
0.494184212173
0.451077498069
0.205327307694
0.166998064867
0.454051786973
0.361056544503
0.456001086955
0.508146298776
0.347519959391
0.0816543310389
0.0988103000024
0.113399017274
0.328903397099
0.535931170513
0.485805772251
0.178659983588
0.308102395391
0.506045302345
0.391759435606
0.448038744676
0.365477641506
0.183362760019
0.118783744338
0.127019627538
0.244419269992
0.425169793184
0.530740212057
0.34886188504
0.094970072584
0.411858586255
0.387788268477
0.437265682456
0.519233960595
0.249268722818
0.13906793787
0.0528146498442
0.0282909863618
0.284572168486
0.49503329574
0.542066422294
0.277145801022
0.2294068212
0.496849630771
0.416637230292
0.429305913222
0.293452798738
0.0928423091792
0.0838692451443
0.0272472391891
0.105614628796
0.382042990264
0.471323987374
0.501656740684
0.18571666457
0.339464375333
0.477512775355
0.360194649109
0.512021545088
0.232430650683
0.0750542066458
0.020576949637
0.0997761500415
0.26286326138
0.419437874078
0.570837022671
0.413207219242
0.124418446898
0.467760935704
0.432797860775
0.35655859469
0.344766487061
0.128550763374
0.0860271141917
0.046895117968
0.0531608613727
0.302368446636
0.416168201087
0.547729322424
0.310316365941
0.273673263806
0.483098182095
0.311319542243
0.449237344642
0.241773292923
0.132452099458
0.0731514530691
0.0524967780439
0.196066142399
0.355681295953
0.502798278684
0.534152265402
0.137446742133
0.359591092823
0.41064287865
0.289994658142
0.454564611372
0.160927554394
0.200499415583
0.0783500563272
0.139497321489
0.160199040801
0.303023798798
0.504081509822
0.428466744557
0.260750243103
0.424808734397
0.343669195062
0.372561014804
0.296134333153
0.247978126308
0.20788477894
0.126682532743
0.245562218729
0.317275899106
0.420474101945
0.597948400973
0.246072371855
0.190832596495
0.35013397768
0.268578515148
0.346382356994
0.284752547111
0.321530250418
0.18395367514
0.145740165939
0.194901311981
0.28611293797
0.464626012334
0.499596473925
0.237051049517
0.358497025139
0.389478983037
0.328291483053
0.325009385142
0.361193969357
0.325279215018
0.0482427699413
0.222944183373
0.340086079182
0.330180431863
0.58697875775
0.398934448523
0.141308261496
0.319511856507
0.272019134421
0.240717652962
0.348669781518
0.451478673921
0.241303795471
0.0976152391365
0.172514213956
0.33212494139
0.396666101085
0.514041360268
0.326831518812
0.285129468769
0.341628212228
0.21231410146
0.365559003632
0.438142441432
0.386134044141
0.116956352535
0.0793439426676
0.322013153339
0.355421408874
0.478257555981
0.580798278392
0.228665051934
0.305251210072
0.275386418931
0.210294228632
0.365112734521
0.494149699766
0.318794272318
0.11496334024
0.193231588129
0.328355821115
0.350788609908
0.504803197642
0.441538080737
0.224702868547
0.218578750095
0.060523747541
0.287229478767
0.411114902234
0.468783394109
0.173689731929
0.0298343367895
0.275553015853
0.307905170715
0.410344216542
0.63783178312
0.293305289954
0.250587582338
0.274613453106
0.207396792734
0.352071875474
0.505106616238
0.445557555124
0.127370554376
0.244117904292
0.342166436581
0.336276348697
0.550899764682
0.491855923338
0.269698864234
0.164177521656
0.0919290048104
0.161865834789
0.348008042009
0.434884458572
0.328708134284
0.0238587560374
0.182240264757
0.280219985746
0.365449629869
0.573696119447
0.361407133616
0.243396220756
0.221626264463
0.180065843469
0.297927796353
0.493771080562
0.523144633539
0.227369148823
0.200132124416
0.357086618016
0.284054912865
0.549431426411
0.475049546937
0.38623573045
0.202987831246
0.107093335165
0.0603935903181
0.310264921047
0.447642166895
0.437944754601
0.113885929478
0.208925569
0.32560405683
0.307940589069
0.455682005751
0.444456669194
0.293737453934
0.114395845537
0.149264426378
0.211889114409
0.435025698056
0.485957464482
0.346340786272
0.106144307131
0.344178165255
0.26294493227
0.436038421582
0.560923995988
0.41329503211
0.243013103212
0.158307052518
0.0629549908846
0.195852923641
0.385961839343
0.435294215952
0.251546103587
0.290518229503
0.392668467616
0.281262631356
0.399198151339
0.481250106138
0.238454624908
0.110749245063
0.0456581653214
0.140730903903
0.328071118172
0.431290189348
0.414854526905
0.194903604377
0.277920690932
0.264394007859
0.331269374553
0.546357540096
0.404417396998
0.232685792121
0.16620841741
0.0875977857304
0.102999049266
0.295586047244
0.391985703751
0.38425358118
0.221690801825
0.424036311265
0.315152774904
0.3486872652
0.507914167514
0.210726301786
0.171835936755
0.11753989667
0.0723963045559
0.191145237011
0.297932547479
0.477228636777
0.297084511618
0.236094075883
0.350614914237
0.283318708114
0.454849408929
0.435374046858
0.246839975622
0.118728558334
0.0432033793846
0.116318644672
0.213961743349
0.3464991917
0.468140990394
0.165084687005
0.414054064793
0.360911148078
0.247832770187
0.53045182768
0.303041506281
0.159937777505
0.0365319643991
0.0955913620905
0.220458090161
0.247811477334
0.358749435371
0.418388640589
0.272661493819
0.441662439268
0.271936653739
0.36458827056
0.477021644515
0.296671542262
0.194776397054
0.108457036374
0.119689797357
0.195762994725
0.321504835497
0.55752865789
0.228581131169
0.38123309798
0.370151893148
0.11013402042
0.467031190781
0.376422618321
0.301106164988
0.176628932243
0.0872520526183
0.0846080394329
0.16677751302
0.275413286347
0.500089791009
0.358412232389
0.429138435859
0.321245161296
0.261772868976
0.501081507429
0.371448273143
0.263964932112
0.0867020194572
0.0308369667301
0.130208043928
0.22868270085
0.450351690684
0.345593070955
0.293140726433
0.40609841331
0.114840405859
0.318070992119
0.383023510731
0.379245443037
0.250985211234
0.0456909445843
0.0773755181308
0.1185994068
0.248347239172
0.513720109338
0.392102554964
0.354309866873
0.376454511432
0.201638261516
0.439880878953
0.457613183782
0.366852252291
0.168312210937
0.0687372559468
0.143983655676
0.182509288845
0.405066140485
0.416402889245
0.323592650865
0.435005814311
0.256545849689
0.13243137127
0.469194183544
0.473480873224
0.347869291067
0.125099296309
0.108791558972
0.177443493559
0.286398883341
0.398152829822
0.42866562815
0.312281195903
0.409542283005
0.146489130644
0.35649897715
0.496601260223
0.406061743918
0.239194915243
0.0876193942979
0.148748161541
0.262840810288
0.424270151329
0.499629507476
0.363212050356
0.428537822008
0.282336297931
0.0559222386965
0.386273841497
0.516351851412
0.363629681874
0.238940681515
0.118290389922
0.190641336403
0.286282575938
0.361773227354
0.526595439381
0.322580133006
0.372015983756
0.176738507561
0.253505317797
0.470448893094
0.433496926412
0.27478437577
0.197227511001
0.094642242709
0.134440279308
0.282738633623
0.560851029253
0.415601349107
0.393378900546
0.347799306919
0.0765821646116
0.310898785638
0.493723788088
0.40649075058
0.280441948182
0.133723630505
0.210989318137
0.203799205807
0.419788569422
0.58743770825
0.366922994902
0.289034995606
0.304343300429
0.0928462312386
0.36787282601
0.420675226038
0.324994390942
0.223869561711
0.173626930515
0.108121173392
0.175581829049
0.594230463814
0.419909585677
0.370468427682
0.3793948113
0.08826900522
0.250332642845
0.435855988056
0.413009112286
0.329690284564
0.122835506604
0.268931204297
0.123736003149
0.415133375335
0.59263350405
0.431008517086
0.315523596604
0.337620049809
0.0392343286688
0.253284197435
0.342667836794
0.39111711075
0.241328665176
0.262233327706
0.287196519415
0.135079249083
0.463651653007
0.434553211943
0.380099458076
0.400025931944
0.119466168519
0.152715576614
0.353089817239
0.362748081774
0.425270695088
0.147958599925
0.324962328382
0.16386336365
0.3087421219
0.529248266311
0.522641658299
0.369217119293
0.310084011143
0.200670795508
0.168263758973
0.290923121056
0.296312953324
0.318597993141
0.272172539743
0.384677780656
0.140083718569
0.27266857762
0.482634054262
0.372806441781
0.291578510222
0.172001465059
0.085130390963
0.241434474722
0.258254443849
0.346282327196
0.267620794812
0.289445810517
0.296712684708
0.175202265881
0.467954284758
0.525918918796
0.378496461181
0.253852144267
0.200259430311
0.116302578298
0.181680173194
0.183442938323
0.387504187585
0.299656019645
0.383615897685
0.278136136014
0.191084183938
0.553505503337
0.415452414285
0.293436657859
0.202964393538
0.074324257053
0.0995690806296
0.176379316497
0.303429100346
0.35588435681
0.21929755304
0.360797937172
0.206757915783
0.343319451753
0.533516808973
0.40950583259
0.31285285694
0.111379448552
0.0300187275393
0.0695771250963
0.145997871477
0.447050529588
0.333369732644
0.385296328711
0.403634163639
0.137209642991
0.536275003551
0.473273824937
0.331898604201
0.207706299415
0.0644862498661
0.0972448732206
0.131172008942
0.231408278735
0.3949512057
0.277939815078
0.417868036584
0.302711194558
0.213015625673
0.463820781825
0.475431493298
0.361918386732
0.0912833462102
0.153781733788
0.0722265965204
0.206725237695
0.388411173085
0.348717469652
0.382322321074
0.424796398843
0.125028160325
0.429903849819
0.524025093429
0.401570032905
0.229080777618
0.18627693563
0.156311618878
0.188184829942
0.143855787605
0.367423113563
0.388809169011
0.436650253691
0.388640368136
0.102305042267
0.445743155082
0.500876245375
0.371577064942
0.136185160257
0.15030919959
0.088482561476
0.164467294232
0.279832319648
0.404308965408
0.368553050156
0.427741123706
0.232324804679
0.267572586896
0.483908003152
0.414527731499
0.355956651468
0.235133550845
0.0737735656993
0.0564204177203
0.0720947457444
0.330966379434
0.479952832931
0.422002628918
0.446541261131
0.187941292378
0.374433240446
0.503812076881
0.407468737724
0.210697666014
0.0787691604546
0.058108497358
0.0543189018608
0.182162217896
0.446333257456
0.375483346601
0.473803423481
0.314665887149
0.0829150498076
0.418585251354
0.40234599743
0.363124724522
0.239524724043
0.0959416486216
0.0448874811987
0.1148758326
0.233766503299
0.453070727242
0.378670423397
0.459789876788
0.243878165892
0.224008468259
0.468382372299
0.424014644006
0.28671874068
0.0781992661531
0.104520262783
0.135206231833
0.225054675381
0.418878911684
0.474137648805
0.527401261242
0.345256950917
0.158250471315
0.320218763122
0.435408662734
0.341610355524
0.283283214075
0.230259683291
0.0957848507519
0.0494320213456
0.217417857117
0.417788489895
0.388993043194
0.494176057214
0.297300624413
0.0966962713874
0.419039276994
0.431552821645
0.287178550602
0.178742950621
0.218544972832
0.044445530343
0.212517608692
0.406492741716
0.478046919711
0.517931513223
0.39702382944
0.297207617001
0.200362695675
0.420319026944
0.315989238794
0.301731805051
0.338643245496
0.221261699729
0.0621481417007
0.314238464508
0.479312815842
0.429612135124
0.489492918397
0.447708925293
0.054279032308
0.310886806557
0.410579060923
0.269921703065
0.245053060686
0.233651645074
0.175108390034
0.0486050604242
0.428687161026
0.39625719433
0.458355350728
0.456622290756
0.35899055585
0.121092300868
0.349593368798
0.321659634679
0.288276203596
0.307238952757
0.323717317636
0.111713334989
0.24843305294
0.540853822921
0.479157659469
0.414589359578
0.53189257516
0.119401891716
0.157610764265
0.317682372418
0.29091908323
0.314682789165
0.289034806239
0.307313865981
0.161326906061
0.37544637971
0.359948045922
0.411936625795
0.467224017576
0.341464368045
0.0710554285586
0.234838987096
0.336340413274
0.257460834313
0.282924251216
0.395483628929
0.25323094646
0.102263660134
0.494816843939
0.503794994196
0.404568770489
0.455056164763
0.300476842953
0.143318736554
0.245174004396
0.25451726718
0.316176796993
0.340173719559
0.445519725622
0.22146759631
0.19328050248
0.351879692701
0.44940281318
0.475041304979
0.338186294016
0.164597760008
0.128580632646
0.234623375912
0.192690097236
0.29839825139
0.405153209342
0.327239296358
0.036783843437
0.360056937782
0.485800652004
0.371577157316
0.396169449884
0.292306512359
0.13360180485
0.171796833829
0.126411593536
0.303201781012
0.358701726029
0.449516879485
0.337867609643
0.0994642059407
0.353969405777
0.470029834852
0.343741029637
0.352067821755
0.160849139891
0.0913685481479
0.0883104978534
0.131842352827
0.363122616408
0.355688090019
0.422840978841
0.163446614374
0.217579569988
0.460436100506
0.348250783894
0.491960664368
0.261269410838
0.0834089326698
0.0386507566271
0.0365312818252
0.256551410835
0.370562498588
0.411264288008
0.418749591906
0.144060667516
0.365331831682
0.468811310535
0.325723565614
0.362037853889
0.0749228787587
0.0451201146385
0.0811218664913
0.21507614431
0.25592554887
0.341286888494
0.476542987458
0.331229110469
0.0461463433631
0.389249204131
0.408103472615
0.393125830418
0.280329803959
0.0788033219781
0.0635367801245
