0.0
0.559525581449
0.519751365695
0.228390293698
0.287280820106
0.116611221289
0.142864148383
0.142569177131
0.405948542749
0.109956973699
0.173564877722
0.597575893322
0.345330578892
0.24497115987
0.661000488557
0.400656886976
0.0497264092178
0.233934502125
0.13745345538
0.0605251190745
0.299368869451
0.388472949331
0.146142275455
0.346799995475
0.40216360766
0.118618552313
0.486281840576
0.66461550828
0.147411239439
0.0791943917271
0.131571542831
0.173505664606
0.144571414894
0.51117334302
0.226248057394
0.0612649645109
0.400421303709
0.368509889365
0.121058551349
0.594735180004
0.602891097832
0.161746476621
0.0698539592752
0.0743399726928
0.122477715245
0.325857150318
0.432881872376
0.212234185727
0.0750991888921
0.476673395135
0.234028053279
0.34238167769
0.672047840287
0.26216642244
0.174170242514
0.231962491799
0.162623652066
0.0447266639441
0.530296612083
0.321705119438
0.236409850102
0.156470540341
0.424178224455
0.172170044486
0.457046299038
0.631293625286
0.305128036465
0.0998648475972
0.0953664649497
0.160596650776
0.399612508821
0.481066200287
0.341098729623
0.232927346836
0.453111507016
0.306831829945
0.151127440347
0.603129106154
0.396473922542
0.353677520656
0.281810689214
0.144958269497
0.0663499457596
0.540384325711
0.394505282767
0.444036652387
0.111468553929
0.426265218975
0.250737559738
0.31524158779
0.570905456259
0.409682532133
0.234331633061
0.0720759539536
0.119032188269
0.345945132227
0.561148053397
0.447441426406
0.454627541622
0.253077609507
0.338085306539
0.183971400758
0.556004433788
0.5271605155
0.503400654689
0.285413002935
0.0834873843854
0.0967248672012
0.495656533102
0.487365060479
0.557234617345
0.295839995628
0.20524340683
0.291840685717
0.224576403715
0.510146972206
0.490835305865
0.408251797088
0.225207813322
0.067092398387
0.140499637803
0.535446327185
0.402507375174
0.596670407285
0.229582079542
0.181487316252
0.250994180922
0.506555416528
0.437826682483
0.625927550441
0.356845028994
0.0384824754672
0.188345910909
0.315716789964
0.467180778304
0.577556918739
0.444645061174
0.025818340521
0.296357149902
0.147061830448
0.468206466608
0.523247383906
0.590396956956
0.224947664655
0.103493370158
0.168767046127
0.434228843613
0.420183011636
0.674616121031
0.385187701937
0.115878091926
0.303474708948
0.400111254945
0.373056858508
0.655953299056
0.485984865807
0.144987414042
0.275594915105
0.235163158396
0.401463102345
0.597129500536
0.52537303003
0.200756362686
0.111682838243
0.0508925466665
0.466016969112
0.478805629277
0.689999627053
0.237476529285
0.137842102577
0.38198411576
0.293912139776
0.331668249138
0.687797693512
0.375816606716
0.270524221356
0.151465860664
0.23047333
0.34418633772
0.584670067301
0.553000126951
0.258596406743
0.264578696128
0.249368887952
0.311834264495
0.605968174679
0.596137953844
0.360623381477
0.186936954037
0.150345538065
0.422031102929
0.315927135755
0.682766667203
0.275003520321
0.158630505995
0.470776532139
0.104382185794
0.235007690798
0.700384315792
0.476545353212
0.331555746167
0.108286237557
0.0915661978525
0.295824535012
0.504091190061
0.557107258077
0.255915536351
0.14316562436
0.354984720907
0.110305440443
0.473444692874
0.716241798504
0.278822826816
0.211851759971
0.219513117545
0.223962626088
0.17886085246
0.647097247117
0.346990691718
0.187003307703
0.309269791002
0.164304104545
0.210629991249
0.579716735804
0.553831202745
0.288672057484
0.224442276271
0.124758035258
0.25711804927
0.422213091665
0.547676734324
0.242792120161
0.0746994171795
0.545287551323
0.108930258354
0.268002736498
0.633178075301
0.232298259908
0.209112832878
0.212477593462
0.0284719295
0.109042087968
0.532187384758
0.431723580551
0.212684493883
0.162730918567
0.47728192738
0.310773956299
0.452460992651
0.603067719113
0.241217526908
0.142666330533
0.0889272439219
0.091663790773
0.280566148036
0.491757336399
0.272706726374
0.211704922654
0.540888652286
0.323246275385
0.0874366532941
0.511663043554
0.404049090255
0.222370241634
0.143678429596
0.133674486903
0.129440458424
0.337539128823
0.427262821589
0.262970571461
0.0703346575932
0.610468111267
0.424870572152
0.389617036325
0.580635848777
0.239043817966
0.0535207913097
0.144179366393
0.162191565016
0.10433765074
0.347037365092
0.354102562204
0.281856917441
0.369210020098
0.50554434362
0.228264400791
0.346864194604
0.572546153234
0.245356941163
0.0570636651376
0.269893085741
0.133749099819
0.162732725583
0.369789303623
0.294824446566
0.0309701395385
0.536533353969
0.529137932806
0.300527300038
0.416123828091
0.294576969503
0.224669661994
0.148835424099
0.358210106815
0.033551556407
0.1675007756
0.39537592793
0.310028765526
0.195586038323
0.669913998004
0.461438214968
0.128264356615
0.442352499928
0.256176801465
0.0262657665182
0.276922012714
0.249160552519
0.102870052722
0.20989335575
0.304687704769
0.102158108472
0.457597312604
0.661732810141
0.218846657297
0.159453039896
0.429245198816
0.25141773962
0.121650460263
0.490088855467
0.0923576869666
0.0466141465722
0.204986117034
0.299086678642
0.050140768739
0.612101261442
0.672578937521
0.145461252498
0.291673336949
0.31831353377
0.0844572220326
0.328278146418
0.34873932124
0.237083240836
0.0448183600025
0.350381246513
0.145647637666
0.306703988526
0.664561302061
0.326763060268
0.0894246605446
0.414748736333
0.23734548978
0.125035752939
0.515759124104
0.224755489311
0.248609300448
0.10487439798
0.314961923104
0.16742796672
0.435752189349
0.648253403827
0.344954328802
0.182999405781
0.400651935736
0.14363079999
0.378340053571
0.483272107475
0.350435895883
0.283578061289
0.276980081551
0.185330516418
0.0952213830584
0.596807927221
0.479937138698
0.269759317435
0.27906157465
0.227515031469
0.183793425385
0.52233007215
0.352905932829
0.454547667557
0.260018686885
0.279357433766
0.251774603223
0.306128919451
0.569125146346
0.483384428864
0.158166072219
0.30658079759
0.141313731403
0.350595313844
0.556069397036
0.332972169689
0.469050490013
0.262914604841
0.195078038311
0.121555218201
0.541577491644
0.591491194696
0.432110483672
0.0665711284728
0.229626661926
0.244834718239
0.469327732693
0.430115161649
0.492676916844
0.386858349083
0.0937595460801
0.293474550847
0.29026348096
0.504699044206
0.557852398298
0.329745403312
0.183013343184
0.19035525059
0.262228710182
0.582577487553
0.402449291892
0.61233915285
0.23003365224
0.155792396708
0.266724840253
0.479824099061
0.443176897305
0.570224074068
0.199660524899
0.168227238563
0.221842315743
0.315961633012
0.420919546638
0.524424471882
0.389621958986
0.26026006849
0.16172102403
0.285845988299
0.465353382859
0.583656334323
0.537100454832
0.218279581634
0.152097152845
0.323372273667
0.496642574503
0.338247597114
0.671581031018
0.119939170246
0.161149475956
0.289380230166
0.359121906701
0.384052998526
0.631175950338
0.383223039046
0.165152891804
0.122137666462
0.202681295414
0.361821647711
0.597843524955
0.47337364976
0.26245371382
0.0880570104727
0.255815082988
0.458144017367
0.480053666593
0.648598797031
0.21808965441
0.234862107236
0.386248976218
0.377150553847
0.275682097586
0.720220887383
0.293042026832
0.172428813337
0.241622625416
0.255127745976
0.36563677827
0.611947464093
0.453128188237
0.192060920721
0.1884315753
0.0845350888972
0.304362303271
0.631590382446
0.658970679428
0.18864814883
0.0809953685134
0.309664326054
0.425880230919
0.260808529274
0.667360770392
0.184707393481
0.238670800158
0.320783108054
0.193542660945
0.193917225885
0.723647043518
0.491922604031
0.175731136916
0.278155448599
0.17982645076
0.356586646824
0.510199336184
0.493520955187
0.289800008077
0.181963799216
0.16262117114
0.207968010716
0.471399021856
0.757548007812
0.145486441798
0.160395261935
0.352257344302
0.238851940595
0.204061879659
0.630088508876
0.253360148054
0.245946043976
0.237982407522
0.135856802073
0.100325632785
0.608675208005
0.609135535909
0.185599925263
0.230461618346
0.102802761089
0.236090812252
0.441981418945
0.533906175807
0.359836962644
0.186088279933
0.383682184191
0.111875737872
0.238147053468
0.673779000697
0.3174562537
0.206315595014
0.333259970087
0.0966247046054
0.245678485903
0.523942312391
0.35106158835
0.267665722638
0.177513993917
0.329220594626
0.191525677716
0.487909584832
0.691670608663
0.213048515977
0.106595451399
0.28751793205
0.065269987468
0.325734659603
0.494284570435
0.274632220382
0.235097903523
0.360492457104
0.247054062939
0.0414595212509
0.558158988777
0.540021943236
0.257645934405
0.22132930363
0.235502995626
0.052586361692
0.353340251175
0.348834156557
0.271676601605
0.126910247614
0.441665620001
0.290011858738
0.398480659532
0.648635416012
0.29196418201
0.139286280524
0.381061845897
0.274288891688
0.132529437825
0.35802579322
0.175683160797
0.254596044097
0.206163232274
0.403031753852
0.186228965532
0.390662508854
0.65741158263
0.314647843338
0.0763891375391
0.40969884676
0.228208726474
0.162113651272
0.259978217937
0.220905671322
0.0633905163064
0.384802201193
0.389837624927
0.286514082456
0.445170142586
0.426473970883
0.299203782651
0.324100263524
0.451944488466
0.0565370129507
0.186444907704
0.0740643076702
0.264287897398
0.100859295069
0.567361845892
0.38183539418
0.168315816742
0.526301511063
0.390155162501
0.0547990233989
0.407899374844
0.392306740419
0.147888938504
0.144022960632
0.16260601116
0.0697052065073
0.333563242301
0.526271888164
0.209758474285
0.178723396561
0.602252283518
0.358204670325
0.206111823566
0.556703121377
0.187802245989
0.0258718050183
0.0442539130102
0.223470954494
0.0418634518271
0.497154651351
0.555280229568
0.17415281178
0.402584490115
0.467613731943
0.125470181397
0.391394606676
0.498919319085
0.182807707755
0.0575042150414
0.125931194523
0.0857317964485
0.219658882801
0.561303908662
0.318694407179
0.0645718834334
0.523138455657
0.373785855673
0.06805031894
0.536084381636
0.361373094146
0.21631737858
0.134940404766
0.157170802656
0.138128367356
0.352284197977
0.562972476432
0.328138210022
0.289923493682
0.522687034382
0.199847658776
0.3602365189
0.557783219635
0.290595578698
0.229334938062
0.0870438688076
0.139093381592
0.147970051588
0.528739194596
0.445172648973
0.236780959663
0.304599062566
0.393209423331
0.160773282783
0.475670453772
0.500322687046
0.406359736296
0.273136824827
0.0501139138301
0.205044326644
0.348633384961
0.518516980793
0.424144310542
0.176356511004
0.532391935684
0.308712616254
0.268260812531
0.537371038806
0.3623137381
0.429744958073
0.106432178528
0.150013787355
0.260029179542
0.51078200716
0.45866423579
0.411017896814
0.0822297517295
0.38634493235
0.270604812293
0.385696793382
0.530151889132
0.498471807195
0.332008277522
0.0625148959095
0.0906185640985
0.402144160557
0.499292141646
0.509822424978
0.371492020478
0.346222937191
0.389746659821
0.169074119702
0.506413338411
0.384380909994
0.578932791558
0.0615569228897
0.0596234470128
0.182980041885
0.487617113983
0.427204393667
0.568366413597
0.25474942972
0.227420434144
0.324951428839
0.321836999586
0.52899658432
0.533073777953
0.40295364598
0.0372353981262
0.121724044458
0.348582830977
0.540743882318
0.554333667011
0.558994959253
0.16666149337
0.137380329889
0.212009239082
0.485523078486
0.415323623559
0.661794945049
0.135011528493
0.162420231534
0.214749414764
0.442066178221
0.503455173662
0.654595796676
0.428371166314
0.193885547786
0.335752217335
0.289576335109
0.527269741934
0.566054342579
0.518167378678
0.0413356403216
0.187831903967
0.194859008444
0.500618120754
0.428480735603
0.658955014056
0.0698630018154
0.0493800788172
0.301915097055
0.466952185028
0.448490843938
0.691823227289
0.350125642802
0.138158137768
0.29019501562
0.258103946677
0.427025052219
0.606615023953
0.496689778242
0.222618238576
0.199731409399
0.271575705846
0.463958484581
0.53916437467
0.637351954294
0.0938088182673
0.233629339933
0.27059715176
0.343667952967
0.391142687663
0.687354128477
0.237485986925
0.200374862799
0.323363024857
0.368048183695
0.404079450911
0.693341165784
0.522753469533
0.13129212263
0.234447997049
0.0678628340341
0.278203543847
0.544267038563
0.567227469039
0.27890632776
0.111451431686
0.245363788608
0.389535812899
0.406110838154
0.717264306172
0.179139087801
0.271744494637
0.486577549066
0.186388632332
0.291324449788
0.661138707672
0.398189889003
0.338518156037
0.0994097942253
0.188006334022
0.252360679737
0.553067705653
0.603934555757
0.154187250864
0.187453979574
0.289511608931
0.105963664857
0.463887132893
0.587395640015
0.29250848196
0.319845966865
0.214440731435
0.167063136511
0.249698674986
0.667862269495
0.332428518552
0.300554568396
0.42758742671
0.123083949885
0.097430817135
0.563954083849
0.448143182007
0.38708545233
0.160636782523
0.0840457248123
0.0877403673034
0.414370161632
0.663710016723
0.226220599002
0.143063676318
0.471248293113
0.119857922122
0.303052913703
0.56820962912
0.260710613096
0.316377675133
0.180238801147
0.112095225832
0.158540691358
0.558730970399
0.504895869538
0.328474542612
0.266364353649
0.348274902751
0.16363667472
0.38613250032
0.445302821739
0.305789931679
0.178928337223
0.104964568826
0.0505102036334
0.312840602729
0.569316866305
0.318775764982
0.204072257003
0.532036511715
0.343723552564
0.0974948399127
0.421179229644
0.18506739564
0.286385357645
0.103757029315
0.235963785143
0.1140885531
0.392447309091
0.565216040434
0.366981594592
0.0853095192497
0.571281664657
0.380307769649
0.212401449938
0.369362130488
0.22681501311
0.118087928018
0.159492645437
0.164659832044
0.191055053851
0.398354218998
0.463639444591
0.328389655842
0.422952479471
0.537960334291
0.131768062234
0.257275909415
0.282579466176
0.258522565959
0.0574372742785
0.391709656553
0.17976972958
0.178353041234
0.468458772416
0.426604179231
0.0856405288908
0.508777623601
0.550923598899
0.251177955435
0.296060758394
0.180428054814
0.0797000513262
0.16128200495
0.346109999317
0.140465605877
0.169000260026
0.597022522108
0.395433725244
0.275482606065
0.646717581861
0.343176845244
0.0797950775489
0.252136847006
0.228385288494
0.0466038757422
0.341065236093
0.359808892728
0.12905188955
0.341228941485
0.476259845755
0.160888995818
0.437516065866
0.672576253279
0.229714998917
0.118364875743
0.157394808128
0.147502288145
0.154886373686
0.464801653394
0.224748037129
0.0789936311473
0.452162767503
0.411776727472
0.177216760305
0.598705348974
0.552304409186
0.155496261782
0.107187751192
0.142342913388
0.0856455285257
0.295462887353
0.40413174269
0.239625591829
0.159078956926
0.5026367945
0.245304526297
0.348995223181
0.649235405767
0.286528577622
0.141405026468
0.163201107306
0.181352764742
0.125275811764
0.487377157031
0.312917776736
0.241494769835
0.225137962387
0.436658824199
0.21205201574
0.495613029657
0.61507355199
0.34040708799
0.100080332569
0.0850611550293
0.13028663111
0.36193200658
0.430371785402
0.356844238284
0.156144867477
0.447990259018
0.316596786383
0.191037848387
0.578808654967
0.398336573039
0.360243852354
0.265705874705
0.17456791269
0.0730805332567
0.5220260767
0.310464952634
0.422462710353
0.121659746823
0.41085597769
0.303469803254
0.331956625406
0.532400240663
0.450648004801
0.244758535588
0.0743907181693
0.0503790431371
0.349156776869
0.517434601676
0.466022930247
0.433553256095
0.245288581808
0.361773623487
0.124650046024
0.515168538902
0.500595594126
0.514143066173
0.310243208478
0.107119699771
0.165638844201
0.528708077345
0.415520070805
0.588454771348
0.304658575737
0.198272334683
0.354555053789
0.181953330605
0.464189642857
0.523828111276
0.369603165847
0.2004052079
0.106048297158
