0.0
0.420397062876
0.491240845554
0.420143749513
0.366078145498
0.0955126517439
0.0149896390967
0.067154666912
0.174614457029
0.423341815432
0.460344297343
0.503169320117
0.238619887469
0.216685982388
0.425414631222
0.369409997695
0.382964496848
0.20952155831
0.0451688488646
0.0800275874202
0.10799522086
0.189889035119
0.453528298225
0.545558972728
0.532804988972
0.199732397075
0.245604543681
0.373718100736
0.33155636075
0.403308511491
0.196635678516
0.11731443904
0.188186599477
0.159067881411
0.28532034289
0.54779000409
0.6030612795
0.404387373614
0.0338301188564
0.24777700483
0.246382084721
0.32005043251
0.331031786697
0.157797522691
0.0483297556904
0.211697532387
0.135295325113
0.448146680066
0.588581978247
0.597425393784
0.343046799324
0.0703239155806
0.30182733647
0.217237636372
0.356710534442
0.307816704409
0.141757955296
0.117474030806
0.2222573821
0.303931119783
0.494362288092
0.614597641571
0.547249897516
0.201095977011
0.163368348142
0.188933608298
0.247329390862
0.373938402169
0.254372932801
0.089642850716
0.145632758368
0.356915491837
0.432058474832
0.559509398804
0.499978836162
0.418361619907
0.0809635248561
0.239571833624
0.114291555068
0.249249274373
0.343124695133
0.143753111374
0.105774315823
0.203384988121
0.381706176583
0.435508529698
0.563394740897
0.544400650542
0.449150140948
0.24215132733
0.171217761228
0.126247591683
0.309706139985
0.30505632836
0.0995564705062
0.0966843062972
0.268935916429
0.486740416968
0.553016812483
0.471783100092
0.502487538274
0.352226952188
0.360175796112
0.179069356093
0.207389935287
0.344005010353
0.128516077467
0.0905192709975
0.0409131693047
0.183385951879
0.463430722734
0.602474486291
0.544209528134
0.558196236615
0.35833394422
0.219932055093
0.0542880174917
0.220606691446
0.308627279575
0.13473927447
0.13373165434
0.0958593981903
0.361943132916
0.610919316367
0.578387206469
0.458841858613
0.494983873353
0.393824606007
0.249322669579
0.179370430314
0.326792345511
0.169560347492
0.140503138488
0.117079023427
0.0736547790315
0.548402513066
0.659716719217
0.577576330854
0.339648331521
0.407021046086
0.307872079585
0.154498225539
0.147113426381
0.290931372004
0.168131546299
0.224916270488
0.0284264440189
0.221914946275
0.583682394951
0.672865352918
0.448433425124
0.424676144184
0.475794321561
0.321960357487
0.0322978418225
0.2493735188
0.183614448477
0.212569937559
0.229098160336
0.0450275293729
0.468905790994
0.649943611914
0.590334391045
0.298659925195
0.382111189505
0.424492125352
0.235297191723
0.0870807059946
0.250561345794
0.207142945147
0.300089275601
0.232698251587
0.103136246514
0.487082907057
0.602740864483
0.548485503228
0.299903296001
0.402060820065
0.38372827063
0.0814850141411
0.221713342272
0.232792064813
0.272863963844
0.362940621797
0.124278652156
0.321796705286
0.525157494294
0.463578355489
0.460437885468
0.234878845375
0.388958181551
0.325823400555
0.103211611284
0.220469583058
0.251085211627
0.341038787899
0.363386175039
0.0471280149753
0.350728942414
0.484357689878
0.449469884444
0.5002779556
0.310971956974
0.3016501637
0.106430859948
0.154010845745
0.211211634424
0.331295598145
0.438691562968
0.247014299553
0.164573768168
0.366784351228
0.328513415512
0.4487257765
0.340426128844
0.316430517753
0.223047550524
0.133295905454
0.151072660691
0.297977185804
0.418510835762
0.479126209577
0.232546189674
0.189336298054
0.394629939062
0.368047654909
0.525028921833
0.317607735062
0.201974888328
0.113642849499
0.0548497341558
0.121960977877
0.290104825606
0.495531428626
0.421349097646
0.0781157727545
0.223492445768
0.252896463655
0.386422356437
0.480733688481
0.288758777123
0.202840689585
0.0450349244008
0.0729311023033
0.208785702055
0.292372383173
0.444970255227
0.373357085612
0.112799576872
0.355698193265
0.23100412942
0.427291727823
0.421707961268
0.208009750377
0.124606977456
0.0600346016194
0.096538314027
0.253740014712
0.400587916822
0.551314059392
0.290214997655
0.238615725447
0.223215837289
0.239606419794
0.49190588162
0.390291171897
0.24207813418
0.105790827006
0.0876416964033
0.213038559618
0.291095233985
0.313923327499
0.458497471881
0.224617019306
0.36383328227
0.174334402773
0.265417791093
0.501969997386
0.244805578458
0.141660382125
0.12699775415
0.111062616376
0.26319209288
0.362017200815
0.415610660434
0.486573109607
0.360462438438
0.275594044814
0.0462640374883
0.342451314537
0.454530503958
0.288199644301
0.209319348599
0.0441148493319
0.259140617334
0.345845170277
0.293861603374
0.522198439572
0.471658407683
0.501535467264
0.296212286155
0.187566645123
0.409290644066
0.313397441233
0.218384737331
0.230702542053
0.122858403983
0.365463997571
0.450057758093
0.397179567441
0.579106006347
0.454825635278
0.384862366327
0.147542274401
0.159581845416
0.351825153165
0.263917964217
0.22830438935
0.0763914065413
0.103226548594
0.428121736185
0.443944664466
0.427940387681
0.572357420442
0.560570207822
0.400436067841
0.0989712562252
0.27848516541
0.248273803548
0.149193620656
0.2373921504
0.118032473071
0.360609581153
0.561811231689
0.44566991303
0.333482275674
0.516777599163
0.543005513194
0.393110252593
0.0236596915197
0.263322924291
0.215297223283
0.234855609986
0.194998635887
0.0615124671045
0.384227623879
0.557863069458
0.392448925399
0.514171506692
0.650808844456
0.534055035013
0.200769257301
0.140838950216
0.187449267798
0.158033639045
0.274288851723
0.137977310273
0.275823984375
0.444651412216
0.451272057518
0.253792897142
0.558302232289
0.649204448354
0.492054451719
0.102934345954
0.145409912908
0.165371303074
0.230286707151
0.289797041788
0.0416706192231
0.316139899894
0.467054386874
0.47463015567
0.408330390301
0.577325984892
0.607480987381
0.303480127741
0.028006591133
0.136851430176
0.145130342969
0.330128293466
0.193921262143
0.182669892766
0.359123932934
0.330873474142
0.411483455173
0.456233498377
0.601319858522
0.495816443613
0.173557881117
0.065318756211
0.0776507723076
0.188436709493
0.334862096923
0.148784026291
0.212891612095
0.356304773616
0.365285520856
0.548329565254
0.525117654292
0.513888423476
0.352026439995
0.0868103930683
0.0999483473706
0.1347584592
0.331202066759
0.264887495934
0.0618119623658
0.209576337094
0.236911323742
0.470396544225
0.537697403939
0.573650598726
0.40812616917
0.254810301705
0.0960814664669
0.0407545828935
0.201938674573
0.373540314336
0.235999654399
0.143433235419
0.324302709737
0.309885623795
0.565772476547
0.506517068025
0.461942493971
0.335380237263
0.271987541966
0.0777787751333
0.122351399079
0.336519173068
0.355203331726
0.134936345576
0.191354535988
0.204301832461
0.390887383125
0.625742624985
0.56908301289
0.414974632077
0.173076926627
0.153888300776
0.0659348737596
0.150267229046
0.287401623496
0.304345481468
0.134951703595
0.316646646369
0.12957926456
0.412691634878
0.551573998782
0.502679695216
0.389487010604
0.194617786459
0.135417611704
0.118380646085
0.214199635888
0.406341125474
0.292718661408
0.266865989504
0.209563149383
0.19292611655
0.527113511876
0.635938774106
0.49354580641
0.231804999791
0.142485132571
0.08564037389
0.0708954532952
0.217380270463
0.411434181408
0.284234981945
0.38706387038
0.214419727115
0.273841866374
0.598492792033
0.552249637586
0.433610685767
0.174441684206
0.0613695625913
0.0302452401215
0.0750683643142
0.256027641045
0.423963268575
0.375206723069
0.335917270402
0.0734622079629
0.351983606266
0.527164238291
0.486108853601
0.32052519606
0.0705734641843
0.0182734139409
0.0432699872405
0.113328770467
0.421436234903
0.441071666821
0.511083019996
0.373000067699
0.183420298574
0.465910493855
0.478935350579
0.397255620277
0.338607288968
0.0798425121714
0.0962564661514
0.145795720654
0.17940192935
0.459477920477
0.465195126849
0.485841639056
0.286856348481
0.118737238692
0.38784448889
0.378843415559
0.368140704595
0.227096633579
0.128360550513
0.118115776884
0.183852597391
0.31765101896
0.519371127394
0.57609535367
0.499883710381
0.141261964442
0.27385718573
0.338968671256
0.241010035511
0.396260526652
0.176141073843
0.125927732649
0.220387850943
0.202151208152
0.289490680107
0.563288025134
0.629185740018
0.492044530586
0.0689680836635
0.276533580448
0.265501925939
0.286107332133
0.395232555968
0.218164633169
0.0836875996373
0.302598312162
0.237351217458
0.442980506477
0.59525705139
0.634589015415
0.297364015609
0.172198399101
0.254606573755
0.143119295577
0.347510360584
0.286336621314
0.0721880673716
0.13201877163
0.28181206226
0.216231922913
0.557922730471
0.665914748609
0.607088903412
0.178503362422
0.12100567714
0.170228014947
0.190127006351
0.365276505186
0.228852146848
0.0550196380988
0.224688116935
0.28901152992
0.411913658513
0.564759776458
0.610464311731
0.416945539792
0.120420518824
0.199948019792
0.0400263896982
0.30874580504
0.316609214543
0.0634963765306
0.0777574414656
0.20364108718
0.345801016976
0.521799981299
0.593200943119
0.461335852945
0.268645248419
0.146396447089
0.199520724419
0.0699945725105
0.345110008045
0.283185989949
0.035755425622
0.163590794121
0.200067751075
0.513280008203
0.570864448408
0.543885530301
0.502390761049
0.280684407829
0.253078584904
0.0773285679044
0.246686891072
0.305137347912
0.145396124917
0.0757888756471
0.108286804511
0.394733812546
0.604370356993
0.628977647637
0.401067820807
0.3578539656
0.262785469356
0.252508237481
0.0563583095056
0.289281827321
0.266782487131
0.0529140617271
0.1727908505
0.15263198491
0.468655020866
0.588146301543
0.570847136234
0.418965564542
0.481899030984
0.343070560768
0.138644457885
0.187598963059
0.279231297607
0.214825595331
0.164910961866
0.112659927269
0.302517244689
0.614566267253
0.680374862778
0.474532534407
0.335080496315
0.451743149715
0.387562418416
0.112875645344
0.275751395384
0.257135803755
0.0938356511892
0.219167311851
0.0676806574459
0.282439828899
0.639570838613
0.687963149221
0.517359353018
0.390421076519
0.431612695749
0.197617264967
0.122707395287
0.230332585499
0.262270215297
0.236451793074
0.214873060444
0.0805807066073
0.415123709192
0.609826634603
0.63110521478
0.376511055438
0.425535380683
0.422272278362
0.17984585971
0.267852983538
0.295895311842
0.214210835576
0.318504443882
0.23181244174
0.177258154356
0.571377339026
0.659891243614
0.609902217908
0.263525717895
0.342492096309
0.264511213644
0.0819699211999
0.207397278021
0.286274292166
0.310445832156
0.345192782332
0.115235937868
0.245328363662
0.507829968992
0.553454358268
0.452619871034
0.280497512992
0.320650228723
0.216576410256
0.137306127742
0.238252116376
0.2813381556
0.405324809343
0.36160899482
0.104501580947
0.436127729885
0.494699091261
0.418175896207
0.368735188713
0.196486052772
0.257050983531
0.128513394897
0.164035943477
0.2501701568
0.385582008167
0.468947293324
0.321753766696
0.0823249930517
0.384325647562
0.403385019873
0.463293558839
0.330643371061
0.230783512017
0.153280028423
0.0632097022094
0.178195594425
0.300236544449
0.414283556703
0.506825074849
0.157007565995
0.287606784948
0.359450721877
0.266066152712
0.532724891073
0.195800777321
0.163811063501
0.0798248379453
0.0484452414579
0.221436087748
0.403082369902
0.503939813302
0.476171186374
0.103118784582
0.26746507859
0.257574961664
0.339292791084
0.531004837185
0.253108419113
0.10978112914
0.0370424098522
0.0617443033327
0.210471863999
0.366877645674
0.577555254108
0.31113706475
0.221145736769
0.268275600854
0.114616681144
0.429545055749
0.35980176828
0.23368279628
0.12066181439
0.0902016058711
0.118219993579
0.356385636218
0.435544328569
0.564333276573
0.222988176526
0.189869494316
0.24315208119
0.171772858918
0.453664764324
0.323574443301
0.153321063256
0.0789076914541
0.0596584031746
0.236990927004
0.361819764993
0.47195944001
0.450721106599
0.243407797688
0.294097972188
0.0884988650836
0.321861050245
0.464310271217
0.271219442174
0.181183939628
0.157691333152
0.231642478885
0.362117718569
0.371261359681
0.347887201364
0.336482680217
0.296915996673
0.341509429268
0.0540172454602
0.381118225776
0.382143100317
0.234552977514
0.175804699558
0.0530056889459
0.323341595447
0.417309180616
0.4017679205
0.503692128205
0.412749088711
0.40837463355
0.208807762909
0.195219840604
0.368854929604
0.338602681311
0.200525246313
0.113862047511
0.169632331775
0.457585989731
0.468649668036
0.260558057837
0.438252525281
0.439439915637
0.464454179936
0.170686270604
0.252499302177
0.338075332651
0.192923571459
0.155825427577
0.0948654529504
0.22054723735
0.505168320874
0.481775987965
0.389885656272
0.587066271889
0.525937385909
0.326683278269
0.116484440062
0.238860263483
0.286890028407
0.208518885722
0.194673373398
0.113728202001
0.364627245566
0.510821747933
0.386324732147
0.449888781222
0.64960566612
0.601150218047
0.282340486057
0.18744381944
0.255281624434
0.141261898823
0.21479941222
0.22998111282
0.111095870806
0.4995798408
0.601986478274
0.474198573231
0.50889336184
0.615901086089
0.435141334065
0.131647171752
0.107161802665
0.211259719396
0.212755355701
0.2570872594
0.0775381954013
0.200623129785
0.464958378197
0.581845519409
0.441365986885
0.605503418284
0.63128266319
0.362221855566
0.0829291794737
0.165034163591
0.086049893959
0.227352303511
0.276852358561
0.0432649409926
0.434472458215
0.547086609252
0.543200105478
0.33299681872
0.547719244825
0.572409697232
0.364075969113
0.040433170041
0.145410357988
0.22467969553
0.309261425984
0.190754638896
0.101971158771
0.382910184429
0.48065383362
0.488770826067
0.481094898436
0.528244484656
0.460111904718
0.163511121459
0.0678042054973
0.0685740107235
0.261037527259
0.341629996521
0.0772386248686
0.315457157497
0.359327267043
0.311011029595
0.377228848607
0.467148719495
0.522712118191
0.422204312301
0.130197289363
0.069019732457
0.23245725801
0.335207046587
0.318422630708
0.0650214248545
0.292993119243
0.313829663707
0.433676898971
0.500117167295
0.493907280268
0.402222803736
0.248858075377
0.05966863118
0.0851437432007
0.231418876257
0.4289755495
0.176450288454
0.238027596783
0.271878422675
0.17148494465
0.550992376724
0.450468350114
0.475937884102
0.281353738829
0.220407253406
0.0937393370117
0.164296004233
0.261403941579
0.398754937949
0.121180377921
0.217200067343
0.194615579423
0.28616045328
0.625326001529
0.508271763549
0.358796252542
0.205068325694
0.148219460121
0.0448294802826
0.170112849796
0.398218516742
0.291584184807
0.215918514732
0.230111231503
0.0481226545291
0.471350426995
0.600648402636
0.539526145155
0.308986273042
0.0787043586222
0.10356054281
0.0672273368467
0.167081880596
0.431130517066
0.239573323065
0.253761448741
0.280669822938
0.144806704642
0.521739942975
0.557516914967
0.400360425836
0.205928401133
0.0694826646312
0.0537648194142
0.0897438110582
0.308691416158
0.411119508757
0.302391872765
0.345015999551
0.135882060082
0.339722251628
0.5732894649
0.527467857199
0.420891301367
0.117839443245
0.0289517654613
0.0437629157701
0.0775760801304
0.31117907283
0.362800666322
0.359360536099
0.390315811213
0.0665414705075
0.404219925384
0.527007722205
0.43862302305
0.360202545152
0.107399788218
0.0612523838975
0.128598749263
0.161836559267
0.397591528738
0.431545155692
0.460036040708
0.27139488266
0.159981842989
0.422245643631
0.43377574502
0.357007252526
0.232590589128
0.0908632206491
0.12544053886
0.1690494042
0.150966819489
0.464492842117
0.513450522466
0.551337100473
0.280174429782
0.235666950823
0.426154892232
0.364943162829
0.34899135726
0.232463424762
0.143303955214
0.248792290216
0.237284702639
0.275023543883
0.559399890877
0.577300434956
0.441112086843
0.104242848405
0.22602527891
0.325719518616
