0.0
0.418310826704
0.374975265313
0.483404919489
0.191834788332
0.0986972967548
0.0203624894164
0.0524925152701
0.135157980714
0.326423223738
0.396377630652
0.42408199829
0.270980782771
0.268747735286
0.476280672772
0.436723571347
0.410681313616
0.214574225974
0.124727043943
0.0446654373229
0.137301988707
0.237909428033
0.499403006465
0.373971978777
0.457934462746
0.137748511038
0.316217564968
0.41505812057
0.421342656786
0.279990384261
0.17715495413
0.141956826977
0.131820281208
0.202665271553
0.356236366911
0.43344018747
0.450274703122
0.347723164867
0.149473319425
0.450968059555
0.418756166431
0.409841285053
0.287596367089
0.250033859842
0.0388686756875
0.175066417865
0.268871445472
0.514842361596
0.396733709293
0.452386078668
0.225036017718
0.272617850877
0.423668006764
0.352534683781
0.319563714649
0.273012473884
0.168898901839
0.0890155159003
0.207101985708
0.346976086505
0.431861569887
0.425310387609
0.393377581055
0.0813484568606
0.330667778028
0.397329865661
0.414281079062
0.349767809179
0.343149933045
0.0976353399258
0.048430515517
0.312316461858
0.477068661973
0.407815767219
0.426407309403
0.240048558931
0.186960239947
0.374166206531
0.28930532049
0.309925358685
0.376209881207
0.219526942654
0.0588651871367
0.176669399825
0.346505700263
0.402564811435
0.387688114892
0.427474016453
0.238349522838
0.216913243524
0.345048703964
0.350618059558
0.415029858644
0.432190714513
0.199912959279
0.0498557923736
0.171847341431
0.376520311235
0.479052585191
0.369139868257
0.346005387507
0.0353384031218
0.310698118613
0.271773666081
0.37696893726
0.415465204302
0.292482404397
0.107015130788
0.168089689626
0.264833025279
0.45617288861
0.44710479037
0.457635272641
0.34189621877
0.117009516665
0.234296216649
0.312580472312
0.464750628377
0.499781289426
0.216681441199
0.115211130164
0.154071173097
0.337794201786
0.556991244615
0.395776148797
0.466682733486
0.100649163498
0.241264017537
0.317988266334
0.358580831147
0.480725641979
0.404805144621
0.123861931621
0.142668042903
0.195807711276
0.530296011214
0.486935599152
0.448280820732
0.357263405383
0.0293323500796
0.214269712523
0.255676306693
0.432774353325
0.506492445885
0.262755134664
0.11293841164
0.204121213858
0.300572020195
0.547143303259
0.414642029539
0.480314914758
0.142500708218
0.166964222128
0.311137292524
0.306076457928
0.476814721542
0.477397016047
0.177888001831
0.16595453205
0.0967566324988
0.508354663397
0.506755920438
0.40511417842
0.319042534988
0.114592703442
0.142105771877
0.191701455611
0.319085388526
0.489956721591
0.375844315811
0.133668895695
0.250720890416
0.213764616311
0.440122082393
0.446046811721
0.416412703547
0.274571089945
0.0240560044416
0.264521114462
0.234011968502
0.447807666709
0.49896357445
0.251094458308
0.247960907943
0.109753084452
0.3621028049
0.513909444832
0.384646815825
0.341850019325
0.190087615322
0.0697230909646
0.165337683713
0.244624481619
0.433431739744
0.422428289557
0.158337564324
0.307946549238
0.163364504313
0.407122323648
0.501491437975
0.43777828956
0.372044540113
0.149752363213
0.158206475893
0.131967896781
0.401414859228
0.481367987554
0.356368160589
0.273347456241
0.277044673022
0.22877259984
0.537134268695
0.436563496569
0.328486468457
0.263819040528
0.0445675521903
0.142967604459
0.165604151332
0.345300224598
0.497365327831
0.239887780594
0.328841415745
0.206737447276
0.380189862821
0.543841756391
0.455174620609
0.325561811422
0.158675692257
0.0853235873492
0.0850975588404
0.338492078512
0.45463584407
0.445692484148
0.293602274549
0.359354440315
0.142012811796
0.497868270648
0.508549066917
0.436536160047
0.151912356855
0.0479518754022
0.032341448967
0.13414396471
0.313651688798
0.466366057363
0.351007063818
0.244594470051
0.244335808395
0.298359627233
0.574455347376
0.449499589483
0.304573959347
0.0772034629718
0.0248231967127
0.0249016614425
0.247129244746
0.420027855225
0.509462030576
0.2835423126
0.3575143801
0.104836128642
0.442032067395
0.503122127387
0.431532669168
0.120757952784
0.0430870703361
0.0216361938204
0.113650059171
0.266318491549
0.401756834897
0.452247132437
0.230400037606
0.289034780402
0.21088098662
0.534096748776
0.498743736244
0.312339805113
0.133293190554
0.108466020156
0.0914878177218
0.206127010075
0.362033512586
0.573930281065
0.27715958724
0.349407184174
0.186699994029
0.320569214382
0.505367740266
0.436787492173
0.188965719252
0.165802577999
0.150036632081
0.180673219248
0.27644213916
0.378754139787
0.509659197266
0.311145294979
0.321364008065
0.111769144983
0.457655635312
0.518289971121
0.321968128707
0.243998276351
0.23096460477
0.0373803628945
0.272483627636
0.280937395119
0.511260374703
0.345765545822
0.329834249051
0.269128891793
0.231769569518
0.51895192355
0.441989037413
0.296993621653
0.265991094564
0.125955012103
0.208952945896
0.321520885983
0.372902419738
0.502125802746
0.329527341615
0.34025929061
0.123513453133
0.326972954699
0.508516705186
0.363767965366
0.280174941102
0.284572940746
0.0548255390665
0.206832276513
0.310174538437
0.509134749805
0.395803360408
0.30712408581
0.252139873611
0.186713788388
0.454423081675
0.428258530389
0.267305996568
0.388208100045
0.223255181542
0.166808969529
0.294637498422
0.354143522758
0.447366112295
0.32079900106
0.33271053874
0.189767535985
0.192169821451
0.473400820566
0.389893069274
0.328602307834
0.34033209351
0.153179277338
0.104418523444
0.262641019813
0.395445951291
0.468293217719
0.327391369856
0.227273454271
0.0311414049651
0.363038692175
0.41222875877
0.309589043876
0.433153258608
0.28890211727
0.0503066740054
0.244362871376
0.340438275061
0.428258808527
0.412924419578
0.309919203398
0.293243002464
0.108138154606
0.383711179604
0.37028436898
0.36804831531
0.398782528642
0.22152009446
0.0457500432935
0.238977323305
0.34086854558
0.582094290781
0.355700229498
0.314648994136
0.141856446061
0.294747133464
0.430615689414
0.312088144262
0.434255008652
0.408844547957
0.101090819243
0.25331337919
0.299440627414
0.493890401874
0.546588925079
0.325776904664
0.308435447332
0.103664399814
0.323749987104
0.371805831858
0.359251285839
0.440913198914
0.270084453428
0.0391097872726
0.323206583181
0.309566173841
0.587291363974
0.424381265966
0.341921425971
0.128246806362
0.203599030282
0.430093756177
0.273246615864
0.431707561228
0.469732960627
0.200597900352
0.219999156006
0.269090889127
0.460231559369
0.534185722171
0.367874728131
0.220577512924
0.126427965038
0.249052148212
0.342903616254
0.328014847687
0.390633404782
0.366668723294
0.0291138093822
0.357695403872
0.304216678297
0.481621872825
0.400986833038
0.368067019035
0.194019295292
0.0573990439579
0.295863787513
0.222743288782
0.413022794077
0.498218135089
0.288021652276
0.159008707634
0.22670958037
0.384780694445
0.510721165599
0.32529424064
0.231977889129
0.159945481618
0.175376597395
0.236448117508
0.268670527207
0.40948225433
0.455049478812
0.0602638989645
0.327348042425
0.298176252046
0.377618154824
0.417070641987
0.309616439379
0.246981717822
0.104695448243
0.165009141436
0.127357856833
0.377466422792
0.510213255133
0.387367210999
0.162709116883
0.307833857885
0.321085858802
0.52408858022
0.374764586374
0.257949627534
0.176205618473
0.0640014907138
0.09951172678
0.253711914802
0.433107403235
0.501420786726
0.210950399263
0.274256044049
0.323795058459
0.359222594031
0.484598737729
0.313736462197
0.204823091555
0.0670255939545
0.0380550737137
0.131005870465
0.424290528718
0.495412594648
0.474943486625
0.178630490724
0.362839879642
0.284066868159
0.456490614131
0.3853425975
0.2694025488
0.082726389562
0.0384230980697
0.066604668585
0.236184986681
0.443444817164
0.51175962802
0.364116774543
0.145721613367
0.32357242203
0.290380358756
0.541749379011
0.36221782924
0.203578024488
0.0566781020637
0.0825847109407
0.0795911437182
0.325753294501
0.46200639133
0.499771695711
0.242551604413
0.305599627783
0.262782566982
0.370852079008
0.463386469485
0.335368658036
0.11404250339
0.0193304602715
0.0482279719504
0.166758802144
0.397532966845
0.489396488934
0.470620284523
0.0901187909258
0.31211708681
0.17551662986
0.525855210382
0.419160360555
0.250210806322
0.0868174531351
0.0774762207831
0.0976320669569
0.264206360554
0.454517924016
0.542390835423
0.323978095862
0.232031149372
0.277619346258
0.32108764369
0.51925161112
0.407158051107
0.154832162621
0.133722329445
0.126135480215
0.168222791549
0.380958346386
0.449465375802
0.536990259314
0.184490859257
0.275494765899
0.153812172244
0.422417596876
0.468116756315
0.31074034169
0.193740950601
0.108555683539
0.054561435209
0.31059062352
0.43187106549
0.542938440651
0.398880703715
0.189922888179
0.317184393455
0.276601446388
0.512265032487
0.496061027129
0.274483557492
0.197256730368
0.0960498729104
0.282707062703
0.405333837567
0.423718644399
0.538021441115
0.27400009869
0.253388159169
0.217182444994
0.294643380057
0.475564916963
0.356100392843
0.262732272816
0.1511741459
0.0356058038642
0.371925818406
0.332466655731
0.493674367916
0.412929608308
0.14742652553
0.282613168469
0.247516322691
0.452756688998
0.51238286051
0.348256141718
0.197140636283
0.137904711395
0.210255589106
0.43210230313
0.414682875429
0.498008881427
0.303396521245
0.211707520931
0.21910954012
0.165153093704
0.404581868667
0.408223242915
0.280848871363
0.212426457865
0.051234840056
0.218348025683
0.338186857863
0.431602749037
0.438716200126
0.263278725447
0.15020639691
0.154601323532
0.368785518223
0.501194039737
0.370289921435
0.298240235673
0.235735326902
0.0547740434929
0.330289692459
0.428416769279
0.442377924997
0.368687852967
0.187806230379
0.214603471654
0.106617981055
0.409852506595
0.372547404235
0.299428608665
0.258751240827
0.155254788357
0.139607335245
0.318536976861
0.413873323117
0.506396878779
0.387999504243
0.118013815028
0.073382082989
0.29989504551
0.461924337384
0.389429144863
0.312285185516
0.336252844749
0.128967564413
0.262852165388
0.438521448813
0.427921059375
0.527647892041
0.241180347676
0.188175682314
0.105040219524
0.332714129167
0.388123623471
0.346860699904
0.311969385078
0.245403582771
0.0669512962854
0.391561154205
0.431308792609
0.510891315536
0.44371726081
0.179165775558
0.0988741746622
0.219423902518
0.397875215608
0.371629928229
0.333898812301
0.378385420185
0.218211034068
0.238057588701
0.434853698288
0.414249657493
0.539820309733
0.30257403387
0.121640483873
0.138709866677
0.253774127658
0.351695407725
0.35927850396
0.297820448397
0.282836313121
0.0347394068863
0.433615905279
0.427808542137
0.481576116407
0.437079944193
0.229784484585
0.0988739553916
0.10332496151
0.268704607639
0.333712337922
0.395632018305
0.345364689918
0.30266300658
0.161527291231
0.369373222444
0.376528541203
0.471833945199
0.235845365317
0.110167914103
0.147838447969
0.142144918822
0.256279477012
0.33295766465
0.293677449515
0.369997517389
0.112618793104
0.376221384154
0.433261892226
0.371165506794
0.392403893356
0.209910001656
0.133078473112
0.0406024889712
0.154895733336
0.260976926505
0.409079765642
0.339113934706
0.375669175208
0.120103284107
0.330201756244
0.399291644696
0.498311352778
0.25911640109
0.129572168625
0.0752706191378
0.0641082625839
0.169611252567
0.301846347929
0.369980244844
0.416200079341
0.236136647434
0.258040833272
0.436067815853
0.373264220783
0.407663678725
0.171426628599
0.0889942284846
0.0595780917853
0.139199239563
0.21191376874
0.458238844587
0.364606812969
0.428062674941
0.185581364309
0.348220917683
0.410926178174
0.429024287737
0.293145880832
0.12371047377
0.0579378526
0.110206371201
0.162787354689
0.291370382392
0.458165755336
0.421286975368
0.354944721754
0.119340268379
0.396783643492
0.375689388664
0.454729643915
0.218012066776
0.177784941999
0.121646823031
0.126349297731
0.173066670512
0.383430669886
0.373994212745
0.422162616979
0.255535077237
0.268542122668
0.409613412777
0.325639308811
0.306143869936
0.232211594492
0.116395706023
0.0240488084451
0.121704175473
0.23523167094
0.503095440201
0.416802145615
0.412555541582
0.117048012105
0.348586323071
0.316488254829
0.449333722752
0.251166095299
0.185031952258
0.0597329686422
0.0369399086563
0.114641981042
0.302141573966
0.432421109704
0.419194394218
0.350273322708
0.156899223141
0.389925552768
0.323091286886
0.37669725811
0.311678685813
0.135081473693
0.102338167378
0.142453869143
0.190192622345
0.455315780861
0.387063650944
0.452891934013
0.209291746785
0.263871061586
0.274609753226
0.37799383858
0.323950622632
0.285230218707
0.174700538608
0.111203486289
0.157436051215
0.305840637555
0.493984789457
0.458398625535
0.432446145266
0.0760749790292
0.367246704442
0.360293389049
0.377688273285
0.407790541398
0.271370196611
0.103402065288
0.151520417016
0.241533053819
0.447366676096
0.401107332328
0.440282678893
0.275357873224
0.18583254475
0.312322374563
0.295385575714
0.404190484986
0.370861076718
0.206556043337
0.0645886595255
0.138490867064
0.377500371434
0.458140665575
0.467862219449
0.416905696743
0.0688786267096
0.309497520299
0.347480598196
0.362885534697
0.455793982186
0.371342946692
0.0978592441473
0.0759676413075
0.239714372644
0.488212734448
0.427470505779
0.447084978668
0.303421652963
0.119337211923
0.295397794835
0.221526486959
0.320375205678
0.45185092346
0.277258886675
0.112567924082
0.167473945139
0.314488121715
0.383500479994
0.424443378393
0.382834426277
0.193142355279
0.147927857963
0.316576987886
0.336173248176
0.461435358418
0.422418608746
0.193139756117
0.125477545904
0.172121198918
0.382902501862
0.456990709482
0.417566899883
0.312700183705
0.056032582298
0.231823298021
0.178056428511
0.294370709964
0.46719895578
0.323322465283
0.110026602743
0.175144694545
0.193508303431
0.387385321496
0.400283647138
0.420121268187
0.384884346861
0.0824745570784
0.203234428567
0.251477360978
0.472120346254
0.508802145533
0.28080095183
0.207191090643
0.168942083332
0.264590118503
0.550293485994
0.388059008809
0.419561398798
0.206839116959
0.155677164722
0.174056393372
0.251145172077
0.434990223644
0.397647939362
0.199263958376
0.220994330561
0.119119312598
0.404459660688
0.483215839145
0.441571903481
0.429698040465
0.0837147075053
0.113745270458
0.217181930153
0.431847022443
0.536295233067
0.340610974359
0.24234731452
0.237951014164
0.190476551414
0.531724918992
0.410829734761
0.472856461607
0.268440908429
0.0900420117487
0.235163335194
0.170660040994
0.415774403807
0.465499111202
0.261606907104
0.209137264496
0.107847300295
0.426113499803
0.531353683887
0.44689624337
0.380592642304
0.175111888313
0.0973662562288
0.148650829467
0.32149764628
0.49058978041
0.420126793721
0.173748991285
0.30096141055
0.122399469866
0.475811417967
0.402959461067
0.403373736274
0.174493046343
0.0510923705136
0.11789030867
0.134851085201
0.365134024433
0.454335631625
0.327487178198
0.206449498754
0.172532069226
0.361321870106
0.52583931022
0.394034324339
0.333144917838
0.122459812882
0.0515118578541
0.0284743433233
0.244630266168
0.455396909995
0.499386232994
0.154697370986
0.327682393254
0.141551139141
0.34876621568
0.444334184119
0.455621326523
0.182464941294
0.0374600580193
0.0455971304768
0.176014847213
0.328063328201
0.419789851883
0.396521738921
0.269515128161
0.247492844215
0.255151386903
0.504527469725
0.414681127993
0.297031104797
0.0797503767339
0.0788388840131
0.0981847528333
0.248585867991
0.354136382044
0.515263596916
0.243175986263
0.336183965427
0.247110849858
0.309865820258
0.485054924356
0.433743906546
0.248043689407
0.138938672936
0.0998202793068
0.151222263537
0.291132535433
0.395923436229
0.486607149496
