0.0
0.331311848042
0.406684216847
0.388467445382
0.289267728129
0.0416597005648
0.0407064487143
0.0958263726609
0.197010077485
0.479519279324
0.47725648171
0.380180930635
0.106667524405
0.18424861281
0.417182827814
0.438838614794
0.375886561072
0.229432155255
0.093545430374
0.0434069852444
0.14824322287
0.192483193159
0.51725416547
0.437446931171
0.195413613775
0.138523864287
0.207557656982
0.350922964829
0.461819110629
0.353080710875
0.175438569653
0.149676131539
0.202131612388
0.177312238398
0.395282259233
0.490291741917
0.458931350421
0.166430547975
0.0431208579786
0.359233957686
0.354371416011
0.405917211306
0.279202642422
0.226376103479
0.0960882874757
0.244860065722
0.240082540423
0.519596218087
0.510030318092
0.289532355489
0.213742207643
0.0937963900839
0.299940193618
0.443963638901
0.406107590742
0.287451300559
0.174262924542
0.142110144468
0.200784815735
0.353285376412
0.481680585955
0.54943838535
0.177832168166
0.0414910951656
0.255788953722
0.28320792959
0.43257261638
0.381278788727
0.224592282855
0.153312324581
0.251160562641
0.334256223564
0.475395145022
0.51794420315
0.345130530454
0.225867701141
0.0792515551571
0.240117025574
0.375283786515
0.417136211947
0.303466858173
0.194810153922
0.0739625433417
0.241050164834
0.435447974452
0.453519386455
0.586978914781
0.220337081442
0.215699819242
0.143909685724
0.175455777343
0.425443368315
0.416346820189
0.266100476895
0.246845031115
0.159179181341
0.318451635655
0.498661424583
0.332155467177
0.414499351987
0.301481438059
0.13060576431
0.208566436301
0.27900182807
0.42129529314
0.341050408698
0.225558024368
0.0440382438128
0.201175670524
0.422830665215
0.454127802205
0.522685805032
0.284156590053
0.313637237441
0.0661061847
0.164909676889
0.358670916735
0.406613466772
0.276788630119
0.264558380087
0.145664057151
0.280443802162
0.545949023012
0.276552269299
0.549774884994
0.379732045462
0.241544408207
0.234585255745
0.181172948919
0.413894111698
0.349844634221
0.248341237621
0.131421703316
0.187520442717
0.279282065195
0.497112606814
0.488344220109
0.456910274788
0.338047974632
0.072546052808
0.139621008997
0.340569399396
0.401222947895
0.314759038
0.288853563749
0.114455533931
0.20821065198
0.392625905959
0.367588173042
0.537116623498
0.420393091528
0.221821231826
0.229122642066
0.151026301206
0.375261219488
0.386165814955
0.261213583271
0.229577234535
0.136224276305
0.189946458947
0.555462292495
0.5190303596
0.469252555749
0.339389427225
0.129079435861
0.109219230193
0.261146497605
0.342898186291
0.364124074573
0.315677413942
0.102427970017
0.108120779248
0.271705597578
0.460692537938
0.545286638313
0.355436537045
0.316833792713
0.115650328737
0.115177815591
0.320574075416
0.379020982358
0.328442802099
0.297964665467
0.0149060001808
0.110051677162
0.533169273589
0.533974977358
0.405074427196
0.238505824887
0.2450110981
0.112585967209
0.246283609804
0.294752833378
0.407711995075
0.352418636694
0.1416027655
0.119393931502
0.210637613381
0.482556938317
0.559085735434
0.251187079901
0.310982282832
0.138877981115
0.14242050311
0.240577652069
0.311775296724
0.392959834878
0.396621874008
0.0745838050599
0.07285835916
0.435271028019
0.466840987795
0.440047398856
0.244543868983
0.259882713806
0.170023190281
0.171939700069
0.247675488872
0.407772964602
0.385121627629
0.21869545109
0.134887495957
0.154201131887
0.424377396642
0.521624986815
0.241098428915
0.248947195861
0.132043896325
0.110536769411
0.158762519488
0.25918799034
0.444172898385
0.459942557905
0.189328132265
0.0289369349837
0.356429295157
0.407701079591
0.496453756689
0.298261441614
0.172770120765
0.0471293033026
0.030515193906
0.188269021066
0.315952645205
0.430560830245
0.352868098427
0.116398652004
0.032051623342
0.36933962321
0.479854048815
0.370130600078
0.294906543968
0.0439245083169
0.0178996413349
0.132298020333
0.220147153285
0.509971909425
0.505025621961
0.272245986077
0.0642874121635
0.226209881661
0.383872416347
0.452583505932
0.338763446797
0.14782370559
0.0802102993329
0.0637198352107
0.146625121224
0.276672601736
0.451946548512
0.468088410963
0.178595267595
0.138909444723
0.308379572689
0.3995670911
0.437939618553
0.375235377433
0.129411254047
0.144259791342
0.158683036875
0.0930804078105
0.396530487616
0.52801967011
0.416071157066
0.133901729892
0.0633821225373
0.293408167645
0.376218277372
0.360740037197
0.27508841606
0.203128828003
0.0777283843628
0.198686837301
0.256333964289
0.490414942067
0.516677754422
0.282188194264
0.177951832847
0.238249815742
0.327693351135
0.439551319206
0.401221615774
0.226139665859
0.164206800762
0.192457376412
0.143577716905
0.382457842186
0.532677621972
0.474312315466
0.158882536675
0.103458323385
0.233331844622
0.267669133778
0.38332948303
0.388621028288
0.227759379517
0.136728540615
0.32130900166
0.327863943133
0.470305699314
0.449696697037
0.362125948919
0.23605652607
0.100896740096
0.288623419803
0.352837926919
0.404454625509
0.283450565585
0.240701945871
0.0391706218546
0.294738228373
0.438379116027
0.466221887864
0.451535152578
0.182916755336
0.219608237786
0.167599520475
0.256432892507
0.389018370994
0.381845093668
0.242200577442
0.165948161522
0.275451845632
0.355337463242
0.464391439443
0.342023671199
0.481129203844
0.296445259377
0.0532019312521
0.272129305363
0.262089221473
0.412978299109
0.303519071195
0.27685343139
0.0403983499098
0.26798205376
0.450525180141
0.387120724341
0.494491157271
0.350867803684
0.316720487393
0.112198526092
0.199650925194
0.426259774194
0.420634981147
0.25844626909
0.220482094331
0.231701676745
0.269150952254
0.458160136125
0.335458772935
0.553542821477
0.341723982018
0.0310929679703
0.251277618426
0.230292489737
0.400212127722
0.320661728487
0.282281735719
0.117618726087
0.216710463332
0.393573157329
0.394012515038
0.48649544179
0.44594288894
0.360253086996
0.075943188613
0.152871006144
0.362747339082
0.374907484174
0.29758689645
0.240226205777
0.11678007954
0.0833971573774
0.374659345048
0.459744066959
0.55071837851
0.315127198353
0.137846883808
0.143987777206
0.17399693565
0.359387204693
0.361317564086
0.314746217258
0.182612841501
0.15563835172
0.279720506074
0.470956306536
0.507118841327
0.447644922641
0.397870644555
0.120895014909
0.126561086047
0.341807117064
0.331512834343
0.332214712704
0.281999088556
0.0444906891334
0.0531714884955
0.380056202845
0.528783875885
0.525350323491
0.323497834049
0.321589649139
0.0906722699947
0.142029416305
0.31907018425
0.400060975919
0.361197716986
0.308263620089
0.0896746941532
0.210952358829
0.51003484383
0.463439698747
0.403189480249
0.362167937287
0.17738016425
0.16704688815
0.275527407581
0.284062972703
0.37372999393
0.313585477427
0.085989912267
0.0861334052307
0.348049886657
0.499279637074
0.526663865029
0.208728397851
0.336869540491
0.102385264821
0.0989851332397
0.261457210895
0.326881291129
0.409663032125
0.370727356797
0.0544051008592
0.115573154597
0.460050284295
0.383757941312
0.457537043796
0.291540496496
0.237457104505
0.164328551439
0.163584201312
0.238870037525
0.419004291197
0.374112922048
0.24732679084
0.055021828425
0.189012824637
0.455903146241
0.535841412504
0.27723249361
0.267686887149
0.119182894996
0.0794647108853
0.207435833548
0.2719033237
0.477677506414
0.414856793343
0.0617975105242
0.0698017855363
0.326539954816
0.377642239355
0.475456645898
0.269523212332
0.0830840367792
0.0569099195378
0.043363196567
0.216259402646
0.424066739783
0.426090296078
0.388710100498
0.0825954862135
0.10821805946
0.434336304954
0.466078146776
0.367448935089
0.291620266992
0.0344761270868
0.0598722754121
0.153020141869
0.231333126445
0.519574765501
0.453702410718
0.219576991793
0.16571010454
0.187057928318
0.351533221969
0.489493313292
0.314734254049
0.144846465916
0.0323025245972
0.0317630569069
0.180416818476
0.318850373757
0.499557107581
0.465749848141
0.172388445446
0.0265599179842
0.382907884919
0.389688595726
0.412195106173
0.32621443318
0.0781088618909
0.089214302884
0.124477172379
0.114838147361
0.471559760941
0.49876882475
0.299027761268
0.221130779115
0.0713423281281
0.318030642856
0.423768472927
0.355008172336
0.267370003565
0.162082138833
0.107654562245
0.136485073789
0.248520531148
0.533638944085
0.541077777613
0.242681098232
0.0976447125634
0.251788739429
0.327491044855
0.412121357672
0.36304023838
0.213202092884
0.219375064568
0.179008117256
0.157705896438
0.438207864993
0.491705206786
0.336438035637
0.230301517389
0.0962514487008
0.26204878905
0.382154443521
0.385854520843
0.300484491758
0.192642064471
0.0631913788151
0.219433268893
0.297711006934
0.483844344385
0.529821203824
0.315574868864
0.207329155158
0.154191783965
0.253166373788
0.373332458742
0.390440852675
0.276746827016
0.283965196635
0.0725298600964
0.331211972413
0.422521890564
0.419274482813
0.423501323769
0.302535313395
0.210871717608
0.230376764251
0.297877832845
0.432487118659
0.376504824621
0.216145980189
0.117372145136
0.282666834601
0.368243616215
0.452898772786
0.451800812426
0.385488053634
0.26317089306
0.0521226863296
0.237122287345
0.320484156954
0.404936887933
0.274837496609
0.281502238196
0.0805419008068
0.299519565472
0.495096483434
0.321631232669
0.564529329275
0.365098582629
0.30264383924
0.195328068769
0.213192669583
0.422776040386
0.365015891748
0.250036431678
0.177656399832
0.214589092882
0.20190542617
0.500663443386
0.447163445788
0.512537310128
0.237204581126
0.0518240644111
0.167079986426
0.278233484419
0.394534070102
0.325627698366
0.272428624718
0.0679827765438
0.230356737228
0.357844584402
0.32233857473
0.529932980943
0.417165732128
0.309822663003
0.160800948213
0.165754094733
0.398128787094
0.375884124651
0.233148312044
0.220414304337
0.133187170296
0.121547081425
0.535808615896
0.467202014497
0.547192065336
0.238871773333
0.207647472305
0.112575050321
0.206936734102
0.363657758696
0.374351813135
0.305088481237
0.156219648757
0.149266310562
0.277091656674
0.511334578656
0.488092548159
0.447103344627
0.380536561524
0.0890855949633
0.151208719079
0.347851225437
0.347614450045
0.314456839951
0.286529943911
0.0707988695996
0.0631477887113
0.513316021839
0.505482453632
0.430049871528
0.289356120487
0.30120988979
0.112672208741
0.166098446305
0.329238691893
0.395714215385
0.349389829135
0.202940872563
0.112548234685
0.216795930486
0.50937051655
0.498820500907
0.429812923137
0.369804581221
0.149851956456
0.175220840204
0.263244999368
0.311302904345
0.357872666563
0.364703786558
0.0918821884133
0.0766219215936
0.39456298985
0.442932217471
0.491654817391
0.31568989629
0.333858213332
0.170469417469
0.086480821516
0.282314040723
0.345586637717
0.40591570961
0.285437319284
0.0669792109355
0.138272610632
0.406404099558
0.472114785592
0.376162190465
0.29020966938
0.11874574758
0.163781409491
0.114257495208
0.267899646265
0.401507702823
0.416713901099
0.229584135299
0.0410103451838
0.314485256051
0.417152813929
0.507386712111
0.321330986955
0.256536224914
0.0909616577023
0.0830396524039
0.188628833565
0.252213736737
0.446890382691
0.363450174052
0.0655826073352
0.10953448275
0.323973416681
0.449309755394
0.435252802751
0.222887272767
0.0648714447252
0.0381739697582
0.0870799788126
0.25331974256
0.443727595621
0.486529018639
0.321275073453
0.0456836113948
0.197430589983
0.400571534081
0.455131717774
0.335604592536
0.210972082861
0.0612922155361
0.0727845143211
0.190169305393
0.264058781777
0.455364065619
0.445478158679
0.151958574615
0.172780293701
0.26458969651
0.409127600607
0.470500204722
0.313667141215
0.155810172128
0.0585562744759
0.0584433850114
0.250348037433
0.315217966235
0.508939558481
0.459588500813
0.118999709133
0.0691454452001
0.328089715903
0.368984744101
0.366254976109
0.287817990269
0.0485034363175
0.0405725320614
0.105915088061
0.171918536529
0.505140671292
0.467856466653
0.267401354238
0.212383260502
0.198465211602
0.365266714186
0.467336657955
0.374180047434
0.183318022413
0.107650423077
0.110606105892
0.123487024971
0.273832529407
0.532324295173
0.504358949769
0.139654044173
0.11262916812
0.266818138328
0.269747917879
0.401135643086
0.349100378795
0.175278524979
0.221269916727
0.191858886222
0.18932072035
0.449202554865
0.472518529101
0.374469216759
0.237953264503
0.0948051068468
0.328255846435
0.37928478245
0.401823826834
0.286873010249
0.208099741769
0.0594626181872
0.170397748852
0.2856789682
0.509115026434
0.497697790356
0.209418712162
0.198661573556
0.152727415138
0.257170938648
0.38979247688
0.382224284758
0.221399981006
0.234303147474
0.241816827634
0.29157821411
0.44152887917
0.400624924332
0.523138315058
0.282656419377
0.110323189562
0.293108580762
0.276804097793
0.419979693596
0.320357030844
0.215180986931
0.0921522911892
0.287960278195
0.354412000248
0.460271772138
0.534787338821
0.384480660807
0.251355032783
0.0438277602185
0.213988147091
0.388035285708
0.42111648384
0.258632710321
0.211126466213
0.168731492536
0.267569575053
0.402999482959
0.328768847384
0.577102947338
0.321622794973
0.10318636128
0.269091923408
0.221605685048
0.419744518158
0.391656467091
0.224208443693
0.137431035667
0.227093576681
0.311486220326
0.458570125553
0.471510548277
0.44201971924
0.278453744225
0.0703383466646
0.176656699512
0.326501213714
0.393004132489
0.312515825425
0.230680262476
0.0889595394836
0.155619048073
0.332959657906
0.421850588772
0.541472712839
0.304773702346
0.220791565505
0.123528883111
0.168854781821
0.394841216017
0.419187130061
0.278851126351
0.234839856676
0.105331149058
0.223230779006
0.508153691245
0.437477275781
0.415416322613
0.302281254075
0.162867158066
0.150561466417
0.277576773027
0.361614384917
0.34279367899
0.269409935356
0.0455559324719
0.0929776048119
0.341701498499
0.492038460746
0.525838583893
0.355138884381
0.360196704238
0.0961430684895
0.144912396645
0.330933583774
0.388759147474
0.324511322872
0.323580453086
0.0642999941573
0.198639912857
0.521928697306
0.388570855283
0.423338125993
0.392060927183
0.263111006968
0.195107687565
0.182572679977
0.327082962904
0.38316830538
0.296056946738
0.141004986943
0.0676201424058
0.269511322999
0.505117576081
0.539249960297
0.380730693261
0.366492096216
0.0692425398071
0.140115125434
0.233748184973
0.337365901456
0.369253351664
0.372814883949
0.0962427752454
0.137436204143
0.452886393373
0.355514213272
0.535311014336
0.34572425398
0.313287765433
0.204910415716
0.113670823763
0.258169695604
0.350098675969
0.344316067409
0.271935806842
0.045677643434
0.09300670875
0.464277709139
0.541377362369
0.363172597904
0.293310746468
0.0997297840018
0.142642145094
0.163941672975
0.278999007114
0.426801293455
0.426912147236
0.129326364047
0.0957448077466
0.308792189657
0.352189116967
0.530735488575
0.296222404416
0.156885533028
0.0761664256571
0.0561555859563
0.216790042726
0.344936434755
0.371051786742
0.37899067788
0.0604763050266
0.0345959028612
0.442333615887
0.474027469224
0.374553727964
0.233961856348
0.0696562795593
0.024438014137
0.119861649277
0.257868223996
0.43819523057
0.450531984765
0.268765334092
0.150166368198
0.178217546595
0.367773395602
0.463198394698
0.262451504112
0.181978363173
0.0645416996257
0.0844674843987
0.223615752371
0.295612742333
0.45926223247
0.435040470238
0.179903822585
0.0763525464719
0.373701301045
0.43157606389
0.437561863484
0.306011290437
0.0746857497586
0.109940892176
0.110032048457
0.27935765921
0.386377912115
0.483249887259
0.328306019564
0.173240461801
0.0460073235074
0.34494524815
0.396037917298
0.314026216097
0.275374463993
0.0595889421421
0.0342611081728
0.147168929421
0.21992949951
0.501319104933
0.520575496513
