0.0
0.342106914612
0.481428052694
0.491839556299
0.394779094008
0.143986116167
0.00976227059825
0.049857608594
0.148082455838
0.341396392754
0.444851212514
0.258181103609
0.201155064943
0.197380834824
0.233785362476
0.48863460671
0.423125517108
0.256361267655
0.0985400658497
0.0701940957552
0.110831537926
0.251931562171
0.329787895677
0.403366899342
0.325970953023
0.112011538308
0.253772907614
0.387378257518
0.548011605778
0.447722245874
0.182372255692
0.118342486566
0.134194334089
0.106821907784
0.255867171792
0.348877493826
0.282068606159
0.206283088853
0.19157534595
0.237430957098
0.466306611449
0.508856921061
0.3316359565
0.198303540299
0.190201370721
0.201532517987
0.132435683694
0.146847812873
0.303067631538
0.31014288737
0.159581898944
0.173095334028
0.313914254801
0.525937567157
0.501278426822
0.258423950827
0.210957063948
0.260799079993
0.118062034168
0.0630791301602
0.231078345954
0.212051595213
0.159385508785
0.0975407730332
0.201861917171
0.407003089393
0.509736913553
0.367390013374
0.233740576648
0.311436519734
0.322699396999
0.178031977377
0.14658003321
0.207225676596
0.272876955423
0.111529474526
0.0787783308892
0.257339909216
0.36767011335
0.490972634979
0.253530328902
0.279002972499
0.366526405099
0.29163258688
0.079499266356
0.0891845287974
0.133047866543
0.183576673355
0.213589448208
0.0786749624362
0.287304862044
0.418213740997
0.39039434768
0.172514185022
0.349554730076
0.4172979897
0.302063081696
0.11634408771
0.194628425839
0.26210016425
0.151024025872
0.0878302468187
0.087427437095
0.216465390583
0.380715750095
0.250658865465
0.294702943813
0.364812635865
0.402756914398
0.151767827223
0.0465545842227
0.0803583303951
0.249061756511
0.310223113589
0.114648148265
0.181493366211
0.308394562716
0.340274704253
0.127159116042
0.367107334074
0.552568666419
0.419790592298
0.184231054201
0.0959676444003
0.280046304085
0.227249301835
0.183157192739
0.147066324375
0.0668943402328
0.27727152735
0.251208231696
0.269391548656
0.325428671788
0.51762419699
0.233217182297
0.218768491428
0.119727682362
0.2268282747
0.335759381714
0.243179444671
0.165670652309
0.16806356709
0.240499445844
0.14510926951
0.33928846751
0.477108594853
0.498092336741
0.300605523179
0.125308645461
0.216440306728
0.239482449674
0.318491806855
0.276584095506
0.137537100454
0.173999000765
0.170797274171
0.216856725316
0.346533186343
0.566837724883
0.360223571231
0.265439976926
0.172090798242
0.239483740707
0.334883437492
0.361158493437
0.191374183341
0.100545835275
0.114476317522
0.0700755080445
0.199345017138
0.41899446818
0.51763319083
0.399992779925
0.207362475586
0.181672833326
0.295642225534
0.431058376819
0.41963709213
0.181274917387
0.0601254816734
0.0437734539882
0.0920534045298
0.270210089978
0.531293650467
0.460387910963
0.312891579451
0.136241206655
0.260939823059
0.410855905019
0.490161412984
0.335385977946
0.169739723362
0.0269877202165
0.0911627858303
0.093798652344
0.358441116265
0.469696486956
0.389892923795
0.199574304334
0.181695851441
0.290862244339
0.432500124751
0.51112424165
0.222589111224
0.156140256105
0.0465810505124
0.0485389235814
0.196904987487
0.420318286755
0.431191047328
0.377993319798
0.154703824485
0.202069714675
0.412346980777
0.477113862619
0.457958634572
0.231271660707
0.0450807647966
0.0387197094611
0.105732864996
0.199490703645
0.421090262953
0.317201958155
0.219919417554
0.173236005468
0.146956809169
0.372878309599
0.564909218291
0.301940688879
0.222145264032
0.111822160074
0.0978394267296
0.0847167355959
0.190432800753
0.325916492361
0.38031878686
0.21712291462
0.105285890567
0.311142376432
0.456391735009
0.521306665559
0.268535258845
0.0954133319779
0.182018093304
0.125977177002
0.167088326056
0.283396013289
0.281032322654
0.234217222322
0.135120627131
0.0676511320008
0.31499158357
0.557527301735
0.421297984866
0.290521880537
0.158586185541
0.245634226707
0.0776825621641
0.179474689954
0.183359158473
0.334477950531
0.222323796247
0.0620980827694
0.204122950906
0.422785117414
0.534718619452
0.325241594489
0.200462166426
0.290382533743
0.293187069674
0.118245452415
0.118190700649
0.177833108395
0.183973828621
0.113634439254
0.102220455791
0.25022490555
0.430838803077
0.433709887399
0.329475570255
0.272052675054
0.380455881648
0.235752453547
0.241592308375
0.0773730134517
0.24868990333
0.193168388137
0.0501403807541
0.153789607983
0.290848059053
0.495398030514
0.3264508136
0.278349726383
0.379886819289
0.443480901655
0.309523835719
0.106626479125
0.0650076759207
0.125751724511
0.209442232701
0.143797238686
0.169491800137
0.275678315048
0.382148724509
0.244393119217
0.334750973865
0.479057571253
0.432348327032
0.24965297915
0.0741202706613
0.199227652729
0.200520078878
0.193190588422
0.0407361642189
0.063405464242
0.347390466674
0.226441272522
0.260465165426
0.369543494304
0.497336034823
0.373918287513
0.18351022045
0.137165930256
0.142983709627
0.340177234822
0.263694299005
0.108621982834
0.15302816533
0.29820238484
0.0952291778629
0.286528108498
0.534212429916
0.54493285346
0.343393993408
0.0686314823775
0.212244820788
0.248353364823
0.288939204047
0.231494344172
0.144625269871
0.0984526647035
0.148348369366
0.163044383129
0.256614350996
0.517284135245
0.36719563682
0.251389960696
0.136522541099
0.120035109687
0.359322968476
0.419526069725
0.247120578836
0.116762813347
0.131418199677
0.0257845712295
0.229972814066
0.420480002074
0.569404706571
0.438160285479
0.16751010868
0.18986300394
0.249421340313
0.382429831592
0.376750723487
0.252290448864
0.0832041126154
0.0731966032032
0.0781586150997
0.228839737304
0.470056045985
0.411763485901
0.362315901283
0.207904121353
0.0752694591218
0.334776212518
0.492290312305
0.380058057716
0.152489408523
0.0484802280029
0.0543054862767
0.13001215557
0.319500253668
0.519779431016
0.465168666955
0.285986201957
0.143168950949
0.229404151956
0.425474082973
0.473777218007
0.305341730632
0.137539710571
0.0529570630823
0.0513548612899
0.14621461081
0.366837500018
0.422108378337
0.409365995134
0.21693985748
0.157475209923
0.331324663431
0.479244102271
0.469639436867
0.282385327357
0.130769919269
0.0436554980688
0.0775326153866
0.182098492661
0.382492721452
0.401508535901
0.332945493463
0.137892530269
0.21045314195
0.381718110726
0.559709589963
0.364344542968
0.246850057725
0.0871600903158
0.0704249800443
0.0926641350997
0.200812772483
0.291467060036
0.381173134487
0.210453828697
0.134882398317
0.275680383774
0.412498597462
0.521675487397
0.370937175042
0.17431065441
0.0790043372722
0.175323730122
0.0678329216473
0.250611721397
0.328409311021
0.275629732397
0.145536457981
0.172246813032
0.238266240261
0.535049760587
0.369768732592
0.364786002772
0.173093248331
0.115809894825
0.0783710266795
0.113522438278
0.158294177957
0.36529865183
0.313619258707
0.0448183249303
0.188288557282
0.342310700339
0.491497521807
0.340147093015
0.170277046783
0.208295803184
0.280219246725
0.143176876051
0.176332593213
0.251535499398
0.246122348343
0.158040860406
0.139829878768
0.126507977486
0.425214175671
0.419247105782
0.377314201932
0.18871821709
0.213354456223
0.231600915199
0.195532443753
0.0389897418148
0.281868694933
0.328141256592
0.154440386267
0.123795730566
0.275825498045
0.344456329179
0.315958700211
0.205371865569
0.317027192698
0.386268095035
0.274161249059
0.078432499347
0.19594944068
0.156285657826
0.183083117274
0.19801673674
0.0614045419713
0.297206516901
0.427965734101
0.319271527216
0.183334909717
0.353080917704
0.344156927681
0.318739825492
0.0856263051485
0.184806719833
0.225624747975
0.203547009813
0.0258382454901
0.167963653504
0.279693931159
0.301867415246
0.244952736403
0.328755695456
0.467381324876
0.447781232082
0.250497778273
0.110153364981
0.0649861276961
0.253789431505
0.263203085204
0.0306625640654
0.208132202546
0.334016813798
0.219137331623
0.228153159389
0.433793219073
0.479734671406
0.378791944643
0.133611465363
0.0927832108377
0.168286214655
0.289480493951
0.147480984416
0.115743614757
0.0906803208427
0.20247232024
0.166760134489
0.284426876835
0.438454357172
0.545841941119
0.306968742374
0.155156763053
0.0576872172411
0.317089553522
0.33944241165
0.197559658961
0.100306526537
0.213799875461
0.0669857916688
0.168537269444
0.416606310758
0.475708869243
0.444177998136
0.227858116934
0.11734610745
0.202270291195
0.358418305052
0.276466106603
0.250512909709
0.102195235804
0.0643877977907
0.0435633449476
0.220574802654
0.374573506519
0.511703231727
0.318386248852
0.250317943595
0.0675548386855
0.287203429006
0.450712329426
0.346401814367
0.197280252597
0.0719802914636
0.0681274570459
0.153830559741
0.373084918432
0.408866832862
0.519685677891
0.30407621649
0.0930788956247
0.222983668481
0.340163076814
0.393915696334
0.339149998297
0.127425790051
0.0627003304079
0.120629418789
0.162914837406
0.314390250306
0.417862601952
0.39398540063
0.291746940028
0.103932828277
0.237048493696
0.505745390957
0.48793155958
0.337700101985
0.107975382433
0.138514181529
0.0601087308145
0.20429013822
0.329150723493
0.499162567015
0.344386323674
0.0528340365548
0.18299113474
0.335863934291
0.412103804551
0.447388425507
0.215178573126
0.111951742237
0.0351156860526
0.0619189325279
0.166974233443
0.351467710176
0.443129144566
0.247532393891
0.158195877372
0.190305335057
0.446927861508
0.511636658272
0.421309960506
0.197049439561
0.0610877976778
0.0899904926366
0.0374551600545
0.227328277154
0.3995173395
0.385810463546
0.0952953354602
0.18364649904
0.32121323122
0.454177199939
0.489248276984
0.323502736115
0.180867398794
0.10644840115
0.123392900853
0.0670906105666
0.169598185086
0.343923387633
0.210933995286
0.158664028502
0.170036142537
0.330249954604
0.469230674565
0.455714097452
0.301560162855
0.150313658245
0.198311564264
0.161893529653
0.0509401569617
0.25577363768
0.330255761691
0.124649041899
0.170422135862
0.196950181096
0.415716466842
0.470962022335
0.413509478836
0.2555731809
0.163223513914
0.292011198461
0.214923466251
0.0598446431321
0.14704785581
0.275933385223
0.197119002509
0.128229718225
0.246777606808
0.405335268164
0.401348489375
0.287304563066
0.237308732295
0.276681495933
0.310405123853
0.0630793451104
0.180795912566
0.214395428429
0.189774135921
0.185743479609
0.0583976586085
0.283116610979
0.387578994124
0.370946782527
0.228714109381
0.176483445272
0.419924312571
0.271094136197
0.0661782126481
0.199932523939
0.323933104444
0.275659099242
0.0616594737584
0.11622138942
0.243645511147
0.290319793613
0.186665387345
0.331527088176
0.332258821173
0.452002138205
0.175261548186
0.130307059649
0.134633513202
0.22688350422
0.281520411197
0.176640688875
0.0898560590547
0.307152834157
0.259451603411
0.0981601296565
0.257527413701
0.481655907212
0.408899330114
0.166348639081
0.104944733201
0.269163502035
0.363415588478
0.156475206043
0.121453329284
0.0712773127862
0.196405527341
0.128801968483
0.24902024155
0.375737903459
0.531869880661
0.33689629715
0.0799982383595
0.0459385182383
0.291894710336
0.311011157287
0.248167957083
0.139448034534
0.226010683197
0.118204113665
0.0695731699639
0.328208830482
0.502999696155
0.489518779014
0.283453741856
0.0887311930637
0.112243389438
0.369549162593
0.231056301348
0.172656329388
0.10005044595
0.112031176684
0.060186195425
0.172482928688
0.366840182511
0.56708460773
0.439767433756
0.175086081449
0.134275793985
0.290575847396
0.354060282549
0.298589809813
0.170214989859
0.123882025144
0.0460337030077
0.0921492991016
0.291918629227
0.369192189562
0.511007174866
0.361376640643
0.221779082774
0.127198601135
0.361700128549
0.339508316665
0.365017680612
0.167904835462
0.0404695984557
0.110990103564
0.220333472715
0.244730677319
0.499900385005
0.441158871214
0.30300343416
0.191809899306
0.21056050761
0.393091300995
0.447139352574
0.387617146899
0.0831273745975
0.154559932557
0.104147403319
0.271839704874
0.24620182069
0.524381271786
0.382233042442
0.192153519616
0.161535836789
0.277805593932
0.388972154431
0.509599437757
0.26223863735
0.145892433566
0.150292220626
0.143927286865
0.145467106741
0.37894983824
0.433962236799
0.309744160464
0.223085188241
0.0839674068364
0.402595866558
0.531426648956
0.500656510936
0.205642464446
0.187223401385
0.0680888402082
0.118741154589
0.171315286995
0.37271355629
0.415607787059
0.161475270946
0.124825479446
0.243600829308
0.326274689554
0.513997489966
0.305909003253
0.158937561664
0.0710002500956
0.0319581246038
0.0578755642586
0.252353229989
0.386168491276
0.261394038571
0.299138912895
0.0324413729755
0.342541214322
0.46843825186
0.53070252588
0.260554048956
0.126628647279
0.101159921516
0.098324639471
0.036921012737
0.175326734672
0.37508313835
0.20700664547
0.222406969924
0.200798804493
0.237549554807
0.506853601751
0.336901678196
0.26028676242
0.144231573506
0.119417652897
0.184121524649
0.12426827708
0.10470158404
0.220519963096
0.303286892694
0.140806538147
0.241213789214
0.33232684883
0.48129779206
0.284837183217
0.226053791546
0.200838689134
0.257527245448
0.0467498803461
0.187680723056
0.203131083941
0.19325762007
0.207530254358
0.0982190670222
0.207140130157
0.438338168581
0.368871763887
0.253800636842
0.234792100552
0.29723446822
0.329780985637
0.124847775132
0.208449855081
0.225945081007
0.297473320258
0.180308325054
0.185578647506
0.252535221167
0.376297251409
0.276988011693
0.311461668831
0.267207493835
0.420015143261
0.1979829222
0.055306126467
0.175833640845
0.232381688407
0.174177353901
0.167018058055
0.0575871028825
0.299323626027
0.289582351617
0.200814762118
0.239574350909
0.408352729512
0.394961494692
0.207080327231
0.162462499532
0.241664332902
0.307667216334
0.157466784813
0.181014141554
0.191188847153
0.230637055848
0.152840807515
0.271628362374
0.309601939745
0.499442540273
0.348510342869
0.100314642123
0.0688169574834
0.257288658781
0.249198480696
0.313402738714
0.148743303429
0.186651824844
0.15425151965
0.06425800165
0.222343755178
0.427994382068
0.453505370151
0.337510152968
0.169312402161
0.175180719292
0.379193030946
0.244438828557
0.201106480624
0.102327893995
0.0855428974995
0.0397606692062
0.202890005472
0.299836176715
0.468309175817
0.425281536165
0.148766069671
0.100601940886
0.219345527757
0.284570045259
0.397171803152
0.167131036889
0.109976635303
0.0502438349598
0.0985190215921
0.265124101844
0.408384575317
0.526496465382
0.42287514724
0.242892811886
0.0683609608849
0.379496343987
0.297358839084
0.374638427659
0.195106392173
0.0404537180989
0.123169782207
0.177120264143
0.265023242432
0.441276535873
0.477461169204
0.232980202569
0.22579140287
0.205073397907
0.269770998073
0.401315558131
0.304079370492
0.133793346235
0.145751531962
0.150194094432
0.284802840702
0.293911168829
0.533170230485
0.402725695855
0.289090217136
0.170706523694
0.308605141287
0.322557431466
0.480821162432
0.298516463158
0.140037122943
0.187717525912
0.237301562951
0.169110061503
0.334277891037
0.493246053464
0.270897452333
0.267173470243
0.201813026072
0.3070103436
0.431489981917
0.50621466672
0.193772590723
0.222201433896
0.134511668556
0.183852978523
0.130552211638
0.409128470625
0.343499613493
0.282118533868
0.168811304989
0.233868329675
0.35710367716
0.510264843817
0.402446264234
0.218697027162
0.150969121765
0.110019601989
0.0312995910669
0.176462124325
0.42607895005
0.251367212948
0.31508757442
0.0346653024737
0.289760129051
0.446492120236
0.53811518131
0.265589129246
0.23087190359
0.0395579489885
0.0761119398571
0.0573124081057
0.203734371269
0.369085597968
0.27498559174
0.194524809406
0.124368298292
0.270337554212
0.432119336707
0.40040519416
