0.0
0.325865577795
0.527754256544
0.554383293789
0.402861207557
0.20271846894
0.0366161573193
0.0969480891195
0.17231821272
0.254814478449
0.27477086513
0.392159944304
0.232005076106
0.298691894594
0.411387961597
0.339876260268
0.45046252504
0.451639936163
0.118904605911
0.0737260583205
0.0714546127164
0.0416517932384
0.0393695902768
0.208266391311
0.254958531008
0.141518626655
0.252065912247
0.406784033158
0.504554069491
0.523743332361
0.353415358483
0.137886620574
0.0303234218068
0.150952917882
0.198554161683
0.0173591450024
0.0287271324767
0.106804402335
0.0735030657422
0.253679076084
0.183270319871
0.477307075221
0.513205375056
0.261609657669
0.037250646375
0.159909038078
0.373244188072
0.360023097589
0.181239498151
0.22096525102
0.0591202726014
0.029405708808
0.0672185141854
0.354580723261
0.381322552095
0.285548062205
0.113495008651
0.0964718282358
0.386549592802
0.494227612296
0.270895538218
0.231488054198
0.08520958065
0.14366996764
0.153045201047
0.0772796173971
0.0980378614989
0.219540095157
0.164108728539
0.0329012285354
0.121083097951
0.449742489284
0.491575670547
0.409666469738
0.336238160719
0.163931140436
0.231338613648
0.329629957849
0.171696268712
0.0377718754631
0.0520775308228
0.0570949872816
0.0885565982504
0.366920792548
0.413128866865
0.507036726507
0.453550433616
0.307800983759
0.0358083199667
0.31668725619
0.390178630412
0.414807229026
0.227814133201
0.106587621225
0.0172113691629
0.122491224063
0.285507454237
0.36438239742
0.394059156677
0.422276175165
0.307185786394
0.328847330578
0.461360911738
0.37483213081
0.368444550156
0.286632617018
0.119782632125
0.0635682930659
0.185346294162
0.133080155361
0.297598178609
0.404261132571
0.368021131682
0.120876838588
0.286980367911
0.479934760776
0.509906311415
0.505133419747
0.350553340483
0.0491538169063
0.089449579566
0.0976801121151
0.108280335718
0.153436510797
0.374277024226
0.263938574325
0.195257014755
0.315772394134
0.211870751646
0.49890501642
0.509422544763
0.242575856092
0.0952520312625
0.14270726975
0.209290337817
0.175781867183
0.0643978022375
0.255107255829
0.198245481039
0.102681598064
0.218328093685
0.380590659759
0.521983415607
0.395933117694
0.133242143577
0.0555069953667
0.238057900387
0.359639510134
0.0979361686827
0.17774894619
0.118481356091
0.087875675157
0.140527365312
0.0626691896256
0.349272917988
0.402547039858
0.25356154581
0.0802087301755
0.172525006723
0.433456068488
0.421102730287
0.375251193909
0.337591274344
0.0266630581842
0.147070683245
0.135371041576
0.142942947808
0.230113301416
0.211915299692
0.0613035884433
0.0444551126925
0.372267627251
0.431300994124
0.391309877489
0.405301845858
0.164045130894
0.107680912924
0.281464174716
0.195461354805
0.162960878456
0.0267640623874
0.102928043407
0.0446712694695
0.110704304263
0.342152518679
0.379470871722
0.521582135196
0.411083342275
0.261811975264
0.249938852488
0.417942274197
0.246310491922
0.251681579361
0.129643729295
0.104547245489
0.122907341116
0.32294696565
0.226447883283
0.489558775778
0.506072410747
0.337730115374
0.0902522841964
0.313120816797
0.397561594975
0.45954533596
0.378555025625
0.27589780904
0.0796066978667
0.174307040274
0.203781023163
0.182338029389
0.3166003776
0.457122608603
0.337326016797
0.280657387998
0.387627084948
0.334016698646
0.451293507579
0.416412318693
0.185105757364
0.0623743106804
0.189883746634
0.0607153903684
0.0956510606797
0.26206072363
0.374287018179
0.215007990821
0.163669125218
0.325171425861
0.407748477674
0.571547896522
0.449620442937
0.0862767698971
0.0922420950688
0.153878489969
0.177359838673
0.0775746790652
0.188263337897
0.28804738168
0.0320883944395
0.197555557412
0.0750997431312
0.499336575606
0.50398776507
0.285462605506
0.155074774407
0.170846500845
0.323169659457
0.324888775795
0.18355518422
0.323912229128
0.127529178646
0.0829723173524
0.0266440911984
0.283831709145
0.379966588503
0.370879522688
0.15111543449
0.0467959486031
0.259340665213
0.36109890672
0.246543168329
0.320615386671
0.148139216828
0.20934494346
0.0882595599566
0.0628527032578
0.166340541278
0.184883929743
0.219055258796
0.133273327473
0.167768946324
0.384293315497
0.356849260305
0.544405411398
0.420766409234
0.0971308960949
0.189772792833
0.285701636533
0.126025050533
0.0889059764836
0.131160294939
0.170203981408
0.0801013238034
0.330145700259
0.313044503413
0.48253855101
0.524005658567
0.276999830388
0.071868791541
0.319668947319
0.233788965382
0.284713947421
0.128764829894
0.20073107475
0.05476321693
0.166468746159
0.223719151906
0.229794807192
0.495011974274
0.470371329551
0.344105406695
0.279616888522
0.395959676796
0.29156617749
0.367386528277
0.296634149003
0.14341446546
0.105884557893
0.296917938681
0.0684979183244
0.314104116078
0.476053645714
0.363253634986
0.196487836993
0.248578575417
0.358351529265
0.451807943169
0.524463426032
0.419119809919
0.136554535119
0.180915813174
0.230124775913
0.0252904314874
0.177448390451
0.457054310673
0.350900184467
0.135587459075
0.268900547353
0.228336960841
0.512179428918
0.495288253359
0.237223536489
0.129799439016
0.227038728275
0.227796506553
0.138281975705
0.0781532637252
0.258893987616
0.264855768622
0.0459107038952
0.0969390881986
0.284005771222
0.469960901903
0.481723252017
0.132146589792
0.061296849869
0.187187885296
0.211674860881
0.103141464683
0.272946707518
0.150418966408
0.122427394273
0.172855462655
0.122553704128
0.31911848885
0.425319482774
0.293403827199
0.222886763824
0.168610743928
0.362272229529
0.305358340218
0.387655121265
0.421795926708
0.190338166675
0.232369795976
0.201314562578
0.11048842672
0.147052903469
0.292699035026
0.212019655961
0.096240211624
0.24663620029
0.301837751416
0.393388997888
0.478646009989
0.229309283725
0.139667627905
0.340625383313
0.202665623406
0.0708125555491
0.0875066264522
0.222693896077
0.186215583793
0.18186221468
0.248061963853
0.245803433844
0.603024483641
0.491871768236
0.223672616434
0.163367012684
0.30604886749
0.151865103707
0.113972270443
0.207783471536
0.0985970984745
0.201895782695
0.324364910437
0.190292576323
0.466654186808
0.562119097467
0.336564373252
0.171892368108
0.294900846327
0.195744119966
0.359187486716
0.33374488267
0.348827444897
0.170444278989
0.228412838811
0.22842813421
0.113962873761
0.378636838462
0.504261599942
0.368638322986
0.226116406488
0.320853303297
0.301542322025
0.469647991638
0.43501839967
0.176742757967
0.0637207183565
0.320802267418
0.0731606253184
0.102806282825
0.288865358023
0.395885785579
0.273918690238
0.120255732617
0.191738647479
0.332614336033
0.496470210753
0.504755933783
0.172946298594
0.154911321076
0.277070942157
0.0965425008804
0.109351902966
0.333833466556
0.364181867755
0.0661661762948
0.183385350002
0.107956200793
0.403395278995
0.503908120217
0.270489315868
0.217401738709
0.222750987829
0.256830709078
0.220677232253
0.265221047394
0.308661558598
0.0950532609604
0.097220362157
0.15656245569
0.23085377588
0.253907520631
0.44197448094
0.179479257577
0.0624994830576
0.16785619066
0.187819792219
0.28327469603
0.426619721396
0.283054432644
0.262031782817
0.0297013576492
0.0672176851946
0.163646409425
0.273973740198
0.293878010765
0.17701322251
0.200004015171
0.254901651815
0.226402852772
0.559250935718
0.497287486448
0.158660375069
0.167966499187
0.21529428592
0.0760009279303
0.0864609860456
0.229346527883
0.261117254419
0.16015166702
0.269223893735
0.219259305907
0.484307196806
0.583290739032
0.353202713559
0.133835864843
0.315660973139
0.188001976066
0.131462600587
0.165713178744
0.302661007798
0.0627337746387
0.248373214662
0.161581921716
0.164264787493
0.503283052021
0.542749588075
0.301946749441
0.245657017651
0.268735329391
0.194885159953
0.246207883858
0.361754931929
0.214728130352
0.225790992198
0.37050228727
0.177256285522
0.272332559672
0.447082525134
0.392855826988
0.175208667449
0.253210236072
0.141359131681
0.389549829559
0.458719186062
0.46757809132
0.210731592995
0.259685015439
0.171158571218
0.120905083552
0.205246825196
0.48924873627
0.395813838501
0.0765480472297
0.18815859044
0.260313466972
0.475719608058
0.513907740365
0.211356120933
0.0622911973452
0.327047437898
0.222393527721
0.0906388769209
0.274812035058
0.317417724315
0.251008569943
0.155480241247
0.0418925424916
0.195687781152
0.376053574647
0.516977923133
0.188479842599
0.0832386454022
0.259262129785
0.130397545809
0.146656741147
0.371300332255
0.194939408222
0.15416487118
0.288732019362
0.152008828152
0.199270988632
0.444495298246
0.298335589864
0.296229728476
0.173870080666
0.210859815326
0.195646205858
0.415483380498
0.411109541283
0.228477715135
0.236156782184
0.220805689176
0.111280074753
0.08840624541
0.354439137371
0.231590997516
0.144355749897
0.166743595314
0.118784378892
0.432108754714
0.538672560997
0.330763046891
0.148807343787
0.335861871616
0.286481356791
0.110713915116
0.203198291984
0.320312302929
0.232682855645
0.297933094169
0.102117649868
0.145396883466
0.515755432784
0.547830904147
0.195230252629
0.120800064204
0.167140902784
0.0338658809432
0.159463983855
0.28522137646
0.148184202164
0.233797266521
0.355205875748
0.222725834755
0.389422190152
0.587090045266
0.410137121815
0.258620170694
0.258849561556
0.0929296762214
0.224652352881
0.38050504296
0.408467653511
0.128063748348
0.313799634574
0.221779724163
0.191610824674
0.368285845065
0.566125157639
0.357509545506
0.205975477703
0.253076503462
0.240942554116
0.316346274871
0.489374816297
0.229018782445
0.222731342524
0.33701261668
0.146966732074
0.104802938181
0.349477646763
0.456605692275
0.219802954632
0.143329937573
0.0640541094877
0.321728155949
0.403447845395
0.528529199993
0.223839686685
0.224741360973
0.321594367709
0.152797051037
0.218134680062
0.413830370367
0.336533358158
0.152827852953
0.207839224953
0.187285230472
0.323847841916
0.518881307688
0.262243520322
0.126472241876
0.267964885358
0.210092487461
0.131522157568
0.335412985421
0.285035004806
0.114257267764
0.130977862055
0.257657761242
0.203883565985
0.237316663424
0.462471035524
0.203225966123
0.0575338308458
0.154320562712
0.0879373230646
0.33706248463
0.48021733897
0.337146453526
0.270472563667
0.0534728833299
0.101303579555
0.118196031494
0.347475646128
0.338447743979
0.233761896329
0.177757499037
0.0441537110503
0.118364278219
0.488801501503
0.503622247074
0.204452744119
0.199678448488
0.270441182323
0.18163760216
0.110837473647
0.288069733957
0.213603241321
0.201506076038
0.276911293633
0.161352224927
0.41736008064
0.613778338821
0.441198579462
0.0963373627655
0.295769878079
0.240078882741
0.0940001064693
0.286709066343
0.378438052847
0.0686043412596
0.376320847458
0.257161850176
0.199250051749
0.424140416245
0.574327410529
0.293390093557
0.245003460789
0.14849177019
0.0823758915744
0.242725111196
0.412275844385
0.261023061865
0.282843655189
0.317143892516
0.158247105679
0.217988001954
0.49363835929
0.467620885373
0.165807943798
0.229938765649
0.0848478702006
0.261001606318
0.445071352982
0.491243161013
0.20968522697
0.341109412009
0.0938447893842
0.181380330714
0.295846803604
0.528663187627
0.417852715438
0.0938697545212
0.0542329034389
0.239474005983
0.342689806713
0.53833106891
0.254620721991
0.174908570497
0.392055873051
0.141902506137
0.133223452474
0.337509739814
0.405292649396
0.239314078523
0.213022917881
0.219549028186
0.139663185664
0.286782326232
0.525557367236
0.226273538683
0.128643894023
0.236493828317
0.233047245979
0.237333430041
0.43446094762
0.255059308709
0.202028795949
0.345942261223
0.258912547836
0.105479382145
0.456620161561
0.332768443184
0.206415462579
0.143638072829
0.134353345947
0.221405230295
0.454343419279
0.419197633937
0.294823759853
0.164591872088
0.148034306877
0.115800166378
0.206475433031
0.377547841103
0.243364728056
0.164046780746
0.0622758460518
0.0963546485004
0.365542222224
0.551326901584
0.407275392682
0.16746779448
0.327779222584
0.212345600831
0.176400118281
0.285909654779
0.338351754751
0.187729116043
0.312190544026
0.209744066017
0.0773601261375
0.43173612571
0.545702576679
0.248099316505
0.135659255307
0.154888383307
0.177693523476
0.12138532243
0.327227992045
0.187817137337
0.272462348754
0.391374119302
0.320668425381
0.26990928373
0.59582611617
0.508878538059
0.25942274433
0.204707849942
0.135426176158
0.12186722324
0.433215583902
0.440371128856
0.148131635872
0.322292405978
0.153467627639
0.17382341153
0.38531333783
0.580547400657
0.390214912816
0.170097927275
0.22567231066
0.199183151731
0.252004139726
0.461967054593
0.317481474439
0.288968213542
0.244875754739
0.186582523484
0.239527274309
0.465805238321
0.519794298941
0.147682504358
0.111564278817
0.199572668709
0.277200593219
0.390367055204
0.528453703277
0.183300823799
0.31560568847
0.293552169809
0.183093634801
0.275769826736
0.493795622405
0.253532728728
0.228528078176
0.220459579694
0.257814830337
0.202985753359
0.52752252276
0.30410210869
0.0934065095935
0.291096819222
0.286535991533
0.126410708337
0.366361277716
0.365016074094
0.0819095628816
0.243196142975
0.264073369998
0.166270924938
0.218738833204
0.47525067027
0.250829607417
0.0872218477771
0.202630110561
0.196607094419
0.306422312815
0.480423167945
0.388435500954
0.186379398277
0.112278028363
0.146615429934
0.191396522248
0.349609015059
0.40768758239
0.283663280407
0.133911281903
0.155392931927
0.155917206896
0.427938420377
0.464826397757
0.207006976873
0.292417888082
0.334545302635
0.148262108587
0.242099484268
0.332482963725
0.12355612483
0.236969765449
0.278917175971
0.234683457433
0.273531006218
0.569848972975
0.487080582802
0.0553453069174
0.271792710754
0.338804635772
0.2194148414
0.330762832847
0.314566310771
0.0658592814612
0.392535006565
0.312014460351
0.217990382026
0.373590022285
0.552800993876
0.320348897858
0.239769251571
0.0477295645278
0.151657629479
0.32036839376
0.431099322186
0.227735662805
0.230032664159
0.239699830102
0.13762507748
0.288043894617
0.570785636542
0.523891475425
0.186805657782
0.129878736583
0.154670835339
0.106247539736
0.444580585463
0.477129532282
0.15235409669
0.229961683798
0.0900719080204
0.196454192506
0.330966060368
0.557989994475
0.37153815402
0.127821182963
0.0967247819035
0.274168839352
0.233979429542
0.450798670414
0.303777100451
0.248772855358
0.28513251293
0.138697485621
0.159717538875
0.426413235501
0.45612941956
0.282621187462
0.27955369876
0.35181846182
0.123763846864
0.316175211204
0.519164447167
0.206585761597
0.207929107679
0.243535638644
0.340672592956
0.242046985659
0.497254169966
0.294806942314
0.135480861227
0.302260905432
0.346667375247
0.0958422756248
0.406519984018
0.372937775469
0.0601059368287
0.119196635373
0.230728620106
0.303922907482
0.447577365526
0.437331347795
0.248949838098
0.061981696603
0.0903231246177
0.208333792
0.307261731341
0.41695998218
0.307568722654
0.209904728779
0.145388523526
0.0955975648872
0.223641613551
0.496766971835
0.39942825827
0.206676385378
0.29643410498
0.157928989618
0.1655008455
0.300332670597
0.283249275885
0.168448235606
0.336533675981
0.291779232817
0.0426210438356
0.327979769896
0.520799725179
0.213515113097
0.199451888414
0.314774012758
0.300518042318
0.0753504408442
0.374600423429
0.310773001995
0.287307251754
0.265414793995
0.374812654104
0.288226701373
0.571108435389
0.543404179835
0.24882077509
0.142902356135
0.246923344074
0.204328618094
0.426911754172
0.379215712101
0.2043308459
0.291185443738
0.0714161373549
0.18770640679
0.444378989945
0.560088789188
0.418746249936
0.0945938460373
0.19973473149
0.243693716624
0.301123581609
0.440586690374
0.330310611782
