0.0
0.31637462656
0.417508246394
0.468954632713
0.320935651936
0.117213302392
0.0260093269003
0.0606645868028
0.238291976189
0.365730892625
0.489968233047
0.323165095587
0.170935153078
0.220818197478
0.264682899749
0.459897664459
0.39275273651
0.202623663287
0.0748156055433
0.0972455071159
0.0944325016986
0.303733794636
0.497261546715
0.399723037848
0.429679384917
0.142964477303
0.25002100263
0.32020504736
0.506401613276
0.373338910138
0.227195664943
0.151262275775
0.188627380008
0.262003676049
0.341542920789
0.448678273672
0.35015927444
0.284335167341
0.0814400149632
0.168759211186
0.357932162765
0.409192636143
0.293509060716
0.205762591627
0.0584587911804
0.228628528506
0.280814752912
0.44177637555
0.434801304696
0.468632758925
0.219519701516
0.150221494538
0.2008471921
0.434762099106
0.41774628582
0.289803876061
0.170447025162
0.120294234629
0.244466878065
0.37450837961
0.349404866453
0.400408966536
0.389899780128
0.0356756535525
0.0967418645706
0.307677544384
0.424846281749
0.340372182984
0.302433799151
0.100747917994
0.186447709385
0.341952819459
0.458992279576
0.479871933828
0.518178039344
0.258236083463
0.0628144489421
0.103817124072
0.350181809503
0.395274129829
0.348601500403
0.179273666005
0.0694164150466
0.164018339874
0.465497262963
0.352926860388
0.459470974745
0.525494069519
0.219484990221
0.0665869225909
0.248718559162
0.397597977553
0.300682063531
0.354735761166
0.10610296098
0.114893674562
0.40668008887
0.534400795794
0.474583236498
0.564973350144
0.392087860701
0.067148997475
0.0565791563789
0.276421827696
0.363015382339
0.386125233464
0.185367869804
0.0767598404705
0.175703342903
0.460464608841
0.496127776599
0.559278637508
0.584200166352
0.332848620243
0.102641521669
0.146641368098
0.335120074578
0.301657121042
0.374315196712
0.130927980048
0.0476270961374
0.366458435174
0.530620002419
0.484997413999
0.572171039407
0.457144895328
0.232134342748
0.139806516475
0.234763218135
0.333297701079
0.395554346887
0.220297639944
0.110488893409
0.0328587855212
0.431229853879
0.531902681043
0.529117076354
0.551867299995
0.351959318363
0.161766258159
0.0970984045933
0.305288190112
0.268915408219
0.417889771481
0.162667550017
0.0877223960253
0.291689844679
0.454149149011
0.421012823194
0.470034382009
0.464458564407
0.223131434559
0.192506297058
0.222023704804
0.306969392393
0.402173912854
0.273153872711
0.18194377589
0.114745079758
0.337208575889
0.444930708307
0.502781202498
0.517219045765
0.341249503044
0.192067073268
0.0604713265118
0.226781790908
0.30451300968
0.438159814465
0.200305322181
0.14388390311
0.0964864326375
0.362927621587
0.362544713385
0.419359558394
0.452811467507
0.303379821609
0.232140904656
0.208123581186
0.288302889182
0.385304061848
0.355328792436
0.25491773797
0.148663724815
0.294563989046
0.380098847089
0.501158661967
0.506689326541
0.244831947631
0.265249118604
0.0831466046593
0.135795601645
0.262082066463
0.428430332434
0.227533035503
0.255779794411
0.0592297477597
0.286217475076
0.337529679241
0.451439089156
0.469376652572
0.298600201335
0.26141140508
0.149523022193
0.212256984047
0.258255921658
0.435355542049
0.314121388336
0.222954562784
0.23117022454
0.377934827933
0.4613556967
0.537733120205
0.307218235746
0.237253147903
0.153848232805
0.123690665096
0.185812477474
0.381724624799
0.345133021919
0.32913447791
0.136079362699
0.218603807795
0.332684270069
0.58375098623
0.477352715762
0.262588909121
0.184795858388
0.0570495069696
0.120533137678
0.214190577233
0.460422162041
0.380960009536
0.281989894015
0.115257870421
0.249460225955
0.397751235144
0.552702213783
0.366549718436
0.15740547451
0.114669205085
0.0521698323742
0.139459776082
0.330926294621
0.417720093355
0.449709935432
0.230805526382
0.148371188853
0.255420887381
0.53108072193
0.482174308812
0.321581787845
0.0804753101463
0.0170539118404
0.0829963183979
0.153506664326
0.356236134773
0.416143815738
0.38498395849
0.0639200775125
0.168612510896
0.296369710512
0.530559358987
0.414632393882
0.15049404274
0.0581012324115
0.0835479837815
0.124410333189
0.277143204223
0.46759155689
0.522823348054
0.35808630053
0.054980036699
0.120796404178
0.436450433267
0.429183681054
0.405517511272
0.124265424072
0.0489860470899
0.136570257308
0.204446533949
0.236949818034
0.453908440591
0.473909108576
0.139028338744
0.125959515695
0.214887741898
0.462429007648
0.393771383531
0.283162013036
0.173993002858
0.176419776602
0.19570590508
0.294776587192
0.408676969312
0.538642244787
0.3912503767
0.0547474072323
0.0451498113731
0.301956557471
0.400018113763
0.432794723975
0.22370332473
0.122460658358
0.0337030718544
0.302950224643
0.21519724376
0.478618644656
0.561506902865
0.28993050382
0.171718494668
0.172058355657
0.401955964184
0.357824552403
0.42766509183
0.282849953764
0.107233941209
0.244144643967
0.402321876401
0.380231237481
0.569099399297
0.478046177265
0.133181886185
0.177067924658
0.166857333115
0.342427816198
0.405134066899
0.321755146285
0.111095990331
0.050610699285
0.287657719803
0.382870067028
0.496267715812
0.63409465672
0.45258887418
0.241935330073
0.0335397373745
0.308657436645
0.280471547422
0.419253137085
0.282639259944
0.126770015306
0.192966496872
0.424709106155
0.445391158731
0.541405543993
0.552145100975
0.336745478535
0.254221614219
0.091448481042
0.279566225865
0.390461115086
0.345934973785
0.189040407514
0.0890506379992
0.262174990075
0.43670993076
0.511866946878
0.562297345118
0.485286772443
0.311207818481
0.0779372539511
0.194208549945
0.194738762289
0.432524987908
0.293728926445
0.182202397661
0.14716526493
0.322765758247
0.380033166753
0.515644164118
0.550704552574
0.404794536551
0.364986406649
0.0570529841738
0.227406482896
0.360841828275
0.354285509451
0.230019944487
0.210750205707
0.186012412954
0.360139334463
0.551318348777
0.561189834417
0.390773383258
0.329225620738
0.129853316027
0.129918485332
0.170935890519
0.406803179452
0.301187030795
0.227450610544
0.0392997987729
0.248596596614
0.25198096859
0.477814998501
0.518680511017
0.395788599379
0.399727272613
0.047392612788
0.196998883814
0.31290438573
0.363253200443
0.311657734875
0.252119599654
0.118620892816
0.265960640591
0.420266679762
0.589841581967
0.319165317881
0.369394896242
0.212602656797
0.0444821123579
0.161953616863
0.366211670721
0.309174828686
0.294847762409
0.121637858122
0.142930550662
0.200818249952
0.542936528275
0.575644713249
0.390576536031
0.438877968772
0.0812764907651
0.147731260121
0.240311625496
0.379101183788
0.351961694532
0.314782519405
0.076937125871
0.254942823125
0.356786570537
0.588515747767
0.384386231104
0.383037911812
0.351773365314
0.0790012452665
0.141221089695
0.312403164338
0.345366566028
0.345101836819
0.244176134605
0.105488767802
0.195476245844
0.549284649432
0.607380779088
0.417729492804
0.370292149934
0.173437544451
0.117602002859
0.181392758609
0.317050506348
0.387854589157
0.379648787601
0.0394665422244
0.225064206665
0.297713212383
0.542927854029
0.521549357392
0.323156099922
0.318077745183
0.131031508683
0.13025580763
0.216866613165
0.391688361536
0.426758389466
0.323360510145
0.0983824228625
0.153999345913
0.486044238315
0.518661464751
0.44861531634
0.2779974111
0.193415335909
0.0725076976408
0.0876693318443
0.239887597011
0.419636313071
0.431012242355
0.151865436276
0.195378790853
0.191974538315
0.49797517046
0.492752976121
0.311413644212
0.250513414664
0.0964082475905
0.0509600523938
0.144225838169
0.40318877749
0.496752674623
0.417922530164
0.0998915890504
0.0398799649789
0.395576066963
0.417362498115
0.498595599174
0.221738253023
0.0923784532762
0.0221406700753
0.04796025538
0.173145502153
0.445770743064
0.521434427299
0.244943374077
0.234684714418
0.132176298938
0.435374736656
0.419984962161
0.366789956942
0.232781633563
0.102593614497
0.0282469004448
0.101539560295
0.297402805002
0.46004309148
0.495279517221
0.163165303952
0.11595520018
0.247225704185
0.360455413242
0.44972226286
0.244858438356
0.147255895321
0.106113945494
0.116394173755
0.082251233479
0.421526698568
0.562485800056
0.355159511443
0.276451031302
0.130742477877
0.359303398136
0.341576918367
0.49778757351
0.278236565716
0.185055917995
0.144217090075
0.210941255893
0.24173590724
0.415600067397
0.52695259873
0.223354622064
0.270967078413
0.0805305821996
0.281573751337
0.38965578255
0.283829557385
0.21169609084
0.216593168861
0.0982585137991
0.213790739722
0.371166674639
0.523149475949
0.487072291437
0.35324117754
0.150637432438
0.257900445154
0.261423548594
0.436475612854
0.322301741626
0.263409973295
0.0919130435057
0.262058915902
0.319601711609
0.427856774168
0.538041922015
0.379779730606
0.367181524983
0.0710219962763
0.206407802196
0.345766890489
0.387407837494
0.265029280343
0.22652369527
0.07558556659
0.280855317966
0.4062683326
0.500922710385
0.561210393838
0.427933458147
0.227705259374
0.117457845374
0.154714661356
0.400946742376
0.364442996801
0.305617273804
0.0898820684041
0.158238031126
0.310377890611
0.465679382422
0.506036135683
0.51426801357
0.488091486591
0.129512169588
0.133956587044
0.29198021342
0.396995583368
0.284988997991
0.323064048547
0.0621724990539
0.23019126491
0.492185018511
0.517869605448
0.412770507888
0.466006587738
0.289604742143
0.059354278651
0.0320596527249
0.347005022148
0.373286734221
0.314105660873
0.0938983469778
0.113296258752
0.150088461673
0.480196497111
0.507676142812
0.496844122363
0.538258756095
0.161044167246
0.065420479919
0.211825191285
0.366250723981
0.316289700157
0.34599536177
0.097947607589
0.152214563298
0.335150772569
0.569675549487
0.341794996249
0.459336631572
0.348442688031
0.044709077362
0.0327528073988
0.322826573984
0.355749559491
0.331477918077
0.206994742225
0.0482651077825
0.0814122277576
0.468544793154
0.549882015921
0.444450090647
0.560005039268
0.198567409013
0.0635001558472
0.103151153734
0.312025443728
0.35165993575
0.378836404292
0.0810755100933
0.129624720137
0.21112790794
0.511960537444
0.412601711589
0.470724423162
0.479419688867
0.190554103189
0.0611081050956
0.317635424996
0.32881314989
0.352313179165
0.317856724519
0.0980131413204
0.0592431300129
0.449353850799
0.577758607791
0.509781051483
0.495167117205
0.29541652774
0.111069231221
0.0754555970169
0.283061900407
0.35607266037
0.437355377541
0.111016089594
0.173666180092
0.155880049162
0.469766814924
0.516235867651
0.422523164693
0.479068224832
0.312349449622
0.093681070638
0.213161162216
0.326173706757
0.374108702008
0.390192639971
0.160403206708
0.0536852932158
0.387697400614
0.517080133623
0.558420000449
0.443483498381
0.367512248322
0.201164118773
0.0845318274375
0.268564074634
0.322754709245
0.4382517573
0.23393390373
0.216151054593
0.0754539188688
0.409160154623
0.493064268488
0.483477700715
0.425289004253
0.27505460822
0.132273535212
0.17228541057
0.230105675746
0.296584999555
0.43780525842
0.212855724837
0.0985019509617
0.308322746714
0.38111556755
0.480078067391
0.409910323706
0.276371053794
0.210100752392
0.13551484625
0.14837416718
0.280686644431
0.495201695598
0.30767327241
0.320002877259
0.132444329458
0.343724967806
0.386983571383
0.510217800323
0.428994778737
0.151033258876
0.11121563549
0.0910880292922
0.203794208259
0.282951989874
0.501251176717
0.262251830149
0.21717424505
0.158898027225
0.293920155286
0.389333608546
0.408519488716
0.270303332669
0.0679573721749
0.0520782106296
0.0595160506451
0.28262172243
0.412596268526
0.406795037412
0.354743624006
0.217522141622
0.267185787285
0.293789014466
0.524361416416
0.462379859072
0.229143939164
0.0320404416872
0.0227063414844
0.0942979833846
0.236319743816
0.47057099148
0.331973738968
0.349062215168
0.0632155452162
0.197129092096
0.349549423403
0.456387571619
0.353545858353
0.163826512032
0.0646775496413
0.0494403144711
0.220210831738
0.337271191011
0.469750045797
0.424507038895
0.286209064868
0.184875077671
0.222828070317
0.420943876814
0.480780933586
0.280496003566
0.143190907346
0.0688408678446
0.146156728944
0.250082369742
0.388077053478
0.404015847457
0.448582487253
0.187828152197
0.133112394033
0.258674359983
0.485344211859
0.342805896627
0.272823572224
0.164262779311
0.122078539205
0.236863041059
0.362027390756
0.477072747233
0.490116218951
0.361466044275
0.0648866347823
0.147138979786
0.325638906543
0.434081385812
0.345514657503
0.256633260889
0.0437712744474
0.175505178629
0.32639537457
0.385847165053
0.530164891996
0.542069648068
0.280896916041
0.0884712507358
0.194106213241
0.408756844705
0.343548210303
0.359247513877
0.172213588992
0.0651095318467
0.32001896225
0.398944922908
0.38926949494
0.543055046804
0.422250352662
0.159503432969
0.13818717194
0.270295741325
0.399133819679
0.387515973779
0.2720717225
0.0795444690156
0.098707052121
0.384003511275
0.419422252592
0.566827632323
0.614949878339
0.320550109028
0.0973881046201
0.0973422528664
0.357387033559
0.279516521958
0.403147441821
0.207687242892
0.079976766868
0.245239081474
0.467297547558
0.309267929301
0.523780541998
0.472823775621
0.159196435837
0.174988909053
0.227620678558
0.353878656304
0.354870807318
0.300795019855
0.148660294185
0.127108891679
0.328431011949
0.485737318551
0.464242673109
0.587835302271
0.3435098111
0.127281926849
0.0625434970862
0.245722366641
0.312640750817
0.410727347015
0.209468457249
0.0922579869311
0.0668458514464
0.379432660463
0.396098414358
0.48680917877
0.54146002557
0.274936388708
0.218966966458
0.20007080785
0.301642299424
0.320716174311
0.366787556341
0.217392762611
0.109225996822
0.294357945056
0.454939417272
0.48990791052
0.538008502198
0.388296173668
0.214127094057
0.1375949877
0.146191090018
0.28683187134
0.417507300315
0.215767424732
0.171403472339
0.0492574034161
0.337309892098
0.415952002649
0.45819294225
0.567029039321
0.437817965763
0.266579856649
0.0873707398673
0.27219926796
0.290953022152
0.41315901148
0.253125319822
0.150505245731
0.250509114299
0.461820497227
0.511073450069
0.53930087005
0.463431228402
0.323054938446
0.207872188728
0.111025705983
0.267337469791
0.398417322543
0.305971814244
0.234378345145
0.075300280004
0.283845944721
0.417039062525
0.567928701443
0.540590447829
0.429259275799
0.30761530081
0.0689882358582
0.183301606754
0.2562315544
0.438149043458
0.299407489579
0.20179064316
0.169366865929
0.318926973083
0.440767063638
0.557542632235
0.428478207721
0.403335116484
0.302532491112
0.0967837239359
0.244241995722
0.356364077532
0.345892132327
0.344119908286
0.194552106558
0.217719107026
0.325187104296
0.591784482504
0.58342938132
0.296306375639
0.316577167656
0.0784160321078
0.180079115663
0.151556923897
0.35908163708
0.32089937644
0.296154736424
0.0591002347739
0.232574930357
0.279097066306
0.559168372602
0.437794018361
0.242499671672
0.270118345186
0.160237193159
0.143737790046
0.290563206427
0.399968244091
0.404135641717
0.308188477935
0.119606907778
0.203951602412
0.480553505498
0.548683385997
0.324319024866
0.183288123848
0.101757020315
0.100144281639
0.106984168245
0.310487669597
0.383278628697
0.396748968658
0.121549556146
0.123102260014
0.2321318166
0.551468093959
0.477108151948
0.246693880079
0.153967951031
0.0657951466786
0.103508444232
0.183329502926
0.416623248573
0.443867908077
0.381559074721
0.0701732921201
0.142850504762
0.381656780241
0.499299911658
0.419227776818
0.113232069701
0.0637347193666
0.0478590487578
0.0898732922765
0.278683497767
0.427962044541
0.481682722125
0.273914589326
0.108539241239
0.160132752955
0.507947293492
0.452998974747
0.377957573577
0.130575707567
0.049393929978
0.0722811472547
0.164364879487
0.315240415177
0.49218924057
