0.0
0.280878363947
0.415918182308
0.498723753307
0.214504794364
0.0889952660983
0.0343068329932
0.087436017657
0.163539287631
0.410766337044
0.488159843953
0.417601855425
0.0838221206311
0.174948109114
0.333887080818
0.513044667289
0.431685303885
0.233102801414
0.0966987996452
0.0908063869259
0.136507476699
0.364642059309
0.470932148148
0.367867830248
0.21164007097
0.122385740944
0.24164272166
0.366254043356
0.473305536586
0.232878610853
0.185553619782
0.181708749729
0.197607610662
0.215031420934
0.371091356565
0.527199124245
0.42240998838
0.106835695017
0.104760308129
0.300165159523
0.466243736227
0.459014263413
0.267009674351
0.154608135881
0.0795777603968
0.242059768775
0.348275453069
0.431935606136
0.413500543446
0.32530250789
0.155425514951
0.159347622825
0.248955722334
0.456488917502
0.288114621635
0.305550464641
0.222178710695
0.12064589875
0.278612603123
0.379153675923
0.563153432378
0.45460317061
0.138092928037
0.0356288348292
0.260006305724
0.417809118665
0.444638958561
0.325015517451
0.199211585907
0.117762895941
0.251186044127
0.420382131567
0.377022246688
0.504171449945
0.459913638181
0.17929103317
0.0661406965257
0.231803009263
0.446640406314
0.352817347472
0.359829373251
0.163829596006
0.0320434077075
0.229050047484
0.424447860301
0.511157908704
0.483736483583
0.255433019179
0.112343010413
0.236649789499
0.318080094028
0.388016536201
0.386036671562
0.236218763552
0.126256429634
0.209752697629
0.295800601816
0.312457919426
0.513545498797
0.502828161094
0.245339893138
0.0376577031989
0.189914721253
0.422955644654
0.404255733609
0.433096489702
0.190224477748
0.0507576299936
0.219213947786
0.499912286424
0.521772469815
0.432487083232
0.364406075131
0.2099489047
0.16514437623
0.215337647261
0.39274681322
0.416320266689
0.268745995592
0.142038858081
0.185061123372
0.272365938886
0.36619637444
0.502103632284
0.51280957833
0.28090169759
0.101861820841
0.15295835101
0.400673617986
0.392932387039
0.43110449123
0.216155564281
0.0717686754358
0.213157663555
0.503591087651
0.507209027552
0.385505884782
0.329805073074
0.224286414301
0.0746088495635
0.19398155869
0.383545328761
0.40087962731
0.312772133782
0.220736870098
0.136542726071
0.265815558308
0.442434688552
0.558436038105
0.447667659374
0.27741476422
0.150106592985
0.124521768571
0.357829432949
0.396773312935
0.446473384224
0.258624830784
0.13187088322
0.17144859578
0.438255391178
0.503941703675
0.351081454993
0.407068290374
0.240261052253
0.0282787600593
0.132526315042
0.361045624853
0.398760590613
0.386428100147
0.241851230411
0.0349730780907
0.0939731076952
0.449079997789
0.581023187889
0.428866329856
0.34285261394
0.164233228634
0.185429511955
0.322649671467
0.326799933573
0.460746084203
0.304177630301
0.200863189948
0.117118238971
0.375529899002
0.465756989226
0.467438543634
0.425730217765
0.283203445173
0.0574665926512
0.115841501459
0.275587881421
0.394141138394
0.448354346144
0.286403946348
0.0821229189273
0.0460606013984
0.403509696352
0.53101371634
0.423860143286
0.304507617221
0.273717740976
0.206019785679
0.273338666155
0.223711304914
0.468326701204
0.357898824827
0.237583323868
0.109813563025
0.236910909002
0.366940213958
0.50078936887
0.405114349647
0.24077574181
0.147889660903
0.0744277230151
0.211670001474
0.409923288676
0.460420374454
0.32524914014
0.198186986632
0.03714112784
0.367640449295
0.488362418855
0.421485729658
0.264145021993
0.183588888147
0.134377879944
0.11331475997
0.165784005849
0.487750593061
0.431582184778
0.285411975785
0.0297192611791
0.129110784941
0.359939670047
0.469086636035
0.461255814222
0.164941526388
0.0947284081613
0.0446180296697
0.181577141862
0.295025595834
0.499214507848
0.393057294122
0.289751861176
0.0235207866149
0.355175804738
0.448250632401
0.468030089629
0.23977393627
0.142946289647
0.0201816113547
0.0471409799739
0.155066597675
0.47129496716
0.448608478644
0.317170414112
0.0725464526273
0.0530510734126
0.30954693106
0.448217264728
0.496013399992
0.157557925622
0.0570346478879
0.066810027209
0.124232356117
0.219083140218
0.444312092149
0.455630671945
0.37250164235
0.0300255041834
0.236073220147
0.37068459923
0.499889059714
0.356793477637
0.201395563526
0.0755073174131
0.130665807744
0.175995745931
0.431430305532
0.464872054568
0.348178645436
0.157368739364
0.0780920027497
0.280524065248
0.402151097209
0.484991818888
0.209467354946
0.18985663386
0.193751579987
0.219999140423
0.264072420921
0.417837661117
0.505732831118
0.383801665277
0.051679469171
0.162286987155
0.331573439336
0.471955016138
0.415641758434
0.265461514391
0.0961355344085
0.0943361646814
0.261205275024
0.393413576977
0.480232327496
0.387685472591
0.270322469665
0.113873185458
0.221600570723
0.304144476225
0.463398197436
0.297587602637
0.324702020062
0.205405561254
0.200351950869
0.32306393849
0.41626438633
0.549327458432
0.42164187587
0.0580951015927
0.0385568215183
0.282100326905
0.437700817422
0.428875850434
0.345931581475
0.127375239119
0.0404373787133
0.273384157476
0.440286115768
0.419503909143
0.483455612414
0.41520032608
0.132371369715
0.161370812777
0.283473852467
0.460049419346
0.36037576655
0.337668389017
0.131647466528
0.105550016659
0.293791097855
0.432161572667
0.556956876826
0.45799443911
0.173145047572
0.0524442148593
0.260389148998
0.357883458151
0.3929208177
0.382555001631
0.165576180913
0.0668456195123
0.233501240869
0.348359660148
0.333203108146
0.502637725693
0.466159494755
0.1937346965
0.084954683332
0.236517115916
0.438974571112
0.394526120214
0.397790570451
0.137086491586
0.140710367787
0.269101808591
0.486505738845
0.541225925835
0.411420386452
0.303195144338
0.163859128217
0.215774276755
0.274509951345
0.413905040843
0.38620132398
0.211682010807
0.0917173917947
0.227477156525
0.325403592691
0.392963347851
0.501707072261
0.505997876242
0.229717963532
0.0273122945904
0.201155252702
0.418242482453
0.394818752769
0.41176383765
0.171782544542
0.0550128139232
0.266794163359
0.519965576417
0.513974812205
0.372103400159
0.277303947918
0.197454986204
0.128634121024
0.252915282648
0.39264397559
0.385152254189
0.255584237648
0.194801614898
0.194159514843
0.331569445515
0.462857032124
0.531545611459
0.469125141628
0.21944037926
0.0687817635973
0.178239130474
0.383168907824
0.39614634589
0.433135299916
0.210714253003
0.0775184757397
0.225710261916
0.48367969135
0.523983883239
0.318645705327
0.356441047156
0.22139586071
0.0994204860053
0.197770876752
0.336571226612
0.397521103601
0.353990318784
0.224285338813
0.0498814824767
0.176685432931
0.478567631054
0.535743158888
0.408217192668
0.273211445793
0.0812177022263
0.202631757116
0.302244326703
0.334069758329
0.451091731286
0.248955329685
0.118740571691
0.163991745215
0.427945914145
0.490858478233
0.421040282719
0.399792012115
0.263041867172
0.0749414328953
0.179563056152
0.274012482841
0.426378139031
0.434682597448
0.263127579505
0.0277083112386
0.116430933158
0.446384211734
0.554559483775
0.380936793155
0.267916907773
0.20314981956
0.195815639551
0.232624162757
0.236293972638
0.46093683687
0.307186221167
0.188381979016
0.15904484143
0.296242976185
0.389486212375
0.447758136753
0.353663476805
0.206370200432
0.110533487688
0.117780436497
0.241889302636
0.457644439743
0.463376614672
0.295646341937
0.146144996534
0.0922242577509
0.419270611654
0.517517950595
0.375673616528
0.198984549594
0.121858282364
0.0661822428283
0.0987923295149
0.221070244257
0.474944962255
0.394664484596
0.250403818532
0.082484898962
0.184931788699
0.380686512879
0.478314339222
0.39343978437
0.115493636441
0.0176649808386
0.0396916807891
0.24113349045
0.369011519406
0.517325305689
0.355464410738
0.227229232424
0.0762389238244
0.402629371443
0.48211975533
0.434405607169
0.183691687343
0.112488829153
0.0204874941155
0.0905087192953
0.198227786043
0.492849518899
0.420231742983
0.292512138981
0.0310688157748
0.105818028402
0.336740839165
0.468231964078
0.411236038531
0.145592341486
0.0794034433963
0.0926034277956
0.160153399615
0.284143874904
0.4861245509
0.411633878366
0.316862228253
0.0411472822649
0.293905409775
0.39863101523
0.45213297489
0.288979281212
0.195024495022
0.0726778433632
0.183125266591
0.217211351331
0.490720896247
0.449857091525
0.330501106589
0.108379419523
0.0357398118461
0.3166221722
0.426968595621
0.435631208183
0.242561159901
0.1625839251
0.163598386184
0.242257447828
0.319247470902
0.466222295505
0.468006718121
0.320658455039
0.0712618851607
0.223088959522
0.357875012229
0.470309709402
0.356561225045
0.294495751713
0.05456734311
0.173694635927
0.282639923286
0.436749549821
0.529886462172
0.361145075051
0.207502897873
0.0666977665613
0.276242500027
0.350785982002
0.443275093514
0.347958858716
0.254747053283
0.188546246642
0.275664732706
0.355544203109
0.454901801671
0.517588959718
0.375501246722
0.040039190595
0.0981314815879
0.301476173125
0.450240189526
0.371909112254
0.334201443483
0.078148018636
0.0643169212783
0.288836601996
0.458632036035
0.466504328225
0.457152245869
0.356713550303
0.0859444526654
0.241747427935
0.328815006228
0.451115230451
0.385731974283
0.287907234633
0.111641758809
0.194813973537
0.370813107369
0.441490478183
0.581738067952
0.427863345591
0.0977603225291
0.0512987432929
0.279853292213
0.39243164963
0.384409874919
0.348815380767
0.0965980769662
0.0369503190525
0.250183327437
0.395528289844
0.36365338773
0.484280191154
0.412988954397
0.141731545179
0.162869532404
0.278716135341
0.428297810275
0.379008798268
0.352581524655
0.0852917393119
0.229041530541
0.327168269156
0.453902711164
0.529942698369
0.39330826964
0.242974759049
0.116394878962
0.255949722622
0.331274079615
0.411401477461
0.355377448444
0.152101212654
0.0491460274783
0.261159642575
0.378265352224
0.411670395713
0.490356144054
0.479848776949
0.179027684379
0.0964336218504
0.244253219216
0.400479732301
0.390255434333
0.385132846037
0.123044960062
0.133126731477
0.317235596155
0.508733639244
0.510296444427
0.35002506168
0.227327412121
0.161950300234
0.182842149849
0.306237532865
0.389026343585
0.365533401108
0.198207111969
0.162862387799
0.244473455063
0.395389513216
0.482311396334
0.501877262518
0.470994964056
0.179457439604
0.0530728897109
0.229405893225
0.363115759755
0.413511600274
0.413484522479
0.160056312603
0.0926990440463
0.277227909098
0.513244965263
0.53314322444
0.296436756376
0.298373542261
0.193954858757
0.166263727189
0.263969381879
0.34547617451
0.390390206862
0.316237827759
0.201359840003
0.121123609062
0.262860551522
0.502570213822
0.480155954424
0.389522547774
0.220043363761
0.0523334269959
0.225210437261
0.290794748841
0.389481204067
0.433632132664
0.183962393295
0.0431179037492
0.206448124552
0.466796134265
0.510176328478
0.377946576035
0.339578571289
0.237097506495
0.164917024167
0.179782501234
0.304009326012
0.435255543773
0.412964133832
0.236631967342
0.0405962160682
0.200507581739
0.477807612326
0.548260602896
0.340187160783
0.193464259863
0.128206300818
0.131390423717
0.232777377053
0.302028361004
0.448797278363
0.249908325373
0.135867140434
0.198734806102
0.348237265629
0.412937143311
0.396430595038
0.27919602881
0.131771048503
0.0569105988468
0.08999866438
0.285619195844
0.472356672618
0.458645158285
0.260880762676
0.116093200277
0.162959607316
0.452758408391
0.529840665529
0.333306598452
0.121156900969
0.0494041691802
0.0384146195728
0.162629253335
0.304047494884
0.457763873483
0.347894349976
0.213623457229
0.127642999086
0.242489874493
0.403464804732
0.43702059887
0.302151648329
0.077497840279
0.0494272463576
0.0576655040839
0.275405199601
0.446098810509
0.522890049759
0.311619235774
0.163306056331
0.13158912723
0.43832692431
0.49880467067
0.393873302452
0.139760573685
0.0865977240016
0.0399323275239
0.146634350073
0.251907135803
0.482321488288
0.381131841257
0.26581236505
0.0466830782084
0.160467510211
0.363834450585
0.475881404471
0.334001152
0.161895310128
0.0876729572879
0.119386342551
0.195330559536
0.357524203678
0.51782313163
0.360016565967
0.254036899139
0.0893896355682
0.344380035499
0.419045564804
0.413354190853
0.238184653268
0.229062364407
0.112434384764
0.219306402836
0.259694756141
0.483293454544
0.426210385821
0.312308707915
0.0736677388083
0.0526731970521
0.349835267135
0.439690307643
0.393902561366
0.303303184218
0.0801839201059
0.145553585754
0.266014322566
0.379412239762
0.515943742917
0.415436827064
0.246200150611
0.113144429048
0.278134165328
0.376309942617
0.446683229994
0.333939854714
0.301014374416
0.0996841743667
0.259758005159
0.306986608824
0.477046026563
0.536268062077
0.333087274325
0.14073936033
0.0370373446531
0.317217915902
0.386997285177
0.411535837121
0.318391488227
0.176883159631
0.164447464879
0.343819368321
0.392339143783
0.493621716556
0.466252269595
0.319774644353
0.0945220549157
0.158621184544
0.320835853393
0.45064058846
0.362715355299
0.2952946676
0.086337241646
0.118571703932
0.303650100423
0.476187140656
0.516341502828
0.424975303586
0.28542576584
0.0513327369171
0.296279848872
0.365657759719
0.434662325901
0.354671687585
0.228167845581
0.107433913299
0.281491012691
0.446414017935
0.453063617736
0.55122345191
0.39424133336
0.0460349901504
0.0428697876636
0.299350362607
0.420333582804
0.371047827118
0.311446592297
0.0517767833916
0.0802403334309
0.264432326436
0.436086095503
0.401556824372
0.457410545459
0.344682946459
0.0959946261005
0.235258987785
0.316130888857
0.418255178822
0.358434441652
0.297648147836
0.0470077443517
0.311978481371
0.390627502737
0.420463012418
0.504583352404
0.375991578353
0.184894926221
0.0777033399832
0.286147591049
0.3822327889
0.416124040297
0.325618819014
0.0946034998315
0.0537329631892
0.288231606887
0.428268802901
0.426698985967
0.469898900647
0.423895778985
0.131561668221
0.183294746969
0.283237720545
0.399041328988
0.378912234466
0.349826235348
0.0664710537302
0.217344595329
0.364089023855
0.456973071438
0.469527604383
0.334134390887
0.18214120586
0.120459090666
0.235205333606
0.301972007833
0.421722436892
0.346331491934
0.143838198257
0.124484854232
0.287363608343
0.45334125985
0.501219530908
0.471262615046
0.411541251965
0.158090099867
0.120918611605
0.27590157713
0.367641022976
0.409574886057
0.385456908877
0.0977069541038
0.158709359693
0.324060353741
0.528211340863
0.534581413862
0.284937672779
0.235272157466
0.157915936632
0.221865445667
0.231889792331
0.382764745969
0.380481567324
0.273364080612
0.170027093431
0.190050850552
0.341554203234
0.519780814197
0.423272808013
0.318203848127
0.190730191669
0.0679389855069
0.200493000822
0.312147691709
0.441198140232
0.408407099076
0.116934603776
0.0392282673401
0.243958951113
0.493398767205
0.518555351658
0.338390095285
0.261052317503
0.192430691112
0.132971672329
0.18120200549
0.353827310456
0.438320727461
0.38234652818
0.204536975032
0.108634648344
0.281619551888
0.502687136065
0.475950191731
0.292657346356
0.122913383357
0.0616202493811
0.0765543838835
0.275682007822
0.397129945418
0.431950138749
0.190720374332
0.0882816213821
0.22912283636
0.391875761581
0.436846328599
0.346018564991
0.183865064958
0.0581365363369
0.053828648198
0.113441336172
0.332258916685
0.476760087476
0.442738157709
0.220911982195
0.13015786613
0.236380544827
0.476964529807
0.469797737608
0.292759714354
0.0750812992025
0.0525656735843
0.101342760972
0.225329765805
0.372247164729
0.438528249863
0.296374065437
0.174743098275
0.164787473211
0.293456146858
0.427773406328
0.361951794067
0.207369886016
0.0554133854631
0.0384465936468
0.0672763731391
0.29577176323
0.51026621061
0.519915180438
0.264615519953
0.114787099112
0.187356300677
