0.0
0.279324717467
0.455413719435
0.524572937279
0.191462928914
0.114003016393
0.0338651448082
0.0860142125064
0.195975524127
0.43598703476
0.453909178364
0.425607573653
0.0984173403309
0.182887410559
0.33148779117
0.483247638778
0.420076878934
0.200565904557
0.0873691349257
0.0119422179221
0.063321730361
0.318119635621
0.462444709231
0.372896857103
0.193768336023
0.121258329177
0.226326518527
0.356125164346
0.489264209195
0.264141596126
0.163820574948
0.124804244192
0.197454380228
0.221075817625
0.358936817567
0.494187394345
0.449542681557
0.128044907369
0.104910303069
0.293308329691
0.450576542863
0.4409705383
0.24218264008
0.190356852499
0.0653550135048
0.228567622879
0.346826866181
0.422640281273
0.382731967163
0.284541507871
0.16073863021
0.149016667551
0.301930205312
0.490777722098
0.317932993889
0.266031477564
0.130508418734
0.182330030244
0.312212411059
0.342596046614
0.53545137736
0.466825267316
0.179606459195
0.0307716413226
0.237303072306
0.360625195977
0.393600458652
0.303744434586
0.214456299358
0.116792686171
0.244902808797
0.430149831604
0.431349754688
0.449886541456
0.429958169137
0.182373284784
0.083613338081
0.243356756833
0.443639192995
0.401685972462
0.315279283395
0.140133596895
0.126441546638
0.262897807224
0.437343086203
0.531711797252
0.505908675542
0.249712401577
0.126390970644
0.208267251295
0.270516424707
0.426958240994
0.363055255023
0.22699809461
0.18677745552
0.206635215611
0.414942464806
0.45837623324
0.54922145948
0.50750066062
0.267140374347
0.0555691254943
0.184499213132
0.419144559234
0.384510845501
0.383154977564
0.152448911175
0.0203683262821
0.130112312728
0.459766465192
0.519195130509
0.524432890475
0.396852721055
0.227798804152
0.0978124741249
0.222332679652
0.404302584692
0.399334906279
0.314133191161
0.201333413651
0.156853833644
0.330041182385
0.392585864405
0.520487426501
0.507152459258
0.311039123559
0.138801836996
0.134824066832
0.381066809112
0.362578781426
0.40526419733
0.15147589092
0.0575805275138
0.0776016805979
0.38634336739
0.541920260245
0.451870115598
0.388040128351
0.247389087018
0.0676042016578
0.15549960474
0.380307762482
0.436156167398
0.380162480552
0.208890863671
0.159640671622
0.234836189262
0.366208618349
0.472451166152
0.447121173192
0.323545367967
0.152390663412
0.10807903577
0.341583038172
0.336149501275
0.417869496
0.234660723952
0.165567527722
0.0835357079992
0.39438375291
0.498748326591
0.39917437786
0.398617036847
0.264161952729
0.0455146502513
0.119025409102
0.331743496666
0.423679270703
0.427569001619
0.23849483711
0.113548869295
0.189400450022
0.378688015688
0.517016580889
0.436645932316
0.377418173208
0.193862848525
0.189640736626
0.296595948789
0.249595225942
0.417007537601
0.291207976556
0.218933971084
0.0890657977009
0.372401118881
0.474037503437
0.42240926662
0.452530568788
0.29936790805
0.0752257383193
0.0872674970911
0.248006056298
0.426554750014
0.463394539443
0.279165727176
0.12956561053
0.133946127201
0.402345390601
0.519219883675
0.474259550353
0.317440748621
0.297274161548
0.189794182236
0.214718307251
0.210577513411
0.437119526672
0.343331451345
0.315999761437
0.0390257869365
0.260494389306
0.439103738319
0.558971098632
0.438384554421
0.25466635751
0.149666238483
0.0376050331339
0.184299810312
0.303455174693
0.477795652195
0.312512751078
0.111319850886
0.0937764813447
0.32335205672
0.422806301407
0.495040598238
0.295794688264
0.196280098446
0.0886401944505
0.0463218742797
0.161260480852
0.445221593024
0.428993198701
0.36505850904
0.0778319893877
0.184978257636
0.400772539624
0.51066846195
0.494844256922
0.195767547193
0.0988262478103
0.0256046928364
0.130567207883
0.251875689227
0.486168045807
0.334940677693
0.228866504453
0.114893040188
0.221209037455
0.371204107563
0.509007568912
0.269634162536
0.168673247515
0.0212183550363
0.0466360016938
0.156308052757
0.439452237914
0.515043891546
0.420472831216
0.165219537823
0.0765950397455
0.352810426757
0.42569918681
0.461154839389
0.18518232265
0.0674445066519
0.0913966549059
0.1374283741
0.242221528712
0.462984291144
0.41473215952
0.355348256856
0.11820146285
0.159726602311
0.335381994813
0.50151618821
0.348126151119
0.219190016847
0.0823071487711
0.114862200059
0.184222294799
0.398746619028
0.519065778683
0.433356165673
0.233844460774
0.0401901986755
0.282709058154
0.340644953956
0.452716197023
0.221074135178
0.194375118019
0.18301194706
0.254554810015
0.287984862254
0.436602377429
0.496949809682
0.41008437491
0.161356054103
0.136874586699
0.28574556807
0.470999567821
0.452352365354
0.266957444039
0.130684014426
0.0246990962759
0.243486133207
0.412396005249
0.406934971634
0.468738873189
0.363035452356
0.102077932666
0.19081704835
0.289506837783
0.438647842819
0.267740033119
0.331223582006
0.164851791699
0.177048752451
0.33445043883
0.387492179446
0.477531249878
0.412832594004
0.216003442229
0.137663763639
0.230893758243
0.423641434077
0.421595013013
0.32869040853
0.125345370649
0.0759230541324
0.236901578924
0.388176108617
0.417995804883
0.473626744591
0.343793500624
0.0909780250757
0.123447329612
0.190283804979
0.420342525387
0.342539379662
0.356628150282
0.124706495809
0.178371416477
0.301372858363
0.404056433395
0.464519058319
0.414613647068
0.264489146099
0.131253717186
0.194401554225
0.374813766974
0.414573366176
0.392260564632
0.201246159976
0.0784857077522
0.226330183441
0.417848436769
0.485446949909
0.510692731724
0.381081405344
0.111690242547
0.03826896879
0.147730898993
0.399603043789
0.389661861284
0.408897463771
0.162905685226
0.122406286138
0.279941530604
0.479887166796
0.544201320498
0.46177703097
0.366762715918
0.162651436915
0.194157174003
0.278257903979
0.37872424704
0.401857274725
0.243602764368
0.148134827598
0.190334532297
0.380362320548
0.518717557736
0.531845984106
0.48865708207
0.184422660426
0.0677197766236
0.132949173337
0.372098341686
0.383619745729
0.421101562223
0.223149224647
0.102434287307
0.214721926244
0.48958354041
0.544912109706
0.502085325486
0.420937014992
0.242452622142
0.187991765472
0.174714658414
0.343994534838
0.409090137113
0.28162898481
0.217914813071
0.0906708357352
0.282776089939
0.496416351973
0.555610336697
0.479088596959
0.33267617656
0.14755804095
0.1062608235
0.305743216073
0.380205689062
0.443161463276
0.256265229722
0.0734492477701
0.1003218153
0.377878284526
0.435909483445
0.471880733667
0.47909713333
0.286411965315
0.0755883438207
0.175913949449
0.271170234508
0.386765469159
0.369864468183
0.251619947863
0.0779259117382
0.209989776725
0.436076150845
0.533652142947
0.385481330404
0.345623880055
0.237455629522
0.098812885475
0.234157972835
0.265178974626
0.474000524354
0.269025914391
0.153713754217
0.0990197568674
0.2589215418
0.404655860045
0.443677298987
0.37964104146
0.25057848928
0.064760096414
0.136242999908
0.20097478982
0.428168597473
0.449647240442
0.315722666651
0.150048730414
0.147563533335
0.435114588715
0.4833567885
0.415060745336
0.261951507196
0.225129252964
0.13392960294
0.146039433799
0.202462570036
0.469796519512
0.352369189094
0.249992540608
0.0501019168715
0.21972351362
0.387887592447
0.478617454014
0.349493992841
0.111691985855
0.0424095947354
0.0594244795955
0.171584704725
0.409044427239
0.475573947364
0.338732292642
0.189771485035
0.0921641696656
0.391308284386
0.438167004269
0.4795170003
0.230397653855
0.10041427265
0.0336243122032
0.0806509205356
0.175863775525
0.486709407018
0.42047240968
0.288588627492
0.0358655221209
0.165885612587
0.376245061367
0.528441030952
0.434046215697
0.156475786813
0.0439418799281
0.0196235302589
0.170466434274
0.337244904154
0.470967176877
0.406007491454
0.295788534683
0.0504105970076
0.316851401827
0.381840309797
0.486884589295
0.208111976706
0.141103372219
0.0741169105685
0.0982192265004
0.136443115013
0.47073331706
0.439434864488
0.356908260165
0.115162485611
0.0707863072849
0.338367080026
0.486700621895
0.453525864525
0.219457891325
0.123198250752
0.0797420869062
0.148138182662
0.273091486713
0.402442405105
0.451841678453
0.297262368177
0.10022706123
0.222641446784
0.278500974154
0.468491637579
0.295240020725
0.241852134593
0.0971982012486
0.173680804638
0.233690004213
0.431405137919
0.460719533808
0.368812951886
0.204983800932
0.0645368244878
0.310235129183
0.436584559269
0.478628255936
0.297993375825
0.216467089913
0.0764221508969
0.284708345699
0.327739472433
0.401982813389
0.496763679465
0.348955179177
0.0916015915116
0.0851967791935
0.233076327328
0.450424578037
0.360355613747
0.352705431332
0.11395508637
0.0903647656955
0.330204337756
0.421977686733
0.482475594517
0.445608914052
0.337564930095
0.106307891544
0.26585127412
0.3369226792
0.434343796385
0.383732377349
0.241486075297
0.157775922415
0.256119900751
0.371869422816
0.43238039623
0.552422891833
0.439791034108
0.134394106748
0.0419104751511
0.211596976377
0.417709550534
0.431555863129
0.400376622994
0.136572216218
0.0472153828777
0.276401356454
0.479110229416
0.443213319816
0.502556219953
0.399513089821
0.159246090782
0.219629858756
0.241256395513
0.423737288101
0.391371931327
0.319087740808
0.191259983249
0.122212293216
0.280085977996
0.460539038251
0.564007090029
0.458936666568
0.25792495128
0.117276841304
0.180793176182
0.381566256776
0.430228364604
0.40624225398
0.192287099338
0.0793874246845
0.217907754264
0.39417746088
0.391497318181
0.516916673902
0.496320978243
0.198576775174
0.0910533255308
0.202258643561
0.409590609287
0.350457542051
0.370124166669
0.182918879799
0.0451237949153
0.212461955313
0.499848700046
0.529010965631
0.385519960944
0.271887996743
0.225366167839
0.148816452329
0.315732169362
0.407802312791
0.427769585747
0.212985563683
0.107621282449
0.191118103718
0.294387803477
0.392902758809
0.495649902287
0.471746089754
0.171963101399
0.0448919436409
0.163204960853
0.385942029154
0.382896082368
0.395234244096
0.201801867215
0.0825134493807
0.21390603893
0.505294585628
0.504860720605
0.299150023031
0.310423416715
0.258633455801
0.17371634765
0.285616369159
0.363667431799
0.437595482327
0.305850168092
0.140484417749
0.165054503089
0.290154367709
0.431664357558
0.492594781392
0.421124159736
0.204759028735
0.0454153244043
0.147275229557
0.312881256021
0.384320138616
0.421338900785
0.237334059817
0.111618878885
0.197002290169
0.482615918025
0.508048629884
0.336792677814
0.395716502451
0.296148508431
0.183599942686
0.215609873911
0.272287953166
0.455550908358
0.357863617354
0.183556717412
0.11877186437
0.218506349541
0.463364021778
0.512916800292
0.381480570666
0.258736510489
0.160004117346
0.131305431536
0.231441170831
0.379537718913
0.46834604656
0.311265180514
0.206076600827
0.158273573933
0.422823174293
0.478583110502
0.435209404184
0.334701590456
0.214403451444
0.143867139146
0.133294641381
0.208105189519
0.455344836017
0.384147663506
0.261724518973
0.0581724383218
0.0671664078482
0.426259440888
0.546942389656
0.381085574474
0.194404880653
0.142922090138
0.0916285006865
0.171525341715
0.265427490046
0.502727375791
0.385739823576
0.240622703712
0.139105556795
0.324867719884
0.37850486617
0.474939618265
0.348949562029
0.117498221018
0.0380358899555
0.030827296579
0.174850516084
0.449912859479
0.438716485362
0.308162038765
0.155957515322
0.0723355838341
0.394911356009
0.51196824238
0.441690683284
0.169981040531
0.0898016610503
0.0622120739687
0.13090280399
0.242190460739
0.510011517961
0.431503366415
0.289324892502
0.122530046379
0.205507125731
0.358406580658
0.477800433453
0.351049329238
0.136185411108
0.0267761056877
0.0241523839354
0.155187365927
0.371336098898
0.499468106952
0.386555939636
0.266826657827
0.0549800561905
0.360026642016
0.460196336864
0.500022534007
0.23778976819
0.150575648603
0.076570873358
0.124167550003
0.152036108324
0.460077888223
0.502302801782
0.347215694704
0.0774487599776
0.0537130277824
0.301405704998
0.458307729647
0.444587102226
0.251329565257
0.133479556961
0.141933631796
0.164927697648
0.343438011641
0.472732500422
0.422667107138
0.342003538072
0.0567298845624
0.278141900098
0.359882035747
0.461335552138
0.333974091658
0.272442487657
0.142895532175
0.139888454868
0.147703420493
0.415559332948
0.554604216345
0.355758274674
0.14293122924
0.045135615573
0.270433162727
0.413266977758
0.484644926984
0.346834420698
0.206708430746
0.129567692075
0.260439445248
0.340061942768
0.337082978077
0.463401101299
0.437613157072
0.0818234198288
0.159566710593
0.307699281263
0.447271707474
0.336173706718
0.353201464059
0.129756096947
0.0554348266209
0.280054309764
0.40799979709
0.513350338897
0.338400985531
0.189111876156
0.133732960427
0.231224708324
0.330018517854
0.460345652728
0.395932029058
0.20281380797
0.0834720684742
0.292298679848
0.342776016276
0.28265729724
0.500414764988
0.45011330617
0.0735233950343
0.0900279932106
0.265963264787
0.422869091448
0.371399204065
0.355339593375
0.12639912943
0.0791160963111
0.307458687127
0.445167880913
0.457643928967
0.345961457968
0.276475734325
0.153626863852
0.215359194404
0.308413002154
0.456953315788
0.397358284425
0.289746989844
0.0847801405306
0.250717529809
0.369212641589
0.392742292815
0.55262217222
0.4776071009
0.101480755912
0.0793362569919
0.257673516528
0.38597644125
0.389355930744
0.392293476987
0.144163832295
0.0782708871441
0.281950166134
0.51558009004
0.457005994572
0.464924822539
0.441887653141
0.192147471035
0.146089869673
0.236657604473
0.441648201634
0.390128052131
0.326165714418
0.139710636619
0.20123052358
0.262917202989
0.499061571802
0.52439750775
0.501236899434
0.215386366595
0.154869938857
0.208685556431
0.334341678411
0.401670567581
0.40474041916
0.207407960742
0.127260281682
0.241432919265
0.478356488189
0.478233947311
0.470076605944
0.4791138087
0.248929359831
0.119075643034
0.185031621323
0.392382953999
0.38699026833
0.387046278036
0.160619646419
0.0556551992545
0.115560557765
0.473589325869
0.547093628982
0.423473010588
0.354286146754
0.20735838415
0.121284698286
0.301930513505
0.388162327879
0.434214703843
0.298994863326
0.181031254588
0.200219752855
0.35412021671
0.376212482258
0.4462833046
0.42897584049
0.278535535172
0.0951843444248
0.170567049055
0.319770153151
0.39978628188
0.406795495838
0.17438272865
0.080839096227
0.0953916020695
0.436893254809
0.539640715037
0.278253350067
0.304611494663
0.250825784206
0.106347866138
0.221144667472
0.313980061121
0.462478540486
0.35893954348
0.203008796313
0.177346391715
0.265779630446
0.368098445739
0.487198996553
0.389150277181
0.253781615761
0.0610443966071
0.174615569778
0.242335304452
0.337476552979
0.437628184505
0.263857096977
0.154375620573
0.0982281755059
0.446380760038
0.512194410796
0.289298846316
0.225595939841
0.205900354531
0.128029495302
0.145255805434
0.24171835573
0.480220668199
0.444492307696
0.241212472445
0.0821588270947
0.176818592297
0.374456002838
0.518280350923
0.384838553065
0.140613570275
0.0776094506895
0.0717326577169
0.176392125092
0.323759816797
0.438524171989
0.314677326462
0.253377922144
0.0849615309462
0.356238551679
0.453572220376
0.407415143716
0.306309919884
0.121394868638
0.0264254265282
0.0489637321358
0.22074004101
0.474563084482
0.501560561296
0.265700023396
0.0524412179455
0.121070983286
0.376824386481
0.476559989043
0.413565783193
0.119656869598
0.0884220886321
0.0835589181146
0.14800368534
0.263585965068
0.491794046928
0.412319342016
0.36668836792
0.046377258809
0.262961662339
0.424873201392
0.502242894045
0.31247593764
0.12563490123
0.031394325942
0.0326104844665
0.18283338857
0.376030776713
0.496630766105
0.318986605058
0.11459636729
0.124125657192
