0.0
0.276752778455
0.417040017866
0.47641480002
0.263332273434
0.109455851532
0.0239746966395
0.0786079599696
0.177289833727
0.433582206136
0.52783456109
0.368030482099
0.219195227896
0.223739956881
0.359790164825
0.478417837054
0.420893777595
0.255277965836
0.0768734224786
0.109097435836
0.135483683632
0.290071082848
0.445422101584
0.414853407401
0.274397241101
0.117516558265
0.167754872611
0.399037624863
0.525932635073
0.311432222247
0.162654215768
0.145616480495
0.0883652058005
0.199024556743
0.331716547686
0.4932316154
0.342828103386
0.232314179824
0.189138960988
0.291047832174
0.449274650159
0.440424989388
0.306019851967
0.205519354633
0.120943470783
0.121702854193
0.303509400795
0.365854204508
0.418918488674
0.376701070125
0.162720303105
0.113964024372
0.379360832969
0.531748647695
0.388293434129
0.242919765527
0.242680472053
0.142122810286
0.237355844689
0.332125055942
0.454769850521
0.379936154891
0.23325691546
0.145818463116
0.230298867943
0.384722050611
0.480885608571
0.367513305345
0.332346802777
0.221804693646
0.0582105954808
0.304929465531
0.352728631668
0.4041582459
0.409300081441
0.142236668718
0.164028478165
0.354073570845
0.471715713402
0.411939108233
0.345065601157
0.273438192153
0.174376136224
0.180503849359
0.289305928806
0.41666186743
0.368013104003
0.225805851392
0.111129068771
0.209211862242
0.301245461717
0.476717087302
0.423147641283
0.395962500696
0.232752961977
0.058346448656
0.144624965594
0.428757449116
0.378536155107
0.361305414515
0.225992150484
0.143624614204
0.320138605215
0.436799442725
0.41379023336
0.401949916909
0.365018121075
0.171240206702
0.0817999143122
0.248514032316
0.395147782596
0.35770251458
0.250403429925
0.203820524128
0.200542055011
0.305398774077
0.46641674142
0.408243731022
0.491414850235
0.267639916228
0.0411102603187
0.0736177781679
0.40468372103
0.405368027438
0.344073625468
0.260312136941
0.0747519698721
0.180692973721
0.359280001645
0.368600319656
0.42894638203
0.424500963494
0.247742345982
0.140665914483
0.237055818008
0.332815360929
0.463359852073
0.301232409303
0.203755510308
0.0727015924738
0.25481319177
0.480612513618
0.423108480705
0.509986896185
0.299600681144
0.0977907888051
0.0532286430158
0.249729083224
0.390265987442
0.360902782398
0.29711531306
0.0653006916877
0.101283784268
0.335278363323
0.382028553343
0.421232509518
0.439976527271
0.322450383315
0.180179583269
0.238971108783
0.290214673879
0.497664672661
0.42104354596
0.185496743487
0.0777288505597
0.206479104254
0.405371812032
0.361674638656
0.458507937071
0.364240801192
0.235732548536
0.0280348036912
0.210261891604
0.383048621092
0.408901842385
0.365787139524
0.12182680071
0.0562836390223
0.300292372393
0.350601536679
0.422165984538
0.480691240351
0.409331168004
0.202985919074
0.208565801236
0.302241204803
0.423769222356
0.44532856119
0.252897019321
0.147453672652
0.154944411394
0.248566104969
0.31351248981
0.454871957296
0.426107902223
0.278047495915
0.0763749382396
0.211569123593
0.403090717252
0.423782520042
0.335954558514
0.271606469013
0.117636413537
0.153823166056
0.256585733274
0.398823059276
0.50887589004
0.377277131496
0.215931814698
0.165379531795
0.29770321239
0.396612336963
0.439859347156
0.248191451985
0.190587298808
0.0862303328516
0.146553282906
0.259148437253
0.472417897453
0.459249352857
0.337030322096
0.226189243518
0.239685317986
0.414735711003
0.480324069679
0.30037403231
0.222852795086
0.141273295575
0.101623757575
0.135949069328
0.347242491365
0.503290935775
0.365635935713
0.218270726531
0.174468455575
0.260890727097
0.368282844276
0.465746635337
0.305218859281
0.0776814073629
0.0378277076732
0.0325769470188
0.208269229703
0.357748712902
0.500358643104
0.417575723743
0.266054181929
0.255314549568
0.37744667718
0.481166544377
0.402280008069
0.201956322032
0.0402275875479
0.0240297841121
0.0942026240217
0.30841639155
0.480871274218
0.402389504955
0.256267879176
0.177321377516
0.224852194697
0.349900900688
0.51055990337
0.332932604704
0.105766256561
0.035319845547
0.0286542527452
0.194935987791
0.322656850953
0.491796079336
0.436811857567
0.246065892985
0.155137386584
0.311126803793
0.472871425735
0.476876253826
0.238560386978
0.13283891251
0.105346435834
0.129624771581
0.175202435488
0.441810615119
0.41309811987
0.328492636796
0.194326399572
0.213253826392
0.39850023759
0.506022934463
0.375247353272
0.198947865038
0.165574365994
0.108978314903
0.194846029512
0.302310830396
0.463444253341
0.411965013947
0.240413814883
0.0760379944556
0.275092605011
0.410944912756
0.440344805646
0.291730935782
0.257690732393
0.152676760926
0.106531310827
0.203274177711
0.419961062036
0.482914195467
0.341448841082
0.230220089602
0.203965132232
0.37350371447
0.453060348438
0.393935358002
0.282224484317
0.323990905384
0.0642434080154
0.0757147902339
0.29014619726
0.378747892763
0.391205963198
0.238931874856
0.0882171263208
0.168479720699
0.327624855031
0.502622532948
0.38039185848
0.387675561929
0.208239873482
0.034024979678
0.229089361774
0.349868520611
0.486271406677
0.347676938137
0.23920428551
0.178741610634
0.287181168704
0.456296717135
0.426285325618
0.323536207583
0.34259681295
0.0940386593212
0.0355274654067
0.278963659155
0.374183053513
0.384488917715
0.35692873768
0.0937910280266
0.0621852889774
0.269613729894
0.502567029012
0.395523944751
0.452561677823
0.274085286333
0.157792845513
0.229181700209
0.267879313075
0.392299928196
0.4195898649
0.252650831465
0.146827474008
0.214098789562
0.407951978064
0.44977464949
0.393788457133
0.387300576626
0.248592087083
0.072868493862
0.229788875882
0.340963961083
0.380744811923
0.408010564854
0.108624559514
0.10048685731
0.239923612754
0.448435613487
0.442561110289
0.48058157898
0.293257795793
0.193426029093
0.17142551665
0.266704155347
0.355699083825
0.421620384417
0.265060745876
0.123965939899
0.186349059926
0.310352492632
0.415210966938
0.418497766287
0.437385379404
0.320753891972
0.106530181234
0.110301175697
0.408260931404
0.388843233227
0.376163741218
0.270290964367
0.0481468098081
0.249912890788
0.408903136351
0.424237220545
0.480022171308
0.340333159219
0.175854363821
0.0606639583463
0.231991535712
0.349846963686
0.426468998976
0.307418447017
0.180121553928
0.158008540704
0.269935089185
0.308306284019
0.414391732762
0.510389496756
0.358712865564
0.114924776984
0.0976216607926
0.40895451629
0.449713205305
0.35042507579
0.338730318955
0.103980652601
0.185047181288
0.310577230347
0.377163851516
0.46797939325
0.408861275937
0.239870614794
0.131583333145
0.18545109198
0.32274453518
0.46992518133
0.337256313377
0.267526951801
0.0530536811431
0.180642805715
0.247701724704
0.37890741005
0.542343648073
0.390502179704
0.122328594102
0.109583433061
0.308359531286
0.442815780148
0.379913850604
0.315319117656
0.16636436884
0.118727074566
0.196499812283
0.334209683883
0.447529953674
0.440585613203
0.301329990189
0.17440805263
0.19207881997
0.319125205447
0.522958613291
0.396734242442
0.255268855313
0.150664068129
0.0997469960839
0.162211112128
0.286028774274
0.50665342792
0.407572429703
0.230363170224
0.0612735623078
0.226572621423
0.388825918124
0.439488925995
0.276972951414
0.130071325954
0.104030073648
0.0756403477404
0.215368274627
0.423365330277
0.501902498361
0.393286104665
0.218954081193
0.189477325703
0.356984724417
0.505772412434
0.404854114192
0.194467726745
0.0643572634356
0.0194684897886
0.141598762045
0.292450506412
0.473087231238
0.404079967235
0.279890684024
0.0250284960039
0.127303813711
0.384967677238
0.457112106133
0.28440186554
0.0945214433121
0.0388757180784
0.0540964638423
0.126270249392
0.372549599068
0.522846474305
0.410252264187
0.231283672954
0.143321598629
0.336063921158
0.457064211239
0.439090699268
0.20795575067
0.094675728639
0.0249697731292
0.0837041629533
0.240486122047
0.454619290512
0.430945348765
0.332832997931
0.111507521366
0.105750695191
0.392486310365
0.507772436062
0.324690099846
0.110373622841
0.0827643242401
0.0876824826689
0.180898770116
0.317354271756
0.502079629891
0.394062469679
0.210685184557
0.118657415373
0.305659737493
0.371028652775
0.448825836642
0.242858029864
0.158502296902
0.129811691796
0.157305207538
0.29736661762
0.408597513745
0.442363878058
0.403854821863
0.183189132372
0.169943472788
0.310514301153
0.508174742913
0.369950406718
0.219115385612
0.198310742904
0.0768316465806
0.183683798682
0.302027809827
0.4194316613
0.374679486725
0.216441805185
0.0850720120825
0.202197775587
0.32439769554
0.440779625576
0.340384542964
0.259779325526
0.18136646738
0.124892566351
0.273058568533
0.447534177181
0.422416673116
0.422106962036
0.237884095535
0.123032247179
0.251358227288
0.484343583317
0.388215962679
0.296509015446
0.273972478559
0.125902737526
0.158072701168
0.312334827814
0.390535430061
0.377953690926
0.266735263807
0.131751298946
0.0874017218377
0.321516382717
0.465636228604
0.415530773702
0.373409436388
0.256139360186
0.0835729422926
0.168417342179
0.413423428059
0.429630598702
0.363270905743
0.238995627305
0.0786957088456
0.238698672882
0.432492292456
0.301396892699
0.354496929967
0.327708270141
0.184783561908
0.0902622927624
0.235169774851
0.379647567062
0.47843675722
0.27673845991
0.203247978595
0.0475643032584
0.305981714984
0.417751503933
0.418815143608
0.427016731679
0.321577856262
0.0408165748134
0.0667981236181
0.26702199158
0.445889101138
0.376689129526
0.25806194565
0.05807576992
0.178962157809
0.32341436051
0.315368830922
0.36396703218
0.428203057664
0.285356933313
0.0642271226032
0.172928075358
0.355659474192
0.485675767573
0.319200420974
0.188936706844
0.0536533942661
0.254362118308
0.396058989107
0.413053966239
0.440581982939
0.343710794685
0.0670803661413
0.0722133262774
0.215398274664
0.42033908432
0.399873987318
0.33815951517
0.133033085771
0.106018487636
0.220820788749
0.269252975159
0.325449267301
0.492199364952
0.338622625797
0.13200723529
0.216597473092
0.331172633502
0.401732364595
0.455670486113
0.288466037657
0.0607202349296
0.164728662055
0.300968138277
0.372573298068
0.465544288653
0.390084381944
0.18191353137
0.0313977202323
0.184935765628
0.384451175147
0.43846690939
0.391832240252
0.208057729142
0.0391483448822
0.199046221143
0.198885237811
0.371258812306
0.517254917627
0.296306356611
0.168643688726
0.205395194956
0.334574398719
0.372095501508
0.478685090294
0.327921089006
0.133795749721
0.119171072023
0.187548280832
0.273794427764
0.46004592263
0.423476027393
0.320357643746
0.12980216114
0.107611113262
0.399655954645
0.480389649554
0.400531189607
0.269162708543
0.151831830177
0.114432484627
0.12661170773
0.33392435447
0.529100043719
0.338537774378
0.184233517133
0.118573349726
0.292140071796
0.382156688708
0.483412333114
0.279938069157
0.152402806538
0.0835574209549
0.10541811603
0.233551233204
0.472281653338
0.463948830218
0.400811649889
0.127789705999
0.129000679173
0.416199578712
0.504671328532
0.393461153804
0.190045747976
0.0683877951478
0.0423237518234
0.137696221081
0.294695961686
0.491568915069
0.417222826625
0.190968501337
0.0642673173806
0.212343835901
0.354312295158
0.486135702211
0.267319464748
0.0953706637431
0.0796305814635
0.0487626849116
0.176979011204
0.398340253377
0.478001754824
0.391937433907
0.161946477365
0.177433637252
0.37412286369
0.49232086131
0.3879721994
0.203775549126
0.117596235942
0.0419707058182
0.0802059308623
0.278094440591
0.475030177233
0.443011138617
0.228800184117
0.141751831656
0.208640723055
0.34224708031
0.491541599266
0.304090865092
0.157837541442
0.0338960988958
0.068178391018
0.132883381959
0.333402971555
0.457346115904
0.393147187779
0.256218739606
0.114555474591
0.281364775994
0.443256066714
0.440870768317
0.299509828233
0.145750708073
0.130254596907
0.119822361382
0.308731962718
0.443511870325
0.466536566955
0.27593545397
0.169717697895
0.183100881168
0.358200474091
0.49843429504
0.28034052617
0.246724957195
0.1722685587
0.0487102859565
0.195763880192
0.360738452402
0.433205868755
0.383152423792
0.248448147878
0.0617946270411
0.161476844008
0.382731892113
0.436459595929
0.36746693398
0.264310583952
0.203656587114
0.0679817337452
0.251027259445
0.327542780468
0.500750236731
0.343630945044
0.199798563401
0.0952234670487
0.333772212979
0.48668265634
0.356014261195
0.281802656966
0.268775811205
0.118214832606
0.198635067736
0.267522272818
0.39996052096
0.382633571987
0.249781715002
0.0505012693546
0.116529649524
0.363184430103
0.472427050787
0.402541176528
0.361612257792
0.290652341902
0.0583266217327
0.284523449747
0.341744721185
0.474970193282
0.402155745353
0.177469927487
0.0760617178033
0.286709661749
0.424000970085
0.358170186752
0.299048362582
0.361039537913
0.181554635017
0.10667485985
0.237594742175
0.392975368922
0.370571188467
0.351711872783
0.108884175607
0.12889678251
0.283775697262
0.468247930014
0.441789390307
0.460071966324
0.304045946131
0.107959048973
0.179627342559
0.34045230738
0.373138428684
0.404521507112
0.193014247031
0.0624668762931
0.22933542223
0.350704447857
0.33483239382
0.370595617054
0.40198557148
0.21366343425
0.048750908672
0.231686383099
0.423188958375
0.359660484912
0.391044533836
0.259303741087
0.11763349666
0.238688782531
0.418467399564
0.405990074876
0.480401937045
0.286168865636
0.129589130404
0.0391902264398
0.308170612747
0.367915742223
0.390852909345
0.281658368019
0.116741118711
0.125914581166
0.284507066256
0.273370013485
0.404179506314
0.494279362437
0.300893556466
0.147365122464
0.220797719988
0.397989660474
0.394723529758
0.368008320932
0.303005356161
0.0776775565083
0.197896832455
0.326833443976
0.343606996278
0.487721856416
0.317756486279
0.186633437366
0.059197871746
0.263682368077
0.372223858167
0.434117807079
0.32505026207
0.200859769891
0.0476522520818
0.240334056505
0.187332497278
0.392610018692
0.508634334725
0.366132656962
0.154224317366
0.181191758295
0.27537184219
0.47787108038
0.420963523304
0.278873684647
0.11864913696
0.12763745262
0.219814159148
0.290584857122
0.504854088257
0.393462014995
0.267924190477
0.116151638531
0.240780160534
0.399949403517
0.462632625389
0.34276309074
0.168385196687
0.0899066769131
0.109007174471
0.1810981149
0.353455848222
0.460718248542
0.391183418723
0.167520746091
0.111209618357
0.25549793112
0.45651050431
0.447042738731
0.24816737031
0.143907519792
0.0506354279272
0.0819500030343
0.226595305082
0.462550889529
0.481546116676
0.348854100833
0.170087456368
0.244014661672
0.39797238714
0.458903474091
0.339879362294
0.157769775862
0.0466668483518
0.037618142419
0.100416988079
0.333784205483
0.480674496495
0.397225597071
0.211129593984
0.0823106701089
0.233558542069
0.424310449305
0.4637723318
0.225848995275
0.104020346342
0.0638516815703
0.154784238976
0.264068045158
0.426666798129
0.518999269546
0.357632338623
0.217071186729
0.243732526627
0.371523492049
0.46418463123
0.361940542982
0.240160304686
0.0874668929419
0.0886123633434
0.104320027351
0.290183300635
0.486980472436
0.36647740877
0.266113288348
0.171352963783
0.145906280151
0.381272085769
0.484793433363
0.331278754986
0.123636582524
0.0339575631634
0.045986120683
0.154605242848
0.317709255968
0.483918826816
0.40677291993
0.243599732683
0.223615848677
0.3352040359
0.458474492624
0.455363561348
0.288347895
0.0993909529194
0.0671990147548
0.100210653851
0.240279421326
0.412762677079
0.384291057063
0.365148983428
0.197328034014
0.147813358839
0.353590235641
0.517036593075
0.377844669233
0.148913239411
0.0999320920938
0.107558868041
0.169100385159
0.279445588844
0.481021593851
0.445388048099
0.191880929667
