0.0
0.344084060599
0.384851572315
0.537438826895
0.361167929106
0.157303586896
0.0120900850985
0.0440630078546
0.148984475852
0.338630828239
0.437286544408
0.351168429394
0.175843242702
0.156921499946
0.347323442716
0.530417017905
0.520288972087
0.26274881028
0.0548279158951
0.0504139959337
0.0702488448829
0.099550318565
0.346310448632
0.311093478179
0.297240844651
0.112135457924
0.270192631334
0.269399133012
0.57927731606
0.483936142279
0.250528897157
0.0633003080214
0.125385160769
0.132482198034
0.0715195280031
0.225018615537
0.278327879016
0.172301747325
0.150967571327
0.23436062729
0.415211703442
0.544301749815
0.289725075767
0.189784574644
0.037672703686
0.235135365257
0.162303266169
0.0910591598707
0.130267315459
0.17928206538
0.134993837599
0.200267315435
0.210530189198
0.469747342614
0.516106220604
0.302901310236
0.136483576179
0.182398332498
0.337417079208
0.250258475819
0.0661288980954
0.143430064806
0.0917494191127
0.0891263829102
0.145895800991
0.294036191034
0.525300458106
0.32174986764
0.266761887268
0.108810023693
0.387714253062
0.372967966978
0.11306822596
0.114961532939
0.117250823084
0.114819869648
0.0225020686571
0.0928834092261
0.33808228936
0.421774505353
0.268285465531
0.171323603791
0.236199548709
0.485478897163
0.411979195933
0.156609665881
0.076413433736
0.0311991826208
0.225349654933
0.0641750455638
0.212911177912
0.310070129222
0.285585904609
0.219981390983
0.177648464336
0.431506001607
0.494890309528
0.313341361281
0.199992490567
0.0659360729346
0.179850635858
0.158496121115
0.144253749374
0.194420832487
0.222694354673
0.220489543199
0.137487507307
0.253019875798
0.507212537185
0.545268706461
0.36359798752
0.107527027599
0.0727753376237
0.27299587072
0.271320026278
0.128238542221
0.0939298929154
0.136851500625
0.147764276708
0.134042643497
0.294653567403
0.540796885159
0.466644243606
0.306763328632
0.0378787736688
0.2043686402
0.244249064688
0.379604439629
0.159131673791
0.120737774215
0.0923052731719
0.0423406257604
0.147335952589
0.370404894215
0.556496816265
0.469096668076
0.187254117559
0.154000789492
0.255933293625
0.437195141005
0.379346384845
0.255997075953
0.0801782730121
0.0438870993518
0.115847298815
0.134859502272
0.437607298993
0.490614743381
0.3832449622
0.186540266919
0.203431470825
0.329802799433
0.4918086545
0.467623010807
0.268947084528
0.0687373005749
0.0530770548427
0.0863183654378
0.233299275017
0.457031784034
0.411703462781
0.291609726699
0.197874263705
0.252637052752
0.440749843766
0.484065851316
0.384740964517
0.208361965853
0.0381096336506
0.037580602577
0.121796216337
0.26237195064
0.393383691651
0.348019112082
0.211191358629
0.198041522284
0.288680319443
0.482368030803
0.557981255368
0.380353442768
0.0790801184993
0.0981535476464
0.0649394198467
0.0908784724319
0.173362398331
0.308345680404
0.232832990498
0.19010745643
0.153241220886
0.309245051207
0.533906485617
0.470958379855
0.2997572586
0.0877382767287
0.106862710511
0.215498696582
0.0445155464177
0.0808887172476
0.272514544972
0.151828063049
0.164847530719
0.100023803696
0.389580075462
0.521557285519
0.418983849743
0.202280271559
0.143200079104
0.203309903656
0.223577748517
0.143477491313
0.147748257399
0.107185711379
0.227994378223
0.0866537401498
0.182465093659
0.408952351293
0.469761326222
0.351711372578
0.180394102165
0.217411650584
0.358958935076
0.18251969324
0.26513371192
0.0960863661205
0.173762994696
0.12327258081
0.0815688744394
0.239769753104
0.392540839834
0.342809126802
0.265412933782
0.189796858364
0.331707948199
0.438491550664
0.319455556883
0.177845183274
0.0688874658881
0.23137009588
0.070791692812
0.0264551117437
0.134901402982
0.380655404421
0.29061132167
0.148869575427
0.295062272817
0.406300504788
0.463921835382
0.331170154081
0.0627227694009
0.138957198255
0.0923490537399
0.204009641102
0.136411128949
0.136520246166
0.235823661068
0.186051689931
0.0846656761041
0.411370831015
0.458225344865
0.495820074982
0.26747669488
0.143900501916
0.201538257164
0.150668486017
0.209137103954
0.114071467459
0.192857457031
0.146297477936
0.0922977169623
0.181052108093
0.38945687047
0.568580857958
0.422097148544
0.188009774054
0.182865438829
0.159340729916
0.265572377104
0.207484302136
0.163544804975
0.169765527055
0.0526415100691
0.0870331411507
0.356366518468
0.376268752582
0.514111882495
0.317639919394
0.175848473442
0.19817021762
0.250000495747
0.395799707028
0.291646427363
0.152786130254
0.0340916887187
0.0691895726212
0.104250942446
0.320647663939
0.51232123327
0.51850054107
0.208175222507
0.213128992081
0.192276382943
0.392964790282
0.484556326362
0.350602273866
0.124462068418
0.08521885846
0.0760536098171
0.213209482098
0.28228617391
0.427581859552
0.398432667953
0.28314951039
0.167700914214
0.308316894325
0.43669661222
0.548220771073
0.277685941221
0.117718835247
0.0475391717574
0.0737425813986
0.150672432676
0.338179981068
0.461272754427
0.277092884799
0.190792450546
0.0695365904996
0.402306132399
0.461081081631
0.477516142967
0.166951686812
0.11450410083
0.0230265022004
0.0584093769212
0.156950430488
0.297520878795
0.366838488398
0.266673201964
0.0769358346792
0.193700755574
0.359696872419
0.611097315737
0.397768866555
0.141014056523
0.0721759995828
0.0770296669784
0.0674090774349
0.116790976653
0.227443023249
0.266016268673
0.109619595746
0.0677130998617
0.260080459386
0.389956437881
0.519621527604
0.242080964821
0.2030005063
0.129391296562
0.168655260462
0.102122923803
0.0246031414746
0.0839688834049
0.232447992869
0.025192279446
0.143158677216
0.238465622669
0.540352065394
0.500552682042
0.101934399128
0.178238496047
0.176780105706
0.311461012358
0.194674772363
0.0800465578828
0.0525200396144
0.0756162293884
0.115800991236
0.178075494643
0.313856367112
0.430371280604
0.32777167949
0.154716308849
0.209202354487
0.322308727063
0.372045597602
0.165330230907
0.18167941824
0.191144614165
0.120031767523
0.0692184811896
0.112067122893
0.372269707428
0.417175742751
0.1369457417
0.203912639927
0.213820912228
0.503685768168
0.395836975895
0.127853810284
0.0803613970767
0.144366999288
0.226536182264
0.0607444390973
0.132493767009
0.279486380394
0.300088426544
0.09616054824
0.236984081989
0.358000445297
0.527630240262
0.306304692819
0.204796304322
0.122458224119
0.22042155239
0.147659161991
0.0788005926282
0.0980046107488
0.206872692841
0.143454840793
0.130694734981
0.254266610679
0.543675604468
0.538767940828
0.219915880297
0.169203020337
0.0948192012959
0.328679083248
0.166982240462
0.203277899028
0.0510729161811
0.177664941402
0.0229042135098
0.158234662862
0.326410249161
0.590227040457
0.403872144292
0.329513593488
0.0429744052958
0.248109499221
0.29502021347
0.331774147322
0.241617246713
0.0898478576436
0.0449192456164
0.0777176109486
0.202892812444
0.444440165497
0.572769039274
0.329382362664
0.289933332379
0.0481540800037
0.387520202024
0.321729798741
0.420445208436
0.219257890072
0.0532920285145
0.0976990491766
0.0926107775899
0.277383872439
0.489522625767
0.431702979944
0.385235016388
0.16579104002
0.244700907362
0.306248511056
0.511035940299
0.474299207791
0.184750034504
0.0919245992613
0.122576946626
0.0798579793139
0.313061756744
0.408438499562
0.337414998234
0.341051955861
0.141761779318
0.318766012176
0.337078145076
0.545923554236
0.368604316131
0.172271037087
0.141595651474
0.0230163173141
0.0926294001471
0.256559965736
0.265736940079
0.338158070735
0.253544105211
0.191698881921
0.280073126023
0.45931649923
0.582121773579
0.267450336695
0.146858389581
0.0813620468917
0.118674205892
0.0647001457225
0.179924754889
0.190805389508
0.320550530237
0.120035662642
0.240159349985
0.283013450462
0.538971419666
0.446351343467
0.254724661081
0.0461880060836
0.125048209204
0.130545795546
0.0630343616445
0.0677929138951
0.275271277839
0.220863820026
0.0300969267119
0.188520992852
0.348913165108
0.565480065013
0.334132654256
0.189348102776
0.0563718292064
0.285287062034
0.230314110523
0.08612041961
0.097912721629
0.186487488777
0.191755049442
0.0923189549044
0.162754494808
0.412508199929
0.435135077868
0.258494356361
0.169656226557
0.220587856221
0.310723828906
0.354785604066
0.0316798614081
0.196668617097
0.105184605681
0.183464707364
0.0820176967324
0.243972586904
0.376048153751
0.311699117184
0.16775205568
0.187923039644
0.341109097925
0.424029863011
0.296047381635
0.1202199662
0.163313165074
0.218920534996
0.139799135904
0.0892571556344
0.188396846398
0.292955645137
0.182439266202
0.163797145918
0.217725600827
0.431085364334
0.484823800343
0.23337159993
0.0955282201648
0.0481203957751
0.235156357619
0.181101688497
0.0560175392581
0.10058722836
0.156922557324
0.0917812437227
0.204635975811
0.291989316894
0.560315740724
0.452827009739
0.167473676068
0.0851074435798
0.129312711637
0.311918864821
0.277156353432
0.100329071687
0.0874513050673
0.0648238835921
0.113638549535
0.151760767072
0.436897346123
0.547285871464
0.383048131092
0.140261991885
0.114710269845
0.238132017779
0.404001429489
0.221385311059
0.108479832979
0.0438233274076
0.0751798121727
0.218819254828
0.222080884123
0.529096567267
0.46403253205
0.333435673008
0.190890056926
0.125339954038
0.36983627579
0.400193740764
0.314019581703
0.161152455639
0.0637495886812
0.134587565679
0.10804394668
0.326826841344
0.56563709778
0.434006727652
0.265061156569
0.198520141497
0.242131908136
0.449193346416
0.419920696328
0.264863010434
0.187692447765
0.101187016745
0.193271411496
0.112327776769
0.326708612243
0.443686713477
0.376689007423
0.184620382105
0.191361545377
0.297254711521
0.494376802329
0.422048163075
0.315327710339
0.176132527274
0.118576259588
0.0307763245519
0.147173634372
0.320555753537
0.413319568322
0.175631559847
0.226437366585
0.150770790766
0.391555511581
0.518727959382
0.370451478748
0.29390361104
0.1455826609
0.0980483544839
0.0818309928714
0.0917212762251
0.285738118738
0.274097347318
0.212302251256
0.145562269454
0.148853158151
0.478896019214
0.489465175248
0.396521505771
0.222399948982
0.0326098115269
0.0754443981548
0.114419271579
0.0512230637004
0.208522211971
0.133083636259
0.291781359632
0.0384549086894
0.331630618389
0.419014788042
0.353929857753
0.373910445234
0.139923746648
0.107419365856
0.219651173601
0.0994556983837
0.110593123905
0.148513160796
0.243740461216
0.216593515189
0.0597136652484
0.336518317091
0.460911911005
0.357100643637
0.240391464153
0.131776044576
0.213972825242
0.331703395897
0.312041189946
0.190696726796
0.136939322786
0.239263881573
0.123630777689
0.209377343938
0.199697982012
0.318975372723
0.318459783198
0.1009893755
0.253449244754
0.264157450597
0.371514836791
0.325505013426
0.125613123001
0.210533945821
0.0696562393545
0.14976573723
0.200233056831
0.220160093784
0.25778710364
0.131297471721
0.127197700267
0.328844353239
0.418866639579
0.404993374307
0.192155307018
0.181278146339
0.172939149339
0.107222044323
0.0869569540811
0.0505329467864
0.252897198504
0.171543175145
0.114211882931
0.325767116952
0.279833915542
0.465124822683
0.384102323421
0.0863693744824
0.182717554988
0.0705581709131
0.258132365755
0.0569559932395
0.0873004699695
0.129723285867
0.025031859132
0.119936309836
0.367742234372
0.43350023595
0.50478305536
0.235904486516
0.106314214033
0.142319816084
0.162526917529
0.36908195453
0.166789816709
0.167883413137
0.0805282137963
0.138732812992
0.214737763941
0.300402165379
0.483498431933
0.51018620096
0.214227651869
0.17900736503
0.0946925969472
0.358488523843
0.43186060398
0.211061291538
0.0309418627625
0.143677383132
0.192033049068
0.345698717608
0.369303701583
0.520306583029
0.343632077735
0.243135861494
0.143847898573
0.263249104271
0.400175932755
0.394196504077
0.125562291016
0.181693026105
0.147052739078
0.264705025702
0.265726831691
0.417204978371
0.520566262813
0.297479669592
0.164225270007
0.0785185297469
0.396957824864
0.498979539078
0.346064750244
0.101012232915
0.250842297107
0.136865393399
0.247134150393
0.20352610585
0.400715675246
0.43243806267
0.211125641344
0.0744234125299
0.248717971912
0.354530209031
0.525051694101
0.276006165498
0.167908623009
0.125962993075
0.149526121221
0.0857790827989
0.144587869112
0.393002447993
0.346238580753
0.0573341597041
0.0860614054138
0.287790682385
0.514207337433
0.493719249637
0.150941704567
0.252819719
0.10344188869
0.139457042882
0.0769295160402
0.174071654925
0.366488921576
0.175547166674
0.0520070900649
0.153273572938
0.353309883113
0.533251044482
0.406390687403
0.147583990727
0.0507574257921
0.0728736321573
0.172644818513
0.0988924491706
0.0596748277451
0.28700770008
0.104525260595
0.11610964367
0.153468125953
0.453162501244
0.471993913742
0.211755607383
0.238708789787
0.112749211217
0.230645050417
0.210023233411
0.0715768165268
0.0521366225324
0.255053894899
0.176003088419
0.192897623783
0.199182920224
0.455641431087
0.367118933914
0.135593031654
0.157024033759
0.12350324615
0.374398537039
0.205807778908
0.166669511588
0.189055985268
0.205552276891
0.232817026225
0.146660294093
0.30163887074
0.341468166726
0.203715928766
0.141157663653
0.13707656487
0.350751689199
0.418694713038
0.118350599359
0.24435708971
0.223093585854
0.276788043612
0.166696442272
0.109095414177
0.216161751974
0.23239599804
0.0763133082035
0.153028056604
0.250614283482
0.491147063317
0.392712040758
0.220504296579
0.0966391199077
0.219148864055
0.323518976402
0.0624654948983
0.0639823627795
0.123295421137
0.10911262309
0.0539219769989
0.219872236331
0.431370033504
0.545026152471
0.272900400582
0.32245495142
0.0945176775875
0.326556734501
0.236167440082
0.234220936404
0.0952918316327
0.0938098347178
0.0989044930386
0.104229637737
0.322711834837
0.531548425789
0.499110403152
0.349037025048
0.269425562387
0.128329754502
0.360584149399
0.227560675231
0.267170039479
0.124031333038
0.0541059679421
0.207544318893
0.191900962702
0.419454704077
0.523196089711
0.429878726738
0.372535270248
0.154977572765
0.299626492651
0.23942538247
0.403129174059
0.337303708182
0.094957595729
0.194013592984
0.181575056197
0.237135459168
0.474155734231
0.431364425166
0.373233028727
0.308729612771
0.170644474536
0.31538824838
0.311675589109
0.474701247653
0.273902374858
0.120270951712
0.109385897504
0.0921351142284
0.267720406894
0.380153058639
0.325306148697
0.391558914136
0.176500028191
0.241494541094
0.300021701586
0.454417616978
0.49548672653
0.218043376934
0.202375369106
0.196682928375
0.0825247581797
0.269831496694
0.24772473647
0.291978510491
0.350247304175
0.0701824360929
0.274493857094
0.33515107188
0.549646880017
0.424449477484
0.190333595101
0.185306006725
0.0717904265644
0.145961329097
0.125413624284
0.155775993901
0.377235974075
0.236440371612
0.0555925292423
0.214177941872
0.416378354655
0.555568182329
0.330862141282
0.145640022991
0.0717062439692
0.141352947583
0.15812364972
0.103347773674
0.256800162403
0.366210409271
0.240856936073
0.17741781292
0.217916362144
0.475087636531
0.457158474556
0.202506445689
0.0861365327682
0.0909470572872
0.178750497026
0.220322114668
0.151853542949
0.154483080014
0.2798391027
0.137613782272
0.126108587904
0.27969890343
0.426231953283
0.280532722225
0.207630891808
0.0928121908692
0.199872775233
0.317807868368
0.163515828497
0.212419116044
0.0918097677781
0.302207262016
0.227485322259
0.0660070433469
0.260721449775
0.341005910782
0.136114117312
0.167091158033
0.152922152504
0.348809764309
0.424322140584
0.0589544808198
0.192968540231
0.191831844069
0.203972213089
0.210853406741
0.112441985998
0.261555978664
0.140209296856
0.101294844954
0.124346479097
0.2835188425
0.495363054518
0.334546105604
0.0943955220575
0.173818383618
0.217370381268
