0.0
0.00940454191324
0.0194092509783
0.0299572101119
0.040986463599
0.0524341304422
0.0642363065675
0.0763284405903
0.0886457088269
0.101123579377
0.113698137052
0.126306427946
0.13888695207
0.15138004194
0.163728130621
0.175876239989
0.187772258865
0.199367134758
0.21061530974
0.221474922435
0.231907936871
0.241880366917
0.251362521102
0.26032892649
0.26875861083
0.27663500177
0.283946024157
0.290684060117
0.296845888261
0.302432638767
0.307449624064
0.311906284231
0.315815934204
0.319195630561
0.322065934187
0.324450644938
0.326376584052
0.327873246006
0.328972568704
0.329708509453
0.330116759118
0.330234376213
0.330099400173
0.329750424343
0.329226279834
0.328565556811
0.327806225148
0.326985231391
0.326138113138
0.325298631787
0.324498422051
0.323766647372
0.323129762949
0.322611250109
0.322231483555
0.322007570353
0.321953334119
0.322079288501
0.322392738691
0.322897895664
0.323596054564
0.324485834002
0.325563431628
0.326822920074
0.328256542538
0.329855048688
0.331607973383
0.333503968487
0.335531061694
0.337676927004
0.339929111347
0.342275251898
0.3447032309
0.347201336921
0.349758368703
0.352363727984
0.355007487947
0.357680425377
0.360374048308
0.363080589777
0.365793027832
0.368505009569
0.371210878449
0.373905588406
0.376584682587
0.379244249207
0.381880844629
0.384491464172
0.387073472588
0.389624579815
0.392142749361
0.394626180733
0.397073252644
0.399482485455
0.401852485739
0.404181924503
0.406469499512
0.408713897401
0.410913769777
0.413067713135
0.415174239547
0.417231762801
0.419238579755
0.421192868193
0.423092652284
0.42493583851
0.426720163292
0.428443226309
0.430102474327
0.431695212616
0.43321862037
0.434669741365
0.436045509091
0.437342757079
0.438558250661
0.439688686609
0.440730744813
0.441681090161
0.44253641109
0.443293476867
0.44394914477
0.444500416967
0.444944479256
0.44527876074
0.445500963366
0.445609133998
0.44560171019
0.445477584791
0.445236161392
0.444877412335
0.444401945059
0.443811065544
0.443106831502
0.442292104218
0.441370628403
0.440347048197
0.439226956115
0.438016948585
0.436724642809
0.435358638182
0.433928599082
0.432445166118
0.430919932237
0.429365419283
0.427794933845
0.426222502629
0.424662730876
0.423130619703
0.421641400441
0.420210313164
0.418852345601
0.417581983531
0.416412942437
0.415357843318
0.414427894337
0.413632666593
0.412979672412
0.412474186049
0.412118978521
0.411913988189
0.411856309004
0.41193994823
0.412155734849
0.412491425952
0.412931613166
0.413457897449
0.414049078774
0.414681282247
0.415328310959
0.415961936755
0.416552188551
0.417067796043
0.417476541061
0.417745681019
0.41784230505
0.417733834465
0.417388310933
0.416774881956
0.415864087163
0.414628285896
0.413041915995
0.411081890726
0.408727770652
0.405962138608
0.402770715276
0.399142672919
0.395070712885
0.390551290797
0.385584696746
0.380175187475
0.374331040275
0.368064604882
0.361392367349
0.354334912461
0.346916969171
0.339167335073
0.331118882503
0.322808453711
0.314276839939
0.305568627776
0.296732160622
0.287819323825
0.278885434012
0.269988982309
0.261191375104
0.252556525065
0.244150375886
0.236040252987
0.228293991097
0.220978870777
0.214160251863
0.20789998672
0.202254550411
0.197273043636
0.192995186556
0.189449442905
0.186651618383
0.184603948642
0.183295150115
0.182701054763
0.182786344586
0.183506562869
0.18481085553
0.186644435255
0.188951301347
0.191676216519
0.194766622755
0.198173771473
0.201853608392
0.205767115796
0.209880401446
0.214164491613
0.218594947234
0.223151394034
0.227816890968
0.232577413527
0.237421176008
0.242338148554
0.247319451712
0.252356967611
0.257442872296
0.262569351415
0.267728304355
0.272911164023
0.278108756316
0.283311224569
0.288508022968
0.293687926382
0.298839113478
0.303949253668
0.30900564419
0.313995332176
0.318905290121
0.32372256325
0.328434429388
0.333028559936
0.337493163636
0.341817132349
0.345990148453
0.350002829558
0.353846782463
0.3575147236
0.361000512234
0.364299233174
0.367407179479
0.370321937447
0.373042316065
0.375568414836
0.377901530577
0.380044182906
0.38200003126
0.383773857305
0.385371468426
0.386799666758
0.388066155542
0.389179460042
0.390148873762
0.39098435385
0.391696427459
0.392296116417
0.392794827986
0.393204304798
0.39353650805
0.393803555774
0.394017597881
0.394190740609
0.394335001468
0.394462257591
0.394584112809
0.394711819573
0.394856264417
0.395027906572
0.395236703995
0.395492110154
0.395802990717
0.396177586347
0.396623516125
0.397147756476
0.397756618374
0.398455688182
0.39924987604
0.400143424435
0.401139889621
0.402242152182
0.403452420917
0.404772267831
0.406202627328
0.407743829289
0.409395610174
0.411157137414
0.413027022713
0.415003364943
0.417083760954
0.419265305565
0.421544623361
0.423917885934
0.426380815607
0.428928704576
0.431556433982
0.43425843477
0.437028734124
0.439860921779
0.442748187239
0.445683281211
0.448658518551
0.451665762069
0.454696435948
0.457741494912
0.460791417638
0.463836196113
0.466865311618
0.469867749927
0.472831975432
0.475745935966
0.478597037796
0.481372154305
0.484057633644
0.48663928408
0.489102423225
0.491431841341
0.493611851138
0.495626294497
0.497458599471
0.499091794752
0.500508538713
0.501691203193
0.502621920538
0.503282627525
0.503655174921
0.503721375146
0.503463091495
0.502862347616
0.50190144794
0.500563074133
0.498830380853
0.496687156016
0.494117950984
0.491108264466
0.487644614211
0.483714766902
0.47930787178
0.474414682899
0.46902769315
0.463141383928
0.456752375468
0.449859714306
0.442465042547
0.434572910466
0.426190969752
0.417330277523
0.408005622646
0.398235835899
0.388044190927
0.377458754724
0.366512908298
0.355245822953
0.343703069042
0.331937267557
0.320008845625
0.307986882721
0.295949998516
0.283987346313
0.272199511798
0.260699345862
0.249612368641
0.239076664986
0.229241493567
0.220264553658
0.212306741216
0.205524638227
0.200059994958
0.196027779667
0.193503706624
0.19251451998
0.193032728604
0.194977981993
0.198224265639
0.202611576901
0.207959073643
0.214077522518
0.220779381021
0.227885905547
0.235231670016
0.242666677252
0.250057267987
0.257285680098
0.264249506909
0.270860510053
0.27704377498
0.282736562784
0.287887600003
0.292456188115
0.296411702876
0.299732977238
0.30240797693
0.304433395937
0.305814428878
0.306564552037
0.306705297109
0.306266155635
0.305284361143
0.30380474937
0.301879556648
0.29956813222
0.296936648403
0.294057572681
0.29100915145
0.287874475296
0.284740583603
0.281696976436
0.278834154567
0.276241494854
0.274005223161
0.272205751784
0.270915359428
0.270195482981
0.270094688193
0.270646694626
0.271869377557
0.273764256252
0.276316941353
0.279498235753
0.283265863937
0.287566689068
0.29233905054
0.297515284053
0.303023962251
0.308792080957
0.314746753506
0.320816780924
0.326933708481
0.333032784819
0.339053496685
0.344940016379
0.350641403978
0.356111734977
0.361310062455
0.366200359787
0.370751381574
0.374936475383
0.378733390856
0.382124064313
0.38509438777
0.387633962323
0.389735884641
0.391396495811
0.392615154713
0.393394020145
0.393737804673
0.393653621923
0.393150693287
0.392240215565
0.390935143548
0.389250053606
0.387200906285
0.384804894468
0.382080246671
0.37904625263
0.375722992108
0.372131163371
0.368291970426
0.364227160161
0.359958817846
0.355509232685
0.350900845767
0.346156210517
0.341297879421
0.336348327279
0.331329884862
0.326264726425
0.321174802008
0.316081766914
0.311006941045
0.305971255248
0.300995209936
0.296098817087
0.291301595525
0.286622462475
0.282079681605
0.277690834673
0.273472745947
0.269441401043
0.265611849411
0.261998151293
0.258613303161
0.255469153684
0.252576342011
0.249944188839
0.247580572746
0.245491938083
0.24368330997
0.242158186133
0.24091847764
0.239964570527
0.239295362543
0.238908293769
0.238799386173
0.238963350968
0.2393936542
0.240082639179
0.241021654465
0.24220115722
0.243610796848
0.245239559113
0.247075883976
0.249107752391
0.251322768679
0.253708233632
0.256251209922
0.258938565402
0.261757044157
0.26469328153
0.267733798631
0.270865020888
0.274073285898
0.277344845226
0.280665839679
0.284022280965
0.287400045383
0.290784854004
0.29416225324
0.297517598265
0.300836050878
0.304102534435
0.307301769436
0.310418253417
0.313436285121
0.316339933885
0.319113098177
0.32173951496
0.324202797095
0.326486495765
0.328574136267
0.33044928315
0.332095615492
0.333497023983
0.334637703929
0.335502255447
0.336075811503
0.336344179902
0.336293998326
0.335912877542
0.335189616426
0.334114362462
0.332678857123
0.330876639996
0.328703344186
0.326156924276
0.323237996801
0.319950124968
0.316300200488
0.312298815664
0.307960699416
0.303305095932
0.298356280978
0.293144034098
0.287704189199
0.28207910708
0.276318203554
0.270478411199
0.264624521328
0.25882939055
0.253173857859
0.247746339453
0.242641863381
0.237960495399
0.233804950193
0.230277383713
0.227475356518
0.225487148649
0.22438681749
0.224229456298
0.225047370753
0.226847508891
0.229610830376
0.233293270818
0.237828559143
0.243131883901
0.249104425699
0.25563761972
0.262617368107
0.26992737763
0.277452030837
0.285078395698
0.292697792701
0.300206823346
0.307508010598
0.314510286644
0.321129153004
0.32728694668
0.332912760265
0.337942703019
0.342319702522
0.3459938161
0.348922026195
0.351068583487
0.352404861937
0.352909678149
0.352569280084
0.351377605312
0.349336411045
0.346455523996
0.342753068433
0.338255762563
0.332999279137
0.327028604564
0.320398563212
0.313174312115
0.305432018478
0.297259525287
0.288757143078
0.28003840984
0.271230746663
0.262475949733
0.253930032509
0.245762438847
0.238153644302
0.231291297795
0.225363566463
0.220550499164
0.217012603395
0.214878956078
0.214235587438
0.21511751669
0.217505476035
0.221328809221
0.226473397984
0.232792905071
0.240121113281
0.248283045052
0.257104243029
0.266417098336
0.27606525643
0.28590559801
0.295809371819
0.305661907462
0.315362243385
0.324822066158
0.333964910544
0.342725000939
0.351046447354
0.358882243945
0.366193568871
0.372949000547
0.379123904258
0.384699842523
0.389664030619
0.394008890673
0.397731576863
0.400833591121
0.403320381416
0.405201034397
0.406487873914
0.407196212318
0.407344007229
0.40695160437
0.406041465308
0.404637892012
0.402766833597
0.40045559021
0.397732671358
0.394627520875
0.391170390886
0.387392091529
0.383323896344
0.378997322049
0.374444009707
0.36969558207
0.364783514436
0.359739012484
0.35459289455
0.349375490374
0.344116544924
0.338845104389
0.333589431852
0.328376926278
0.323234008757
0.31818606404
0.313257314114
0.308470763879
0.303848088059
0.299409555811
0.295173933419
0.291158411225
0.287378505677
0.283848001395
0.280578879364
0.277581265617
0.274863393827
0.272431583811
0.27029025424
0.268441927168
0.26688729495
0.265625254503
0.264653013213
0.263966221673
0.263559079166
0.263424478142
0.263554156216
0.263938856305
0.264568490405
0.265432305755
0.2665190208
0.267816975441
0.269314268439
0.270998878758
0.272858785913
0.274882013426
0.277056744252
0.27937136524
0.281814524984
0.284375158495
0.28704252729
0.289806188379
0.292656010867
0.295582209863
0.298575313748
0.301626136096
0.304725742971
0.307865456674
0.311036800794
0.314231537246
0.317441611615
0.320659075931
0.323876073872
0.327084875765
0.330277859087
0.333447430264
0.336586017397
0.339686075107
0.342740059857
0.345740451064
0.348679731122
0.351550363599
0.354344756188
0.357055332973
0.359674572458
0.362194929722
0.364608878631
0.366908941545
0.369087714411
0.371137890729
0.373052278721
0.374823840071
0.376445699047
0.377911194882
0.379213967902
0.380347973543
0.381307463785
0.382087119989
0.382682041051
0.383087869586
0.383300748885
0.383317432903
0.383135324055
0.382752521228
0.382167866614
0.381381017074
0.380392431834
0.379203456196
0.377816373196
0.376234407234
0.374461751401
0.372503556215
0.370365999311
0.368056265858
0.365582516995
0.362953881675
0.36018042397
0.357273098722
0.354243702011
0.351104790273
0.347869580452
0.344551827312
0.34116574422
0.337725867943
0.334246884998
0.330743468797
0.327230133907
0.323721026105
0.320229774478
0.316769260299
0.31335146519
0.309987298053
0.306686398266
0.303457030638
0.300305923561
0.297238220291
0.294257389055
0.291365168489
0.28856161877
0.28584518711
0.283212775604
0.280659834818
0.278180539092
0.27576804448
0.273414676835
0.271112127186
0.268851747553
0.266624829498
0.264422877778
0.262237797671
0.260062205757
0.257889665446
0.255714940522
0.25353407002
0.251344591268
0.249145678847
0.246938252559
0.244725000174
0.242510409779
0.240300762746
0.238104061128
0.235929967088
0.233789670148
0.231695723784
0.229661814673
0.227702577533
0.225833300215
0.22406966004
0.22242739648
0.220921995657
0.219568384239
0.218380584923
0.217371434271
0.216552277551
0.215932753163
0.215520565373
0.21532136324
0.215338636646
0.215573692255
0.216025685529
0.21669171802
0.217566978831
0.218644919763
0.219917484831
0.22137534168
0.223008144138
0.224804764792
0.226753558483
0.228842565726
0.231059742781
0.233393108533
0.235830918842
0.238361769803
0.240974700971
0.243659247409
0.246405481074
0.249204045134
0.252046125368
0.254923453294
0.257828280323
0.260753327201
0.263691755656
0.266637125035
0.269583333
0.272524597355
0.275455384689
0.278370402327
0.28126454907
0.284132900307
0.286970684999
0.289773268344
0.292536150375
0.295254966194
0.297925477093
0.30054359161
0.303105369235
0.305607040265
0.308045012363
0.3104159025
0.312716546198
0.31494402275
0.317095670321
0.319169111634
0.321162260081
0.323073350169
0.324900937072
0.32664391825
0.328301538828
0.329873386587
0.331359422395
0.332759965436
0.334075701019
0.335307651168
0.336457205255
0.337526105053
0.338516407853
0.339430519354
0.340271145511
0.341041294208
0.341744257134
0.342383606714
0.342963160263
0.343486980407
0.343959354286
0.344384754219
0.344767850371
0.345113487245
0.345426662815
0.345712480765
0.345976169026
0.346223066858
0.346458583414
0.346688184363
0.346917372736
0.347151680074
0.347396641858
0.347657779974
0.347940574992
0.34825045453
0.348592763876
0.348972772632
0.349395627394
0.349866329077
0.350389702915
0.350970410743
0.351612874319
0.352321313423
0.353099686156
0.353951618255
0.354880438833
0.355889137722
0.356980366611
0.358156343865
0.359418859295
0.360769255679
0.362208397343
0.363736654097
0.365353887701
0.367059387008
0.368851870256
0.370729485317
0.372689808086
0.374729761068
0.376845647679
0.379033138706
0.381287291904
0.383602547751
0.385972736708
0.388391046167
0.390850015182
0.393341642895
0.395857419143
0.398388276072
0.400924590175
0.403456317276
0.405973004234
0.408463805821
0.410917568845
0.413322856354
0.415668028548
0.41794131317
0.420130892019
0.422224959972
0.424211762403
0.426079723019
0.42781755329
0.429414310387
0.430859478432
0.432143088583
0.433255806553
0.434189033252
0.434934995699
0.435486864667
0.435838800347
0.435986069544
0.435925162161
0.435653842962
0.435171210806
0.434477744801
0.43357540399
0.432467632554
0.431159373698
0.429657075683
0.427968678434
0.426103574309
0.424072528325
0.42188758606
0.419561977843
