0.5
0.500125566382
0.500252008146
0.500379321255
0.500507497233
0.500636525114
0.500766392483
0.500897082514
0.501028579008
0.501160860515
0.501293904016
0.501427684405
0.501562174676
0.501697345456
0.501833165388
0.5019696016
0.502106618977
0.502244180754
0.502382249025
0.50252078385
0.502659744045
0.502799087641
0.502938770907
0.503078749215
0.503218977519
0.50335940976
0.503499999248
0.503640698782
0.503781460831
0.503922237783
0.504062981871
0.504203645367
0.504344180724
0.504484540719
0.5046246787
0.504764548578
0.504904104988
0.505043303435
0.505182100432
0.505320453507
0.505458321439
0.505595664417
0.505732444137
0.505868623934
0.506004168623
0.506139044644
0.506273220536
0.506406666874
0.506539356384
0.506671263793
0.5068023655
0.506932640579
0.507062070543
0.507190639408
0.507318333641
0.507445141357
0.507571053588
0.507696064092
0.507820169312
0.507943368399
0.508065662201
0.508187054286
0.508307551135
0.508427161905
0.508545898466
0.508663774548
0.508780805992
0.508897011603
0.509012412672
0.509127032975
0.509240898268
0.509354035669
0.509466475052
0.509578248437
0.50968938993
0.50979993547
0.509909921815
0.510019387858
0.510128374216
0.51023692305
0.510345077942
0.51045288294
0.510560383342
0.510667625645
0.510774657252
0.510881526372
0.510988281382
0.511094970941
0.511201644287
0.511308350861
0.511415140193
0.511522061605
0.511629163942
0.511736495861
0.51184410552
0.511952040448
0.51206034739
0.51216907211
0.512278259364
0.512387952734
0.512498194489
0.51260902547
0.512720485201
0.512832611502
0.512945440366
0.513059005885
0.513173340124
0.513288473474
0.513404434266
0.513521248386
0.513638939357
0.513757528231
0.513877033872
0.513997473084
0.514118859704
0.51424120488
0.514364516987
0.514488801816
0.514614063312
0.514740302177
0.514867516231
0.514995700423
0.515124846877
0.515254945891
0.515385984708
0.515517947604
0.51565081604
0.515784568659
0.515919182314
0.516054631359
0.516190887205
0.516327918696
0.516465692126
0.516604171882
0.516743320665
0.51688309844
0.517023462996
0.517164369994
0.517305773324
0.517447625895
0.517589878405
0.517732479852
0.517875377668
0.518018517894
0.518161846052
0.518305306279
0.518448841567
0.518592393981
0.51873590478
0.518879315031
0.519022565328
0.519165595749
0.519308346127
0.519450756175
0.519592765828
0.519734315381
0.519875345301
0.520015796516
0.520155610546
0.520294729631
0.520433096865
0.520570656322
0.52070735319
0.520843133896
0.520977946204
0.521111739125
0.521244463323
0.521376071188
0.521506516929
0.521635756677
0.521763748136
0.521890451102
0.522015827669
0.522139842213
0.522262461496
0.522383654263
0.522503391414
0.522621646672
0.522738396358
0.522853619479
0.522967297471
0.523079413779
0.523189954998
0.523298910521
0.523406272569
0.523512036083
0.523616197869
0.52371875788
0.523819718959
0.523919086765
0.524016869753
0.524113078233
0.524207725294
0.524300826908
0.524392401703
0.524482470955
0.524571057829
0.524658187615
0.524743888369
0.524828190496
0.524911126714
0.524992731666
0.525073041488
0.525152094733
0.525229931916
0.525306595446
0.525382129402
0.525456578793
0.52552999048
0.525602412837
0.525673895598
0.52574448975
0.525814246979
0.525883220061
0.525951462777
0.526019029723
0.526085976209
0.52615235791
0.526218230887
0.526283651662
0.526348677003
0.526413363814
0.526477768973
0.526541949172
0.526605960962
0.526669860577
0.526733703827
0.526797546045
0.526861442172
0.526925446357
0.526989611938
0.527053991363
0.527118636103
0.527183596769
0.52724892278
0.527314662276
0.527380862071
0.527447567556
0.527514823117
0.527582671738
0.527651154665
0.527720311515
0.527790180204
0.52786079719
0.527932197547
0.528004414289
0.52807747859
0.52815141973
0.528226265217
0.52830204124
0.528378771772
0.528456478809
0.528535182365
0.528614900519
0.52869565013
0.528777445935
0.528860300627
0.528944224966
0.529029227773
0.529115316463
0.529202496648
0.529290771932
0.529380144088
0.529470613067
0.529562177392
0.529654834247
0.529748578872
0.529843404888
0.52993930432
0.530036267774
0.530134284805
0.530233343331
0.53033342988
0.530434529657
0.530536626622
0.530639703886
0.530743743316
0.530848725655
0.530954630618
0.531061436955
0.531169122721
0.531277665148
0.53138704064
0.531497224889
0.531608192941
0.53171991929
0.531832377941
0.531945542402
0.532059385777
0.532173880819
0.532288999986
0.532404715479
0.532520999333
0.532637823461
0.532755159712
0.532872979902
0.532991255718
0.533109958975
0.533229061623
0.533348535788
0.533468353808
0.533588488071
0.533708911262
0.533829596437
0.533950517017
0.534071646834
0.534192959958
0.534314430787
0.534436034308
0.534557746011
0.534679541926
0.534801398539
0.534923292668
0.535045201851
0.535167104235
0.53528897859
0.535410804286
0.535532561042
0.53565422933
0.535775790307
0.535897225797
0.536018518294
0.536139650722
0.536260606698
0.536381370567
0.53650192735
0.536622262757
0.536742363045
0.536862215088
0.536981806497
0.537101125555
0.537220161219
0.53733890304
0.537457341076
0.537575466124
0.537693269619
0.537810743629
0.537927880855
0.538044674601
0.538161118806
0.538277208035
0.538392937473
0.53850830292
0.538623300735
0.538737927888
0.538852181955
0.538966061107
0.539079564103
0.539192690301
0.539305439648
0.539417812665
0.539529810453
0.539641434689
0.539752687686
0.539863572433
0.539974092456
0.540084251877
0.540194055423
0.540303508406
0.540412616702
0.540521386797
0.540629825769
0.540737941287
0.540845741623
0.540953235798
0.541060433419
0.541167344696
0.541273980476
0.541380352237
0.541486472069
0.541592352688
0.541698007465
0.541803450407
0.541908696167
0.542013760018
0.542118657853
0.54222340622
0.542328022313
0.542432523965
0.542536929639
0.542641258379
0.54274552989
0.542849764511
0.542953983212
0.543058207567
0.543162459544
0.54326676175
0.543371137392
0.543475610241
0.543580204611
0.543684945184
0.543789857125
0.543894966137
0.544000298386
0.544105880492
0.544211739335
0.544317902028
0.544424396146
0.544531249585
0.544638490531
0.544746147342
0.544854248304
0.544962822009
0.545071897178
0.545181502621
0.54529166716
0.545402419343
0.545513787738
0.545625800831
0.545738486953
0.545851874232
0.545965990281
0.546080862386
0.546196517514
0.546312982192
0.54643028246
0.546548443688
0.54666749054
0.546787447078
0.546908336627
0.547030181718
0.547153003995
0.547276824087
0.547401661698
0.547527535494
0.54765446304
0.547782460751
0.547911543848
0.548041726276
0.548173020659
0.548305438238
0.548438988824
0.548573680842
0.548709521182
0.548846515132
0.548984666347
0.549123976801
0.54926444697
0.549406075708
0.549548859988
0.549692794978
0.549837874001
0.549984088653
0.550131428955
0.550279882856
0.550429436389
0.550580073645
0.550731776849
0.550884526804
0.551038302185
0.5511930797
0.551348834124
0.551505538325
0.551663163893
0.551821680485
0.551981055809
0.552141255761
0.552302244435
0.552463984638
0.552626437663
0.552789562955
0.552953318361
0.553117660148
0.5532825434
0.553447922338
0.553613749496
0.553779976144
0.553946552336
0.554113427105
0.554280549026
0.55444786548
0.554615322952
0.554782867137
0.554950443059
0.555117995694
0.555285469439
0.555452808219
0.555619955671
0.55578685524
0.555953450694
0.556119685959
0.556285504976
0.556450851968
0.556615671542
0.556779908871
0.556943509845
0.557106420993
0.557268589663
0.557429964131
0.55759049375
0.557750129192
0.557908822328
0.558066526407
0.558223196175
0.558378787963
0.558533259598
0.558686570732
0.558838682926
0.558989559718
0.559139166717
0.559287471387
0.559434443372
0.559580054707
0.559724279809
0.559867095566
0.560008481097
0.560148417768
0.560286889798
0.560423884082
0.560559390262
0.560693400552
0.560825909246
0.560956913788
0.561086414478
0.561214414483
0.561340919774
0.561465938343
0.561589481265
0.56171156256
0.561832199097
0.561951410592
0.562069218694
0.56218564774
0.562300725012
0.562414480454
0.56252694667
0.562638158245
0.562748151738
0.56285696652
0.562964644291
0.563071229048
0.563176766691
0.563281304363
0.563384891623
0.563487579923
0.56358942251
0.563690474224
0.563790790613
0.563890428919
0.563989447767
0.564087906974
0.564185867422
0.564283390268
0.564380537459
0.564477371737
0.564573956343
0.564670354903
0.564766630965
0.56486284795
0.564959069387
0.565055358586
0.565151778504
0.565248391523
0.565345259185
0.565442442347
0.565540000936
0.565637993801
0.565736478576
0.565835511544
0.565935147496
0.566035439602
0.566136439266
0.566238196014
0.566340757713
0.566444170096
0.566548476603
0.566653718343
0.566759933962
0.566867159925
0.56697543024
0.567084776023
0.567195225577
0.56730680429
0.567419534905
0.567533437797
0.567648529893
0.567764824991
0.5678823337
0.568001063563
0.568121019854
0.568242204217
0.56836461497
0.568488247128
0.568613092439
0.568739140388
0.568866377058
0.568994785107
0.56912434396
0.569255029802
0.569386816594
0.569519675529
0.569653574392
0.569788478013
0.569924348282
0.570061144722
0.570198824884
0.570337343183
0.570476651476
0.570616699123
0.570757433321
0.570898800062
0.571040742769
0.571183202815
0.57132611968
0.571469431126
0.571613074179
0.571756984226
0.571901095198
0.572045339843
0.572189649846
0.572333956504
0.572478190487
0.572622281705
0.572766159636
0.572909753463
0.573052992471
0.57319580628
0.573338124509
0.573479877145
0.573620994692
0.573761408336
0.573901050156
0.574039853164
0.574177751494
0.574314680544
0.574450577118
0.574585379406
0.574719027323
0.574851462628
0.574982629037
0.575112472362
0.575240940216
0.575367982472
0.575493551545
0.575617602381
0.575740092587
0.575860982093
0.575980233212
0.576097811448
0.576213685255
0.576327826148
0.576440208496
0.576550808987
0.576659607901
0.576766588772
0.57687173842
0.576975046877
0.577076506392
0.577176112844
0.577273865539
0.577369767109
0.577463823522
0.577556043017
0.577646437055
0.577735020582
0.577821811733
0.577906831838
0.577990104615
0.578071656241
0.578151516304
0.578229717266
0.578306294431
0.57838128551
0.578454729928
0.578526670131
0.578597151013
0.578666219821
0.57873392593
0.578800319885
0.578865454524
0.578929384627
0.578992166718
0.579053858936
0.579114520235
0.579174210937
0.579232992712
0.579290928295
0.579348081367
0.579404516076
0.579460297018
0.579515489466
0.579570159038
0.579624371574
0.579678192905
0.579731688607
0.579784924146
0.579837964633
0.579890874684
0.579943718307
0.579996558893
0.580049458906
0.580102479802
0.580155681904
0.580209124294
0.58026286496
0.580316960389
0.580371465434
0.58042643325
0.580481915177
0.58053796114
0.580594619308
0.5806519356
0.580709953824
0.580768715574
0.580828260514
0.580888626602
0.580949849086
0.581011960818
0.581074992186
0.581138971244
0.581203924392
0.581269875162
0.5813368445
0.58140485078
0.581473909844
0.581544036043
0.581615241034
0.581687533803
0.581760920855
0.581835406208
0.581910992161
0.58198767884
0.582065463765
0.582144342167
0.582224307006
0.582305349506
0.582387459459
0.582470624193
0.582554829097
0.582640057662
0.582726291742
0.582813512233
0.582901698088
0.582990826714
0.583080874084
0.583171814864
0.583263623066
0.583356271448
0.58344973167
0.583543974472
0.583638969765
0.583734687078
0.583831095401
0.583928163123
0.584025858261
0.584124148545
0.584223001598
0.584322385039
0.584422266475
0.584522613648
0.584623394541
0.584724577447
0.584826131001
0.584928024398
0.585030227449
0.585132710671
0.585235445342
0.585338403254
0.58544155722
0.585544881099
0.585648349833
0.585751939515
0.585855626974
0.585959390248
0.586063208803
0.586167063448
0.58627093641
0.586374810946
0.586478671397
0.586582503851
0.586686295882
0.586790036599
0.586893716416
0.586997326592
0.587100860249
0.587204312039
0.587307678136
0.58741095614
0.587514144323
0.587617242645
0.587720252556
0.587823176896
0.587926019862
0.588028786254
0.588131482121
0.588234114878
0.588336693087
0.588439226427
0.588541725202
0.588644200394
0.588746664128
0.588849129353
0.588951609796
0.58905411969
0.589156673397
0.589259286064
0.589361973287
0.58946475103
0.589567635506
0.589670642826
0.589773789328
0.589877091416
0.589980565451
0.590084227672
0.590188093976
0.590292179986
0.590396500988
0.59050107182
0.590605906795
0.590711019655
0.59081642348
0.590922130595
0.591028152505
0.59113449982
0.591241182342
0.591348209156
0.591455588144
0.591563326089
0.591671428621
0.591779900227
0.591888744509
0.591997963655
0.592107558516
0.59221752858
0.59232787197
0.592438586051
0.592549666709
0.592661108308
0.592772903794
0.592885044664
0.592997521482
0.593110323573
0.593223438664
0.593336853098
0.593450551822
0.593564518726
0.59367873689
0.593793187794
0.593907851673
0.594022707534
0.594137733351
0.594252906704
0.594368203816
0.594483599883
0.594599069156
0.594714585023
0.594830120565
0.594945648019
0.59506113886
0.595176563944
0.595291893566
0.59540709798
0.595522147161
0.595637010632
0.595751657704
0.595866057542
0.595980179388
0.5960939927
0.596207466917
0.596320571679
0.596433276894
0.596545552856
0.596657370418
0.596768700899
0.596879516212
0.596989788954
0.597099492472
0.59720860088
0.597317089209
0.597424933474
0.59753211074
0.59763859919
0.597744377942
0.597849427311
0.597953728968
0.598057265923
0.598160022596
0.598261984622
0.598363138876
0.598463473921
0.59856297987
0.598661648443
0.598759472823
0.598856447307
0.598952568093
0.599047833056
0.599142241757
0.599235795392
0.599328496204
0.59942034829
0.59951135748
0.59960153127
0.599690878816
0.599779410278
0.599867137382
0.599954073577
0.600040233841
0.600125634678
0.600210293661
0.600294229456
0.600377462343
0.600460013912
0.600541907034
0.600623165599
0.600703814112
0.600783878431
0.600863385432
0.600942362944
0.601020839624
0.601098844459
0.601176407318
0.601253558759
0.601330329924
0.601406752456
0.601482858138
0.601558679107
0.60163424783
0.601709596958
0.601784759259
0.601859767387
0.601934653854
0.602009451109
0.602084191377
0.602158906586
0.602233628319
0.602308387789
0.60238321566
0.60245814202
0.602533196307
0.602608407266
0.602683803039
0.602759410869
0.602835257089
0.602911367074
0.602987765192
0.603064475084
0.603141519259
0.603218919017
0.603296694472
0.603374864492
0.603453447068
0.603532459079
0.60361191594
0.60369183175
0.603772219256
0.603853090052
0.603934454765
0.60401632242
0.604098700673
0.60418159579
0.604265012779
0.604348955942
0.604433427991
0.604518430292
0.604603962913
0.60469002466
0.604776613623
0.604863726597
0.604951359113
0.605039505552
0.605128159164
0.605217312563
0.605306957476
0.605397084496
0.6054876833
0.605578742684
0.605670250823
0.605762195451
0.605854563402
0.605947340876
0.606040513488
0.606134066374
0.606227984446
0.606322252104
0.606416853391
0.606511772065
0.606606991666
0.606702495779
0.60679826785
0.606894291267
0.606990549453
0.607087025921
0.607183704275
0.607280568307
0.607377602075
0.60747478994
0.607572116622
0.607669567168
0.607767126977
0.607864782003
0.607962518742
0.608060324272
0.608158186218
0.608256092572
0.608354032136
0.608451994428
0.608549969712
0.608647948982
0.608745923597
0.608843885811
