0.5
0.500000078894
0.500000215156
0.500000408819
0.500000659699
0.500000967518
0.50000133194
0.500001752458
0.500002228587
0.500002759632
0.500003344836
0.500003983355
0.500004674258
0.500005416517
0.500006209018
0.500007050568
0.500007939881
0.500008875588
0.500009856253
0.500010880347
0.500011946273
0.500013052369
0.500014196893
0.500015378037
0.500016593943
0.500017842687
0.500019122288
0.500020430711
0.500021765874
0.500023125655
0.500024507886
0.500025910364
0.500027330847
0.500028767064
0.500030216731
0.500031677537
0.500033147155
0.500034623241
0.500036103444
0.500037585415
0.500039066808
0.500040545278
0.500042018489
0.500043484118
0.500044939864
0.500046383453
0.500047812636
0.500049225194
0.500050618946
0.500051991752
0.500053341517
0.500054666196
0.500055963798
0.500057232389
0.500058470101
0.500059675122
0.500060845713
0.500061980213
0.500063077036
0.500064134679
0.500065151717
0.500066126808
0.500067058709
0.500067946272
0.500068788448
0.500069584279
0.5000703329
0.500071033561
0.500071685622
0.500072288554
0.500072841935
0.500073345438
0.500073798865
0.500074202134
0.500074555286
0.50007485848
0.500075111972
0.500075316145
0.500075471511
0.500075578707
0.500075638493
0.500075651727
0.50007561939
0.500075542593
0.50007542257
0.500075260679
0.50007505838
0.500074817236
0.500074538944
0.500074225314
0.500073878274
0.500073499856
0.500073092174
0.500072657466
0.500072198076
0.500071716452
0.500071215139
0.50007069675
0.500070164001
0.500069619702
0.500069066749
0.500068508124
0.500067946861
0.500067386069
0.500066828935
0.500066278713
0.50006573872
0.500065212319
0.500064702911
0.500064213958
0.500063748964
0.500063311473
0.500062905057
0.500062533297
0.50006219981
0.500061908227
0.500061662194
0.500061465365
0.500061321381
0.500061233886
0.500061206515
0.500061242889
0.500061346611
0.50006152125
0.500061770344
0.500062097397
0.500062505871
0.500062999184
0.500063580698
0.500064253721
0.500065021499
0.500065887208
0.500066853953
0.500067924763
0.500069102587
0.500070390287
0.50007179063
0.500073306287
0.500074939831
0.500076693741
0.500078570383
0.500080572009
0.500082700752
0.500084958624
0.500087347531
0.50008986925
0.500092525424
0.50009531756
0.500098247029
0.500101315074
0.500104522806
0.500107871182
0.500111361015
0.500114992962
0.500118767545
0.50012268516
0.500126746036
0.500130950245
0.500135297707
0.500139788188
0.500144421324
0.50014919659
0.500154113299
0.500159170606
0.500164367512
0.500169702893
0.500175175471
0.500180783807
0.500186526309
0.500192401233
0.500198406712
0.500204540747
0.500210801182
0.50021718572
0.500223691923
0.500230317225
0.500237058948
0.500243914272
0.500250880247
0.500257953796
0.500265131728
0.500272410771
0.500279787529
0.500287258494
0.500294820054
0.500302468497
0.500310200037
0.500318010795
0.500325896804
0.500333854012
0.500341878293
0.500349965461
0.500358111274
0.500366311422
0.500374561537
0.500382857202
0.500391193962
0.500399567344
0.500407972833
0.500416405886
0.500424861939
0.500433336412
0.500441824713
0.500450322243
0.500458824404
0.500467326603
0.500475824255
0.500484312811
0.50049278774
0.50050124454
0.500509678741
0.500518085917
0.500526461679
0.50053480168
0.500543101636
0.500551357321
0.500559564576
0.500567719305
0.50057581748
0.500583855158
0.500591828477
0.500599733663
0.500607567034
0.500615324989
0.500623004031
0.50063060077
0.500638111924
0.50064553432
0.500652864873
0.500660100614
0.500667238701
0.50067427641
0.500681211144
0.50068804042
0.500694761878
0.500701373296
0.500707872585
0.500714257793
0.500720527091
0.500726678755
0.500732711217
0.50073862305
0.500744412961
0.500750079796
0.500755622503
0.500761040183
0.500766332074
0.500771497556
0.500776536141
0.500781447458
0.500786231273
0.50079088749
0.500795416148
0.50079981742
0.500804091578
0.500808239005
0.500812260225
0.500816155881
0.500819926736
0.500823573662
0.500827097629
0.500830499728
0.500833781158
0.500836943224
0.500839987329
0.500842914945
0.500845727652
0.500848427119
0.500851015105
0.500853493449
0.50085586405
0.500858128882
0.500860289992
0.500862349496
0.500864309569
0.500866172441
0.500867940394
0.500869615763
0.500871200928
0.500872698311
0.500874110364
0.500875439548
0.500876688365
0.500877859335
0.500878954996
0.500879977898
0.500880930611
0.500881815706
0.500882635752
0.500883393317
0.500884090962
0.500884731236
0.500885316675
0.500885849792
0.500886333081
0.500886769006
0.500887160004
0.500887508482
0.500887816805
0.500888087297
0.500888322236
0.500888523862
0.500888694383
0.500888835942
0.50088895063
0.50088904048
0.500889107465
0.500889153514
0.500889180484
0.500889190165
0.500889184278
0.500889164476
0.50088913237
0.500889089494
0.500889037307
0.500888977194
0.500888910465
0.500888838378
0.50088876212
0.5008886828
0.500888601449
0.500888519026
0.500888436427
0.50088835449
0.500888273973
0.500888195558
0.500888119859
0.500888047425
0.50088797877
0.50088791433
0.500887854476
0.500887799515
0.500887749698
0.500887705233
0.500887666272
0.500887632909
0.500887605186
0.500887583097
0.500887566609
0.500887555654
0.500887550116
0.500887549842
0.500887554647
0.500887564321
0.50088757864
0.500887597349
0.500887620175
0.500887646824
0.500887676994
0.500887710386
0.500887746688
0.500887785586
0.500887826767
0.500887869924
0.500887914764
0.500887961007
0.500888008388
0.500888056659
0.500888105597
0.500888155004
0.500888204714
0.500888254591
0.500888304539
0.500888354498
0.500888404453
0.50088845443
0.500888504507
0.500888554813
0.500888605535
0.500888656914
0.500888709239
0.500888762869
0.500888818228
0.500888875807
0.500888936167
0.500888999925
0.500889067774
0.500889140486
0.500889218908
0.500889303968
0.500889396654
0.500889498028
0.500889609243
0.50088973153
0.500889866206
0.500890014659
0.500890178342
0.500890358804
0.500890557676
0.500890776671
0.500891017579
0.500891282244
0.500891572599
0.500891890662
0.500892238525
0.500892618356
0.500893032369
0.500893482855
0.50089397218
0.500894502777
0.500895077149
0.500895697838
0.500896367444
0.500897088633
0.500897864126
0.500898696697
0.500899589153
0.500900544324
0.500901565095
0.500902654388
0.500903815159
0.500905050387
0.50090636306
0.500907756198
0.500909232834
0.500910796017
0.500912448803
0.500914194228
0.500916035331
0.500917975148
0.500920016705
0.500922163009
0.50092441704
0.500926781747
0.500929260053
0.500931854846
0.50093456897
0.500937405224
0.500940366346
0.500943455026
0.500946673891
0.500950025501
0.500953512346
0.50095713684
0.500960901314
0.500964808016
0.500968859102
0.500973056633
0.500977402584
0.50098189882
0.5009865471
0.500991349069
0.500996306259
0.501001420086
0.501006691844
0.501012122696
0.501017713675
0.501023465675
0.501029379465
0.50103545569
0.501041694837
0.50104809725
0.501054663121
0.501061392498
0.501068285293
0.501075341256
0.501082559977
0.501089940884
0.501097483251
0.501105186219
0.501113048759
0.501121069678
0.501129247616
0.50113758105
0.50114606832
0.501154707606
0.501163496916
0.501172434096
0.501181516826
0.501190742651
0.501200108976
0.501209613032
0.501219251897
0.501229022494
0.501238921603
0.501248945884
0.501259091839
0.501269355824
0.501279734053
0.501290222605
0.501300817468
0.501311514485
0.501322309373
0.501333197725
0.501344175018
0.501355236643
0.501366377886
0.501377593922
0.501388879827
0.501400230583
0.501411641103
0.501423106231
0.501434620725
0.501446179268
0.501457776482
0.501469406934
0.501481065163
0.501492745648
0.501504442828
0.501516151108
0.501527864866
0.50153957847
0.501551286272
0.50156298261
0.501574661821
0.501586318245
0.501597946249
0.501609540218
0.501621094558
0.501632603707
0.501644062143
0.501655464383
0.501666804995
0.501678078605
0.501689279902
0.501700403643
0.501711444661
0.501722397866
0.501733258258
0.501744020929
0.501754681073
0.501765233985
0.501775675066
0.501785999834
0.50179620393
0.501806283124
0.501816233318
0.501826050524
0.501835730893
0.501845270728
0.501854666481
0.501863914756
0.501873012303
0.501881956025
0.501890742996
0.501899370457
0.501907835824
0.501916136671
0.501924270719
0.50193223588
0.50194003025
0.501947652103
0.501955099896
0.501962372236
0.501969467924
0.501976385953
0.501983125502
0.501989685938
0.501996066781
0.502002267736
0.502008288706
0.502014129779
0.50201979123
0.502025273491
0.502030577155
0.502035703013
0.502040652034
0.502045425365
0.502050024314
0.502054450335
0.502058705064
0.502062790307
0.502066708032
0.502070460364
0.502074049539
0.502077477961
0.502080748185
0.502083862909
0.50208682497
0.50208963731
0.502092303002
0.502094825251
0.502097207379
0.502099452826
0.502101565124
0.502103547896
0.502105404872
0.502107139879
0.502108756828
0.502110259704
0.502111652547
0.502112939475
0.502114124671
0.502115212373
0.502116206868
0.502117112475
0.502117933553
0.502118674495
0.502119339718
0.502119933661
0.502120460763
0.502120925473
0.502121332241
0.502121685509
0.502121989707
0.502122249249
0.50212246852
0.502122651879
0.502122803644
0.502122928094
0.502123029459
0.502123111923
0.502123179609
0.502123236572
0.5021232868
0.502123334203
0.502123382629
0.502123435835
0.502123497487
0.502123571154
0.50212366031
0.502123768343
0.502123898536
0.502124054056
0.502124237953
0.502124453162
0.502124702512
0.502124988721
0.502125314367
0.502125681903
0.502126093645
0.502126551788
0.502127058417
0.502127615461
0.502128224715
0.502128887828
0.502129606313
0.502130381574
0.502131214859
0.502132107269
0.502133059764
0.502134073154
0.502135148145
0.502136285294
0.50213748501
0.502138747559
0.502140073067
0.502141461542
0.502142912866
0.502144426776
0.502146002871
0.502147640619
0.50214933937
0.502151098378
0.502152916753
0.502154793487
0.502156727449
0.5021587174
0.502160762016
0.502162859854
0.502165009364
0.502167208895
0.502169456699
0.502171750958
0.502174089762
0.502176471114
0.502178892933
0.502181353063
0.502183849293
0.502186379354
0.502188940908
0.50219153156
0.502194148862
0.502196790324
0.502199453422
0.502202135589
0.502204834225
0.502207546702
0.502210270372
0.502213002579
0.502215740649
0.502218481901
0.502221223653
0.502223963223
0.502226697938
0.502229425139
0.502232142182
0.502234846443
0.502237535329
0.50224020627
0.502242856728
0.502245484208
0.50224808626
0.50225066048
0.502253204513
0.502255716056
0.502258192866
0.502260632769
0.502263033655
0.502265393484
0.502267710269
0.502269982108
0.50227220718
0.502274383747
0.502276510155
0.50227858482
0.502280606248
0.502282573041
0.502284483897
0.502286337611
0.502288133056
0.5022898692
0.502291545117
0.502293159985
0.502294713086
0.502296203789
0.502297631544
0.502298995921
0.502300296589
0.502301533325
0.502302706004
0.502303814581
0.502304859123
0.502305839801
0.502306756888
0.502307610757
0.502308401847
0.5023091307
0.502309797957
0.502310404356
0.502310950723
0.502311437959
0.502311867041
0.502312239041
0.502312555113
0.502312816494
0.502313024485
0.502313180446
0.50231328582
0.502313342118
0.502313350915
0.502313313847
0.502313232582
0.502313108854
0.502312944448
0.502312741198
0.502312500978
0.502312225694
0.502311917287
0.502311577733
0.502311209039
0.502310813234
0.502310392359
0.50230994847
0.502309483636
0.502308999936
0.502308499455
0.502307984273
0.50230745647
0.502306918116
0.502306371271
0.50230581798
0.50230526027
0.502304700144
0.502304139581
0.502303580526
0.502303024894
0.50230247456
0.502301931369
0.502301397116
0.502300873553
0.502300362376
0.502299865233
0.502299383722
0.502298919388
0.502298473709
0.502298048101
0.50229764391
0.502297262423
0.502296904867
0.502296572385
0.502296266049
0.502295986853
0.502295735716
0.5022955135
0.502295320975
0.50229515883
0.50229502767
0.502294928017
0.502294860333
0.502294824988
0.502294822267
0.502294852367
0.502294915399
0.50229501141
0.502295140367
0.502295302144
0.502295496532
0.502295723239
0.502295981902
0.502296272094
0.502296593299
0.502296944921
0.502297326286
0.502297736652
0.502298175225
0.502298641132
0.502299133427
0.502299651097
0.502300193068
0.502300758222
0.502301345379
0.502301953298
0.502302580684
0.50230322619
0.502303888435
0.502304565995
0.5023052574
0.502305961137
0.502306675662
0.502307399401
0.502308130765
0.502308868132
0.502309609858
0.502310354279
0.502311099719
0.502311844497
0.502312586923
0.502313325299
0.502314057928
0.502314783115
0.502315499179
0.502316204445
0.502316897254
0.502317575962
0.502318238947
0.50231888461
0.502319511385
0.502320117733
0.502320702151
0.502321263177
0.502321799381
0.502322309376
0.502322791821
0.502323245428
0.502323668962
0.50232406124
0.502324421137
0.502324747589
0.502325039598
0.502325296235
0.502325516635
0.502325699986
0.502325845554
0.502325952682
0.502326020788
0.502326049369
0.502326037987
0.502325986284
0.502325893986
0.502325760905
0.502325586935
0.502325372048
0.502325116288
0.502324819794
0.502324482794
0.502324105602
0.502323688613
0.50232323228
0.502322737156
0.502322203879
0.502321633173
0.502321025845
0.502320382766
0.502319704897
0.502318993281
0.502318249045
0.502317473392
0.502316667582
0.502315832943
0.502314970889
0.502314082902
0.502313170535
0.502312235395
0.502311279145
0.502310303516
0.5023093103
0.502308301345
0.502307278553
0.50230624386
0.50230519926
0.502304146795
0.502303088549
0.502302026645
0.502300963213
0.502299900423
0.502298840478
0.502297785601
0.50229673804
0.502295700058
0.502294673935
0.502293661963
0.50229266644
0.502291689673
0.50229073396
0.502289801585
0.502288894834
0.502288015981
0.502287167284
0.502286350984
0.502285569294
0.502284824404
0.502284118473
0.502283453627
0.502282831955
0.502282255517
0.502281726326
0.50228124635
0.502280817505
0.502280441658
0.502280120619
0.502279856137
0.5022796499
0.502279503531
0.502279418582
0.502279396549
0.502279438862
0.502279546872
0.502279721852
0.502279964995
0.502280277418
0.502280660161
0.502281114175
0.502281640325
0.502282239383
0.502282912037
0.502283658899
0.502284480485
0.502285377213
0.502286349407
0.502287397295
0.502288521037
0.502289720698
0.50229099624
0.502292347534
0.502293774352
0.502295276377
0.502296853202
0.502298504321
0.502300229129
0.502302026928
0.502303896936
0.502305838313
0.50230785011
0.502309931293
0.502312080739
0.502314297242
0.502316579528
0.502318926235
0.502321335921
0.502323807067
0.502326338074
0.502328927287
0.50233157298
0.502334273351
0.502337026533
0.502339830591
0.502342683554
0.502345583406
0.502348528069
0.502351515414
0.502354543266
0.502357609407
0.502360711574
0.502363847467
0.50236701475
0.502370211054
0.502373433984
0.502376681142
0.502379950105
0.502383238428
0.502386543655
0.50238986332
0.502393194954
0.502396536084
0.502399884238
0.502403236949
0.502406591759
0.50240994622
0.5024132979
0.502416644384
0.502419983279
0.502423312217
0.50242662886
0.502429930904
0.502433216078
0.502436482153
0.50243972694
0.502442948295
0.502446144104
0.502449312311
0.50245245091
0.502455557952
0.502458631545
0.502461669853
0.502464671101
0.502467633583
0.502470555659
0.502473435761
0.502476272377
