0.0
0.00176193106698
0.00351150219665
0.00526118815168
0.00700965674888
0.00875626702447
0.0105006200152
0.0122420625349
0.0139803227122
0.015714788127
0.0174449641135
0.0191703762954
0.0208905579273
0.0226050364999
0.0243133432822
0.0260150197674
0.0277096005937
0.0293966227808
0.0310756330654
0.0327461702189
0.0344077790965
0.0360600146361
0.0377024243527
0.0393345611954
0.0409559878166
0.0425662660103
0.0441649602338
0.0457516387393
0.0473258725949
0.0488872405103
0.0504353207502
0.0519696963058
0.0534899548389
0.0549956850819
0.0564864883737
0.0579619682947
0.0594217310138
0.0608653875605
0.0622925523739
0.0637028496981
0.0650959040674
0.0664713492396
0.0678288196082
0.0691679572061
0.0704884100433
0.0717898347373
0.0730718917011
0.0743342476533
0.0755765742256
0.0767985496469
0.0779998606805
0.0791802002095
0.0803392653639
0.0814767615477
0.082592402115
0.0836859026765
0.0847569879806
0.0858053894734
0.0868308456984
0.0878331024607
0.0888119134114
0.0897670418597
0.0906982561803
0.0916053360991
0.0924880669103
0.0933462401993
0.0941796519487
0.0949881103438
0.0957714317032
0.0965294351857
0.0972619562331
0.0979688295166
0.0986499031698
0.0993050329584
0.0999340842476
0.100536928213
0.101113446461
0.10166352774
0.102187072195
0.102683989475
0.103154197
0.103597616596
0.104014175685
0.104403813669
0.104766477832
0.105102127194
0.105410726882
0.105692254025
0.105946695265
0.106174045944
0.106374313765
0.106547513297
0.106693658521
0.106812779093
0.10690491406
0.106970115218
0.107008437092
0.107019941662
0.107004699902
0.10696279454
0.106894315991
0.106799363358
0.106678049411
0.106530495379
0.106356833042
0.106157205601
0.105931766064
0.105680670376
0.105404070954
0.10510213832
0.104775049609
0.104422992088
0.104046160988
0.103644765226
0.103219025144
0.102769166087
0.10229542652
0.101798051195
0.101277288188
0.100733392387
0.100166632735
0.0995772857186
0.0989656369104
0.0983319756205
0.097676599811
0.0969998155819
0.0963019385415
0.0955832911433
0.0948442045851
0.0940850224975
0.0933060906053
0.0925077675672
0.0916904214094
0.0908544232845
0.0900001463648
0.0891279741426
0.0882382963697
0.0873315126456
0.0864080235318
0.0854682464473
0.0845126006241
0.0835415107867
0.0825554115705
0.0815547422112
0.0805399501644
0.0795114910919
0.0784698264828
0.0774154227215
0.076348754976
0.0752703002176
0.0741805363129
0.0730799483715
0.0719690250002
0.0708482571401
0.0697181459423
0.0685792109465
0.067431970079
0.0662769482607
0.0651146737558
0.0639456817926
0.062770503864
0.0615896753776
0.0604037382533
0.05921323342
0.058018703342
0.0568207078986
0.0556198044736
0.0544165523658
0.0532115108641
0.052005239989
0.0507983142783
0.0495913221388
0.0483848477083
0.0471794787646
0.0459758087421
0.0447744280241
0.0435759134989
0.0423808472717
0.0411898057813
0.0400033572933
0.0388220698761
0.0376465715168
0.0364774711524
0.0353153752353
0.0341608953489
0.0330146478574
0.0318772359375
0.0307492627606
0.0296313328004
0.0285240433159
0.0274279833893
0.0263437559598
0.0252719702358
0.024213214051
0.0231680641341
0.0221370803684
0.0211208444772
0.0201200218214
0.0191352412662
0.0181671445647
0.0172163925449
0.0162836486033
0.0153694675129
0.0144744223112
0.0135990633905
0.0127438905871
0.0119093468359
0.0110960999388
0.0103048116909
0.00953610510441
0.00879063636194
0.00806911123316
0.00737218329962
0.00670046917409
0.00605465236
0.00543542932011
0.00484350297075
0.00427965039126
0.00374485826597
0.00324017027945
0.00276681801873
0.00232632743785
0.0019208610904
0.00155464860508
0.00123457161225
0.000972764232586
0.000789262724053
0.00070622795783
0.000720109734813
0.000795374231329
0.000892880561975
0.000986813839375
0.00106257115594
0.00111402364611
0.00113895596104
0.00113587578219
0.00110501841451
0.00104864217648
0.00097090490558
0.000878317568081
0.000786658646481
0.000725753901288
0.000739083994297
0.000858964425578
0.00108180349748
0.00138665617217
0.00175630262994
0.00218061945677
0.00265416506785
0.0031748798277
0.0037415322566
0.0043533784899
0.00501011139082
0.00571168242396
0.006457545646
0.00724720249185
0.00808060757912
0.00895775705063
0.00987867561024
0.010843522397
0.0118526365211
0.0129062230052
0.0140044978703
0.015147687457
0.0163359916449
0.0175694630529
0.0188482360585
0.0201724561084
0.0215422633445
0.0229577894935
0.024419092261
0.0259262401356
0.0274793076958
0.0290783623348
0.0307234644364
0.03241470314
0.0341521730837
0.0359359505006
0.0377661115298
0.0396427302276
0.0415658189653
0.0435352891243
0.0455511096442
0.0476132360909
0.049721609818
0.0518761712598
0.0540768908498
0.0563237132891
0.0586165730422
0.0609554001229
0.0633401163448
0.0657705860093
0.0682466765124
0.0707682550478
0.0733351788536
0.075947296317
0.0786044260009
0.0813063727086
0.0840529357513
0.0868439060344
0.0896790606522
0.0925581738979
0.0954810202632
0.0984473584953
0.101456943034
0.104509514985
0.107604804805
0.110742485508
0.11392224116
0.117143745358
0.120406657951
0.123710629195
0.127055316443
0.130440364783
0.133865406683
0.137330063198
0.140833951305
0.144376663873
0.147957772382
0.15157685918
0.155233479665
0.158927193406
0.162657535324
0.166424030428
0.170226195193
0.174063535395
0.177935541176
0.181841703279
0.185781508699
0.189754435313
0.193759946814
0.197797504267
0.20186655247
0.20596651585
0.210096803434
0.214256828501
0.218445981016
0.222663647698
0.226909213472
0.231182065765
0.235481571858
0.239807093289
0.244157977353
0.248533575118
0.252933210783
0.257356211747
0.261801888791
0.266269553352
0.270758500967
0.275268029764
0.279797421883
0.284345949932
0.288912885613
0.293497486563
0.298099018065
0.302716734468
0.307349885097
0.311997712959
0.316659452893
0.321334331973
0.326021559095
0.330720347784
0.335429895867
0.340149402874
0.34487805862
0.349615064835
0.354359608849
0.359110872674
0.363868033409
0.3686302636
0.373396733741
0.378166611042
0.382939053004
0.387713215683
0.39248825429
0.397263317989
0.402037545334
0.406810084747
0.411580064841
0.416346617002
0.4211088855
0.425866010505
0.430617113695
0.435361335402
0.440097803416
0.444825649684
0.449543983794
0.454251934634
0.458948614042
0.463633139478
0.468304632645
0.472962210087
0.477605002817
0.482232125417
0.486842700279
0.491435848975
0.496010690393
0.500566345959
0.505101943184
0.509616597835
0.514109443529
0.518579598643
0.523026199772
0.527448373208
0.531845235671
0.536215938878
0.540559606282
0.54487539149
0.549162434831
0.553419884474
0.557646890092
0.561842606399
0.566006194186
0.570136808552
0.574233615865
0.578295780232
0.582322477233
0.586312883811
0.590266192847
0.59418158311
0.598058255303
0.601895408093
0.605692248765
0.609447979073
0.613161832924
0.616833021445
0.620460776275
0.624044336864
0.627582947619
0.63107585292
0.634522312697
0.637921595949
0.641272964159
0.644575711568
0.647829104909
0.651032470512
0.654185100994
0.657286305675
0.660335409004
0.663331740098
0.666274628638
0.669163436281
0.671997503465
0.67477620342
0.677498914509
0.680165021842
0.682773926394
0.685325031435
0.687817752607
0.690251519934
0.69262576716
0.69493994054
0.697193500843
0.699385914359
0.701516665791
0.703585245796
0.705591152332
0.707533904213
0.709413026669
0.711228061434
0.712978553919
0.714664073429
0.716284180366
0.717838470078
0.719326543467
0.720748014208
0.722102483157
0.723389613117
0.724609045553
0.725760439862
0.72684345908
0.727857815717
0.728803190549
0.729679314215
0.730485901605
0.731222704815
0.731889475917
0.732485976157
0.733011990746
0.733467323123
0.733851771329
0.734165179031
0.734407364012
0.734578186588
0.734677520671
0.734705227301
0.734661220015
0.734545407096
0.734357703395
0.734098046296
0.733766400377
0.733362724687
0.732887005661
0.732339232481
0.731719409699
0.731027589181
0.730263793785
0.729428070018
0.728520502811
0.727541163566
0.726490161181
0.725367612352
0.724173633077
0.722908372869
0.721571986938
0.720164660411
0.718686572808
0.717137926426
0.715518931947
0.713829830253
0.71207087054
0.71024230268
0.708344402503
0.70637746901
0.704341806919
0.702237731434
0.700065584308
0.697825707426
0.695518467167
0.693144235829
0.69070340808
0.688196406123
0.68562362778
0.682985510858
0.680282515293
0.677515090972
0.674683722211
0.671788891088
0.668831117046
0.665810901015
0.662728783216
0.659585320719
0.656381062754
0.653116575931
0.649792448737
0.646409285146
0.642967689653
0.639468286827
0.635911716
0.632298633934
0.628629697326
0.624905580732
0.621126980718
0.617294597799
0.613409135225
0.609471317941
0.605481889487
0.601441590605
0.597351185141
0.593211438577
0.589023137233
0.584787081255
0.580504060083
0.576174914827
0.571800448604
0.567381517643
0.56291896073
0.558413643142
0.553866431993
0.549278201525
0.544649841751
0.539982250789
0.535276323601
0.530532987984
0.525753160162
0.520937787723
0.516087810369
0.51120418273
0.506287867541
0.501339838344
0.496361066335
0.491352537308
0.48631524315
0.481250179643
0.476158354311
0.471040787645
0.46589849404
0.460732505714
0.455543856684
0.45033358072
0.445102726877
0.439852359746
0.434583529392
0.429297290874
0.423994720857
0.418676893954
0.413344895432
0.407999797424
0.402642687329
0.397274656207
0.391896804072
0.386510230632
0.381116042509
0.375715344946
0.370309242332
0.364898849024
0.359485291482
0.354069675633
0.348653120511
0.34323674317
0.337821667834
0.332409024296
0.326999935361
0.321595530206
0.316196926475
0.3108052534
0.30542164481
0.300047227273
0.294683136662
0.28933049445
0.283990423929
0.278664058265
0.27335251898
0.268056927679
0.262778411406
0.257518075897
0.252277042682
0.247056432057
0.241857361307
0.236680937912
0.231528271524
0.226400456038
0.221298605791
0.216223820726
0.211177185208
0.206159792628
0.201172715941
0.196217050589
0.191293869286
0.186404238948
0.18154922597
0.176729877329
0.171947259065
0.167202429985
0.162496436056
0.157830315764
0.153205099169
0.148621813719
0.144081472117
0.139585078054
0.135133620775
0.13072807443
0.126369416247
0.122058648622
0.117796749639
0.113584684862
0.109423420473
0.105313909382
0.101257090277
0.0972538890241
0.0933052265622
0.0894120074847
0.0855751215017
0.0817954661829
0.0780739237243
0.0744113583847
0.0708086178455
0.067266533341
0.0637859535664
0.0603677401085
0.057012736142
0.0537217873835
0.0504957479306
0.047335456182
0.0442417007856
0.041215296721
0.0382570539255
0.0353677795547
0.032548294616
0.0297995079274
0.0271223576593
0.0245178607273
0.021987166969
0.0195316349514
0.017152835502
0.0148528465705
0.0126346579502
0.0105029546877
0.00846594373655
0.00653998960068
0.00476356391311
0.00324669979138
0.00233592876032
0.00256978087025
0.00363008437194
0.00493981824401
0.00628762884307
0.00760696835689
0.00887256815133
0.010072904339
0.011201663694
0.0122552842241
0.0132315223698
0.0141288548462
0.0149461852192
0.0156825794188
0.0163373243316
0.0169098694647
0.0173997730313
0.0178066864
0.0181302033306
0.018369940106
0.0185256264673
0.0185970436544
0.0185840291825
0.0184863929438
0.0183038547819
0.0180362579253
0.0176834852026
0.0172454662757
0.0167221480786
0.0161133446119
0.0154189743629
0.0146390068794
0.0137734644909
0.0128224229052
0.0117856699319
0.0106630081755
0.00945422726238
0.00815896814527
0.00677653800173
0.00530478983996
0.00373736389523
0.00204654095689
5.49790232103e-12
0.00107672331431
0.00311209461466
0.00511364551505
0.00717889864755
0.00932040722744
0.0115417065289
0.0138439937261
0.0162273906064
0.018691944659
0.0212375558998
0.0238640262436
0.0265710930182
0.0293584042671
0.0322255989525
0.0351723084928
0.0381981454528
0.0413027087083
0.04448548371
0.0477459329475
0.0510835460288
0.0544978005813
0.0579881591992
0.0615540684801
0.0651949615979
0.0689102613385
0.0726993809592
0.0765617225136
0.0804966646173
0.0845035188052
0.0885816123825
0.0927302623793
0.0969487701824
0.101236426654
0.105592495602
0.110016233908
0.114506884448
0.119063678193
0.123685833403
0.128372557112
0.133123047189
0.137936488854
0.142812056664
0.147748912963
0.152746194054
0.157803006723
0.162918456835
0.168091635643
0.173321621591
0.178607480557
0.183948289336
0.189343097526
0.194790947192
0.20029087138
0.205841886534
0.211442999117
0.217093205034
0.222791491527
0.228536831877
0.234328192155
0.24016452834
0.246044780138
0.251967883177
0.257932760581
0.263938321563
0.26998347778
0.276067135585
0.282188184821
0.288345509684
0.294537985048
0.300764477192
0.307023851021
0.313314940439
0.319636598881
0.325987653458
0.332366931187
0.338773259114
0.345205463118
0.351662350736
0.358142730344
0.364645397711
0.371169156527
0.377712797532
0.384275105008
0.390854857619
0.397450825368
0.404061788583
0.410686514521
0.417323768011
0.423972308167
0.430630884071
0.437298252806
0.443973173661
0.450654396512
0.457340674313
0.464030747883
0.470723358862
0.477417259605
0.484111189233
0.490803895849
0.497494113051
0.504180574929
0.510862033848
0.517537221019
0.524204895072
0.530863778335
0.537512626872
0.544150168072
0.55077517527
0.557386372958
0.563982533641
0.570562386069
0.577124692661
0.583668220534
0.590191715946
0.596693947223
0.603173670318
0.609629660956
0.616060682038
0.622465532779
0.628842989309
0.635191828434
0.641510859793
0.6477988699
0.65405466317
0.66027705515
0.666464850136
0.672616874553
0.678731944896
0.684808906225
0.690846599666
0.696843859736
0.702799555265
0.708712538019
0.71458168268
0.720405873181
0.7261839856
0.731914928659
0.73759758768
0.743230891913
0.748813746057
0.754345104417
0.759823885257
0.7652490451
0.770619552537
0.775934364896
0.781192476603
0.786392863066
0.791534551413
0.796616520627
0.801637831173
0.806597505028
0.811494579326
0.816328133517
0.821097223216
0.825800933049
0.83043836311
0.835008611614
0.839510820479
0.843944096608
0.848307604895
0.852600502832
0.856821954235
0.860971172711
0.865047342146
0.869049677135
0.872977417252
0.876829794835
0.880606061469
0.884305500308
0.887927407315
0.891471057281
0.894935791627
0.898320934876
0.901625826865
0.90484984013
0.907992344314
0.911052734983
0.914030423886
0.916924840093
0.919735418142
0.922461622084
0.925102925342
0.927658802713
0.930128778555
0.93251237032
0.934809113858
0.937018571078
0.939140314396
0.941173917051
0.943119015755
0.944975205944
0.946742139238
0.948419471596
0.950006884534
0.951504054878
0.952910706469
0.95422656333
0.955451369374
0.956584876904
0.957626883804
0.958577172054
0.959435565378
0.960201897326
0.96087600323
0.961457761515
0.96194707568
0.962343823319
0.962647940885
0.962859353125
0.96297802718
0.963003931116
0.962937060025
0.962777428005
0.9625250564
0.962180000293
0.961742314403
0.961212091991
0.960589416069
0.959874422188
0.959067232771
0.958167996718
0.957176895605
0.956094104251
0.95491984026
0.953654318457
0.952297775527
0.950850478117
0.949312697264
0.947684722799
0.945966876075
0.944159472701
0.942262856198
0.940277394558
0.938203459782
0.936041451656
0.933791778366
0.931454858397
0.929031146916
0.926521103088
0.923925192431
0.921243933173
0.918477818175
0.915627387077
0.912693168724
0.909675724278
0.906575626721
0.903393471395
0.900129866484
0.896785410235
0.893360755879
0.889856555014
0.886273471519
0.882612182625
0.878873390807
0.875057791033
0.871166114859
0.86719910268
0.863157506737
0.859042093032
0.854853644823
0.850592957068
0.846260823902
0.841858077194
0.837385545653
0.83284408355
0.82823454491
0.823557802093
0.818814740348
0.814006246057
0.809133245534
0.804196656479
0.799197398044
0.794136426017
0.789014681797
0.783833154823
