-0.7071067811865475
0.14078903865634204
0.6294418333249796
-0.4359239757785411
-0.4997297388988161
0.5674332845127233
0.1685959226984044
-0.7385505562244957
0.04500062116207592
0.6338439510102232
-0.3743338509835994
-0.5013862534983315
0.5952425455792603
0.3057493075134764
-0.6260889210994577
0.09453107941658788
0.7589577877897704
-0.2122959051505033
-0.4604146124165032
0.6045811331037328
0.3773268245277734
-0.6373264441185098
-0.04374298105893227
0.6566388255677982
-0.29857486039992587
-0.6664147819041646
0.39338411475929896
0.27729523665609807
-0.7533393157385901
-0.20514130722393312
0.6133779996250357
-0.2358644103191206
-0.6353884544362273
0.4554151440565816
0.47120282755215914
-0.5520349074540194
-0.07565219366353006
0.7961134607032432
-0.014113262553861106
-0.5457913796932092
0.4618259473247561
0.5295827851037929
-0.5632192278565383
-0.25297175744849326
0.6341157188223545
-0.12238212995909288
-0.7672517454944687
0.2097397906001804
0.4196153424417195
-0.647352273882269
-0.39229946361811774
0.6165801752513177
0.009498143490629055
-0.657947363751708
0.3202468203001319
0.6612081818579075
-0.38611825288593404
-0.22434406895129563
0.7896063969653865
0.20963318568217543
-0.5788422112428094
0.28419027990266005
0.6438206898197306
-0.4500820640415064
-0.4492768034081373
0.5437172486224552
0.037924753593846526
-0.8146939999830415
0.0006399979362592317
0.4915627269291697
-0.5228748213898105
-0.5597139458814161
0.5227395129154999
0.1778607235504634
-0.6814509044500391
0.11298413886845175
0.7187614404617968
-0.26179038448762676
-0.3935323009114021
0.6774887747380985
0.3668308585578444
-0.5947041582929421
0.08688702691792191
0.7143666014048519
-0.28995426451740886
-0.5553861469304464
0.5039856046796969
0.2778509976247571
-0.7211431965177932
-0.10188028279687615
0.6303327861696972
-0.2879213647942274
-0.6136487798719051
0.4815555208577685
0.3898296254156498
-0.6254860802202324
-0.07498675282108
0.7278366479468624
-0.14868895454310566
-0.5894525033323812
0.4578550830489032
0.42985347596274054
-0.639334553996717
-0.1928225943746838
0.6515876766130234
-0.1776272775544777
-0.6981367472060872
0.3357589102090552
0.42609878328358225
-0.6208883888600168
-0.24050423245612657
0.6861186182063472
-0.03582515461263787
-0.612469353006405
0.38956557415573745
0.576356985851523
-0.4839145537237758
-0.22154514151416402
0.7183379022966747
0.04115740852162196
-0.6475662339345536
0.27782114167301303
0.5305383288590773
-0.5440134873748687
-0.37725584050214855
0.6008607344325172
0.005029402066315325
-0.7217358860015776
0.19462216639262025
0.5628655598745466
-0.4712590802597953
-0.36545460644494354
0.6617168885897984
0.15663541794313612
-0.6268102136845486
0.2177064263055761
0.643988802864723
-0.3930762585804351
-0.41563921688891203
0.5921718789880578
0.14866301029808401
-0.7249998025564126
0.03534386086287368
0.55208731482428
-0.445119014347683
-0.5530519012029735
0.5073700900299232
0.2057478437402795
-0.6872636497235081
0.04679843607393049
0.6987950839421996
-0.2465143889636409
-0.4464848413401037
0.6352584757862374
0.41924206950501797
-0.5483739692216587
0.06780933285269361
0.7516395504127417
-0.19870567028272687
-0.5462606585832704
0.47861069727635547
0.32165497534792353
-0.7041797199116239
-0.18752695622955712
0.5739473071598993
-0.2862956326613959
-0.7096530691925169
0.33110051823528847
0.34472393402590706
-0.6568175752182358
-0.19704426500101874
0.6851627014553663
-0.07336197924162143
-0.5821021266494787
0.4401559012791385
0.5649769541926835
-0.489433268827062
-0.16958012800411648
0.7439378575497853
0.015277402343300845
-0.6226611612180716
0.32803105343966416
0.5223933351065139
-0.5612446649710392
-0.35073784288179827
0.6124464574584039
-0.021666340103070277
-0.7295668917136073
0.1989788153029417
0.5350753117161774
-0.5056535417428624
-0.377930707779577
0.6454279198856903
0.12365033211769236
-0.6538564547957446
0.2188786343213118
0.6546945322659732
-0.38976648243903206
-0.3895870526418587
0.6467666814819722
0.20067491141413174
-0.6659652191435007
0.12072705616317074
0.6245475204072325
-0.4039743490871711
-0.5005242107315242
0.5474820668240145
0.1906625041985588
-0.7197712391851511
0.013362749251602529
0.6134830075329276
-0.36493597500389735
-0.5516130832470182
0.5184752932112934
0.2710448489677805
-0.6795497185100385
-0.003530975654768503
0.6868381267697571
-0.2571564524959469
-0.5322332740691625
0.5491569854788318
0.38834613613805347
-0.6061389425575777
-0.007406966559861516
0.7412374778615668
-0.17316915894358734
-0.5327923372427436
0.5219713795522615
0.41053046636040147
-0.6245936910323726
-0.10958978186811826
0.6743747035662925
-0.20446016014152915
-0.6559306212021873
0.3749742456964625
0.3569862017077837
-0.6862697375649335
-0.245653768766524
0.6121647596781159
-0.17668263677924287
-0.6824050939178198
0.35446516617865553
0.46017889934133255
-0.5800858663486242
-0.2005030560545307
0.7170652490069342
-0.014172621859396621
-0.5831719754323847
0.41300960661586034
0.5678483088605943
