0.0
0.000535664135601
0.000858905044589
0.00106824056336
0.0016377842361
0.00284654200744
0.00345184849794
0.00407526860079
0.00533078330703
0.00560668551948
0.00646588228587
0.00779157026121
0.00769740869511
0.00862794820294
0.00951883023259
0.00897960959236
0.00901062237481
0.00963697728787
0.00920837980018
0.00947550469612
0.00891266294228
0.00818826085118
0.00763515313355
0.0065682880175
0.0059463963305
0.00559586094543
0.00307435947226
0.00236230872438
0.00209469270119
0.00131018896953
0.000581046861567
0.000470059481699
0.000496065607348
0.00127159753837
0.000979937963924
0.0011174715716
0.00238105528069
0.00346277623047
0.00410914056536
0.00479110760604
0.00539326046562
0.00674235379824
0.00697264545804
0.00767506516033
0.00937496479512
0.00942636804174
0.00963631142231
0.0103431420587
0.00981379876089
0.00999715117239
0.0108374686162
0.00918018881476
0.0088238822357
0.00831730445965
0.0071865137382
0.00615771037791
0.00567287537267
0.00437926593302
0.00316512336743
0.00239408792879
0.00168997652618
0.0014045420619
0.000694579048543
0.000498909323664
0.0008800980877
0.000611367239291
0.000719845942795
0.00112683616391
0.00202643335815
0.00283783390936
0.00260824273437
0.00318828756382
0.0043772776324
0.00440254022287
0.00511381425384
0.00606304807445
0.00611623032546
0.00657093557752
0.00668616211681
0.00689399259747
0.00714783457656
0.00706594560312
0.00668383068726
0.00620720590813
0.00562277275457
0.00504890128138
0.00477015033827
0.00409073561311
0.00325247141229
0.0028352121138
0.00219005552215
0.00162781253953
0.00173117546549
0.00123190399605
0.00108375435066
0.00148018735449
0.00134658909118
0.00139702325613
0.00149080392634
0.00144147022404
0.0015199823139
0.00138740670048
0.0014831225346
0.00160794825567
0.00188057725419
0.00218263166921
0.00231920292256
0.00233971313091
0.00276726308656
0.0026486841152
0.00281870247923
0.00305634406187
0.00265098294254
0.00285817855571
0.0025873758505
0.00252801385508
0.00281302932043
0.00251482004232
0.00248072532885
0.00253831729431
0.00271907470983
0.00301249050377
0.00320918171554
0.0033742020551
0.00349773286904
0.00368591100285
0.00415521576021
0.00430721488123
0.00427733231123
0.00450785490705
0.00436468083077
0.00381205903125
0.00364219717959
0.00324126727404
0.00299493184936
0.00237859095707
0.00260018128785
0.00234745031663
0.00182305783812
0.00181628914453
0.00148745385338
0.00131791277975
0.00121203819577
0.000737253503265
0.000733469898007
0.000686716731487
0.000923629370771
0.00156640917675
0.00150012525751
0.00224849370685
0.00278142269152
0.0037207210469
0.00477558876428
0.00510602294522
0.00582469036021
0.00728681003162
0.00726784731682
0.008004520202
0.00894699491167
0.00828587274659
0.00849729982864
0.00917938885381
0.0079987531286
0.00770209399975
0.00707450373378
0.00653611275438
0.00556483572485
0.00531322706705
0.00435616978071
0.00437592619525
0.00310595967824
0.00254277173982
0.00212826472188
0.00149636864881
0.00114419427524
0.00108988146777
0.000690079495947
0.000865539539895
0.000908744661567
0.00140005187772
0.00234408427938
0.00311265706824
0.00403759054861
0.00541579049485
0.00592931441982
0.00696616592249
0.00838042698527
0.00880481892619
0.0102156366434
0.0099201068053
0.0101487403615
0.0110164037771
0.00988341081203
0.010232477966
0.0105486815494
0.0085028685395
0.00816825573645
0.00856978638484
0.00690042509558
0.00593672858334
0.00582964093484
0.00461022884992
0.00346371377336
0.00261767662417
0.00175603014771
0.00171084314605
0.00125425747268
0.000786252316855
0.000574870112117
0.000549113575351
0.000959983011006
0.00135110078115
0.001923958305
0.00323796995705
0.00386482040292
0.00437167081237
0.0056426474031
0.00560480264898
0.00688507477572
0.00762135758157
0.00720854588861
0.00767191456536
0.00772420551875
0.0076870111432
0.00765075497952
0.0075601615171
0.00715351515103
0.00668004221355
0.00619551969678
0.00562681149188
0.00548136333103
0.00452987410352
0.0038243474845
0.00344831969783
0.00254865730184
0.00163478800807
0.00135066845685
0.00115336236566
0.000627374977691
0.000591726767169
0.000552719497925
0.000895392419326
0.00114161169911
0.00109015728807
0.00167229061844
0.00194616075564
0.00228930687191
0.0024872676503
0.00286040529986
0.00326342012415
