0.0
0.00028281511102096896
0.0016963002028278426
0.0018686083786481344
0.0020438886746137197
0.0024793154812973797
0.004384527807368158
0.004852786223288955
0.004832796912116251
0.0061901055259362195
0.006998647981632647
0.007094178612955436
0.008965782245783087
0.012203020557127041
0.012889507845869244
0.012507868728859659
0.01502680926137022
0.021181621463173796
0.021816060356445163
0.02169911514815428
0.02480696495157994
0.031134824335269803
0.031066147567929005
0.03286059757000433
0.035989330939099326
0.036615886320378724
0.03789789981696406
0.041921916526062766
0.04602591218934856
0.0480223087695578
0.05000042198163972
0.06333495787709528
0.06265248846070415
0.06350732836973409
0.0703781769314869
0.0809418319865598
0.08114772106114693
0.07976616192951148
0.08491460496321537
0.08882731740188414
0.08907995259623275
0.0952933174810705
0.10102411191425306
0.10250937362193417
0.10430838144001263
0.11238202975830085
0.12042077397350476
0.11904569642712581
0.1199854009169566
0.13412063030287055
0.14648755024067706
0.14294670089858696
0.14574398559719076
0.158538684832911
0.15814898714781195
0.16001879555874493
0.1674672595643199
0.17195920662068342
0.17508757559276622
0.17759714707277663
0.18987084986990904
0.1923604953379873
0.19557792751274164
0.21206355030352547
0.22147724009339143
0.2211116097024559
0.22038242934492164
0.23872571541889892
0.2413342890687198
0.23872353871562343
0.2434333519105229
0.25158811311929813
0.2531039023981462
0.2602825260527881
0.2689983924028101
0.27278602298803767
0.2735119760125522
0.2762886825366834
0.29239405586695105
0.29816175597954553
0.29252515751251784
0.2989653687947059
0.3269735270795385
0.32407686165906024
0.32605251454297035
0.33524240125493016
0.3368992496718922
0.33981684640072485
0.3453656994820554
0.3516229214981608
0.3598580546130708
0.3620169244852016
0.37360777718214166
0.37481636802485385
0.378479446792084
0.3808562264736198
0.40849057604452
0.40495421951859717
0.3986923546771453
0.4079799786548941
0.41962770853552256
0.41535885006962436
0.4212960878018782
0.4298093277072978
0.4334434547991067
0.4380614155785563
0.4417780062735967
0.4484386796212524
0.45131690227926413
0.4498894396566583
0.45185990719419605
0.47523180091531575
0.46664445913747316
0.47432396219269035
0.49398622492267485
0.48982285201872594
0.4860232587583492
0.49183900655832147
0.4953999709593365
0.5020821104197271
0.5034453801831213
0.5085314885188358
0.5148640867374872
0.5194131019727468
0.5123572281021168
0.526560470930392
0.5260791093316537
0.5195841438941335
0.5397672408753368
0.5463611248231496
0.5354614399917921
0.5350718505532065
0.5478276265852224
0.5456441342040832
0.548229219681399
0.5540992786557462
0.5603707831154788
0.5667407467507859
0.566825893435677
0.5585530397544909
0.56870857001482
0.559661305531356
0.5573328666898455
0.577870481671465
0.5740147119773243
0.5709440728917835
0.582592305765377
0.5781900035111232
0.5769095259658374
0.5761385729059335
0.5778543894181131
0.5866378303646057
0.5882670916152744
0.5794093398740566
0.5871735101614515
0.5969163557105014
0.5781971852854012
0.5862026359557008
0.5842811529135146
0.5774575135427383
0.5779496697467134
0.5949413751948471
0.5824464347944326
0.5782756485559424
0.5822842133400067
0.5860907624339124
0.5872278506435822
0.5887511036680717
0.5893844838826262
0.5999440500961374
0.5976187121634595
0.5720541041219509
0.5799269100367852
0.5769022344891971
0.5698400126340561
0.583726988059546
0.5745784673115767
0.5706396510436583
0.5708537623164579
0.5668303612859927
0.5670125067144767
0.5663842744887385
0.5648238360152371
0.5721957386701018
0.5805427859264897
0.557445080493258
0.5588614111370515
0.5648238155397782
0.5568542452350355
0.5412683444502698
0.5483256171990756
0.5360282574558553
0.5344882199988816
0.539392026750878
0.5355646724370203
0.5279977750206021
0.5277724705879578
0.5313475822189563
0.5370695782545244
0.5390517111147876
0.5248425402943475
0.5329977955680015
0.5275768034868887
0.49670076389881723
0.501116578411391
0.5009113791772324
0.4978953963212469
0.4985008946134442
0.49048256007823865
0.4861502959480173
0.4847438483175143
0.4793614869646572
0.47864489963910645
0.4803033505889734
0.47491403797509585
0.48173272886793855
0.49348034007684194
0.47490411355555984
0.45395919983499583
0.4585597624302145
0.45723246748114066
0.44262896829300197
0.44072284819848406
0.43229491259486086
0.43091433413553754
0.4283944022796319
0.4263909436555856
0.4217106692270478
0.42101962770298323
0.4224468595023405
0.4297960213002517
0.42777286614578963
0.4050724650767582
0.41029486741198795
0.4157383196965147
0.3921807557005971
0.38438742827754563
0.37924739382592015
0.3847666398409809
0.3817404799161489
0.3748244973654209
0.367784850004558
0.3681966143943126
0.3668811121299231
0.3679802130838844
0.3720683338128087
0.3638354677282961
0.3649388576639036
0.3747572179769997
0.3713199895594836
0.34207294989045905
0.33921950231877207
0.33758854013131046
0.3365467398500213
0.3271526374348286
0.3242358391197925
0.32527657297103374
0.323415316163679
0.31984547026806276
0.3178607083638373
0.3202373758686711
0.3203700837388025
0.32586638135325313
0.3272310031387082
0.3059336685649266
0.30457058098094214
0.30850909458380554
0.3087235090007314
0.29265554452626064
0.28910916402332076
0.2879109861618957
0.29389705335720123
0.288055008953257
0.285296618933109
0.28395233122468067
0.28819281800604124
0.2924057463852544
0.29704194174228965
0.29205929897836513
0.28639141360407333
0.29223342510543526
0.29532971801737495
0.27980287100271023
0.27095682900251034
0.27175121750586756
0.2803101935155368
0.2746770512674987
0.26922409984704876
0.2699357444313018
0.2765896593113351
0.27676640215677795
0.2752519342211256
0.27650833458293966
0.27960111914213315
0.28297108054622505
0.2874258792378173
0.280434966060777
0.27321245357230534
0.2757462545238837
0.2808925616151188
0.2771149505497605
0.2717584018437345
0.27062981174233386
0.2770337030068559
0.28206635430600596
0.2824490411723689
0.2815176199940349
0.2855918968950176
0.2919196150084619
0.2946367367539827
0.2959395180436052
0.2932861464309773
0.2977920755680308
0.29947596061981496
0.2985703315876807
0.29521664988236396
0.29358436406302124
0.30533811770314634
0.309205347204596
0.308063668607767
0.3058196890467449
0.3132382647197924
0.3194712686778996
0.3193609593443971
0.3217067831472387
0.32764687549933486
0.332878773772559
0.3361127144992232
0.3375529804319849
0.3354618183428433
0.3366900802200124
0.33850629193917414
0.3456880895845021
0.34837619698051747
0.350194756785712
0.351066262386376
0.3626323780936428
0.3653537898543242
0.36490649474107517
0.3693201577165908
0.37920793705821376
0.38336416706787496
0.38198519927992036
0.3828992894954092
0.3933695419246016
0.3959513292896604
0.40712723135087003
0.4074288965862155
0.4072800549386626
0.4109481619238238
0.42117020715688325
0.4242983079215939
0.4239189625366475
0.4285974783148558
0.4389473906169287
0.44233246493880723
0.4445850792605015
0.44952677178532124
0.4588563320033764
0.4596501370745426
0.46003781009256856
0.46542955050863544
0.47453289591304465
0.47537748276448893
0.4761590003254538
0.4871689284051451
0.4928866059599549
0.4956952597504518
0.5051195126639872
0.5100840506731334
0.5105547240523054
0.5135505544504828
0.5206479995906657
0.5299021849482051
0.5302771882639116
0.5417098548081903
0.5483290318222049
0.5472621959815497
0.5499302516070986
0.560105303605761
0.5651935240862292
0.5659633066677987
0.5698444572433168
0.5776068044230855
0.5802354981003246
0.5841949181528311
0.593282367510632
0.6003078443750502
0.5994582296605512
0.6007818943457335
0.6095060621544334
0.616377059628538
0.6150253810961595
0.6148297618184758
0.6306498205188134
0.6355111527485771
0.6352399264327855
0.6452278875622435
0.64779946179331
0.6491660879921284
0.6556334048569653
0.6623938512601119
0.666427992131029
0.6659734673638983
0.6750529931232633
0.6790279782237956
0.6808852437023716
0.6817305395110346
0.6945542277321455
0.696811464092926
0.6967361299866874
0.696772684641924
0.7070466618471196
0.7068082795635271
0.7089836081741088
0.7157488410663871
0.7208593273825454
0.7219114806433916
0.72665857595953
0.7317406005894806
0.732561924874903
0.733297852356314
0.7332228319597777
0.7454423997903609
0.743187838596846
0.7394431248888453
0.750683345230958
0.7555647622781041
0.754538412539045
0.7573031817325501
0.7611756195602455
0.7639118843534237
0.7659169732727067
0.7692585942148625
0.7712554063782825
0.7760563333247652
0.7746910991609297
0.7790683243754265
0.7792525300538684
0.77903577775417
0.7787753080110162
0.7871368359430416
0.7829890069970921
0.7800565996106233
0.787160959472733
0.7891084503860448
0.7878846660841913
0.7899349447897751
0.7940869263449609
0.7956842202041164
0.7988578230572181
0.7964987588939352
0.8005234483458847
0.8009204417964577
0.7959055317314054
0.7951239389742807
0.7984488337364429
0.7929326324912305
0.7993641656373054
0.7996247369821149
0.7981336260346482
0.7953963026905019
0.7967118339427629
0.7978145869146864
0.8008760191849067
0.7993459122787764
0.8001632045694087
0.8050009748883475
0.8016740944456986
0.7928054413580946
0.7951541288630248
0.7958983587193302
0.7890164834773572
0.7929617335471815
0.7881817632946484
0.7848192679926651
0.7848769928794941
0.7886802977701881
0.7855002657181172
0.7848247836699123
0.7845796630910151
0.7891233954701152
0.793904594472477
0.787295150150035
0.7790306687425401
0.7830405507172863
0.7731109158006984
0.7675171898843229
0.7655010617921227
0.7665237250702053
0.7654328633807047
0.7653827720729621
0.7596382835158351
0.757809044962742
0.7559820230110716
0.7548806399068251
0.7582988090630528
0.75536842181116
0.7501704664025082
0.7557755828773461
0.7598452592837412
0.7382632987946058
0.7336176972853082
0.7313386465745128
0.7331793494781786
0.7272658511737737
0.7264898314705892
0.7177360360609172
0.7184667426883415
0.7177523159554154
0.7172247918003434
0.7153339385521791
0.7129681160149235
0.7140852922000958
0.7222798463296536
0.7118789215473832
0.6940942408806612
0.6971148647110742
0.6968395631945695
0.683140271865421
0.6799988672512622
0.6755289454096441
0.6821740460243149
0.6800719463119558
0.6723862473476346
0.6682076342985015
0.6669157065622082
0.6653541114183656
0.6693043825130012
0.6705778062698704
0.6557816704152498
0.6592939202190359
0.6673735418497874
0.6563989034765463
0.6316610757132385
0.6309310245383588
0.6322663385200151
0.6366077589966218
0.6313284672366145
0.6242728732130024
0.6230896592486673
0.6202873911196926
0.6182618718296734
0.6199067114449162
0.6186434746997891
0.6154021388065842
0.6226875136168178
0.6125141810900285
0.5888700320129623
0.5899101499210977
0.5977294031937466
0.5971944265767094
0.5885072106324676
0.5790724847758458
0.5836727294698576
0.5861884318677457
0.5798887103340391
0.574141604219552
0.5733625597377093
0.572642576029666
0.579724006513719
0.5860750091766167
0.5713281326936458
0.5590075682948005
0.5686771327699436
0.5724894521509325
0.5523145071206966
0.5443182725445839
0.5425826823955402
0.5552547340786331
0.5522975930686973
0.5430821033064168
0.5423649201312504
0.5421030959158544
0.5410617275812133
0.542640173539845
0.5384351982704405
0.5351106719248769
0.5418654191310023
0.5454009045901412
0.5238678071653804
0.5178905828315727
0.519501558505962
0.5361537979009483
0.5299812559157004
0.5228998635880976
0.5160408999295416
0.5235025590679155
0.5213601072345969
0.5200867536162338
0.5192109720992204
0.518699324925241
0.5223373894354653
0.5328587657636781
0.5288148886425226
0.5097160009000867
0.5121279482385118
0.5154580052098958
0.513926131638932
0.50934099336015
0.5083744645770242
0.5243214843018277
0.5212820231428955
0.5122245010312538
0.5086894559134205
0.5109218873338045
0.5142166629187135
0.5153955041075595
0.515638294498114
0.5091829376667938
0.514105212274135
0.5201392191781876
0.51928501755792
0.5057686732197773
0.506431479003144
0.5140557849914231
0.5253048017326082
0.519551281998473
0.5133503836499544
0.5164507845262146
0.5192218725663499
0.518300886887455
0.520269261489791
0.5206072066126065
0.5223827029910065
0.5301786516162825
0.5301237479128147
0.5196377878673117
0.5197171791948387
0.5274853803301579
0.538356655042125
0.534660902420054
0.5277990513559587
0.5382209147598463
0.5416858664404786
0.5385325690244214
0.532977948063178
0.5359189456637713
0.5396536425479708
0.5431256338650574
0.5435241547945273
0.5428525539083989
0.5418393125042008
0.549044313302876
0.5535319639368068
0.5524877453211312
0.5496861608015415
0.5493561664714999
0.5640455246897921
0.5643050391122124
0.5606178462614212
0.5615636340493929
0.5641743384588893
0.564005406317246
0.5659925784721828
0.5671621196176935
0.5711922823245748
0.5743457114424855
0.5770898842313441
0.5773285156246842
0.5775818591096172
0.5785498684198427
0.593502506871342
0.5945505067485682
0.59226108296143
0.5912103449217481
0.5961007314648182
0.5955131740365718
0.5943978444328162
0.5940587399787235
0.5992337954181387
0.6020178317254512
0.6049881030265742
0.6039865630689998
0.6056656524277116
0.6086652204720141
0.6105275155351141
0.6201826847862228
0.6191777242517501
0.6185144089917891
0.6247198103417458
0.6282647287314751
0.6243055172973139
0.6256205870046
0.62695504157575
0.6307604726591896
0.6296266687581217
0.6302369944708824
0.634395748593313
0.6371201504736975
0.6374955659938976
0.6442141165886718
0.6453970411396198
0.6466708539500119
0.6499301923928635
0.653347161632868
0.6533325689291837
0.6529412112941569
0.6547829207131302
0.6554290407782387
0.6556528324652935
0.6550653240974113
0.6557714957260488
0.6582654838908765
0.6600746737923815
0.6586994127424557
0.6658546300683768
0.666192986143277
0.6671833842123799
0.6716452225845627
0.6731317800076043
0.6725807400210462
0.675340415468141
0.6757568674310303
0.67578175737958
0.6744581124122396
0.6743343115411453
0.6756603670772691
0.6758126180380412
0.6737701246301878
0.6792311061776808
0.6806292292109651
0.6801404252929817
0.6803244882624583
0.6825907722658253
0.684707774733654
0.6854414272670747
0.685702577205964
0.684785362209321
0.6858405208916952
0.6857094672238094
0.6841181572659316
0.6833741520503274
0.6832794967763642
0.6815668456501662
0.6842736719187872
0.6832787910257685
0.6834238138500255
0.6857834372489172
0.6856738065682753
0.6862290224495626
0.6855597592242855
0.6848478071498718
0.6852359841438762
0.6856728623259264
0.6837503813483756
0.6836802817002327
0.6827711834917095
0.6812681361486542
0.6809134581835625
0.679331915449381
0.6777689713592409
0.677370452284356
0.6780003905056862
0.678308164609132
0.6776872754894963
0.6741270156782257
0.6739210891218175
0.6757638829166429
0.6750561662015475
0.6718145551437591
0.6720779862028847
0.6715850161208585
0.667623552744776
0.6657813999552642
0.6650711902475537
0.6650505601247408
0.6626173248714113
0.661154083863849
0.6616092563180376
0.6630634960499446
0.6554297288432509
0.6556675364766964
0.6540321571770125
0.6512874233472735
0.6517956749958097
0.6510838189160669
0.6487719502794694
0.6463768135192148
0.6447725171328444
0.6437294878660236
0.6400762248482461
0.638549859105461
0.6372192036652461
0.6379406986597629
0.6288854763481766
0.6294159144687718
0.6316096294077602
0.6295463965093044
0.6233829619106128
0.6241906467216477
0.6234735268861442
0.6195031558759768
0.6181400468982481
0.6185016103356572
0.6157329320212902
0.6102872542925563
0.6097441472761107
0.6126163987110752
0.6104094375874264
0.5989321128978083
0.6004915959707647
0.5979617240974757
0.5921628845014002
0.5909995991908037
0.592307602907581
0.5902016462947275
0.5888766614831822
0.5863570525545766
0.5842269292646517
0.5812788561704173
0.5794172061181718
0.579232911500515
0.5772217394829875
0.5680894118152978
0.5698618628748344
0.5761419311330278
0.5658509335989722
0.5579527401981286
0.5583644580944119
0.5643638866121061
0.5579925861020841
0.5565583029454392
0.5538042762966274
0.5509482085724167
0.5481322825062558
0.5486238805979486
0.5492435809379276
0.544309642598182
0.5396627955640183
0.5440790639343254
0.5368763987290006
0.5277383548640129
0.5268539667915505
0.5370093373721522
0.5298713341459123
0.5268942486768319
0.5232299745906176
0.5256597412638103
0.5241421036970149
0.5202963273552382
0.5185388871375353
0.5156747718357203
0.513349780840323
0.5169462876785187
0.5210025102243729
0.5040661380117953
0.5035352408006596
0.5080447772362314
0.5150073947049238
0.4988120125938715
0.4982680542883122
0.5002503203136036
0.5041220948859071
0.4995198714429932
0.4973104846615533
0.49452171753454
0.49269372128542616
0.4922431597534079
0.4965115490415011
0.4887378553506023
0.48524309281194145
0.4889304151486435
0.49371143300742115
0.4788401274168772
0.4767213814870385
0.48409943613683376
0.4929667946157448
0.487872938677307
0.4803130499026605
0.47986479866270576
0.47931568329321605
0.47777969008576754
0.47915395128816446
0.47857144654029904
0.4718817003321919
0.4792639295506273
0.48527323372691356
0.47758604686863204
0.46369962418923405
0.4674573185761934
0.4791574014771345
0.4791141305467122
0.47332608265981874
0.47579635235511303
0.4778577756595734
0.4741397150920736
0.46933856172905003
0.4697377364991455
0.4697325200701843
0.47100461667176624
0.4748423190830653
0.46932394675265204
0.46213099342987884
0.46506431648445457
0.4780153075849247
0.47592431803080426
0.4709639135276243
0.4665912411634325
0.48131524290682876
0.4798132886955568
0.474269760422243
0.4707520516196542
0.4709462451140986
0.4705209503872793
0.47607895254730637
0.4777923545304038
0.47028760651846685
0.47106526853622216
0.4792171738300617
0.48087634437595606
0.47126052777124744
0.4704324006076017
0.48218227485814374
0.49109141441397697
0.48536769384235834
0.48109628770381385
0.4833061773052417
0.4829876612156937
0.4797730054734744
0.47978055597956926
0.47862944849435457
0.48164442919892075
0.4858886280171831
0.4860496625566877
0.47828266852249945
0.48097503386814067
0.4857464737933158
0.5016218494564384
0.49682009239906494
0.4901927704608133
0.49360179936043985
0.4993609082043837
0.495610595048726
0.49313013031000885
0.49323989754946473
0.49330816280912265
0.4981426517556398
0.5039728040299113
0.49775063964091026
0.49382459672565354
0.4988161892502658
0.5014857952031653
0.5059085265870987
0.5037441848814528
0.512724294206938
0.521465469261775
0.5179503574282215
0.5098865853871642
0.5097298310170656
0.510075884991342
0.5107895552136877
0.5111796835850885
0.5085064611082886
0.5089727826565603
0.5172171325124714
0.5165319521074906
0.5173526662896573
0.5148671012352337
0.5147142850694456
0.5265363893280866
0.5335690877934868
0.5282042816668553
0.523458298532432
0.5277604036598025
0.5265588065622518
0.5250206190148959
0.5263520968834333
0.5256875440636432
0.5285312803504283
0.5348287871000393
0.5266007091813304
0.5262526979407991
0.5287316342642465
0.5353128953144978
0.5433972148393142
0.5413823827414994
0.5386872575144273
0.5452606987309953
0.544115393046851
0.5399578954246834
0.5376613074073587
0.5367510502096555
0.538001515903413
0.5422926035620325
0.5371656357895362
0.5365035024269023
0.5406452246620602
0.5424384745348165
0.5430693934034132
0.5452805331073178
0.5433370612483145
0.544924774718428
0.5537753962705811
0.5517750006568568
0.5470883028308218
0.5464091139279253
0.5464384702922028
0.5454602163482489
0.5484713693311098
0.5447667997232317
0.5466494577153523
0.5484111722458574
0.5425496786102453
0.5447339684349194
0.5471463224525879
0.5482215746468481
0.5551010119664739
0.5551417089092171
0.5518225350144609
0.5518352500541175
0.5504295255378462
0.548534969407714
0.5477627551417307
0.5456005908621288
0.5463775518949132
0.5496490181308559
0.5480936179378618
0.5432923961463051
0.5445382246751397
0.5472860485448825
0.5451671034804217
0.548711823307585
0.5481019204398366
0.5462423928027343
0.548286341323622
0.5479699054011481
0.545009772011438
0.5435602711247025
0.5424672132594967
0.5427890696266341
0.5430546213770076
0.5397850748682087
0.5390817445798202
0.5417395228542575
0.5370111411367926
0.5374031152035462
0.5385403267354459
0.5388843697396414
0.5386893808055604
0.5385426530909148
0.5376132553532542
0.5364855711287313
0.5348970602847976
0.5339781621148536
0.5330611544516286
0.5316952609508404
0.529857375590061
0.530544332932167
0.5322232737961373
0.5270680230130949
0.5265450158935296
0.5279737773431404
0.5282749167440559
0.5261744746792578
0.5245725612162029
0.5241555939098432
0.5221926498676508
0.5226348649032408
0.5212629230721145
0.5202648834807292
0.519164889689963
0.5171818379253167
0.517217837340252
0.5146913059147074
0.5140222049650007
0.5142615551107222
0.5146580975204527
0.509301344942541
0.5083427139393923
0.5100632911089423
0.5103238574800988
0.5070850618026863
0.5076264713639449
0.5068525176216573
0.5056707117533963
0.5043763277305692
0.5034735951638873
0.503405781628692
0.5011752523388433
0.5002848897577845
0.5004697987472054
0.5027685044435052
0.49681462303856994
0.49663931522597643
0.49669112125916964
0.4926296847975493
0.4918517081392618
0.4930514571113699
0.4924582015096459
0.49285134946991704
0.49151611652184596
0.4909481281405399
0.4910754024977229
0.48920483015103744
0.48618222344834827
0.48993167075107547
0.48641730732042565
0.48526022660349244
0.48660422433937217
0.4868294334400774
0.4787940317259437
0.4817065492726482
0.4838096595082051
0.4820543963898929
0.4815356445898378
0.4826148890045896
0.482042882790402
0.48020418691068656
0.4790663592528318
0.47795257134649954
0.48103217299499995
0.4774005634649081
0.477547096780989
0.48303397831138895
0.47877088755880237
0.47445661070841294
0.477942926685669
0.4752459198627487
0.4749102966106861
0.4753739476719272
0.4765508681185946
0.47830879973949003
0.47777135604423066
0.4755030385618355
0.47888209646716234
0.47720469826566003
0.4733404969442566
0.4766211497953968
0.47974907696017915
0.4741257443569306
0.4760596058692038
0.4820415645146209
0.47596403915135854
0.4754594202877118
0.47765776443612534
0.4808203415311956
0.4791776650411175
0.48064543194076903
0.4805224025625583
0.4811209206352406
0.47834845663079895
0.4770828303286663
0.48458712077371047
0.48324096690526264
0.47940545087148023
0.48852680229771467
0.48510954018515584
0.4833492247560154
0.4836723372168287
0.4883250843684
0.48764635929454403
0.4885368156430791
0.4884540538956189
0.4909672367854225
0.4921578898990637
0.48937152390309235
0.4929102724690164
0.49335712157839945
0.4903268790102859
0.4906247712890073
0.5012960609718643
0.49677474631040436
0.49792573714060795
0.4996849351050267
0.5062838260063256
0.5016266271752101
0.5045107839826191
0.5067500993454018
0.5079016426269979
0.5079248865008468
0.5077998540310918
0.5102812010336331
0.5088338721370013
0.5072476053692118
0.518255957595127
0.5169852898732586
0.5147992294607034
0.5173150628543179
0.5267981530751381
0.5232317336497788
0.5231344910342642
0.5257761498689447
0.5285633936097774
0.5297992789720528
0.5292809529895676
0.5310190840988647
0.5313142033235726
0.5306377896926021
0.5323054610668502
0.536414052467235
0.5340127077347123
0.5349391074059047
0.5395604853774563
0.5482878325583735
0.5456629517197182
0.5471558504359013
0.5547154726011241
0.5537184810747311
0.5533245667500443
0.5542154209154678
0.5566167360895425
0.5565242166411924
0.5564401803800759
0.5598284951731468
0.5588897403600601
0.5582037999326723
0.5624890915918317
0.5703392154552013
0.5683041940470914
0.5675599625164308
0.5762734417397439
0.5797176196101874
0.5791665646729988
0.5774802604270953
0.5807523110049873
0.5810660047455891
0.5806839573435785
0.5821042107226055
0.5822353654053052
0.582264444435008
0.5846843827745967
0.5850425969988032
0.5881036853012119
0.5880031047432528
0.5891542387714892
0.6002451484183146
0.6019091407806616
0.6004524890528097
0.6045608983475098
0.605016332161373
0.6036499564619736
0.6024648205706523
0.603647929023135
0.6043350802844774
0.6053115255143564
0.6040108408034391
0.6054771214599455
0.6063314071575996
0.6071083736583801
0.6128142530729253
0.6167353072808351
0.6164368267186698
0.6154729508213244
0.6240173938963587
0.6236122812069101
0.6194531990186923
0.6201729983777391
0.6210577328290955
0.6197852225299091
0.6211671382295856
0.6197611505435084
0.6211782012879622
0.6241117028685841
0.6214625097858308
0.6220113963212641
0.6257531965706626
0.6244162164520548
0.6329985268387283
0.6358630241495348
0.6329171874455638
0.6317405355560506
0.6319419108471472
0.6306306786867834
0.6286675649605082
0.6270132476365653
0.6278633611629798
0.630498233012008
0.6278148747821126
0.6244854682816349
0.6272276122457819
0.6318653927249029
0.6263546169078387
0.6348436804532034
0.6343662148261661
0.6295828215138374
0.6331540183850644
0.6367419984458629
0.6306640420348305
0.6282862576312769
0.6288055051860927
0.6281991174014672
0.6294040735111444
0.6269477025723583
0.6252551436851025
0.6301401266055043
0.6238097384732355
0.6207078105312014
0.6253219889932072
0.6254534817896601
0.6269301955537429
0.6310829157721857
0.6283727380841685
0.6237609307061949
0.6223713156958445
0.6201813940403956
0.6180000432759977
0.6156967750667236
0.6152639687381081
0.6175796707907785
0.6217898868621559
0.6079773965002941
0.610918587952852
0.6142469738042576
0.6100567125959762
0.6092417066340301
0.6140199533114113
0.6078396549136791
0.6063514097586192
0.6098341427863282
0.6049926917903246
0.5998975808806426
0.5991310473485245
0.5989609863165758
0.6013506974914985
0.597141488015241
0.591289542806081
0.5975122467936499
0.5929487162327475
0.583412502723516
0.5862923739865866
0.5886277699258713
0.5858426523731699
0.5900368236652165
0.5884747966992542
0.5817083052846614
0.5791979097248365
0.5776033402655565
0.573798502554141
0.574201766611495
0.5712371447385685
0.574086276364219
0.5803723585286843
0.5699421584617745
0.5603194433157098
0.5632199664210723
0.5638301034676945
0.5577787020259706
0.5631816706359478
0.5591026607696257
0.5558015299669286
0.5571099863875913
0.552173972552066
0.547490983128326
0.5466915737639818
0.54602849798925
0.5497740209302114
0.5430757895924134
0.5355341352665005
0.537847775670075
0.5433646377796233
0.5300425723481884
0.5304219252602388
0.5317605630308604
0.5286383840763949
0.5305087594335198
0.5326978154954584
0.5246585316618861
0.5218853068078844
0.5222817617524266
0.5194688685552772
0.5203771058529435
0.5182513101597146
0.517264266840545
0.5219946304759053
0.5230435315274826
0.5060282904028037
0.5055606791664592
0.5057450533133191
0.5041999906464675
0.509286210153941
0.5065843278376394
0.5019754735756862
0.5019046487196668
0.4987748001095538
0.49589240304280036
0.495532954945675
0.49646545687654536
0.4974715124538667
0.4985386217092281
0.48662869233911943
0.4857693360753388
0.49115302233737257
0.4877328100207805
0.4844882884376488
0.48652335605923464
0.4824163442002072
0.4819269879022908
0.4869094438197348
0.4823533567201026
0.4793508220860798
0.4809584348325776
0.47878523967863057
0.4796574437060235
0.4823752213048861
0.4783503760844756
0.4795963364487392
0.4807715743410567
0.4746446066645499
0.47103955609417114
0.4728368303402404
0.4727220329156078
0.47837122704281165
0.47759230567557004
0.47341240214973274
0.47241143056259355
0.4722311417587652
0.4692567024317355
0.47221727198569396
0.4741406113218127
0.4734100225475344
0.4753653991924111
0.4732372686329106
0.46823152535689183
0.4701284970510511
0.47112388578680664
0.47143512758031797
0.4749548330603239
0.47349008299617756
0.4714423001789865
0.47482253668628555
0.47303649720981555
0.47130824669658145
0.47434389859626364
0.47364452206577295
0.47369860901061966
0.47567150180692247
0.48063093946575663
0.47670320601366994
0.4784181644307124
0.47912453096240737
0.478849738635851
0.48112865280735473
0.47985286131810256
0.4842036966761386
0.48704235322578737
0.4849609850328638
0.48530177393665663
0.4859508305376099
0.4832892983939512
0.48347778932733665
0.49193859671072393
0.4907169083285563
0.4898704573727059
0.49270995053311695
0.49516900172980605
0.4949013677549184
0.4967984173808442
0.49663573799855953
0.5022129088081424
0.5031344423004749
0.5034036033868646
0.5053493189364351
0.5033101647736
0.5029371126784052
0.5044713345195642
0.5092101328988201
0.5064774543538819
0.507931744188297
0.521737138170535
0.5183622959904163
0.518507640254165
0.5182901668385768
0.5226374051548646
0.5260183410393217
0.5256860941457754
0.5256591141883469
0.5305224085354016
0.530711263045731
0.5312770767526555
0.5336547222072845
0.5301640488725285
0.5268677140203186
0.535157156759336
0.5428923071349827
0.5408622143377151
0.5410918846858678
0.546931050839091
0.5509997952858791
0.5528428449459075
0.552075098613523
0.556569743642639
0.5578807066677691
0.559215466812642
0.5599983087098909
0.5587208484751776
0.5571171175349336
0.5584230629338515
0.5695884316895136
0.5651871855476299
0.5624354185337588
0.5725066911217886
0.5787524058391069
0.5799495079217802
0.576031507130301
0.5783575290894003
0.5828371513973574
0.5861688633792831
0.5848907412583049
0.5862869636831167
0.5859067373427316
0.585100745587561
0.5879728053315483
0.5871580411891911
0.5828686896848867
0.5836284587178759
0.5968817299376207
0.6004178609916943
0.6000201215234867
0.6002136941643617
0.6067428082952863
0.6073249439960614
0.6054193476849151
0.6066100355828107
0.6092692505038467
0.6103013420887393
0.6091040525372585
0.6084655406328919
0.6056993908429147
0.6033869796119989
0.6137942342928461
0.6160410479740386
0.6141780773410414
0.6101584296894333
0.6199834821105393
0.6225157498955463
0.6235157381953447
0.619330664051688
0.6228219813671184
0.6241173589500506
0.6242643449306021
0.6225271584052273
0.6196964804353585
0.6167431405765209
0.6167435584134812
0.621845070093901
0.6196705397163859
0.6173101945338805
0.6198316660325492
0.629645392362849
0.62904283787496
0.6240775148618203
0.6250055927991354
0.6294272128592291
0.6275027874540946
0.6249980892504068
0.6240773323796502
0.624311003944908
0.6215430752632162
0.6217081118408766
0.6194588530607031
0.6166151459454616
0.6129489339090791
0.6226071787026697
0.6236796108001206
0.6182562061298066
0.615239050017105
0.6204691144214791
0.6227285693797943
0.6181015776216531
0.6180427333109736
0.6155254450167519
0.6134026579902134
0.6115654085956048
0.6100320444601764
0.604937911479181
0.601856365954784
0.6014557522138466
0.6076951213573504
0.6068525754976457
0.5998362090611109
0.599863758879431
0.6044862578705085
0.5947987679357787
0.5943699594948372
0.5961294965345855
0.5959134352982038
0.5914957686832713
0.5879008779885172
0.585210439313334
0.5811073159613214
0.5778630312189171
0.5801031859882807
0.5807203048831233
0.5684954789263487
0.5678562099018527
0.5727405024632539
0.5758620345904563
0.5621268783670681
0.5646836105831227
0.5628286754589475
0.5610547187204435
0.558780876055302
0.5562045463348141
0.5489168555795219
0.5455546112186496
0.5443414226686535
0.5430756992093025
0.5416282716427085
0.5343608555107311
0.5359654863308441
0.5389914265159272
0.5185474811368677
0.5166854506517943
0.5220642261050417
0.5199529925839897
0.5160300410952858
0.5158838620773706
0.5133126938841693
0.5078697718450061
0.5041136840477016
0.4988487755615111
0.49610577214153107
0.48800458675183916
0.49215300617711166
0.4954575864521852
0.49393819213116247
0.47271891641119296
0.4744942670831606
0.4772426421933313
0.47158441184825417
0.4684619018510437
0.4678318631648206
0.46206578104899837
0.4605949027600668
0.45680736524891574
0.4486926960818171
0.44394561117003056
0.44250366100602445
0.44589552389212134
0.4451704982339406
0.42693017019760815
0.4244166305020166
0.43311344011290254
0.42086462092686117
0.412142172240214
0.4149671915086567
0.41499315257768715
0.41140145596629407
0.41219510590480035
0.40593365342595183
0.39938814917979953
0.39690748628149036
0.3950912373967249
0.39350024431341696
0.3892646579024634
0.3832971430085998
0.3870162133009718
0.39379048026886465
0.3752366661895162
0.3657128260319217
0.3661197283646014
0.36471418739372563
0.3655221602220625
0.36635797792686664
0.3584109316552228
0.3544377559149997
0.35045948052358283
0.34686350768328383
0.3439162022203483
0.34237017128929353
0.3439247483277495
0.3494351421299735
0.3299412955832276
0.32064927464877174
0.32592311569531707
0.32710786229152344
0.3217044858920123
0.3251952563707904
0.32156097669141454
0.3157228607260197
0.3171518833037191
0.31287051243185027
0.30717785242663836
0.3067971304647024
0.30827768192872046
0.30838528006013843
0.3120678118425998
0.3006295842581788
0.2970973653391265
0.3014394046939106
0.29538778046429115
0.28924403781252567
0.2905146013562235
0.2875973373892541
0.29317260853303184
0.2918456426273323
0.2862398786493409
0.2810686217544505
0.28045056090374576
0.2798681845581923
0.28027923101880803
0.2775562881216262
0.2766197753689184
0.28194691068179617
0.27739190767602545
0.2690715672785974
0.2702075644325729
0.26990444085545545
0.2692165772782943
0.27695011306274925
0.27442657342019644
0.2689093069209872
0.2683774741005797
0.2674572225076757
0.2658964687898236
0.26805440359249144
0.2693417646447215
0.26850434327269124
0.27415968420566195
0.2701378903427287
0.26606240784827856
0.26580799283635653
0.26331967198946743
0.2720206602191677
0.2730915429999943
0.2696821295901065
0.2694419475547174
0.2711848264001011
0.27044845443552007
0.26946847040807176
0.27029095559286803
0.2693582951807983
0.27205091070518267
0.2726410375250835
0.2735339210769291
0.27327306207175517
0.27323466167159377
0.27680157362846314
0.2824524051131254
0.27898166596780677
0.276401564631658
0.28254235797260663
0.2851169760991176
0.28464129961409074
0.2846693138011738
0.2834560848813543
0.28468272186214566
0.2896733031417449
0.29250503454053
0.28975315406595387
0.2902030755127879
0.2922981960946608
0.30357991621989877
0.301297715574343
0.2984791437665584
0.3071061602143263
0.31143501780128735
0.3111393375187705
0.3074702773815225
0.30842588805427334
0.3117010120509621
0.31481219191810156
0.31743375144980734
0.3155592550390945
0.31561931844556773
0.3178418464171804
0.32831919820938515
0.3295707957854761
0.32421709544738253
0.32775314852842324
0.3419690290575361
0.3422231856050777
0.34054700181450304
0.33963580110871616
0.34293875816454783
0.34808308532441523
0.35092910400931493
0.35027456295009035
0.348699196808558
0.3528917707633845
0.3596417209709234
0.36192225200336553
0.35760998148670625
0.35941131969966983
0.3801188369097918
0.381253754175467
0.3767586885313965
0.3739815580349466
0.3805502642619047
0.38467224289093316
0.38644354016084886
0.38368231788342305
0.386324953680136
0.3901665882414921
0.3947757093700294
0.39511712381496494
0.3910690330984285
0.3881963333450574
0.4001170016312676
0.4152003047321064
0.40996786566141624
0.4070641737772888
0.4160946909817565
0.42053839063253706
0.42173220251796295
0.4174302365111535
0.4190964820335417
0.4266862513267263
0.4318858348854775
0.4323183479946495
0.42604501964946573
0.42619335248210877
0.43221052264590415
0.44572116428213776
0.4410953492900924
0.43677337582416187
0.44651132086472145
0.45599499314992836
0.4550278240484104
0.44915200132242183
0.4481598771934576
0.4541347936386617
0.4596861411335582
0.45960594062986093
0.4560831311075354
0.456917456738414
0.45880644867808135
0.4630849452882567
0.4640341413529453
0.45640812464563135
0.4581082705669051
0.4757823522940668
0.4786733375328118
0.47430787153360776
0.470379593924253
0.47324911566695604
0.48015555553101896
0.4767394026626766
0.4757164112195033
0.4780068210938365
0.4832189026072125
0.4840161089051063
0.4794935458648035
0.4757646939928314
0.4751867182868216
0.4881299758612667
0.49107790792111616
0.48604317726129936
0.4782181139470395
0.4853659359810002
0.4886969238895832
0.4901455807928927
0.4830332036992607
0.48515271809075666
0.4881148048521573
0.4902492357504105
0.4857681753387268
0.48388042646904644
0.48015491710266994
0.4807563837003405
0.487355658706617
0.4852883108341296
0.4829884325190699
0.48673878058755904
0.48756337176311304
0.48633039612432777
0.47285247120509305
0.47497542229021206
0.48207144047013534
0.48374832206663465
0.4809269890620852
0.4769129921832571
0.47814506156198694
0.47545710512893347
0.47676989075970694
0.4730215762155934
0.46977429248626795
0.4639087659978588
0.4734355227520395
0.4730182790110592
0.46679255878792936
0.4571321809107562
0.4616822373740905
0.46414376123399326
0.4609178163442573
0.45838593449963194
0.4586293149158849
0.4567461194611023
0.4538705404109187
0.45268638683905654
0.4475320777423006
0.4462346760370417
0.4468217958549021
0.44783689302182794
0.441184748982561
0.42652087508065184
0.42880709204027595
0.43487412182402674
0.42602739843461357
0.4227719592812137
0.4242735167590338
0.42722570889307165
0.42360297118557955
0.4201766598710791
0.41599627797732763
0.41381012068070616
0.4092082085539892
0.4124950536548541
0.4103579591477703
0.3977761824412952
0.391524464963396
0.39619317366096607
0.3974238222461056
0.3841342133893186
0.3837065037715915
0.3844339947476133
0.3831071628924644
0.3805343052903273
0.37904947776354625
0.3736794070863889
0.37010317586768665
0.36910506336642873
0.36912479875061077
0.3640466516626446
0.3539277466198317
0.35345649445476257
0.3551539072262144
0.334726908191301
0.3321339697893813
0.33641467527769414
0.337500606335523
0.3340860574071513
0.3322616694018226
0.3308211712817851
0.3288589332455433
0.3266491557186199
0.322838353465579
0.3199052809996625
0.310236509337863
0.31242908998535185
0.3141505928537612
0.31102610903286826
0.29018405333832337
0.29129199564158914
0.2935885471820997
0.29092756212734777
0.2863363382283678
0.28674546891999836
0.2838936035326831
0.28191630657360417
0.27992430120417555
0.276446609217204
0.27414155043069033
0.27265020374153975
0.27169600298217494
0.2686683186165866
0.24960529352143523
0.24961461818623465
0.2535157007514339
0.24815234471828276
0.2407788385094498
0.24170306377993084
0.24344886103691304
0.24291889009738138
0.24191776923841263
0.23897253289067819
0.2364305394322287
0.2344780704795552
0.23606128587534275
0.234071448373173
0.22921818782667083
0.22077673425057875
0.22383249951823947
0.22476216139512448
0.21549005343238095
0.20892650935957863
0.21060761455824167
0.21092541773395396
0.21012671311712794
0.21023647804184611
0.2091921643672589
0.2080389632689461
0.2076193297536003
0.20633128753448904
0.205489790821909
0.20171685285354687
0.2017555196665474
0.202027515226007
0.19564916254419584
0.1902977403139731
0.1907673004315062
0.19231600371784957
0.19074735658768438
0.18993888199392997
0.1918075155321374
0.19200722244402457
0.19262985338748298
0.19336631792619988
0.19349479256440738
0.19135006675176475
0.1917835151380415
0.19122800510607385
0.19091428655868206
0.18925031791372948
0.18862242134219215
0.18824849889293094
0.19015934490840275
0.18674845295786763
0.18738925644803814
