0.0
0.0100007448015
0.0141374564447
0.0173103206565
0.0199819030456
0.0223378374536
0.024454792111
0.026403756998
0.0282226029381
0.0299295107742
0.0315459201709
0.0330798943002
0.0345324252268
0.0359153289706
0.0372692783188
0.0385740893662
0.0398011426727
0.0409807117804
0.0421594497216
0.0433073183914
0.0443877858932
0.0454277123682
0.0464650842338
0.0474974119459
0.0485028795542
0.0494876614226
0.0504244665134
0.051331602773
0.0522438501474
0.0531644788727
0.0540311647929
0.054798267904
0.0556747006023
0.0565325439882
0.0573104613757
0.0580680303579
0.0587961178524
0.0596256372985
0.0603725224996
0.0610699007899
0.0617767101878
0.0624557623569
0.0631641315355
0.0639342414115
0.0646217954267
0.0651934088023
0.0658540352868
0.0666163281684
0.0672416177686
0.0677914549649
0.0684571080152
0.0691289036598
0.0697461955087
0.0702401878198
0.0707097022777
0.0712879403061
0.0718934196786
0.0725208969825
0.0730183065893
0.0734668515046
0.0739047533424
0.0745661569061
0.0751847506236
0.0757888302849
0.0763055820389
0.0769218225358
0.0774079032558
0.077829730322
0.0781582390935
0.0786637848877
0.079207054707
0.0796755626877
0.080018639829
0.0803438988072
0.0806014928467
0.081184120412
0.0817175379376
0.0821122471684
0.0827467956446
0.083343999477
0.0839958953561
0.0842061760645
0.0846963717596
0.0850960078214
0.085526337202
0.0859303807392
0.0860824140213
0.0862104287764
0.0866409876219
0.0870011391818
0.0873727606875
0.0877437938852
0.0880065033566
0.0884753667956
0.0891600404796
0.0897605008269
0.0905626582115
0.0908641269819
0.0915526865032
0.0914926231215
0.091648794175
0.0916428600626
0.0920987037712
0.0924166570607
0.0927432343854
0.0926282014282
0.092910750443
0.0930460659395
0.0937289438128
0.0939282899545
0.095100591742
0.0959087404391
0.0966471812795
0.0967782950252
0.0971208402802
0.0970023504985
0.0974002111806
0.0977848846598
0.0979604275138
0.0975050708163
0.097504854514
0.0975027814506
0.0981169482225
0.0985157932316
0.099816225524
0.0998331890624
0.100953133685
0.101011435406
0.102100931208
0.102365456707
0.103340393391
0.103330341682
0.103092502928
0.102662996722
0.102658453478
0.102750496769
0.103164475428
0.102757043899
0.103013560332
0.103910698259
0.104405813503
0.10506798073
0.106585358109
0.107481526531
0.108387412758
0.107951588753
0.108559214518
0.107975571045
0.108121658244
0.108567285037
0.108924239011
0.108255507273
0.108060283774
0.107611117354
0.108161370097
0.108609126115
0.110450281667
0.112066519721
0.112720688154
0.113755432462
0.112969940924
0.113824951201
0.114185563526
0.115032789996
0.114655352787
0.114226227663
0.113315023478
0.113471011647
0.113430730708
0.113388538888
0.113147276052
0.11540271254
0.116327866742
0.117228604238
0.118717250216
0.119750972935
0.120130202481
0.120516307581
0.120221472851
0.120036183524
0.119117034117
0.119331011464
0.119669415847
0.119708851291
0.118978944847
0.119888140924
0.119444749831
0.120762106089
0.121031389045
0.124397818245
0.125174489433
0.127358178112
0.12611253796
0.125642523864
0.125553245301
0.125980966386
0.126213627059
0.126419645826
0.124752618381
0.124572221713
0.124874046719
0.125042551276
0.125532287061
0.128579090242
0.12901193042
0.130714996819
0.130253657606
0.131756002159
0.131287651086
0.132833387539
0.132526829271
0.132478719805
0.131143568709
0.130683735809
0.130415583919
0.131072664825
0.130061887094
0.131529485388
0.132618445048
0.133527819552
0.134137629293
0.135036370541
0.136997348665
0.138419181865
0.138685320103
0.137534866596
0.136924956558
0.136716195245
0.137215811142
0.137530730307
0.136271704718
0.135429894959
0.135838873436
0.136665011893
0.137179500981
0.140309983339
0.140844632091
0.142135000582
0.14261054879
0.14167318134
0.141511544864
0.142101964024
0.143051856814
0.142901512415
0.142275745547
0.140832177394
0.14060168013
0.140764740094
0.140800881192
0.140461676813
0.143589041098
0.144233617526
0.14597475149
0.145489983458
0.145396097678
0.146286607491
0.146734973562
0.146476092185
0.146365085735
0.145225055851
0.145509849355
0.145662225994
0.145263982874
0.14489056412
0.145586409632
0.145597498129
0.146746973597
0.147582572164
0.148508787273
0.148652825857
0.150886104001
0.149553821759
0.148625399643
0.148457678923
0.149103097442
0.149353803315
0.149515333699
0.147868827606
0.147516209305
0.147740399108
0.148327675001
0.14786675414
0.149313785624
0.150059900084
0.151462899733
0.151342925638
0.15004665664
0.150102053086
0.150953674693
0.151349983277
0.151362504445
0.150351086501
0.149760195725
0.149699293899
0.150016339406
0.149755974596
0.150745414931
0.150126125816
0.151266564384
0.151821698659
0.151049088725
0.150557524352
0.152157163851
0.152783129072
0.151762934868
0.151318968877
0.151048672488
0.151168501433
0.151737590379
0.150921913301
0.150103173381
0.15042537464
0.150842429432
0.151399442093
0.151113600398
0.150396014817
0.151233377086
0.151826105425
0.150950330979
0.150719262403
0.151016347033
0.151745190434
0.151832781653
0.151404712762
0.151023144952
0.150545602043
0.150803753107
0.150787940421
0.151208234786
0.150272580503
0.150616926765
0.151578680165
0.151265053554
0.149852068875
0.150296023781
0.151114133896
0.151333855812
0.151292795267
0.150842225904
0.150704216856
0.150774171319
0.150951498554
0.150588013669
0.150233290655
0.150143680212
0.150593254313
0.150751921586
0.149340718479
0.149635191661
0.150272100244
0.150747795925
0.150397391602
0.15062987803
0.150866761217
0.151105127183
0.151030127862
0.151025072011
0.150868821406
0.150580523942
0.150789383377
0.151085536709
0.150857604763
0.150143044301
0.150623545278
0.151162052871
0.151156726601
0.151148609978
0.151451785679
0.15192620419
0.152173366211
0.152319914725
0.152343038777
0.152136863536
0.152052747388
0.152307693173
0.152610464029
0.15233472397
0.152372439794
0.152828054322
0.153543517067
0.153336501743
0.153680568054
0.154177976796
0.154785651498
0.154843546762
0.155251325476
0.1552492726
0.155214156569
0.155381709297
0.155916237061
0.15620319864
0.155777542846
0.155959593467
0.157100336273
0.158536208239
0.158329738211
0.158738985353
0.159811704614
0.160313442223
0.160548721491
0.160636225809
0.160809771635
0.160865080803
0.161375592659
0.161664424256
0.161554728575
0.161213279039
0.163596147528
0.16571270903
0.165310944238
0.165214816905
0.166800182715
0.16827790318
0.168165226359
0.16863217016
0.168999670185
0.169646982591
0.169644355662
0.170163600291
0.169325239743
0.169580449232
0.169567284415
0.173173352576
0.173691771502
0.173527580719
0.175013175509
0.178535577475
0.179749858163
0.178789433
0.179539074597
0.18046957203
0.180865900812
0.181096279848
0.181239800404
0.180698542774
0.180580485266
0.183831986117
0.183306870756
0.183594375567
0.183728709697
0.191001724217
0.190935277268
0.192189433119
0.191220043862
0.194057709007
0.19393344768
0.194660003053
0.194387482797
0.194897863445
0.19472926283
0.194793375729
0.195771872571
0.194288412527
0.194165826794
0.197885734511
0.203931153424
0.203995939091
0.20481833294
0.208796108114
0.209352492732
0.209982641561
0.208793784543
0.210132864466
0.209215642914
0.209549451502
0.209525288927
0.209512398167
0.208022883285
0.212259321762
0.215788883696
0.21534478958
0.215557306495
0.219525248337
0.224423575457
0.224774936589
0.225548334181
0.224630073663
0.226233443655
0.22532137212
0.225417504296
0.225127655262
0.224711523338
0.222806939711
0.227042340946
0.226841334119
0.226491417809
0.23115432567
0.236641217665
0.238989234007
0.237420576222
0.238878494172
0.24047518304
0.241238760705
0.241533801801
0.241567867694
0.240748049519
0.238792485439
0.240476303738
0.239409703941
0.239475251323
0.239208908312
0.24843297804
0.247835453524
0.250923576251
0.248970864716
0.254158794931
0.254798084214
0.25692997947
0.255451354595
0.255918267245
0.25441256923
0.253370387352
0.253800977185
0.252028540137
0.249754289591
0.252992765364
0.256981489224
0.257417357339
0.2595778266
0.265556057343
0.265483717012
0.268309273605
0.265242444451
0.26653205704
0.26567720649
0.266698721266
0.266418983468
0.266468920326
0.26269471614
0.26343462087
0.264509908235
0.264783699415
0.263663343259
0.26933817983
0.27339544902
0.275141822135
0.276216946357
0.273544170671
0.275440113684
0.275800942799
0.27553098248
0.276328163381
0.273966515176
0.271170016125
0.272044435787
0.271236898914
0.269274796865
0.273601785772
0.275824554146
0.277902657324
0.27763745365
0.27924016095
0.278838748534
0.28260717785
0.282689105477
0.28103296647
0.280167267546
0.278265952654
0.278233785744
0.278383430111
0.275845396536
0.272798005607
0.277347201746
0.277065757424
0.278732407162
0.278433809408
0.281440228359
0.282113943469
0.285451519266
0.281297511821
0.281437051988
0.281045612978
0.28118723676
0.281467784523
0.279132331849
0.27522942961
0.274979955916
0.276119560623
0.274901134996
0.277518667083
0.279200694549
0.278520566657
0.282707728453
0.279380376681
0.276738147283
0.278039372873
0.281022001405
0.280118437553
0.279192776117
0.275038800376
0.273305195906
0.273670569181
0.273087429234
0.268578676176
0.271913349354
0.272665176727
0.274546557647
0.275158952338
0.269893220189
0.270430771607
0.273130732541
0.271928971624
0.271792644875
0.270302803658
0.269516572222
0.269217255605
0.267629259389
0.263991935483
0.264326272086
0.263668976312
0.26414840114
0.264632767267
0.263979635135
0.259775320873
0.265172355738
0.265405847616
0.260416043968
0.25852413607
0.25986155152
0.260772526155
0.260814325759
0.25672247177
0.252679396542
0.252604282994
0.253173066083
0.251253157782
0.251013534709
0.249883506953
0.249962958066
0.252723919665
0.244931666358
0.243190505588
0.245572562815
0.24729777702
0.246763442436
0.245321419981
0.242997682841
0.241898480049
0.241524014967
0.238040479956
0.238406548738
0.23630997898
0.236593626608
0.238130449242
0.237031277545
0.228602260184
0.230200159024
0.233733165442
0.232204072039
0.228956392957
0.227775614988
0.228416028983
0.228638217988
0.226755778534
0.221982623981
0.221256925147
0.220918055795
0.221466668192
0.220488306276
0.21435964625
0.213846796769
0.216569547981
0.214498444315
0.210057106107
0.211478658711
0.212535916153
0.213423065852
0.211874274041
0.209893915833
0.208401558951
0.20787466168
0.206385073375
0.205605876599
0.204071213539
0.201003419337
0.203268908551
0.204372428178
0.198605348491
0.194540162898
0.197123020227
0.198097925523
0.197959870826
0.196426276741
0.195493781447
0.194860201576
0.194502590006
0.192707776687
0.191529858459
0.190529522127
0.189910062147
0.191370015299
0.186156090069
0.183975273201
0.185316210075
0.186627652646
0.185656595473
0.185243077848
0.185403349385
0.18570967171
0.18556732254
0.184125913335
0.183835690839
0.183025218879
0.182993084516
0.182608125834
0.18328399154
0.180291608357
0.17997450943
0.180697759511
0.180718777741
0.180496527635
0.180156842472
0.181027900574
0.181721868602
0.181561347927
0.181098920683
0.180959136339
0.180381038537
0.180087892908
0.18114872431
0.180849788011
0.180818177738
0.180453522305
0.181889276519
0.183490652962
0.183107417211
0.182596414683
0.184228214185
0.185255971569
0.184693624949
0.184704343815
0.184559788394
0.18511987536
0.185502756785
0.187281604544
0.186583275964
0.18672139869
0.186889962904
0.190991447162
0.193072320342
0.191611511382
0.194109563395
0.197151405308
0.197300497029
0.195424375108
0.195619360108
0.195214979745
0.195982954888
0.19770467217
0.197845513165
0.198467314215
0.198166101328
0.204843373354
0.205559602336
0.206196737409
0.204185704345
0.212785663511
0.213317070795
0.212450967227
0.210578846401
0.213600592173
0.213371632145
0.212865936301
0.213631404723
0.212995116489
0.214610572582
0.216703766688
0.222221907341
0.220117748205
0.221643664555
0.226024998096
0.233047945071
0.232201439261
0.22928349781
0.234484056281
0.233947016301
0.233855560892
0.232644401324
0.232524655948
0.231349082323
0.234449930969
0.237841696823
0.23808275282
0.237903818411
0.241792441496
0.249941091785
0.249954903045
0.248579612961
0.25030132995
0.257457507029
0.25500079424
0.253635465712
0.253208789658
0.253847255165
0.251862617111
0.254548046972
0.254130699456
0.253980514025
0.254884277682
0.262418904376
0.266314915432
0.265242410329
0.269098243157
0.275236875672
0.276653219
0.2728953173
0.2732706144
0.273745608059
0.272223743327
0.27282571336
0.272177236147
0.271612322224
0.269901030275
0.278278004721
0.278303594072
0.281827959988
0.278680820388
0.28873555006
0.289562918568
0.291746262299
0.287051998151
0.292505222988
0.29206841559
0.289305567952
0.289070706471
0.287264777392
0.284717706951
0.285772810957
0.291129139999
0.288959435935
0.291004069632
0.296101312796
0.299939338604
0.302715225136
0.297272483485
0.303452401283
0.304767578517
0.305787433925
0.302253614725
0.303188598739
0.298993063055
0.298285692653
0.300089163463
0.299494781222
0.296647372218
0.301471451277
0.30698098132
0.3084328271
0.309263740643
0.307772012126
0.312017344613
0.313308090275
0.311817172835
0.311856651167
0.311699888519
0.308113895709
0.307268920115
0.305308317699
0.3011945373
0.300360273236
0.307583455192
0.309227738076
0.309029705861
0.311135466349
0.311039417947
0.317306049557
0.31399694604
0.311554549176
0.313934026523
0.314234214596
0.312453481887
0.312101746286
0.308300782818
0.302147779318
0.306731172128
0.307389585197
0.306201675479
0.305749764714
0.312744238987
0.31150600591
0.317619768746
0.308982110999
0.308799755084
0.311200871489
0.31036922237
0.311325033791
0.309725459701
0.305223283669
0.302513430906
0.303286925328
0.298708182896
0.298031707239
0.304428679831
0.304765471707
0.308229325122
0.303734248817
0.299419947465
0.302641679503
0.307620349046
0.302087010384
0.30246777642
0.300903010668
0.298811529396
0.29891159422
0.296011317346
0.287349785741
0.289368570077
0.294249156093
0.293762461853
0.293993923663
0.293162248423
0.291293506742
0.296277293485
0.289980633921
0.285345860364
0.288279296594
0.289231273098
0.289135661039
0.28785573772
0.282718601284
0.279303462595
0.28198562945
0.278595795368
0.275844317145
0.27996760612
0.278601287103
0.283234683686
0.282521116006
0.272546861057
0.269142850276
0.276044109734
0.275866374693
0.27372561129
0.271601757994
0.268066456163
0.268216641902
0.266791417251
0.258909303459
0.256256612361
0.26269177396
0.263897554908
0.265457385333
0.258255419946
0.253329182006
0.257760382956
0.256781041301
0.250817118967
0.252814639332
0.254515941102
0.25406886102
0.253479684395
0.248948174614
0.245354463043
0.248258440984
0.247756196885
0.24323355587
0.244738466602
0.242280629677
0.243788203509
0.248377314808
0.242154366712
0.231429132959
0.235326626311
0.238734832228
0.237673832787
0.236358613835
0.232880601905
0.231489824076
0.231474622922
0.228009996049
0.222952930611
0.228372730173
0.230158014318
0.231287810368
0.225237611936
0.216090750228
0.21975125311
0.223640830352
0.219643874867
0.218939829349
0.221679283755
0.221405413417
0.221785662352
0.219090973237
0.214882678812
0.216343855648
0.220544522216
0.216289644493
0.215950202882
0.214285649647
0.214149444482
0.217455525986
0.216874020786
0.206911066116
0.207417505892
0.212043757982
0.212102330454
0.212569373465
0.211446134869
0.209530480227
0.210139973695
0.211076429314
0.206587442408
0.210591872976
0.214885289599
0.213051613069
0.212245605003
0.203824246127
0.204363907272
0.208459991669
0.208478013259
0.205487975941
0.209115670032
0.210899260919
0.211250936921
0.211473626355
0.20897099922
0.20745776421
0.213482709641
0.2150561599
0.210474476591
0.210831226515
0.213319577906
0.215607809981
0.213928314479
0.207157537688
0.207508396576
0.212968352566
0.214443188809
0.215978117549
0.217136022254
0.21698548472
0.218594356635
0.221396752402
0.218010069529
0.218157696751
0.228464324529
0.226067482651
0.225570334778
0.219705276356
0.219405364046
0.221520451943
0.224269322604
0.220919742382
0.223598937027
0.228283439317
0.227771531659
0.230376782236
0.229840838257
0.227003726409
0.229059601094
0.240484849885
0.234809707915
0.235319914801
0.236786648271
0.239715000199
0.238053377066
0.230336217728
0.230835376012
0.23487843013
0.239180526851
0.240514603341
0.243748622699
0.242967457059
0.244331323417
0.251000369526
0.248929064317
0.245307769591
0.252107311759
0.257631035709
0.254408942069
0.250077179539
0.246654737444
0.249608203835
0.251245444805
0.250403183277
0.250759542986
0.2561925584
0.255484106047
0.259301755214
0.261119214408
0.259163670182
0.256180927936
0.267877294446
0.268808842602
0.264635783187
0.2649409142
0.265310760705
0.265746123346
0.260904389255
0.2587291311
0.260044572447
0.26335520206
0.266140886664
0.269737602086
0.272080577663
0.266684728589
0.275521221866
0.276702876391
0.274805906502
0.269518155927
0.280431284784
0.27781415381
0.274981377239
0.267984160638
0.270048233703
0.270158286026
0.26960497606
0.27181209464
0.274262115182
0.275610968069
0.27559633484
0.282591134243
0.281386403618
0.277966439787
0.282260592095
0.285554120436
0.281830694015
0.276029957582
0.277280173524
0.275134352916
0.275205871371
0.27181529418
0.272602894979
0.272819169331
0.274676696164
0.279129463885
0.284309541475
0.278739077728
0.277889099486
0.284540710499
0.284195984523
0.275965242155
0.277424586673
0.281086944428
0.276949260004
0.272163985191
0.269869418375
0.2688852531
0.268060590252
0.272081939498
0.273514561827
0.275689615139
0.270702707887
0.276768969018
0.280141981327
0.27196028684
0.271659006952
0.274387446893
0.274575061824
0.267756225282
0.265943462617
0.263470441514
0.261995863785
0.261477966115
0.26097716859
0.261953456053
0.258875516484
0.264196548508
0.268727970665
0.270257206153
0.258950256854
0.262874320264
0.263922945221
0.261697687082
0.253142358719
0.256693800605
0.253085992925
0.249298220677
0.247596253864
0.243483096591
0.242754243092
0.244678221839
0.249611313966
0.251030853548
0.243789660968
0.244636497928
0.249386768789
0.247058724422
0.236306484219
0.239096924628
0.239280967491
0.236473196263
0.232440564103
0.231554428072
0.226516079091
0.226387815656
0.227849435424
0.228167548881
0.225777251527
0.22637857471
0.230446951986
0.234595121787
0.22702818407
0.218201451957
0.220952029232
0.220791119413
0.214500626948
0.215298122815
0.212066947989
0.209864758543
0.208116603302
0.205140667257
0.203355728285
0.204175619205
0.208501015003
0.210964386971
0.204971671845
0.199678293512
0.202382835542
0.206327019601
0.197624718368
0.195140236256
0.196596203329
0.194812778084
0.192922046231
0.192429935602
0.188944495484
0.187514095842
0.190246371647
0.189438710669
0.189232260053
0.18812756771
0.190056632698
0.1917008501
0.189959757006
0.182438327619
0.18330333088
0.184619014088
0.182157849129
0.182617378296
0.182909605703
0.182279121014
0.181910789544
0.180978350676
0.179367237165
0.181216156402
0.184588536387
0.183255045853
0.182295569595
0.182914109732
0.1839719334
0.1853963752
0.18484267805
0.182559757998
0.183271363288
0.186800192887
0.186924339955
0.186925716962
0.187955793851
0.188647370746
0.189296750608
0.18790736063
0.184498956867
0.186842714024
0.197330924026
0.197050539913
0.195575699972
0.19880062535
0.198135062203
0.202429983586
0.201363939109
0.202103334166
0.206711541534
0.211034927688
0.211653420702
0.21137887761
0.208996457508
0.210963252315
0.221398065642
0.219233393845
0.212856420221
0.220899838709
0.23201422383
0.231029303854
0.233903698887
0.23179894924
0.231555056624
0.239620107592
0.242992812054
0.243071580358
0.246115117791
0.248015298407
0.248512939509
0.250100577433
0.24425055677
0.248936292977
0.270578128497
0.270719892169
0.267584063464
0.268492202153
0.268740907448
0.273502047456
0.278720574595
0.278133680388
0.282883407298
0.28928563154
0.291156989087
0.290883978851
0.28817505138
0.28494479487
0.299255734209
0.309231685189
0.30046587015
0.30091188662
0.314288812257
0.31870215375
0.321352657201
0.319582946348
0.316683117263
0.326461787547
0.333255042128
0.334632955267
0.335327543667
0.334971458984
0.33727333654
0.344018398511
0.34113946477
0.340178185954
0.363286359451
0.366835466278
0.36322979615
0.361700615949
0.358464717781
0.361083322122
0.370404974118
0.372186796922
0.374224755185
0.381245788929
0.382687964241
0.382990363386
0.381672147126
0.374926609418
0.379685589504
0.402228014294
0.401766282539
0.397499627487
0.402867008059
0.404303138934
0.408868808534
0.406587596974
0.40472381269
0.412890419848
0.420998710784
0.423019204711
0.423014559601
0.420933654893
0.423109582724
0.4361512065
0.435042532984
0.429157874661
0.438682643391
0.447777623976
0.444771774429
0.447475648181
0.440508353513
0.440057151391
0.448876478694
0.453315651955
0.45318984112
0.458192465659
0.459128688285
0.457677282889
0.462498028443
0.456305899841
0.452890290434
0.469024869285
0.479232418068
0.474939029563
0.473565536818
0.468009762348
0.47222608234
0.476166609854
0.475677462038
0.479762629703
0.484123292319
0.484909692152
0.486007168416
0.485978589878
0.483178942939
0.493825925101
0.499380133204
0.493418054557
0.493655656902
0.494836723636
0.495595923477
0.49877893001
0.496902139829
0.491731484416
0.498409149693
0.501650418195
0.50139833723
0.505032791985
0.504838350107
0.49993111231
0.505997836582
0.507540718939
0.504136743619
0.50855225732
0.512417803602
0.511811762091
0.507453347978
0.499907763319
0.500846022077
0.506670388663
0.50882880271
0.510616759775
0.513506575196
0.510626674899
0.511723203153
0.513260831523
0.511581438923
0.509699120911
0.51594031864
0.514601499388
0.513723639159
0.507009495654
0.505223963073
0.507183909215
0.509184532544
0.505363181993
0.507842718765
0.510284145776
0.507993008261
0.512235550606
0.511749799235
0.508602071467
0.50333823785
0.509473128517
0.507877117413
0.503396253688
0.501322097483
0.498719743312
0.501635667917
0.494469479482
0.491594866159
0.493476089341
0.49533851529
0.497401403957
0.500408644616
0.499180604621
0.490769793428
0.494120052699
0.494823459129
0.490685304694
0.48327338627
0.486415567285
0.484172900394
0.483095887103
0.47340326732
0.473355308243
0.474378701757
0.473229549573
0.476103955181
0.475940535625
0.473577958105
0.471224636003
0.475225692666
0.473599727345
0.458665497447
0.459829310399
0.459692779155
0.458758281293
0.44930062149
0.445560015313
0.446539415082
0.447595897955
0.441910014049
0.442684984579
0.441013313617
0.440381383974
0.444602253005
0.447827698461
0.435165529074
0.4271929371
0.431653942059
0.430640351394
0.420357045778
0.41348906389
0.412430182975
0.415354230362
0.408442172244
0.404545243151
0.403457623161
0.403683227281
0.406499632713
0.407704698247
0.405313781504
0.392376097559
0.395489535017
0.398625612709
0.382107096058
0.373946024722
0.372277763816
0.377310209675
0.372953054079
0.365710644009
0.362996790405
0.365059477979
0.363985383137
0.36320624181
0.364131375683
0.355664641155
0.358512954137
0.363938026528
0.360513512735
0.338070827607
0.336209105914
0.336424041012
0.337689142301
0.327620660686
0.32296865159
0.327713787972
0.327090081436
0.323839357938
0.320591124827
0.321615955133
0.31961530744
0.323749547375
0.324532366237
0.30233075603
0.300282521658
0.30281228711
0.305379342928
0.293198511927
0.288863930419
0.28677860622
0.296386896441
0.29165077811
0.288609024998
0.287986536955
0.289543070527
0.292231583062
0.296832746
0.291529334837
0.27804529713
0.283328973844
0.285508524379
0.278420525434
0.265786766942
0.263406660732
0.27721367661
0.279005746508
0.273995201879
0.271000610304
0.276830843353
0.276348494133
0.279664323327
0.28095220653
0.272159958547
0.274296062707
0.279670991808
0.275625280343
0.263446196799
0.260459457602
0.264956568264
0.283037042196
0.277973846402
0.273885682784
0.277820955503
0.286608112362
0.28608144198
0.290382270378
0.289494650247
0.289667351667
0.298137750859
0.301613297733
0.291175912972
0.281520534588
0.282102420526
0.300049888012
0.306251290471
0.299970962194
0.305963682447
0.320214289485
0.317984968406
0.319454844127
0.321981510904
0.324073092635
0.328707123314
0.335816437375
0.329151886597
0.324465149322
0.323597524408
0.335281572447
0.347304108343
0.339797206464
0.334724246532
0.353481542684
0.36834861757
0.364823730514
0.366886889299
0.370791614605
0.376727211977
0.384329534401
0.387247808207
0.381023503904
0.38259966622
0.385332114295
0.393170219649
0.39188439895
0.38464401218
0.4103046505
0.428105008014
0.423671007657
0.419658670733
0.426583842042
0.429896718438
0.435134987967
0.440217950936
0.439277624437
0.444112322148
0.447830173723
0.453511769692
0.447626004096
0.443801780991
0.443218373529
0.473430360003
0.478956343193
0.473299428232
0.476193922314
0.491215432864
0.494372771365
0.495897503061
0.496958396266
0.500880707111
0.509992332746
0.514355249637
0.512412615373
0.506057895233
0.506194638355
0.526230065339
0.53319230758
0.527202244871
0.530515783635
0.553355626797
0.551880860447
0.553611012826
0.55296315434
0.556038547888
0.560275598845
0.567178037258
0.566844219479
0.566713651706
0.568538554868
0.572132234603
0.580438107284
0.575339382096
0.569797841038
0.584793215663
0.606783098129
0.603709058715
0.604551865282
0.606849580121
0.610378355207
0.615300308315
0.616486996681
0.61835037285
0.620861527821
0.624272421239
0.625133582156
0.624480394279
0.619045534425
0.635603107831
0.651271593305
0.646846307578
0.644031567963
0.650802352726
0.654050892942
0.656107158794
0.659559166746
0.658852876667
0.662718738686
0.666298789957
0.667339600853
0.664908205847
0.665005387157
0.662023358134
0.674847271445
0.678990035956
0.674538341799
0.679771531234
0.689409137708
0.69229306993
0.690794346861
0.688979021453
0.691082830547
0.695736563109
0.698853611455
0.69885594225
0.698150755154
0.697831827899
0.703052432869
0.703878312003
0.70067296196
0.701772318706
0.71486894051
0.713919639939
0.715193786205
0.7139399698
0.713453352801
0.714494418423
0.71811404569
0.718048500391
0.71933682186
0.720478870152
0.719042480317
0.719426230521
0.718380731257
0.714982236833
0.718981390743
0.725531197135
0.724791856834
0.726982186872
0.724023308963
0.724223351698
0.726150089291
0.725977066158
0.725551561219
0.725676226195
0.726677413461
0.726213525847
0.726483812315
0.723985649602
0.725528829738
0.725934898509
0.725682247101
0.725553891958
0.72502918918
0.721815627319
0.723920234403
0.725501571665
0.722679893549
0.721407872095
0.721273308835
0.721138083769
0.721764206254
0.720894246511
0.717160295613
0.716253901157
0.716651695946
0.716255865872
0.715392164954
0.707480675443
0.709123384815
0.71089694068
0.706457826712
0.702862643005
0.703281426988
0.705748961061
0.705197875251
0.702466359526
0.700361075173
0.698039095139
0.697974472852
0.697471907519
0.696612385385
0.687964653821
0.685376921733
0.689474368179
0.687928027513
0.676512395228
0.674768932463
0.676691158789
0.678072044074
0.675606546517
0.671365216719
0.66885896657
0.667836342773
0.668636584617
0.66546461007
0.659599684259
0.65394004914
0.655944728927
0.655706823766
0.636247114586
0.634676511181
0.637572422701
0.641187569914
0.634846835472
0.632007017918
0.630494501243
0.631567696005
0.628734475089
0.625165692836
0.62096111501
0.61459443366
0.618022061863
0.620018329446
0.609286849143
0.589868987503
0.594852228653
0.597846390777
0.590737293891
0.58296649456
0.581908868718
0.586521745475
0.58488059471
0.579032945281
0.573302798099
0.569454991881
0.569335599559
0.570959024241
0.560639779838
0.541300307967
0.544008035658
0.549640973908
0.537930455883
0.525092260181
0.526312592061
0.531459271999
0.53355473779
0.526400728415
0.522005380121
0.518952142635
0.519304745442
0.51682477577
0.516129652583
0.500575784237
0.496516070253
0.503363726341
0.502922369723
0.475662773406
0.468426824346
0.474940178096
0.47936509781
0.475237840111
0.467488346844
0.468919891333
0.468146117548
0.46543194871
0.461519252224
0.453176702211
0.447388054915
0.449957760775
0.451660179738
0.421296737362
0.416566361215
0.420919005882
0.429911591745
0.420668459833
0.416152902841
0.413864002615
0.422293683753
0.419719919679
0.413398317068
0.41039836495
0.40487424703
0.408500379261
0.411765783085
0.40558069603
0.37813518939
0.38256642433
0.387908496017
0.380920720342
0.372949530302
0.371268821468
0.389430149116
0.389658532016
0.382537334914
0.376865222349
0.376753433504
0.373825935402
0.376322300808
0.372463919256
0.353079239635
0.356643127517
0.362963533743
0.362299539588
0.345224634074
0.345805130218
0.351509387311
0.371206148698
0.364754055289
0.359562350464
0.360871823594
0.365792644852
0.365005034291
0.366186119622
0.359839299521
0.352238968254
0.361032461104
0.365272325036
0.351881052109
0.342275385603
0.350954739307
0.37436206962
0.374368396045
0.367145868967
0.369494225767
0.379912483351
0.376513449631
0.376979798224
0.374196928869
0.370960126187
0.37411222053
0.382353519887
0.373452706073
0.365374920035
0.367457322233
0.383264998768
0.396911719418
0.3889413044
0.38557323152
0.401553470346
0.413698595224
0.408647223397
0.408134125864
0.407752938546
0.411389487978
0.417378081752
0.422311552847
0.408910216198
0.407664125034
0.418882764482
0.430076437639
0.430023370501
0.423908989348
0.447316305115
0.461216690927
0.457084562938
0.452558172549
0.456138683919
0.457969821968
0.459368699365
0.464736387001
0.458113350412
0.461194327099
0.463610222355
0.478087077075
0.471835978856
0.470714540332
0.471266997422
0.50217096088
0.506322738639
0.501487389596
0.504565691961
0.513638478684
0.515791651114
0.514132124406
0.515411967969
0.51173459988
0.517629170045
0.523713780894
0.524175762087
0.521268269225
0.524349865771
0.551998944865
0.554167111803
0.551787104318
0.549607063419
0.567708250633
0.566977759494
0.566863566194
0.565239454198
0.567169854173
0.56803701421
0.572126964965
0.574990087888
0.570205729499
0.572941370038
0.581309232452
0.596689690024
0.590615992525
0.590582573828
0.601829663306
0.617578506252
0.614536920824
0.611278017659
0.615119540205
0.615950392362
0.617535726182
0.619576148929
0.617288645927
0.615490183222
0.62421745681
0.631511282235
0.631444865655
0.628552582455
0.639792467718
0.652839370019
0.652215438059
0.649162257796
0.652806957766
0.658356611377
0.655474157724
0.655623124019
0.654555767096
0.655212028801
0.654213975317
0.663160493567
0.660807795522
0.661470188731
0.661780609634
0.675121353228
0.678010235492
0.677091219647
0.680456431897
0.687285382233
0.688423830997
