0.5
0.500000061098
0.500000143535
0.50000024625
0.500000368158
0.500000508164
0.500000665174
0.500000838082
0.500001025784
0.500001227172
0.500001441133
0.500001666556
0.500001902335
0.500002147362
0.500002400533
0.500002660754
0.50000292693
0.500003197974
0.500003472812
0.500003750374
0.5000040296
0.500004309446
0.500004588875
0.500004866863
0.500005142403
0.500005414503
0.500005682185
0.500005944487
0.500006200467
0.500006449197
0.500006689771
0.500006921302
0.500007142924
0.500007353791
0.500007553076
0.500007739976
0.500007913709
0.500008073519
0.500008218674
0.50000834846
0.500008462187
0.500008559194
0.500008638842
0.50000870052
0.500008743639
0.500008767633
0.500008771963
0.500008756118
0.500008719613
0.500008661986
0.500008582797
0.500008481633
0.500008358109
0.500008211864
0.500008042564
0.500007849895
0.500007633569
0.500007393325
0.500007128925
0.500006840158
0.500006526831
0.500006188777
0.500005825852
0.500005437935
0.50000502493
0.500004586759
0.500004123367
0.500003634718
0.5000031208
0.500002581623
0.500002017213
0.50000142762
0.50000081291
0.500000173171
0.499999508508
0.499998819047
0.499998104927
0.499997366305
0.499996603356
0.499995816271
0.499995005258
0.499994170541
0.499993312356
0.499992430959
0.499991526616
0.49999059961
0.499989650236
0.499988678804
0.499987685635
0.499986671065
0.49998563544
0.499984579118
0.499983502469
0.499982405871
0.499981289716
0.499980154404
0.499979000344
0.499977827959
0.499976637682
0.499975429951
0.499974205216
0.499972963935
0.499971706571
0.499970433594
0.499969145486
0.499967842729
0.499966525818
0.49996519525
0.499963851531
0.499962495171
0.499961126687
0.499959746597
0.499958355428
0.499956953709
0.499955541972
0.499954120754
0.499952690595
0.499951252037
0.499949805624
0.499948351902
0.49994689142
0.499945424725
0.499943952368
0.499942474899
0.499940992867
0.49993950682
0.499938017308
0.499936524878
0.499935030073
0.499933533435
0.499932035504
0.499930536816
0.499929037903
0.499927539293
0.499926041508
0.499924545066
0.499923050479
0.499921558254
0.499920068889
0.499918582874
0.499917100693
0.49991562282
0.499914149723
0.499912681857
0.499911219669
0.499909763596
0.499908314065
0.499906871488
0.499905436269
0.499904008799
0.499902589455
0.499901178602
0.49989977659
0.499898383757
0.499897000425
0.499895626901
0.499894263478
0.499892910432
0.499891568023
0.499890236495
0.499888916077
0.499887606981
0.4998863094
0.499885023509
0.499883749468
0.499882487417
0.49988123748
0.499879999761
0.499878774345
0.499877561298
0.499876360671
0.499875172494
0.499873996779
0.499872833519
0.499871682686
0.499870544236
0.499869418109
0.499868304221
0.499867202474
0.499866112749
0.499865034906
0.499863968796
0.499862914245
0.499861871064
0.499860839046
0.499859817964
0.49985880758
0.49985780764
0.499856817872
0.499855837986
0.499854867679
0.499853906634
0.49985295452
0.499852010992
0.499851075688
0.499850148237
0.499849228253
0.499848315341
0.499847409094
0.499846509092
0.499845614906
0.499844726096
0.499843842215
0.499842962809
0.499842087413
0.499841215554
0.499840346753
0.499839480527
0.499838616385
0.499837753831
0.499836892365
0.499836031482
0.499835170676
0.499834309438
0.499833447256
0.499832583618
0.499831718011
0.499830849922
0.499829978838
0.499829104248
0.499828225643
0.499827342516
0.499826454363
0.499825560682
0.499824660976
0.499823754752
0.499822841522
0.499821920805
0.499820992125
0.499820055015
0.499819109015
0.499818153674
0.499817188546
0.499816213199
0.499815227208
0.499814230157
0.499813221645
0.499812201279
0.499811168678
0.499810123473
0.499809065307
0.499807993836
0.49980690873
0.499805809675
0.499804696371
0.499803568535
0.4998024259
0.499801268213
0.499800095241
0.499798906764
0.499797702577
0.499796482498
0.499795246361
0.499793994017
0.49979272534
0.499791440225
0.499790138584
0.499788820353
0.499787485486
0.499786133961
0.499784765773
0.499783380944
0.499781979514
0.49978056155
0.49977912714
0.499777676395
0.499776209452
0.499774726469
0.499773227631
0.499771713149
0.499770183254
0.499768638205
0.499767078286
0.499765503808
0.499763915107
0.499762312543
0.499760696501
0.499759067394
0.49975742566
0.499755771767
0.499754106203
0.499752429482
0.499750742146
0.499749044762
0.499747337924
0.49974562225
0.499743898379
0.499742166978
0.499740428737
0.499738684373
0.499736934625
0.49973518025
0.499733422028
0.499731660762
0.499729897279
0.499728132425
0.499726367061
0.499724602069
0.499722838348
0.499721076817
0.499719318412
0.499717564081
0.499715814777
0.499714071473
0.499712335153
0.499710606812
0.499708887453
0.499707178083
0.499705479715
0.499703793371
0.499702120075
0.499700460855
0.499698816731
0.499697188724
0.499695577854
0.499693985135
0.49969241158
0.499690858184
0.499689325931
0.499687815798
0.499686328747
0.499684865726
0.499683427662
0.499682015466
0.499680630025
0.499679272208
0.499677942856
0.499676642787
0.499675372784
0.499674133606
0.499672925976
0.499671750588
0.499670608097
0.499669499124
0.499668424254
0.499667384028
0.499666378947
0.499665409468
0.499664476009
0.499663578942
0.499662718591
0.499661895229
0.499661109084
0.499660360332
0.499659649108
0.499658975487
0.499658339495
0.499657741098
0.499657180216
0.499656656724
0.499656170439
0.499655721121
0.499655308474
0.499654932148
0.499654591753
0.499654286841
0.499654016907
0.499653781392
0.499653579683
0.499653411131
0.499653275038
0.499653170654
0.499653097174
0.49965305375
0.499653039493
0.499653053484
0.499653094755
0.499653162293
0.499653255046
0.499653371932
0.49965351185
0.499653673659
0.499653856188
0.499654058236
0.49965427858
0.499654515991
0.499654769216
0.499655036984
0.499655318011
0.499655610999
0.499655914656
0.499656227689
0.499656548797
0.499656876683
0.499657210054
0.499657547629
0.499657888147
0.499658230355
0.499658573021
0.499658914933
0.499659254903
0.499659591776
0.499659924424
0.499660251755
0.499660572713
0.499660886284
0.499661191491
0.499661487408
0.499661773156
0.499662047907
0.49966231089
0.499662561379
0.499662798705
0.499663022263
0.499663231512
0.499663425976
0.499663605239
0.49966376894
0.4996639168
0.499664048606
0.499664164224
0.499664263583
0.499664346667
0.499664413543
0.499664464355
0.499664499323
0.499664518741
0.499664522951
0.499664512374
0.499664487511
0.499664448936
0.499664397296
0.499664333286
0.499664257669
0.499664171281
0.499664075028
0.499663969882
0.499663856859
0.499663737017
0.499663611484
0.499663481445
0.499663348136
0.499663212837
0.499663076852
0.499662941538
0.499662808294
0.499662678555
0.499662553788
0.499662435466
0.499662325089
0.499662224186
0.499662134301
0.499662056993
0.499661993809
0.499661946301
0.499661916023
0.499661904526
0.499661913352
0.499661944029
0.499661998064
0.499662076948
0.499662182143
0.499662315086
0.499662477174
0.499662669759
0.499662894151
0.499663151615
0.499663443365
0.499663770557
0.499664134311
0.499664535676
0.499664975639
0.499665455115
0.499665974952
0.499666535928
0.499667138746
0.499667784027
0.499668472308
0.499669204038
0.499669979597
0.49967079929
0.49967166332
0.499672571799
0.499673524746
0.49967452209
0.499675563699
0.49967664933
0.499677778643
0.499678951204
0.499680166482
0.499681423885
0.499682722714
0.499684062174
0.499685441375
0.499686859334
0.499688315021
0.499689807316
0.499691335009
0.499692896802
0.499694491318
0.49969611712
0.499697772708
0.499699456498
0.49970116684
0.499702902012
0.499704660244
0.499706439736
0.499708238619
0.499710054975
0.499711886836
0.499713732196
0.499715589037
0.499717455303
0.499719328905
0.499721207731
0.49972308965
0.499724972531
0.499726854236
0.499728732617
0.499730605527
0.499732470824
0.499734326383
0.499736170103
0.499737999898
0.499739813706
0.499741609497
0.499743385273
0.499745139071
0.499746868971
0.499748573104
0.499750249648
0.499751896842
0.499753512974
0.4997550964
0.499756645546
0.499758158908
0.499759635057
0.499761072627
0.499762470328
0.499763826964
0.499765141422
0.499766412682
0.499767639793
0.499768821885
0.499769958192
0.499771048044
0.49977209087
0.499773086188
0.499774033596
0.499774932803
0.499775783621
0.499776585963
0.499777339842
0.499778045328
0.499778702605
0.49977931196
0.49977987378
0.499780388548
0.499780856811
0.499781279212
0.499781656492
0.499781989484
0.49978227911
0.499782526358
0.499782732287
0.499782898048
0.499783024872
0.499783114065
0.499783166995
0.49978318507
0.499783169777
0.499783122667
0.499783045346
0.499782939476
0.499782806748
0.49978264891
0.499782467751
0.499782265101
0.499782042827
0.499781802807
0.499781546949
0.499781277186
0.499780995471
0.499780703768
0.499780404052
0.4997800983
0.499779788494
0.499779476615
0.499779164636
0.499778854526
0.499778548237
0.49977824771
0.499777954861
0.499777671583
0.499777399746
0.499777141196
0.499776897744
0.499776671164
0.49977646319
0.499776275514
0.4997761098
0.499775967663
0.499775850668
0.499775760327
0.499775698097
0.499775665395
0.499775663591
0.499775693985
0.499775757822
0.499775856283
0.499775990494
0.499776161544
0.499776370441
0.499776618135
0.499776905507
0.499777233377
0.499777602528
0.499778013667
0.499778467436
0.499778964413
0.499779505112
0.499780090007
0.499780719511
0.49978139397
0.499782113669
0.499782878834
0.49978368965
0.49978454625
0.499785448708
0.499786397043
0.499787391224
0.499788431173
0.499789516782
0.499790647887
0.49979182428
0.499793045709
0.499794311887
0.499795622498
0.499796977187
0.499798375564
0.499799817207
0.499801301664
0.499802828463
0.499804397106
0.499806007068
0.499807657806
0.499809348757
0.499811079342
0.499812848973
0.499814657043
0.49981650294
0.499818386039
0.499820305712
0.499822261322
0.499824252232
0.499826277802
0.499828337397
0.499830430381
0.499832556119
0.499834713982
0.499836903352
0.499839123618
0.499841374181
0.499843654448
0.499845963838
0.499848301788
0.499850667752
0.499853061201
0.499855481614
0.499857928487
0.499860401338
0.499862899708
0.499865423157
0.499867971265
0.499870543629
0.499873139873
0.499875759646
0.49987840262
0.499881068492
0.49988375697
0.499886467795
0.499889200729
0.499891955566
0.49989473212
0.499897530224
0.499900349739
0.49990319055
0.499906052569
0.499908935735
0.499911840001
0.499914765348
0.499917711779
0.499920679324
0.499923668036
0.499926677985
0.499929709257
0.499932761962
0.499935836232
0.499938932218
0.49994205009
0.499945190031
0.499948352243
0.499951536944
0.49995474437
0.499957974771
0.499961228401
0.499964505526
0.499967806426
0.499971131391
0.499974480719
0.499977854709
0.499981253666
0.4999846779
0.499988127724
0.499991603452
0.499995105396
0.499998633856
0.500002189133
0.500005771524
0.500009381318
0.50001301879
0.500016684197
0.500020377785
0.500024099782
0.500027850403
0.500031629837
0.500035438248
0.500039275772
0.500043142522
0.50004703858
0.500050963998
0.500054918785
0.500058902909
0.500062916304
0.500066958859
0.500071030421
0.500075130782
0.500079259684
0.500083416815
0.500087601808
0.500091814237
0.500096053615
0.500100319389
0.50010461094
0.500108927579
0.500113268546
0.500117633006
0.500122020048
0.50012642868
0.500130857831
0.50013530634
0.500139772964
0.500144256377
0.500148755166
0.500153267821
0.500157792741
0.500162328225
0.500166872483
0.50017142364
0.500175979709
0.500180538607
0.500185098147
0.500189656045
0.500194209938
0.500198757352
0.500203295708
0.500207822327
0.500212334426
0.500216829161
0.500221303581
0.500225754634
0.50023017917
0.500234573945
0.500238935658
0.500243260926
0.500247546269
0.500251788126
0.500255982854
0.500260126761
0.500264216123
0.500268247127
0.500272215901
0.500276118517
0.500279951011
0.500283709426
0.500287389749
0.500290987935
0.500294499918
0.500297921618
0.500301249007
0.500304478049
0.500307604708
0.50031062497
0.500313534849
0.500316330438
0.500319007892
0.500321563407
0.500323993249
0.500326293762
0.500328461402
0.500330492753
0.500332384496
0.500334133433
0.500335736501
0.500337190789
0.500338493581
0.500339642313
0.500340634605
0.500341468269
0.500342141324
0.500342652023
0.500342998845
0.50034318051
0.500343195987
0.500343044514
0.5003427256
0.500342239042
0.500341584935
0.500340763683
0.50033977601
0.500338622957
0.500337305888
0.500335826524
0.500334186947
0.500332389605
0.500330437307
0.500328333202
0.500326080844
0.500323684189
0.500321147594
0.500318475819
0.500315673964
0.50031274756
0.500309702569
0.500306545375
0.500303282793
0.500299921978
0.500296470503
0.50029293639
0.500289328088
0.500285654475
0.500281924791
0.50027814862
0.50027433601
0.500270497418
0.500266643706
0.500262786102
0.500258936098
0.500255105623
0.500251306978
0.500247552828
0.500243856179
0.500240230238
0.500236688572
0.500233245073
0.500229913929
0.500226709615
0.500223646746
0.500220740167
0.500218004989
0.500215456532
0.500213110312
0.500210981952
0.500209087156
0.500207441807
0.500206061897
0.500204963507
0.500204162752
0.50020367568
0.500203518402
0.500203707027
0.500204257629
0.500205186216
0.500206508637
0.500208240649
0.500210397886
0.500212995819
0.500216049732
0.500219574652
0.500223585359
0.500228096382
0.500233121955
0.500238675996
0.500244772073
0.500251423379
0.500258642717
0.500266442469
0.500274834573
0.500283830506
0.500293441281
0.500303677384
0.50031454876
0.500326064798
0.500338234308
0.500351065568
0.500364566219
0.500378743254
0.500393603005
0.500409151127
0.500425392683
0.500442332039
0.500459972812
0.500478317885
0.500497369389
0.500517128781
0.500537596834
0.500558773484
0.500580657884
0.500603248396
0.50062654263
0.500650537557
0.500675229267
0.500700613045
0.500726683369
0.500753433929
0.500780857819
0.500808947281
0.500837693745
0.500867087859
0.500897119488
0.500927777911
0.500959051659
0.500990928471
0.501023395355
0.501056438588
0.501090043864
0.50112419629
0.501158880224
0.501194079373
0.501229776803
0.501265955027
0.501302596154
0.501339681631
0.501377192361
0.501415108728
0.501453410638
0.501492077681
0.501531088963
0.501570423163
0.501610058572
0.501649973122
0.501690144546
0.501730550286
0.501771167484
0.501811973049
0.501852943685
0.501894055979
0.501935286427
0.501976611379
0.502018007112
0.502059449856
0.502100915847
0.502142381382
0.50218382279
0.502225216483
0.502266538991
0.502307766992
0.502348877346
0.502389847124
0.502430653635
0.50247127446
0.502511687478
0.502551870849
0.502591803082
0.502631463081
0.502670830159
0.502709884063
0.50274860495
0.502786973423
0.50282497062
0.502862578207
0.502899778406
0.502936553971
0.502972888132
0.503008764788
0.503044168463
0.503079084326
0.503113498187
0.503147396345
0.503180765838
0.503213594408
0.5032458705
0.503277583268
0.503308722445
0.503339278492
0.503369242636
0.50339860684
0.503427363822
0.503455506895
0.503483030019
0.503509927975
0.503536196274
0.503561831167
0.503586829579
0.503611189022
0.503634907799
0.503657984932
0.503680420153
0.503702213865
0.503723366959
0.503743881067
0.503763758492
0.503783002188
0.503801615741
0.503819603215
0.503836969283
0.503853719233
0.503869858926
0.503885394778
0.503900333648
