0.0
5.81418858174e-05
0.000193868076405
0.000416598051513
0.000733140253112
0.00114139920168
0.00163425069245
0.00221989509598
0.00288949158128
0.00364882664187
0.00449811076596
0.00543695773737
0.00646492308223
0.00758177286303
0.00878724434171
0.0100809188057
0.0114625596152
0.0129318951629
0.0144885467325
0.0161322608722
0.0178627209047
0.0196795020959
0.021582294465
0.0235707392868
0.0256443851337
0.0278028178977
0.0300456106578
0.0323723256495
0.0347825068846
0.0372756577996
0.0398512872644
0.0425088957935
0.0452479716357
0.0480679902343
0.0509683562727
0.053948485871
0.0570077894553
0.0601456656069
0.0633615015593
0.0666546507035
0.0700244528458
0.0734702462786
0.0769913559697
0.0805870977551
0.0842567564628
0.0879995887372
0.0918148547547
0.0957018021966
0.0996596638926
0.10368765984
0.107784981612
0.111950819145
0.116184345172
0.120484724637
0.124851108282
0.129282631286
0.13377841928
0.138337586358
0.142959236111
0.147642455989
0.152386319657
0.157189882427
0.162052193334
0.166972291115
0.171949200262
0.176981936045
0.182069509718
0.187210919489
0.192405149172
0.197651176152
0.2029479657
0.208294472392
0.213689643608
0.219132417722
0.224621713462
0.230156454097
0.235735549332
0.241357894673
0.247022381762
0.252727897422
0.258473304599
0.264257482927
0.270079295574
0.275937604007
0.281831252417
0.287759081356
0.293719930438
0.299712626309
0.305735983279
0.311788823219
0.317869946113
0.323978156172
0.330112262928
0.336271067234
0.342453351652
0.348657905997
0.354883510919
0.361128950214
0.367393005765
0.373674450972
0.379972049064
0.386284567712
0.392610772256
0.398949426491
0.405299284858
0.411659106168
0.41802763297
0.424403630826
0.430785855114
0.437173065976
0.443564012638
0.449957460238
0.456352149334
0.462746840822
0.469140285302
0.475531231877
0.481918429966
0.488300633332
0.494676610239
0.501045116763
0.507404917701
0.513754778152
0.520093461784
0.526419740117
0.532732381636
0.53903016823
0.545311878789
0.551576277981
0.557822168624
0.564048332068
0.570253578967
0.576436693251
0.582596483003
0.588731765293
0.594841347067
0.600924053945
0.606978706352
0.613004148348
0.61899920106
0.624962733265
0.630893571239
0.636790591682
0.642652656362
0.648478635631
0.654267423468
0.660017899387
0.665728961389
0.671399518081
0.677028484517
0.682614783369
0.688157342289
0.69365511426
0.699107034092
0.704512069477
0.709869200075
0.715177386823
0.720435630263
0.725642932284
0.730798310759
0.735900773682
0.740949363369
0.745943130548
0.750881117
0.755762391341
0.760586034731
0.765351149665
0.770056821244
0.77470217768
0.779286334766
0.783808435923
0.788267637435
0.792663099241
0.796994003144
0.801259536233
0.805458920132
0.809591365042
0.813656092035
0.817652362615
0.821579430093
0.825436563526
0.829223051691
0.832938195316
0.836581323293
0.840151750796
0.843648831647
0.847071940114
0.850420431246
0.853693711736
0.856891179999
0.860012253647
0.863056388879
0.86602301746
0.868911614092
0.871721657327
0.874452652274
0.877104110481
0.879675559836
0.882166546796
0.884576635271
0.886905418047
0.889152481226
0.891317447204
0.8933999261
0.895399569552
0.897316040916
0.899149015478
0.900898183441
0.902563250582
0.904143955625
0.90564002777
0.907051255326
0.908377384786
0.909618232322
0.91077359617
0.911843303121
0.91282721144
0.91372516688
0.91453706258
0.915262787828
0.915902247637
0.916455368892
0.916922110961
0.917302425892
0.91759630797
0.917803737299
0.917924724788
0.917959313826
0.917907543695
0.917769477304
0.917545205765
0.917234803606
0.916838406896
0.916356124164
0.915788128473
0.91513455062
0.914395592766
0.913571440794
0.912662310908
0.911668422108
0.910590041076
0.909427408607
0.908180810027
0.906850537413
0.905436892642
0.903940217989
0.90236082853
0.900699103062
0.898955400844
0.897130096684
0.895223624441
0.893236359883
0.891168772831
0.889021295873
0.886794397368
0.884488550735
0.882104248068
0.879641986688
0.877102297395
0.874485716167
0.871792798392
0.869024088174
0.866180180154
0.863261655226
0.860269128285
0.857203210677
0.854064536328
0.850853760369
0.847571519841
0.844218500888
0.840795387401
0.837302863142
0.833741659105
0.83011247409
0.826416047348
0.822653137217
0.818824478159
0.814930849768
0.810973039183
0.80695184078
0.802868046388
0.798722477901
0.79451596873
0.790249319425
0.785923416395
0.781539079947
0.777097192435
0.772598625393
0.768044260968
0.763434992446
0.758771732185
0.754055376048
0.749286854122
0.744467097553
0.739597042255
0.734677642466
0.729709833907
0.724694609258
0.719632903484
0.714525721134
0.709374021796
0.704178808939
0.6989410727
0.69366182838
0.688342077508
0.682982830632
0.677585124058
0.67214998054
0.66667842999
0.661171520508
0.655630278099
0.650055767949
0.64444903359
0.638811128717
0.633143120666
0.62744606578
0.621721042455
0.61596910648
0.610191338923
0.604388819194
0.598562630734
0.592713859564
0.58684358529
0.58095289699
0.57504288823
0.569114637035
0.56316924151
0.557207793329
0.551231366625
0.545241077623
0.539238006305
0.533223267634
0.527197942265
0.52116312874
0.51511992358
0.50906941424
0.50301270015
0.496950868466
0.490885002131
0.484816188533
0.478745523058
0.47267408243
0.4666029514
0.46053320514
0.454465916423
0.448402164311
0.442343020378
0.436289551593
0.430242815795
0.424203874815
0.418173791745
0.412153610359
0.406144377447
0.400147126016
0.394162898717
0.388192724725
0.382237630321
0.376298641512
0.370376770998
0.364473029428
0.358588415588
0.352723933398
0.346880566037
0.341059309451
0.335261129562
0.329486995909
0.323737874547
0.31801472296
0.312318488089
0.306650096109
0.301010484638
0.295400577566
0.289821298636
0.284273549469
0.278758235684
0.273276236013
0.267828439802
0.262415710854
0.257038905369
0.251698878551
0.246396454656
0.24113247065
0.235907756487
0.230723121508
0.22557937174
0.220477301268
0.215417686539
0.210401302691
0.205428908661
0.200501246045
0.195619059267
0.190783066544
0.185993982445
0.181252503697
0.17655931704
0.171915096068
0.167320495913
0.162776181564
0.158282800472
0.153840989227
0.149451375853
0.145114580025
0.140831188385
0.136601768854
0.132426884084
0.128307075576
0.124242871195
0.120234793045
0.116283369175
0.112389109975
0.108552508044
0.104774060587
0.10105423908
0.0973934730584
0.0937921942125
0.0902508206974
0.0867697534221
0.0833493812637
0.0799900849973
0.0766922326388
0.0734561794904
0.0702822717874
0.0671708503801
0.0641222171093
0.0611366587402
0.0582144589131
0.0553558929047
0.0525612256836
0.0498306991231
0.0471645263305
0.0445629234118
0.0420260973383
0.0395542537597
0.0371475799826
0.0348062056809
0.0325302739361
0.0303199247839
0.0281752962319
0.0260965261183
0.024083677527
0.0221368249659
0.0202560536994
0.0184414630884
0.016693181284
0.0150112481614
0.013395698197
0.011846635393
0.0103642329456
0.00894880299143
0.00760072538423
0.00632047288427
0.00510916384119
0.00396915029727
0.00290605874968
0.00193594908623
0.0011211754312
0.000772309723424
0.00119054978731
0.00184346899317
0.00249889574003
0.00311152742372
0.00366929375249
0.00416793393393
0.0046056787473
0.00498178262814
0.00529581509064
0.00554764015148
0.00573736464099
0.0058652331886
0.00593161998317
0.00593666168317
0.00588023323112
0.00576247221192
0.00558348723934
0.0053433344872
0.00504198363614
0.00467926257618
0.00425472544378
0.00376740779227
0.00321524421875
0.0025932623976
0.00188557830323
0.00102422950906
9.13463019926e-12
1.20852888761e-11
1.50054184611e-12
0.00162690330625
0.00270807371194
0.0037866158345
0.00489758371005
0.00605102894113
0.00725069614259
0.00849808564436
0.00979382301381
0.0111380503165
0.0125306446269
0.0139712898763
0.0154594893196
0.0169947461027
0.0185765195026
0.0202042331193
0.0218772939087
0.0235951583268
0.025357235946
0.0271629154202
0.0290115760515
0.0309025861418
0.0328352167651
0.0348087363088
0.0368224248188
0.0388755487296
0.0409673608523
0.0430971448935
0.0452642029703
0.0474678011065
0.0497072008306
0.0519816579339
0.0542904253981
0.0566327556973
0.0590078920902
0.0614150747364
0.0638535368183
0.0663225049926
0.0688211753048
0.0713487444384
0.0739044036636
0.0764873342726
0.0790967107176
0.0817317631873
0.0843917172396
0.0870757799886
0.0897831587106
0.0925130614577
0.0952646698669
0.0980371493576
0.100829674102
0.103641410228
0.106471516654
0.109319163798
0.112183550714
0.115063855049
0.11795924808
0.120868906681
0.123792002396
0.126727715346
0.129675225243
0.13263370495
0.135602333339
0.138580283374
0.141566728744
0.144560843265
0.147561798117
0.150568760378
0.153580901842
0.156597408513
0.159617483526
0.162640323396
0.16566512521
0.168691087706
0.171717411352
0.174743287573
0.177767912456
0.180790486068
0.183810208337
0.186826277696
0.189837922193
0.19284436173
0.195844810238
0.198838494458
0.201824638733
0.204802489331
0.207771290922
0.210730295397
0.213678754619
0.216615935208
0.219541090949
0.222453494007
0.225352405752
0.228237100908
0.231106858994
0.233960963353
0.236798726542
0.239619451695
0.242422449884
0.245207043845
0.247972555895
0.250718313606
0.253443653434
0.256147916445
0.258830455581
0.261490622505
0.264127785564
0.266741329019
0.26933063144
0.271895089628
0.274434096318
0.276947069182
0.279433420332
0.281892579104
0.284323985175
0.286727076558
0.289101305385
0.291446128108
0.293761014208
0.296045430252
0.298298860124
0.300520795461
0.302710747059
0.304868242542
0.306992803206
0.309083974145
0.311141304533
0.313164348729
0.31515265962
0.31710581125
0.319023383692
0.32090497078
0.322750170805
0.324558608774
0.326329902462
0.328063698776
0.329759640508
0.33141738603
0.333036599221
0.334616958014
0.336158152974
0.337659884117
0.33912186362
0.340543806196
0.34192543926
0.343266514768
0.344566771775
0.345825975192
0.347043903644
0.348220341354
0.349355084866
0.350447948199
0.351498747759
0.352507315147
0.353473486382
0.354397106145
0.355278035675
0.356116151028
0.356911333368
0.357663471964
0.358372475055
0.359038263687
0.35966076475
0.360239918335
0.360775665945
0.361267978622
0.361716818567
0.362122178682
0.362484045569
0.362802427961
0.36307732307
0.363308768597
0.363496782878
0.36364141918
0.363742725262
0.363800778471
0.36381565083
0.363787436085
0.363716238603
0.363602166814
0.363445328153
0.363245851838
0.36300387885
0.36271955498
0.362393034426
0.362024484703
0.361614085193
0.361162025479
0.360668495229
0.360133703181
0.359557871336
0.358941220057
0.358283987478
0.357586424543
0.356848782687
0.356071329954
0.355254323362
0.354398040403
0.353502770737
0.352568804244
0.35159644434
0.350586008896
0.349537826494
0.348452226143
0.347329550759
0.346170154774
0.344974383823
0.343742594666
0.342475161881
0.341172452677
0.339834857342
0.338462760596
0.337056561313
0.335616666724
0.334143486122
0.332637436155
0.331098946766
0.329528445105
0.327926386102
0.32629320709
0.32462936908
0.322935325398
0.321211533798
0.319458458656
0.317676569016
0.315866330974
0.314028228377
0.312162756226
0.31027041151
0.308351694274
0.30640711796
0.304437196372
0.302442431179
0.300423342694
0.298380441468
0.296314255626
0.294225302926
0.292114119027
0.289981236561
0.28782719298
0.285652534831
0.283457800216
0.281243532181
0.279010290138
0.276758621687
0.274489082478
0.272202230561
0.269898626252
0.267578822754
0.265243388843
0.262892878711
0.260527851606
0.258148877198
0.255756516458
0.253351346835
0.250933935712
0.248504852762
0.246064667487
0.243613951707
0.241153276887
0.238683207266
0.236204314458
0.233717166472
0.231222329776
0.22872037506
0.226211867203
0.223697372306
0.221177450246
0.218652664852
0.216123580662
0.213590766095
0.211054780408
0.208516181301
0.205975529319
0.20343337244
0.2008902618
0.198346739912
0.195803346344
0.193260618681
0.190719097812
0.188179324769
0.185641837255
0.18310716475
0.180575836307
0.178048375819
0.175525304395
0.173007135186
0.170494381705
0.167987544031
0.165487128247
0.162993633205
0.160507551663
0.15802937172
0.155559572639
0.153098628025
0.150647022575
0.148205229672
0.145773716046
0.143352946248
0.140943378703
0.138545460842
0.136159625555
0.133786307376
0.131425923909
0.129078888282
0.126745613238
0.124426523047
0.122122025228
0.11983251989
0.117558405283
0.115300071883
0.113057895451
0.110832248705
0.108623499743
0.106432007199
0.104258122625
0.10210218392
0.0999645197523
0.0978454494548
0.0957452809254
0.0936643092936
0.0916028487025
0.0895612130421
0.0875397043678
0.0855386226456
0.0835582676929
0.0815989124901
0.0796607879858
0.077744136114
0.0758491840366
0.0739761408213
0.0721252135375
0.0702966422678
0.0684906413643
0.0667074180789
0.0649471782393
0.063210121913
0.0614964167205
0.0598062320581
0.0581397340626
0.0564970822054
0.0548784300288
0.053283898052
0.0517135912811
0.0501676054578
0.0486460196511
0.0471488927334
0.045676306425
0.0442283811118
0.0428052098594
0.041406893619
0.0400335478934
0.0386852655846
0.0373620154686
0.0360638070488
0.0347906336568
0.033542461281
0.0323192382077
0.0311209902083
0.0299477143816
0.0287993956543
0.0276760237994
0.026577597809
0.0255040634383
0.0244553576994
0.0234314373579
0.0224322605558
0.0214577906385
0.0205079404139
0.0195825521468
0.0186814823205
0.0178045553696
0.0169515574323
0.016122286948
0.0153166965312
0.0145346838131
0.0137761758875
0.0130411570358
0.0123296467117
0.0116413457413
0.0109760214304
0.0103334505583
0.00971335822617
0.00911540651765
0.00853943835202
0.00798532973701
0.00745291421043
0.00694207322567
0.00645276249433
0.00598487714091
0.00553821115902
0.0051127067568
0.00470836430495
0.00432526439027
0.00396350191268
0.00362296530699
0.0033036499944
0.00300552878909
0.00272850017794
0.00247245231011
0.00223822538695
0.00202675428717
0.00183926891461
0.00167749611518
0.00154361847613
0.00143784795269
0.00135930197595
0.00130636705685
0.00127597192579
0.00126376981448
0.00126594964074
0.0012797362723
0.00130184565673
0.0013296244362
0.00136112694864
0.00139490262185
0.00142958551415
0.00146456961531
0.0014996499206
0.00153492866675
0.00157063811404
0.00160635082987
0.0016419377445
0.0016773227776
0.0017123345852
0.00174672705955
0.00178179971312
0.00181888648395
0.00185895737135
0.00190308694435
0.0019524303711
0.00200707217027
0.0020661828792
0.00212945856215
0.00219634862453
0.00226605994097
0.00233808575231
0.00241304366063
0.0024907721467
0.00257106831009
0.00265374479412
0.00273858579342
0.00282506319055
0.00291275386191
0.00300125300532
0.00309013379037
0.00317893982845
0.0032669930004
0.00335357463622
0.00343795814691
0.00351934860134
0.00359687567095
0.00367024988038
0.003739633842
0.00380485952342
0.00386586616699
0.00392270973741
0.00397523257059
0.00402253419887
0.00406413033453
0.00409949549724
0.00412802168917
0.00414912561271
0.00416294551188
0.00416939025806
0.00416835019289
0.00415979880195
0.00414381214483
0.00412070875067
0.00409096814771
0.00405523920243
0.00401440850188
0.00396964211992
0.00392186103611
0.00387184110773
0.003820851923
0.00377033890104
0.00372193067677
0.00367798997594
0.00364248789675
0.0036192489655
0.00361256391468
0.00362710977352
0.00366754408463
0.00373714375357
0.00383910511416
0.00397600201478
0.00414953770326
0.00436057259076
0.00460979330035
0.00489721673515
0.00522228684936
0.00558419517516
0.00598201433433
0.00641469879356
0.00688120462686
0.00738063444095
0.00791219513838
0.00847520507949
0.00906903272681
0.009693031206
0.0103467238711
0.0110297125214
0.011741665345
0.0124823343822
0.0132516715041
0.0140496115716
0.0148761206562
0.0157312062375
0.0166149032813
0.0175271274274
0.0184678334473
0.0194370236991
0.0204347067515
0.0214608962186
0.0225156384498
