0.9999999999999991
0.9999854152851381
0.9999757462002913
0.9999927844024201
0.9999973273007582
0.999979057775138
0.9999789554856222
0.9999981715603815
0.999991491552733
0.9999733719243388
0.9999868459539746
0.9999987387236166
0.9999816234566298
0.9999755956221967
0.9999918579919834
0.9999939649649855
0.9999763001311076
0.9999772743904044
0.9999961221153435
0.9999871966538677
0.9999698263182377
0.999984988642007
0.999994825557403
0.9999764544785501
0.9999719021684618
0.9999890476933689
0.9999885163194537
0.999969977768135
0.9999744315497618
0.9999912395769672
0.9999795950700792
0.9999652938437001
0.9999799287369824
0.9999880969431608
0.9999698228516601
0.9999650826447168
0.9999839459588411
0.9999808868834644
0.9999608112767729
0.999969562015832
0.9999837977225072
0.9999693457790664
0.9999585801820268
0.999972530664834
0.9999786974339786
0.9999606068726574
0.9999564770497584
0.999975964052132
0.9999704546614216
0.9999502020991639
0.9999615191627824
0.9999738633927466
0.999957442707221
0.999948438532132
0.9999633967413338
0.9999669863683319
0.9999478952723185
0.9999468371577105
0.9999649768321147
0.9999567821947926
0.9999386837381093
0.999950101060713
0.999961263150994
0.9999440919449225
0.9999349433820583
0.9999522420110423
0.9999530494937648
0.9999320726890345
0.9999355161121107
0.9999513230802782
0.9999402487540235
0.9999253148707282
0.9999361563415551
0.999945930383679
0.9999284078843699
0.9999193844249754
0.9999383166611379
0.999936475479143
0.9999144768757814
0.9999212271273151
0.9999352852244997
0.999921756666119
0.9999087146468131
0.9999205433390298
0.9999280708685722
0.9999093718423379
0.9999028108182729
0.9999212565768938
0.9999167950073908
0.9998959368665941
0.9999034491974533
0.9999167769072823
0.9999017352281914
0.9998886019606591
0.9999031918475962
0.9999078700286251
0.9998870378915253
0.9998848780878278
0.9999013697532884
0.9998941320797214
0.9998758300111152
0.9998829097913611
0.9998955725556343
0.9998795780382557
0.9998661067015401
0.9998832718266853
0.9998851418718715
0.9998625780099086
0.9998642605521916
0.9998791383244553
0.9998692163020594
0.9998527524754874
0.9998606773976217
0.9998716719304616
0.9998542662856333
0.9998425059588217
0.9998601560511642
0.9998594794350488
0.9998370301450292
0.9998401195847137
0.9998546428891903
0.999842605800163
0.9998260879310105
0.9998369619938139
0.999845263015143
0.9998255608170268
0.9998178071193204
0.9998340252969351
0.9998308097964992
0.9998101225932992
0.999812965004452
0.9998275795799627
0.9998139816724264
0.9997967150411425
0.9998109541587749
0.9998163649038481
0.999794390777363
0.9997907584021217
0.9998055103898672
0.9997996375709998
0.9997805396860083
0.9997839976210409
0.9997977229550468
0.9997824236580747
0.9997660421465606
0.9997817766707074
0.9997847111302713
0.9997618979082654
0.9997602428211833
0.9997749151084578
0.9997665471328534
0.9997473871448146
0.9997537422281288
0.9997651688018276
0.9997474692282835
0.9997344425406597
0.9997493991947052
0.9997501158627108
0.9997281562162428
0.9997264772630821
0.9997419540553647
0.9997314787134359
0.9997112284237939
0.9997215170666782
0.9997300880672789
0.9997097601404252
0.9997008476600587
0.9997145214244947
0.9997128412932825
0.9996920364421096
0.9996906944472022
0.9997061939120271
0.9996936889909445
0.9996734916617328
0.999686246147117
0.9996924079984639
0.9996704326590254
0.9996639365037663
0.9996776958286757
0.9996734014032217
0.9996524535125776
0.9996537330515501
0.9996675589695543
0.9996525845520144
0.9996348923716645
0.9996476223432358
0.9996519213856178
0.9996298594888177
0.9996235829331555
0.9996387498948464
0.9996319305372133
0.9996096231368606
0.999615134806989
0.9996262902596595
0.9996085090339891
0.9995946342862095
0.9996063194493907
0.9996086706880261
0.9995871745832873
0.9995809446452312
0.9995970975514433
0.9995879135017354
0.9995648821147929
0.9995737062309715
0.9995825275217689
0.9995624916102315
0.99955129116608
0.9995631249560826
0.9995630172915182
0.9995412053780417
0.9995371340650687
0.9995524363695407
0.9995407264714097
0.9995192279028808
0.9995288351511762
0.9995361384300131
0.999515130844001
0.999504385690419
0.9995180681192671
0.9995152065444205
0.9994918273747039
0.9994919934451393
0.9995049833774049
0.9994904433567189
0.9994721992149611
0.9994810656215761
0.9994869974536342
0.9994658631212721
0.9994548930899595
0.9994704889100913
0.9994649629877308
0.9994401867080612
0.9994443140481131
0.9994550728434942
0.9994379046256792
0.9994223763552212
0.9994313725356783
0.9994352610115561
0.9994135372593141
0.9994041264754496
0.9994198370871142
0.9994117288892819
0.9993874730423511
0.9993931850228058
0.9994027272491688
0.9993838381196031
0.9993689581186751
0.9993800501071736
0.9993811882836869
0.999357733731011
0.9993522760558401
0.9993662110421808
0.9993553699948011
0.9993335881619452
0.9993389282860953
0.9993477338076898
0.9993279876567802
0.9993126497961858
0.999326463431669
0.9993247212030514
0.999299332304576
0.9992982282069376
0.9993100875034193
0.999296486408886
0.9992772295886221
0.9992826270063458
0.9992900249744289
0.9992693226965673
0.99925486688479
0.9992698300136654
0.9992654467650076
0.9992396077831092
0.9992408173147113
0.999251698746923
0.9992358306577563
0.9992173352224978
0.9992248715672389
0.9992297784383983
0.9992072031609568
0.9991961568167348
0.9992100462676561
0.9992031070159694
0.9991788133862928
0.9991800705883838
0.9991908391497425
0.9991734209780003
0.9991542803687814
0.9991651558391378
0.9991670978255222
0.9991422001059798
0.999135606588169
0.999147652349937
0.9991380465424853
0.9991158616563877
0.9991170806103254
0.9991272356359768
0.9991084256853325
0.9990894715727636
0.999102516694429
0.9991017656562106
0.999075561491889
0.9990718717444501
0.9990831113017202
0.9990709420398702
0.9990495191359707
0.9990527274639132
0.9990609034753657
0.9990400783427805
0.9990237829121291
0.999036587770622
0.9990334981129275
0.9990078451415215
0.9990046450447403
0.9990163226581071
0.999002022572879
0.9989798075701675
0.9989867298223376
0.9989920291682712
0.9989686385449587
0.998956591718083
0.9989678788249579
0.998962404692663
0.9989382496345632
0.9989349203242802
0.9989468598349724
0.9989307023870335
0.9989080129204702
0.9989180242602823
0.9989206089453008
0.9988952261294869
0.9988864760818285
0.998897070522435
0.998889006820912
0.9988654784659186
0.9988638260539501
0.9988745235725753
0.998856193670684
0.9988352734044106
0.9988459568881143
0.9988464231142106
0.9988206201769736
0.9988127857918705
0.9988242477875323
0.9988136527946595
0.9987892099537033
0.9987913749021233
0.9987994848345327
0.998778472880333
0.9987613112146594
0.9987709039286623
0.9987694037880661
0.9987443454446079
0.9987363153295459
0.9987489126065366
0.9987360162667523
0.9987105143056395
0.9987165070581062
0.9987219354371314
0.9986984513671233
0.9986847405110205
0.9986937151562912
0.9986898630577036
0.998665152229724
0.9986583657162422
0.9986706301047624
0.998655384422641
0.9986307003166178
0.9986382904439468
0.9986418025958265
0.9986170334225813
0.9986046018678755
0.9986147219507254
0.9986081712177654
0.9985824262135139
0.9985792871306071
0.9985894629861022
0.9985715162882575
0.9985498586664227
0.998556878861618
0.998558918935965
0.9985340680557345
0.9985214071937225
0.9985334521952123
0.9985242349136664
0.9984969490608302
0.9984981313331717
0.9985057457382759
0.9984850652750419
0.9984667486921459
0.9984732107295293
0.9984733689587609
0.9984484517091303
0.9984365301273338
0.9984492516251141
0.9984374954577108
0.9984100909444211
0.9984137341874098
0.9984196037772806
0.9983969516021055
0.9983801721212792
0.998387894608229
0.9983854493133426
0.9983593576525736
0.9983506633667434
0.9983619936673976
0.9983475824341973
0.9983222954986484
0.9983259605515127
0.9983308669136388
0.998307313551614
0.9982903010477265
0.9983005831936653
0.9982952422623425
0.9982672409210734
0.9982630725524981
0.9982720752724842
0.9982548770364963
0.998232562792758
0.9982357392603315
0.9982394104848769
0.9982152707081551
0.9981984713563095
0.9982104556234945
0.9982023941578969
0.9981734214597516
0.998172441583029
0.998179842155192
0.9981602154677939
0.9981395481973402
0.9981439459653291
0.9981453771618586
0.9981198824036919
0.9981056842880641
0.9981171380132667
0.9981065014651076
0.9980786413331558
0.9980783085982703
0.9980852147320141
0.9980639553953922
0.9980430657399422
0.9980504494678827
0.9980489418764519
0.9980212769703303
0.9980115035899614
0.998020995876675
0.9980076975530212
0.9979822101921133
0.9979814876162825
0.9979879127015052
0.9979654859422246
0.9979443048606529
0.9979543440280146
0.9979499719633582
0.9979206216555508
0.997914562186289
0.9979225789630951
0.9979066530085963
0.9978827467210233
0.9978830756609834
0.9978878702730813
0.9978638578294299
0.9978445069779772
0.9978549846632112
0.9978481264839398
0.997818874121229
0.9978140716809863
0.9978219801325309
0.9978038533047899
0.99777972621615
0.9977832272108177
0.9977852603221515
0.9977589081337369
0.997743586287036
0.99775260686686
0.9977433471598735
0.9977156876070362
0.9977106325885587
0.9977188430979921
0.9976989667476581
0.9976740982333153
0.9976810528295598
0.9976801522514023
0.9976515743677156
0.9976402383923734
0.9976479144223354
0.9976360869901839
0.9976097565025622
0.9976054878336353
0.99761287540058
0.9975911334237145
0.9975672480841828
0.9975756482758131
0.9975723460832168
0.9975429265831924
0.9975333865128942
0.9975412312203827
0.997526858534638
0.9975002721781288
0.9974991148899506
0.997504154077882
0.9974799694695939
0.9974594596532995
0.9974670331563904
0.9974616740315534
0.9974329582908185
0.997423339477441
0.9974322206334674
0.9974155795315591
0.9973878747080678
0.9973907448024388
0.9973928940662429
0.9973661323445446
0.9973495981764768
0.9973559849498231
0.997348351869924
0.9973205357605155
0.9973113835528004
0.9973203796893356
0.9973015599166404
0.9972739836067522
0.9972792636553742
0.9972790885368628
0.9972506946583968
0.9972363699964387
0.9972430833183689
0.9972328218089854
0.997204651135507
0.9971983187514611
0.9972056074917003
0.9971842827764025
0.9971592323137866
0.9971644138203027
0.9971625578590481
0.9971339510066969
0.997119743135291
0.9971281110478082
0.9971151935439945
0.9970856053019246
0.9970836005030023
0.9970881879199829
0.9970641174797571
0.9970427474202131
0.9970469474113516
0.9970432993029458
0.9970150160041544
0.9970009386273554
0.9970104071656575
0.9969949946397246
0.9969647397399923
0.9969659863635206
0.9969683289033355
0.9969420394917993
0.9969231169269194
0.9969276895402118
0.9969216050175239
0.9968927857527534
0.996881043337638
0.996889638010305
0.996871675612453
0.996842972965387
0.9968449012308066
0.996845925594586
0.996818565394713
0.9967999519172281
0.996806627647957
0.9967976876275108
0.9967672212432537
0.9967598106683269
0.9967660616898997
0.9967453439819394
0.9967197638984665
0.996720975391796
0.9967208154897237
0.9966931060699837
0.9966743046764267
0.9966830266197082
0.9966713112031398
0.996639488749485
0.9966359736648636
0.9966400810346144
0.9966167949588015
0.9965936916410623
0.9965952303561733
0.9965930848230229
0.9965645661263564
0.996547474125797
0.9965562976906033
0.9965419897271586
0.9965107085949423
0.996508649269239
0.9965117517231191
0.9964866765796754
0.9964640379034665
0.9964679261197044
0.9964629573455234
0.9964326133496025
0.9964195646497997
0.9964265740676006
0.9964096257460815
0.996380696499348
0.9963782459243136
0.996380826630942
0.9963546967159149
0.996331591281036
0.9963383480640274
0.9963304069541652
0.9962981578264127
0.9962893930459681
0.9962944045792516
0.9962747826726149
0.9962481351177247
0.9962459047991046
0.9962471692668398
0.9962198714045034
0.9961977684071215
0.9962056677677233
0.9961950902147605
0.9961624161944318
0.9961558109274081
0.996160060526411
0.9961381363418879
0.9961120366598766
0.9961121898863599
0.9961109174873681
0.9960816460670161
0.9960630360805698
0.9960698118319732
0.9960567898695
0.9960255527655679
0.9960189308396866
0.9960233061674564
0.9959996627078161
0.9959728662483558
0.9959765144054495
0.9959722017349597
0.9959406312065406
0.995926402598576
0.9959313948885367
0.995915821456778
0.995886452761136
0.9958799136198275
0.9958837981979927
0.995858566163221
0.9958320458705539
0.9958378606688003
0.9958308733090392
0.99579802842893
0.9957865278937055
0.9957909261818356
0.9957727892064276
0.995743947781843
0.9957396250239919
0.9957415093296964
0.9957141626105155
0.9956903767543144
0.9956958870204675
0.9956866905947053
0.9956543059810916
0.9956431858742053
0.9956482777323858
0.9956278726095095
0.995598150791226
0.9955977014752431
0.9955966467956814
0.995566757312025
0.9955471484015344
0.9955511766441552
0.9955397409682506
0.9955086246054045
0.9954974493672156
0.9955029534713474
0.9954805134507686
0.9954503768850844
0.9954530164171711
0.9954492743211623
0.9954174351785429
0.9954009304381436
0.9954044646043501
0.9953904753010435
0.9953597386445809
0.9953504425161022
0.99535470511641
0.995330000434652
0.9953016996099411
0.9953049300520175
0.9952992175691193
0.9952668889881185
0.9952511487810032
0.9952558152160278
0.9952391899590253
0.9952074215883718
0.9952021012598291
0.9952037234796225
0.995176365033267
0.9951517532561027
0.9951538973596024
0.9951463930582923
0.9951145965231082
0.9950986855356011
0.9951046616586721
0.9950855795313073
0.9950527841352256
0.9950512924273232
0.9950502650557657
0.9950204919310458
0.9949991268533864
0.995000828468546
0.9949910446904794
0.9949593467015333
0.9949448502036937
0.9949505132447489
0.9949290020425151
0.9948970827374067
0.9948970889830805
0.994894306109914
0.9948632031787207
0.9948429301162743
0.9948460431630065
0.9948334893930568
0.9948006173054008
0.9947899201803293
0.9947934466683374
0.9947692730333809
0.9947403156970873
0.9947397212351556
0.9947356680224314
0.9947042933056249
0.9946837662481189
0.9946889969875622
0.994673645034426
0.9946392417065626
0.9946328667357979
0.994633861577134
0.9946070296770355
0.9945812050813314
0.9945801965100098
0.9945743698239478
0.9945426861245421
0.9945230331060059
0.994528975915637
0.9945110199552777
0.9944765492366551
0.9944725190521216
0.9944719376830128
0.9944431168070449
0.9944186108632349
0.9944191203305595
0.9944106518897149
0.9943776413662833
0.9943613571835079
0.9943658613798647
0.9943453027978391
0.9943128921847942
0.9943088145210466
0.9943074958581232
0.9942776115521009
0.9942528009515091
0.9942560751450437
0.994244602154831
0.9942096741977217
0.9941979164979475
0.9942001150102192
0.994176866873038
0.994147222035542
0.9941427602881772
0.9941403488541796
0.9941096487770591
0.9940851480260765
0.9940901735110492
0.9940759299063088
0.9940400772293063
0.9940313762100738
0.9940321409486848
0.9940064780938634
0.9939782399281292
0.9939752393375565
0.9939705809477646
0.9939383689841208
0.993916596499933
0.9939210415103416
0.9939042918723533
0.9938695047451886
0.9938613423248873
0.9938618565963846
0.9938344295873207
0.9938058553939026
0.9938060524658617
0.9937983680490072
0.9937639672037819
0.9937466190901424
0.9937491094470946
0.99372981967982
0.9936972067522724
0.9936887142619726
0.9936889208906812
0.9936601163406383
0.9936313082123808
0.9936342200152695
0.9936236355888228
0.9935875957094833
0.9935738171247424
0.9935749913002678
0.9935531200164643
0.9935218342074502
0.9935146070769428
0.9935132065022804
0.9934826622240553
0.9934557941365911
0.9934590887770377
0.9934461032187734
0.9934101275881201
0.9933974607456488
0.9933987825365248
0.9933746122330626
0.9933429564538981
0.9933391121467203
0.9933348816115057
0.9933019763486306
0.9932791365641007
0.9932809596076396
0.9932657190548335
0.9932311510902697
0.9932182425594762
0.9932200673339538
0.9931939613396997
0.9931615847118657
0.9931612602978089
0.9931540710787699
0.9931189897641896
0.9930999830736656
0.9931006037548685
0.9930828764204688
0.9930493786692233
0.9930374361773242
0.9930384884159287
0.9930103732756324
0.992979071950613
0.9929801306256066
0.9929706384335548
0.9929346981151801
0.9929173080778912
0.9929183559584029
0.9928980204396666
0.992864091052837
0.992855463085605
0.9928541136301298
0.9928235361691556
0.9927956092741916
0.9927958013088665
0.9927844247563619
0.9927490223288866
0.9927315144384485
0.9927338216665641
0.9927110581994005
0.992675998015623
0.9926714687094529
0.9926672112684971
0.9926341141185127
0.9926100054763636
0.9926091264512659
0.9925955913843956
0.9925608341826634
0.9925439331456459
0.992546429890414
0.9925213583949448
0.9924865018430448
0.9924843118190483
0.9924778391360098
0.9924431129993538
0.9924210057103602
0.9924207049571931
0.9924045140257372
0.9923692082123019
0.9923553167221679
0.9923560649909028
0.9923284774299319
0.992296145088568
0.9922937868242229
0.9922858286936024
0.99225074775036
0.9922286707468326
0.9922302638990018
0.9922112845057186
0.9921745210693688
0.9921650299384985
0.9921630604051543
0.9921327977132186
0.9921039889988095
0.9921007306453262
0.9920911297246776
0.9920561290033707
0.9920342791378175
0.9920370687565542
0.9920154827436363
0.9919781109065565
0.991971791801151
0.9919676891698817
0.9919352338127707
0.9919086434454552
0.9919059941728327
0.9918939651557437
0.991858224979572
0.991838880104748
0.9918407646826641
0.9918166297602764
0.9917808122430608
0.9917750752721403
0.9917698694044567
0.9917362287809369
0.9917098159939386
0.9917095173078461
0.9916945287042748
0.9916570819089656
0.991642140411144
0.9916416588454023
0.991614855797735
0.9915820090114373
0.9915755965952021
0.9915693889213998
0.9915351742466356
0.9915086246092789
0.991510485033429
0.9914926270587012
0.9914538697638733
0.9914427381824339
0.9914402233386036
0.9914109040545066
0.9913802906973981
0.9913744162160638
0.9913662661317231
0.9913310390980891
0.9913063454041564
0.9913082810626768
0.991287845560931
0.9912496353061988
0.9912398296619626
0.991236536967819
0.9912053459136629
0.9911750274644066
0.9911717499370505
0.9911606985278373
0.9911235738511236
0.9911029921876962
0.9911030828662274
0.9910801141296565
0.9910441133667519
0.991033912748941
0.9910303097752055
0.9909978628023857
0.9909670849791158
0.9909668026694314
0.9909527011748137
0.9909137083233441
0.9908973193697291
0.9908955115771366
0.9908699506527504
0.9908359828880469
0.990826178963894
0.9908213355833922
0.9907875245395061
0.9907578688974618
0.9907587066006087
0.9907419989512656
0.9907025939232046
0.9906882062471695
0.9906858684329366
0.990657956320644
0.9906243363342992
0.9906171564509723
0.9906097226695554
0.9905738601726319
0.9905477610755212
0.9905474296550991
0.9905284059131519
0.9904903103766304
0.9904758560463716
0.9904738793260788
0.9904440740264051
0.9904097231595564
0.9904061735414132
0.9903956369293514
0.9903575100458217
0.9903356979428162
0.9903336627847373
0.99031219985477
0.9902757259346147
0.9902614901622359
0.9902591299233175
0.990227553692068
0.9901935706110028
0.9901921662883825
0.9901789974595324
0.9901396191067081
0.9901203534723321
0.9901179531506321
0.9900939121131942
0.9900577431939052
0.9900459483447199
0.9900415568047554
0.9900077908098333
