0.0
0.0176762714456
0.0249880047235
0.0305895057003
0.0353032604238
0.0394464357498
0.0431827309761
0.0466091343508
0.0497872265038
0.0527624683195
0.0555656543914
0.058220421278
0.0607468393448
0.0631581210711
0.0654665933819
0.0676835231159
0.0698150248471
0.0718699237494
0.0738540385816
0.0757711436968
0.0776278494897
0.0794272779204
0.0811722736222
0.0828681802165
0.0845157978383
0.0861185794158
0.0876801239331
0.0892007920279
0.090684045727
0.0921318921675
0.093544574856
0.0949258587278
0.0962764896477
0.0975975247016
0.0988918656906
0.100159456391
0.101402004496
0.102621739477
0.103818634465
0.104994765718
0.106151284083
0.107288469092
0.10840835731
0.109511599375
0.110599002178
0.111672076259
0.112731288761
0.113777687744
0.114812313786
0.115835804421
0.116849104222
0.117852910054
0.11884811625
0.11983529783
0.120815128429
0.121788536223
0.12275566244
0.123717545203
0.124674755694
0.125627282503
0.126576264364
0.127521826359
0.128464065092
0.129404354686
0.130342090023
0.131277902925
0.132212543715
0.133145318534
0.13407718022
0.135008486727
0.135938396551
0.136868291344
0.137797502456
0.13872590903
0.139654463583
0.140582261698
0.141509500922
0.142436863646
0.143363058846
0.144288969426
0.145214287784
0.14613825616
0.147061602482
0.147983690847
0.148904025928
0.149823282081
0.150740332858
0.151655335391
0.152568283094
0.153478306301
0.154385604953
0.155289898419
0.156190512018
0.15708768526
0.157980787167
0.158869519043
0.159753798753
0.16063313965
0.161507354331
0.162376155814
0.163239238601
0.164096345097
0.164947168974
0.165791612779
0.166629201902
0.16745979173
0.168283354438
0.169099265901
0.169907767061
0.170708547424
0.171501062337
0.172285808986
0.173062225423
0.173830099737
0.174589958919
0.175340905688
0.176083263271
0.176817378066
0.177542379384
0.178259016617
0.178967101728
0.179666046631
0.180356896548
0.18103916232
0.181712758647
0.182378586248
0.183035768162
0.18368486696
0.184326461326
0.184959921966
0.18558611232
0.186205138833
0.186816584184
0.187421546079
0.188019771277
0.188611447699
0.189197357508
0.189777210033
0.190351475431
0.190920745499
0.191484799993
0.192044357607
0.192599629672
0.19315074041
0.193698292051
0.194242453893
0.194783516646
0.195321919161
0.195857870389
0.196391754674
0.196923832915
0.197454471868
0.197983925993
0.198512431529
0.199040484598
0.199568085851
0.200095672605
0.200623565123
0.201151695105
0.201680611308
0.202210481865
0.202741184554
0.203273495668
0.203807082716
0.204342157293
0.20487924186
0.205417899476
0.205958570055
0.206501587251
0.207046298452
0.207593477245
0.20814283681
0.208694109666
0.209247994754
0.209803929458
0.210361837317
0.210922263165
0.211484338408
0.212048494321
0.212614743452
0.213182346114
0.213751787023
0.214322742132
0.214894716453
0.215468216129
0.216042523699
0.216617471114
0.217193242417
0.217769154361
0.218345287511
0.21892151982
0.219497246431
0.220072550955
0.22064709605
0.22122054602
0.221792867826
0.222363669002
0.222932742178
0.223499870027
0.224064800329
0.224627323866
0.225187133998
0.225744146777
0.226298023717
0.226848553512
0.227395725175
0.227939040142
0.228478494168
0.229014049999
0.229545153857
0.23007208544
0.230594493341
0.231112024869
0.231625076741
0.232133181067
0.232636224446
0.233134583029
0.233627512328
0.234115384424
0.234598297665
0.235075741189
0.235548241886
0.236015642803
0.236477564365
0.2369347463
0.237386698539
0.237833598131
0.238275896722
0.238713155642
0.239145758457
0.239574008812
0.239997496548
0.240416929772
0.240832217155
0.241243370533
0.241650951839
0.242054830375
0.242455207718
0.242852567138
0.243246732132
0.243638172855
0.244027087747
0.244413539423
0.244797932425
0.245180420243
0.245561181065
0.245940539351
0.246318650293
0.246695789957
0.247072141993
0.247447971621
0.247823478219
0.248198815963
0.248574380807
0.248950166115
0.249326430274
0.24970349719
0.250081266443
0.250460164977
0.250840396651
0.25122174262
0.251604798204
0.251989409101
0.252375588464
0.252763927514
0.253154037526
0.253546099728
0.253940522668
0.254336761141
0.254735336765
0.255136294558
0.255539132066
0.255944451783
0.256351944834
0.25676139961
0.257173370058
0.257587238882
0.258003026844
0.258421027325
0.258840587842
0.25926204759
0.259685318859
0.260109840148
0.260535925634
0.260963245751
0.261391484732
0.261820924961
0.26225103036
0.262681697359
0.26311291979
0.26354425834
0.26397569727
0.264407075053
0.264838036499
0.265268548321
0.265698330035
0.266127198565
0.266554976032
0.266981451287
0.267406465627
0.267829759721
0.268251256
0.268670694055
0.269087859696
0.269502752698
0.269915036337
0.270324598941
0.270731464463
0.271135153324
0.271535820819
0.271933308638
0.272327279606
0.272717985966
0.273105135712
0.273488490991
0.273868420549
0.274244387772
0.274616575763
0.27498513737
0.275349625915
0.275710374626
0.276067366948
0.276420212977
0.276769517311
0.277114957433
0.277456552968
0.277794731803
0.278129114826
0.2784599382
0.278787552153
0.279111580721
0.279432553472
0.279750482272
0.280065239677
0.280377351934
0.280686750047
0.280993503844
0.281298065395
0.281600283347
0.281900460735
0.282198878623
0.282495503439
0.282790675196
0.283084531142
0.283377191452
0.283668940364
0.283959902785
0.284250287623
0.284540251354
0.284830005987
0.285119747126
0.285409549506
0.28569973526
0.285990345918
0.286281516754
0.286573630122
0.286866550872
0.287160546921
0.287455873013
0.287752332593
0.288050351815
0.288350006324
0.288651073248
0.288954098756
0.289258848793
0.289565360283
0.289874072277
0.290184581427
0.290497056649
0.290811777555
0.291128256985
0.291446972381
0.29176780177
0.292090415725
0.292415199773
0.292741866125
0.293070246222
0.293400741212
0.293732787703
0.29406651004
0.294401935863
0.294738629083
0.295076765738
0.295416217376
0.295756611638
0.29609815166
0.296440472365
0.296783428062
0.29712704649
0.297470978191
0.297815151459
0.298159471561
0.298503631026
0.298847589122
0.299191126969
0.299534074978
0.29987628724
0.300217587297
0.30055784374
0.300896827764
0.301234462553
0.301570560153
0.301904907011
0.302237508007
0.302568099542
0.302896531802
0.303222874505
0.30354669875
0.303868103089
0.304187045266
0.30450315447
0.304816653059
0.305127324188
0.305434878078
0.305739700912
0.306041397523
0.306339985409
0.306635715412
0.306928093913
0.307217373849
0.307503704248
0.307786670591
0.308066740504
0.308343759771
0.308617523589
0.30888855395
0.309156565813
0.309421636771
0.309684157365
0.309943766521
0.310200807126
0.310455506989
0.310707623405
0.310957594164
0.311205420286
0.311451072159
0.311694974803
0.311937086496
0.3121775388
0.312416635521
0.312654327806
0.312890866894
0.313126440449
0.313361128831
0.313595146899
0.313828620962
0.314061719709
0.314294589
0.314527387015
0.314760299957
0.31499338569
0.315226892223
0.315460936665
0.315695541437
0.315931053844
0.316167406058
0.316404758517
0.316643390544
0.316883146373
0.317124261265
0.317366936704
0.317610934618
0.317856698722
0.318104127518
0.318353131006
0.31860407662
0.318856736586
0.319111141289
0.319367628919
0.319625767203
0.319885859707
0.320147898521
0.320411562866
0.320677172211
0.320944566512
0.321213515487
0.321484370587
0.321756690237
0.322030500622
0.322305896069
0.322582497227
0.322860415096
0.323139602993
0.323419677054
0.3237008166
0.323982743319
0.324265288285
0.324548512563
0.324832117523
0.325115992847
0.325400096673
0.325684149128
0.325968106093
0.326251803051
0.326535068471
0.326817788033
0.327099801078
0.32738099814
0.327661171563
0.327940243202
0.328218103486
0.328494507373
0.328769492023
0.329042819809
0.329314310315
0.329584074737
0.329851799456
0.330117446563
0.330381093467
0.330642308006
0.33090127053
0.331157938814
0.33141197951
0.331663698725
0.331912849618
0.332159243939
0.332403260868
0.332644509575
0.332883089803
0.333119206451
0.333352482367
0.333583198656
0.333811454574
0.334036936637
0.334260084542
0.334480723047
0.334698807555
0.334914731109
0.335128305755
0.335339645038
0.335549050087
0.335756264715
0.335961628098
0.336165247188
0.336367075356
0.33656741912
0.336766311188
0.336963792843
0.337160167487
0.337355415931
0.337549731171
0.337743278873
0.337936129841
0.338128468454
0.338320414586
0.338512110957
0.338703687206
0.338895266912
0.339087034149
0.339279033656
0.339471458662
0.339664455853
0.339858007195
0.340052425821
0.340247682998
0.340443857746
0.340641234562
0.340839681718
0.341039372105
0.341240531813
0.341442919744
0.341646903588
0.34185245938
0.342059423558
0.342268157596
0.342478498765
0.342690410848
0.342904251411
0.343119627747
0.343336698045
0.34355559329
0.34377595944
0.343998093138
0.344221933421
0.344447151147
0.34467406239
0.344902369153
0.345131979749
0.345363115128
0.345595379167
0.345828800187
0.346063414671
0.346298861687
0.346535262444
0.34677248853
0.347010258991
0.347248672153
0.347487487352
0.347726575718
0.347965923907
0.348205294417
0.348444594832
0.348683721624
0.348922516778
0.349160875238
0.349398647857
0.349635746085
0.349872005128
0.35010731824
0.350341621011
0.350574667827
0.350806468795
0.351036892817
0.351265739191
0.351493088336
0.351718718951
0.351942477015
0.352164526792
0.352384519326
0.352602523414
0.35281856831
0.353032335064
0.353244010996
0.353453550338
0.353660671094
0.353865707769
0.354068378413
0.354268678878
0.354466848024
0.354662618026
0.354856105413
0.355047489476
0.355236450792
0.355423345596
0.355608119209
0.35579068358
0.355971361496
0.356150038966
0.356326733769
0.356501768619
0.356674940749
0.356846502089
0.357016597629
0.357185148331
0.35735241786
0.357518469457
0.357683304795
0.357847215086
0.358010202412
0.358172396837
0.358333974834
0.358494992009
0.358655601675
0.358815921052
0.358976076246
0.359136179534
0.359296340105
0.359456732889
0.359617386445
0.35977846278
0.359940113528
0.360102307363
0.360265313443
0.360429160198
0.360593834444
0.360759636044
0.360926458608
0.361094410564
0.361263766058
0.361434286902
0.361606184732
0.361779590001
0.361954259351
0.362130574708
0.362308438821
0.362487685799
0.362668654345
0.362851089179
0.363035002207
0.363220679304
0.363407722068
0.363596304503
0.363786470015
0.363977901406
0.364170842079
0.364365170048
0.364560629593
0.364757461704
0.36495537432
0.365154320728
0.365354385568
0.365555264333
0.365756949535
0.365959439183
0.36616243771
0.366366033511
0.366570047198
0.366774313918
0.366978817588
0.367183383922
0.367387910169
0.367592314778
0.367796443151
0.368000203072
0.368203470069
0.368406151836
0.36860811713
0.36880924031
0.369009491489
0.369208651791
0.369406709685
0.369603577125
0.36979905459
0.369993185845
0.370185842319
0.37037682952
0.370566305031
0.370753990117
0.37093988865
0.371124071281
0.371306264639
0.371486575158
0.371665022998
0.371841322445
0.372015760754
0.372188154795
0.372358412408
0.372526812389
0.372693100738
0.372857344694
0.373019754353
0.373180024125
0.37333843152
0.373495039311
0.373649672814
0.373802645505
0.373953874419
0.37410331733
0.374251316741
0.374397735592
0.374542698788
0.374686420254
0.374828771255
0.374969983986
0.37511017444
0.375249324114
0.375387662047
0.375525235642
0.375662112
0.3757984874
0.375934401733
0.376069993607
0.376205362864
0.376340624785
0.376475894881
0.37661124455
0.376746848789
0.376882732065
0.377019021936
0.377155899565
0.377293314058
0.377431447426
0.377570417031
0.377710143215
0.377850936077
0.377992747204
0.378135560619
0.378279648333
0.378424861041
0.378571292569
0.37871919109
0.378868280426
0.379018814659
0.379170804384
0.379324068946
0.37947888526
0.379635149131
0.379792711703
0.379951875168
0.380112333654
0.380274176831
0.380437499659
0.380602017321
0.380767853586
0.380934998098
0.381103185299
0.38127262629
0.381443107117
0.381614505962
0.381786916581
0.381960104561
0.382134026432
0.382308704041
0.382483874841
0.382659575228
0.382835680837
0.383012029177
0.383188602272
0.383365262407
0.383541891516
0.383718428781
0.383894730772
0.384070716287
0.384246266786
0.384421308168
0.384595718959
0.384769372617
0.384942252461
0.385114171644
0.38528509304
0.385454979315
0.38562359733
0.38579100301
0.385957113314
0.386121712861
0.386284958827
0.386446629323
0.386606640856
0.386765158327
0.386921898739
0.387076925413
0.387230313665
0.387381748104
0.387531478995
0.387679464896
0.387825500833
0.387969879494
0.388112382342
0.388252983941
0.388391973412
0.388529116528
0.388664541462
0.388798410271
0.388930464778
0.389061005817
0.389190059832
0.389317520729
0.389443687736
0.38956849093
0.389691938396
0.38981431169
0.389935499841
0.390055669939
0.390174963502
0.390293339843
0.390410988861
0.390528011217
0.390644431017
0.390760422646
0.390876038337
0.390991387751
0.391106578943
0.391221702138
0.391336875634
0.391452147684
0.39156768058
0.391683528093
0.391799759357
0.391916547106
0.392033866411
0.3921518542
0.392270660617
0.392390187614
0.39251068334
0.392632147367
0.392754543849
0.392878115396
0.393002776507
0.393128545242
0.393255675555
0.393383929928
0.393513486531
0.393644416866
0.393776531243
0.393910046544
0.394044937627
0.394181012052
0.394318558244
0.394457332376
0.39459733931
0.394738730575
0.394881232213
0.395024926888
0.395169857066
0.395315742567
0.395462767014
0.395610775071
0.395759606743
0.395909375228
0.396059877403
0.396211047217
0.396362935039
0.396515279573
0.396668091458
0.396821300176
0.396974726583
0.397128380911
0.397282122924
0.397435843221
0.397589482904
0.397742922868
0.397896088692
0.398048857491
0.398201167658
0.398352915655
0.398503984963
0.398654357655
0.398803879944
0.398952462766
0.399100133004
0.399246673242
0.399392096303
0.399536374965
0.399679267551
0.399820905374
0.399961186964
0.400099942524
0.400237347354
0.400373160871
0.400507358056
0.400640109262
0.400771157871
0.400900606775
0.401028529928
0.401154645895
0.401279225513
0.401402184893
0.401523430045
0.401643201889
0.401761350269
0.401877868883
0.401993020752
0.402106582215
0.402218746287
0.402329596416
0.402439017065
0.402547238184
0.40265428038
0.402760107373
0.402864964274
0.402968786014
0.403071673514
0.403173797718
0.403275131128
0.403375810353
0.403475945242
0.403575558837
0.403674797718
0.403773733394
0.403872453481
0.403971051453
0.40406961426
0.404168247071
0.404267003627
0.404366025327
0.404465368134
0.404565072807
0.404665318245
0.404766085713
0.404867479353
0.404969659667
0.405072533602
0.405176283642
0.405280970928
0.405386517759
0.405493161665
0.405600864954
0.405709572182
0.405819537222
0.405930568493
0.406042775018
0.406156307022
0.40627093029
0.406386827067
0.406504014693
0.406622296464
0.406741929477
0.406862758694
0.406984661427
0.407107854999
0.407232099398
0.407357417295
0.407483922423
0.407611311851
0.407739689579
0.407869024794
0.407999095244
0.408130046375
0.408261712352
0.408393953429
0.408526844436
0.408660189297
0.4087939384
0.40892808279
0.409062438146
0.409196979856
0.409331617136
0.409466233261
0.409600780437
0.409735151752
0.40986926697
0.410003029023
0.41013636867
0.410269208774
0.410401421131
0.410532979674
0.410663800369
0.41079373982
0.410922858246
0.411050946196
0.411177984344
0.411303993444
0.411428773401
0.411552375259
0.411674773857
0.411795742421
0.411915465728
0.412033777655
0.412150612435
0.412266125209
0.412380111174
0.412492595006
0.41260370448
0.412713189506
0.412821254578
0.412927879782
0.413032929242
0.413136626793
0.413238883877
0.413339649655
0.413439168969
0.413537273703
0.413634083123
0.413729731732
0.413824093314
0.413917357521
0.414009583068
0.414100696634
0.414190944661
0.414280281224
0.414368774537
0.414456588841
0.414543713139
0.414630252412
0.414716320999
0.414801933261
0.414887227991
0.414972270357
0.415057135599
0.415141920547
0.415226696495
0.415311567752
0.415396574323
0.415481833467
0.415567424224
0.415653361716
0.415739821282
0.415826814083
0.415914365487
0.416002670383
0.41609163699
0.416181401356
0.416272100905
0.416363587547
0.416456077438
0.416549579608
0.416644000696
0.416739596228
0.416836249595
0.416933921031
0.417032838131
0.417132787657
0.417233889653
0.417336248365
0.417439619852
0.417544166502
0.417649875753
0.417756553215
0.417864443109
0.417973351224
0.418083205696
0.418194137213
0.418305922145
0.418418575389
0.418532164618
0.418646435177
0.418761478782
0.41887720473
0.418993455343
0.419110295282
0.419227587008
0.419345228085
0.419463235664
0.419581440524
0.419699813214
0.41981827913
0.41993673179
0.420055111726
0.420173332297
0.420291318909
0.420408983128
0.420526257741
0.420643074495
0.420759311625
0.420874952816
0.420989923815
0.421104072961
0.421217461716
0.421329925866
0.421441410476
0.421551964008
0.421661396364
0.421769729934
0.421876965201
0.421982891995
0.422087663466
0.422191173119
0.422293316038
0.422394250391
0.422493798892
0.422591929563
0.422688834301
0.42278426529
0.42287837577
0.422971208029
0.423062570184
0.423152690081
0.423241520403
0.423328977913
0.423415307619
0.423500364036
0.423584199835
0.423667015503
0.423748666626
0.423829302992
0.423909018048
0.423987717371
0.424065615773
0.424142734912
0.424219080138
0.424294817072
0.424369945088
0.424444528705
0.424518716568
0.424592515953
0.424666027253
0.424739336147
0.424812501277
0.424885612405
0.424958736674
0.425031967621
0.425105348336
0.425178979361
0.425252950159
0.425327254769
0.425402050217
0.425477363786
0.425553207299
0.425629764611
0.425706992327
0.425784923155
0.425863749184
0.425943324139
0.426023823829
0.426105313019
0.426187669218
0.426271060968
0.42635548283
0.426440839785
0.426527374013
0.426614914483
0.426703485218
0.426793209984
0.42688390693
0.426975665631
0.427068546901
0.427162335694
0.427257217055
0.427353059691
0.427449773023
0.427547478438
0.427646003772
0.427745318476
0.427845502535
0.427946327816
0.428047851422
0.428150015034
0.428252669535
0.428355856189
0.428459471663
0.428563398804
0.428667661447
0.428772117952
0.428876716578
0.428981406879
0.429086080488
0.429190686211
0.429295141634
0.429399384363
0.429503323911
0.429606887998
0.429710043645
0.429812664673
0.429914729608
0.430016173741
0.430116853664
0.430216824595
0.43031597239
0.43041419297
0.430511566276
0.430607901632
0.430703191535
0.430797500029
0.430890612721
0.430982638681
0.431073554274
0.431163148593
0.431251632953
0.431338877252
0.431424809391
0.431509612701
0.4315930922
0.431675286602
0.431756362396
0.431836101778
0.431914669621
0.43199209219
0.432068227177
0.432143306466
0.432217290345
0.432290128656
0.432362036754
0.432432890775
0.432502785407
0.432571863995
0.432640052742
0.432707484341
0.432774241055
0.432840269318
0.432905748943
0.432970703597
0.433035173731
0.433099287565
0.433163067077
0.433226593049
0.433289953621
0.433353200434
0.433416416925
0.433479656705
0.433543018958
0.433606539316
0.43367030089
0.43373439959
0.433798825431
0.433863717149
0.433929123128
0.433995031292
0.434061594829
0.434128813235
0.434196688838
0.434265406483
0.43433485962
0.434405151276
0.434476377057
0.434548415391
0.434621419736
0.434695409285
0.434770269968
0.434846219913
0.43492312715
0.435000969719
0.435079895836
0.435159745568
0.435240569486
0.43532246045
0.435405189623
0.435488905298
0.435573550687
0.435658972961
0.435745337342
0.435832481094
0.435920334278
0.436008993097
0.436098262265
0.436188142889
0.436278657045
0.436369613415
0.43646105081
0.436552900083
0.436645032816
0.43673746827
0.436830097801
0.436922843769
0.437015672581
0.437108493891
0.437201239628
0.437293851858
0.437386257786
0.437478391232
0.437570168614
0.437661573937
0.437752477602
0.437842847958
0.437932658719
0.438021769813
0.438110204122
0.438197899042
0.438284703172
0.438370718832
0.438455805111
0.438539903273
0.438623101383
0.438705213282
0.438786253646
0.438866314494
0.438945168582
0.439022967029
0.439099651142
0.439175099455
0.439249478237
0.439322707843
0.439394711882
0.43946569321
0.43953545266
0.43960408976
0.439671700367
0.439738165549
0.439803621675
0.439868098153
0.439931499397
0.439994042363
0.440055649414
0.440116372808
0.440176353327
0.4402355318
0.440293993237
0.440351855297
0.440409066333
0.44046577853
0.440522026606
0.440577838483
0.440633330291
0.440688529014
0.440743513314
0.440798354467
0.440853113072
0.440907856361
0.440962639735
0.441017552521
0.441072636708
0.441127946075
0.441183595766
0.441239568025
0.441295973947
0.441352881859
0.441410261698
0.44146825781
0.441526886353
0.441586128789
0.441646174552
0.441706932107
0.441768441665
0.441830842599
0.441894007794
0.441958070886
0.442023106294
0.442088929863
0.44215574601
0.442223489491
0.44229206803
0.442361699517
0.442432214104
0.442503594219
0.442575978374
0.442649159487
0.442723223625
0.442798215091
0.442873905555
0.442950445835
0.443027745596
0.443105683763
0.443184376725
0.443263663599
0.44334348178
0.443423898124
0.443504728012
0.443585995842
0.443667661889
0.443749585208
0.44383177651
0.443914156124
0.443996629303
0.444079194403
0.444161740628
0.444244219886
0.444326567489
0.444408722396
0.444490621814
0.444572193193
0.44465340194
0.444734158238
0.444814407021
0.444894143913
0.444973234171
0.44505166458
0.445129440072
0.445206378885
0.445282574523
0.445357929309
0.445432347517
0.445505921719
0.445578519769
0.445650109579
0.445720795548
0.445790366609
0.445858925492
0.445926484252
0.445992904681
0.446058318877
0.446122687602
0.44618591038
0.446248171913
0.446309334545
0.446369446157
0.446428625165
0.446486746878
0.446543930113
0.446600216826
0.446655512643
0.44671000885
0.446763676563
0.446816515291
0.446868680974
0.446920105113
0.446970875762
0.447021102123
0.44707074391
0.447119924202
0.447168698551
0.447217075542
0.447265163754
0.447313003998
0.447360654197
0.44740818181
0.447455649263
0.447503118348
0.447550637475
0.447598288864
0.447646120709
0.447694170393
0.447742551486
0.447791256798
0.447840354447
0.447889950926
0.447939991829
0.447990617595
0.448041877192
0.448093706386
0.448146255782
0.44819951333
0.44825345063
0.448308260618
0.44836381243
0.448420165842
0.448477428922
0.448535457672
0.448594376562
0.448654232813
0.448714847275
0.448776420425
0.448838847015
0.448902069522
0.448966227962
0.449031171017
0.449096891593
0.449163481659
0.449230743925
0.449298776342
0.449367549255
0.449436908032
0.449506933653
0.44957754263
0.449648634174
0.449720288859
0.449792342435
0.449864777112
0.449937578918
0.450010629097
0.450083918356
0.450157386036
0.450230944802
0.450304569615
0.450378176789
0.450451721366
0.450525137501
0.450598374088
0.450671370208
0.450744050508
0.450816390211
0.450888311821
0.450959755196
0.45103071637
0.451101076839
0.451170820237
0.451239938057
0.451308293512
0.451375943755
0.451442823208
0.451508814851
0.451574024796
0.451638339221
0.451701698189
0.451764219208
0.451825714055
0.451886244187
0.451945873721
0.452004443888
0.452062075474
0.452118737538
0.452174319403
0.452229015846
0.452282728488
0.452335441394
0.452387317877
0.452438198847
0.452488178515
0.452537371066
0.45258565767
0.452633189616
0.452679991554
0.452725993148
0.45277137678
0.452816114206
0.452860238014
0.452903870216
0.452946976096
0.452989640802
0.453031961914
0.453073917392
0.453115620322
0.453157105153
0.453198422471
0.453239647387
0.453280828719
0.453322020386
0.453363273138
0.453404666997
0.453446242725
0.453488029737
0.453530131238
0.453572563675
0.453615357283
0.453658639957
0.453702365229
0.453746623732
0.453791478283
0.453836886177
0.45388295723
0.453929735288
0.45397713492
0.45402534441
0.454074273072
0.454123935716
0.454174463325
0.454225735289
0.454277807865
0.454330766316
0.454384450801
0.45443901636
0.454494402763
0.454550519834
0.454607498781
0.454665236412
0.454723677133
0.454782943965
0.454842853198
0.454903459699
0.454964759084
0.455026603621
0.455089059374
0.455152075541
0.455215530069
0.455279507188
0.455343862389
0.455408551971
0.455473590956
0.455538861764
0.455604343435
0.455669996985
0.455735725378
0.455801507898
0.455867279849
0.455932984619
0.455998571303
0.456063973657
0.456129161867
0.456194044452
0.456258615007
0.456322788364
0.456386498497
0.456449765368
0.45651248262
0.456574603605
0.456636160105
0.456696990521
0.456757140018
0.456816607496
0.456875238322
0.456933130914
0.456990203291
0.457046356878
0.457101723235
0.45715618311
0.457209714967
0.457262436081
0.457314149727
0.457364958952
0.457414916653
0.457463874005
0.457511986959
0.457559225463
0.457605489214
0.457650979033
0.457695587556
0.457739346595
0.457782381678
0.457824591163
0.457866067741
0.457906902262
0.457947000782
0.45798652468
0.458025467195
0.458063827533
0.458101741135
0.458139199597
0.458176245513
0.458212982855
0.458249392249
0.458285568673
0.45832156484
0.458357418536
0.458393190347
0.458428931404
0.458464703606
0.458500544173
0.45853651776
0.458572683289
0.45860906274
0.458645725055
0.458682727661
0.458720070113
0.458757885216
0.458796122074
0.458834855064
0.458874167879
0.458914000718
0.458954457016
0.458995589412
0.459037312799
0.459079784775
0.459122953206
0.459166793707
0.459211456372
0.459256828535
0.459302935582
0.45934988747
0.459397527151
0.459445964914
0.459495201885
0.459545107635
0.459595814487
0.459647247559
0.459699323758
0.459752185907
0.459805658714
0.459859739278
0.459914487777
0.45996974671
0.460025572944
0.460081934225
0.460138700587
0.460195927292
0.460253525022
0.460311420537
0.46036964697
0.460428095876
0.460486721409
0.460545505193
0.460604360826
0.460663260419
0.460722149055
0.460780968546
0.460839671779
0.460898203227
0.460956530678
0.461014567004
0.461072292265
0.461129673206
0.461186606917
0.461243124262
0.461299126529
0.461354550514
0.461409443123
0.461463699484
0.461517284587
0.461570248009
0.461622417118
0.461673873886
0.461724595368
0.461774463573
0.461823585597
0.46187188827
0.46191927875
0.461965922315
0.462011653894
0.46205652841
0.462100615538
0.462143787901
0.46218613884
0.462227702717
0.462268365755
0.462308295003
0.462347426956
0.462385755594
0.462423412462
0.462460329364
0.462496553893
0.462532188075
0.462567147891
0.462601562677
0.462635460634
0.462668829244
0.46270177773
0.462734322535
0.462766483748
0.462798366053
0.462829961635
0.462861341447
0.462892571075
0.462923671567
0.462954711918
0.462985732618
0.463016796698
0.463047932684
0.463079200502
0.463110662636
0.463142324608
0.463174276192
0.463206559271
0.463239162433
0.463272206146
0.463305671974
0.463339584455
0.463374075234
0.463409057044
0.463444616712
0.463480823573
0.463517588068
0.463555047116
0.463593196497
0.463631953375
0.463671483001
0.463711690388
0.463752575443
0.463794275005
0.463836631385
0.463879690324
0.46392353443
0.463967988751
0.464013193862
0.464059108711
0.464105613433
0.464152816226
0.464200629397
0.464248976572
0.464297984054
0.464347470111
0.464397450824
0.464447947533
0.464498819179
0.464550101654
0.464601760442
0.464653683971
0.464705897279
0.464758325844
0.464810914448
0.464863650483
0.464916455725
0.464969286116
0.465022107141
0.465074860262
0.465127504888
0.4651799745
0.465232254192
0.465284265468
0.465335973021
0.465387366423
0.465438329524
0.46548888364
0.465538974617
0.465588523466
0.46563756782
0.465686024002
0.465733831033
0.465781058933
0.465827557029
0.465873368643
0.465918505862
0.465962853114
0.466006477091
0.466049355256
0.466091383865
0.466132690285
0.466173182404
0.466212852761
0.466251790658
0.466289887041
0.46632720359
0.46636379458
0.466399554321
0.466434620393
0.466468964344
0.466502543804
0.466535507509
0.466567797921
0.466599427522
0.466630522692
0.466661001504
0.466690953346
0.466720462734
0.466749472106
0.466778100464
0.466806357854
0.466834260137
0.466861909786
0.466889320126
0.466916526442
0.466943602349
0.46697056812
0.466997483554
0.467024395017
0.467051353837
0.467078396485
0.467105562733
0.467132934885
0.467160499359
0.467188338781
0.467216499855
0.467244967095
0.467273849501
0.467303164943
0.46733288162
0.467363141796
0.467393888291
0.46742516203
0.467457074488
0.46748952167
0.467522580873
0.467556323432
0.46759063364
0.467625660967
0.467661368063
0.46769768881
0.467734746537
0.467772457554
0.467810799469
0.467849903992
0.467889605422
0.467929967062
0.467971005173
0.468012594384
0.468054829398
0.468097659018
0.468140983259
0.468184899526
0.468229290921
0.468274132432
0.46831944748
0.468365128809
0.468411175228
0.468457576817
0.468504220776
0.468551134657
0.468598256146
0.468645506981
0.468692900367
0.46874034954
0.46878782705
0.46883528483
0.468882677232
0.46892995699
0.468977073142
0.469024006214
0.469070689962
0.46911708515
0.469163169889
0.469208858462
0.469254153225
0.46929903005
0.469343378993
0.469387257509
0.469430584873
0.469473290888
0.469515454506
0.469556952593
0.469597791537
0.469638017294
0.469677481529
0.469716264068
0.469754365035
0.469791659614
0.469828288209
0.469864165491
0.469899243566
0.469933657289
0.469967294939
0.470000187277
0.470032423939
0.470063878429
0.470094660985
0.470124815407
0.470154248375
0.47018310216
0.470211338119
0.470238942892
0.470266058603
0.470292627799
0.470318702893
0.470344367456
0.470369578473
0.470394415619
0.470418936806
0.470443136688
0.470467099571
0.470490850765
0.470514415143
0.470537870392
0.470561234277
0.470584556637
0.470607888671
0.470631268559
0.470654747745
0.470678343361
0.470702136138
0.470726130005
0.470750379552
0.47077495143
0.470799817548
0.470825062776
0.470850734355
0.470876787983
0.470903358678
0.47093040832
0.470957945209
0.470986065074
0.471014723521
0.471043932757
0.471073809819
0.471104237141
0.471135309513
0.471167034593
0.471199334739
0.471232322349
0.471265943381
0.471300151355
0.471335067984
0.471370555968
0.471406648326
0.471443385535
0.471480650683
0.471518498188
0.471556918756
0.471595795813
0.47163522328
0.471675101607
0.471715386504
0.471756124099
0.471797203688
0.471838616507
0.471880357262
0.471922328834
0.471964542293
0.472006958126
0.472049481775
0.472092133244
0.472134843316
0.472177560673
0.472220267883
0.472262905592
0.472305432888
0.472347806823
0.472390008037
0.47243196548
0.4724736365
0.472515026675
0.472556048648
0.472596688614
0.472636938693
0.472676686038
0.472715973839
0.472754766644
0.472792972277
0.472830661262
0.472867744436
0.472904166031
0.472940029907
0.472975203667
0.473009707697
0.473043594839
0.473076726356
