0.0
0.0702975586177
0.0987648590873
0.120145138127
0.137794132994
0.15297616582
0.1663258059
0.178335494082
0.189249415708
0.199123040753
0.208177367087
0.216635628457
0.224420585775
0.231491947451
0.238154483637
0.244475535315
0.250158010694
0.25536178933
0.26043702496
0.26513394839
0.269215633404
0.273100873069
0.276966654124
0.280296326774
0.283140097796
0.286095341746
0.288888735586
0.291023136544
0.292996831097
0.295193649315
0.296966673226
0.298151397893
0.299549985595
0.301041953529
0.301842291881
0.302404338851
0.303382590988
0.304102949903
0.304134693111
0.304359403647
0.304937634551
0.304887283305
0.304444977575
0.304535483346
0.304594991038
0.303916255645
0.303321997072
0.303278767381
0.302788027328
0.301751676577
0.301242818376
0.300966976134
0.299991892034
0.298945096161
0.298546267583
0.297954072657
0.29674678561
0.295932633283
0.295582329395
0.294692835379
0.293570646008
0.29307506826
0.292648833098
0.291662969837
0.290867138826
0.290642097158
0.290141380793
0.289307336039
0.288957961071
0.288889516679
0.288429457464
0.287966681481
0.288020055417
0.28808471547
0.287837432795
0.287841272519
0.288223269904
0.288459356674
0.288571985083
0.289013101895
0.289673542647
0.290170863267
0.290679452779
0.29150766759
0.292446645594
0.293248694042
0.29412435908
0.295293235738
0.296517305456
0.297593048802
0.298794840142
0.300293148525
0.301754156433
0.303045528153
0.304560225983
0.306344287417
0.307939406694
0.309413717041
0.311242062568
0.313203615422
0.314835163366
0.316510982664
0.318605638759
0.320582397279
0.322215369282
0.324132934839
0.326357456488
0.328214050923
0.329891472223
0.332027948632
0.334192598405
0.335871045605
0.33767715935
0.339910950278
0.341843532477
0.34340423053
0.345353709588
0.347494156449
0.349112799559
0.350660330719
0.352679982706
0.354529367378
0.355888871605
0.357491053718
0.359404663895
0.360866191318
0.362071066498
0.36370485499
0.36532199016
0.366415153124
0.36758164702
0.369107798424
0.370316979978
0.371146663234
0.372286374789
0.373546139688
0.374328499339
0.375025255481
0.376061855411
0.376929831616
0.377383379698
0.377991718266
0.378801092452
0.379243506746
0.379478676644
0.379982841717
0.380447544102
0.380534018546
0.380631619545
0.380941193035
0.381027055874
0.380845079282
0.380823580354
0.380856337642
0.380593724032
0.380240463945
0.380055114532
0.379776845695
0.379241054685
0.378749028972
0.378358011912
0.377778072402
0.377051425745
0.376424965527
0.375798977971
0.374977629878
0.374106828206
0.373334681517
0.372483299696
0.371475436346
0.370495983414
0.369570583333
0.368530304369
0.367391955937
0.366318680713
0.365255078403
0.364063238285
0.362839989186
0.361692532411
0.36050795389
0.359214754697
0.357948022337
0.356745647015
0.355463996408
0.354117830514
0.352847408989
0.351599737198
0.350256695573
0.348915185997
0.347667219996
0.346382807801
0.345026270941
0.34374287552
0.342519137453
0.341221398099
0.339916482033
0.338721564066
0.33751809503
0.336245389993
0.33505538115
0.333941876252
0.332764271051
0.331589485044
0.330539841329
0.329493776459
0.3283736229
0.327357630232
0.326436246637
0.325435263861
0.324449500743
0.323616209631
0.322784880888
0.321863968979
0.321065781024
0.32039548766
0.319611976731
0.318832724303
0.318253847575
0.317673139075
0.31696766933
0.316393744989
0.315991810019
0.315452336474
0.31486710716
0.314532254146
0.314213976683
0.313710965239
0.313334221673
0.31317780443
0.312878178103
0.312459281699
0.312312088135
0.312240126704
0.311913540089
0.311671537929
0.311705460286
0.311610319648
0.311321552333
0.311281513877
0.311396293512
0.311219325971
0.311036545756
0.311179695649
0.311233722252
0.31102340554
0.311010194478
0.311221141168
0.311158095088
0.310970552537
0.311120758453
0.311261448769
0.311077142317
0.311014551339
0.311224409923
0.31121744507
0.310986430775
0.311044684024
0.311198333782
0.311001328496
0.310821266257
0.310944091848
0.310926296128
0.310623913832
0.310519345476
0.310599317952
0.310366139456
0.310026441598
0.309987781367
0.309899749685
0.309499688958
0.3091970262
0.30912542006
0.308827905197
0.308320857194
0.308062796954
0.307860412971
0.307348023472
0.306832381346
0.306557955348
0.30616118947
0.305504858989
0.305000788753
0.304643161698
0.304022104441
0.303298832795
0.30280048719
0.302276289711
0.301490278146
0.300752436821
0.300208573539
0.299491616993
0.298589540854
0.297866387342
0.297205781023
0.29631093812
0.295376782626
0.294639457466
0.293833564323
0.29280300343
0.29187595109
0.291085671088
0.290110415503
0.289026724566
0.288117743453
0.287231600082
0.286126615546
0.285040647408
0.284134978843
0.283117075732
0.281939228351
0.280899350334
0.279952072941
0.278819042405
0.277637204149
0.276644842126
0.275619558739
0.274407889444
0.273287252324
0.272312618078
0.271195318663
0.269980193026
0.268943758648
0.267943306905
0.266757310615
0.265612104436
0.264646857431
0.263587446367
0.262396910455
0.261366105777
0.260424448225
0.259310175867
0.258195893371
0.257278239992
0.256313609437
0.255197102936
0.254216135526
0.25336697442
0.252361553547
0.251321707053
0.250487954036
0.249644464897
0.248637905621
0.247742264836
0.247011382816
0.246143097761
0.245204381733
0.244478775928
0.243778668127
0.242900013317
0.24211006314
0.241508935748
0.240792859177
0.239971219073
0.239358367542
0.23881275469
0.238067419517
0.237383062249
0.236913478517
0.236347077528
0.235642556248
0.235130288196
0.234731923897
0.2341226935
0.233523565436
0.233169169705
0.232741097994
0.232138293385
0.231704003836
0.231423464074
0.230942143283
0.230404822387
0.230127717262
0.229822261685
0.229295918205
0.228904865474
0.228703737377
0.228325836956
0.227829778172
0.227578532995
0.22736593489
0.226898302168
0.226506548597
0.226343218703
0.226033918323
0.22555575414
0.225283915513
0.225117588742
0.224696635049
0.224265316512
0.22408987051
0.223820716857
0.223334623289
0.223004906068
0.222830922505
0.222438352467
0.221949898161
0.221709019577
0.221452591368
0.22094107304
0.2205225486
0.220298316785
0.219906829108
0.219356150923
0.21900846537
0.218730667451
0.218194065112
0.217664221175
0.21735598275
0.216941960156
0.216328158602
0.215855202302
0.215516781419
0.214959149338
0.214317013486
0.213896751682
0.213447655732
0.212772763984
0.212172445535
0.211745258521
0.21116440993
0.210429512502
0.20987964705
0.209385095733
0.208663760061
0.207944115298
0.207417955235
0.206807654221
0.206006073389
0.205329747335
0.204779083821
0.204033894009
0.203214072577
0.202589037038
0.201951921072
0.201109719043
0.200327851196
0.19971436771
0.198964539947
0.198079273622
0.197364288504
0.196708546354
0.195852332487
0.194994923296
0.194326182675
0.193585688975
0.192673489303
0.191888320626
0.191223551024
0.190384024565
0.189484592986
0.188776632289
0.188059943303
0.187156942035
0.186331677063
0.185668662898
0.184871546129
0.183967416188
0.18324081386
0.182564705869
0.181702245356
0.180868371412
0.180222402223
0.179488185225
0.178614120888
0.177892363143
0.17726906886
0.176475097336
0.175662331052
0.175049967936
0.17439569379
0.173576792428
0.172883110023
0.172323657548
0.171616859873
0.170850726467
0.170282109456
0.169722035729
0.168978828044
0.168327675996
0.167841238187
0.167229137374
0.166528094407
0.166010406956
0.165546549559
0.164894909005
0.164291151782
0.163881763294
0.163369290612
0.162736181046
0.162272308546
0.161896631067
0.161343444791
0.160788343181
0.160444505695
0.160034930002
0.159465850501
0.159048220948
0.15875065961
0.158286314754
0.157778711815
0.157479155597
0.157165341001
0.156659037715
0.156266435287
0.156033852337
0.155644689222
0.15517392267
0.154897914049
0.154654951961
0.154210774032
0.153821598974
0.153629581528
0.15330724234
0.152853562613
0.152580238292
0.152379882672
0.151987215266
0.151588207659
0.151399400178
0.151135497343
0.150687829884
0.150389931029
0.150208399616
0.149847691417
0.149430993966
0.149212498827
0.148984511633
0.148543896861
0.148194258608
0.148009297584
0.147667741432
0.147221144156
0.146951605821
0.146728359324
0.146298179443
0.145883916606
0.145665573189
0.145338910519
0.144855008618
0.144519488325
0.144277085921
0.143850628357
0.143374781449
0.143094100749
0.142776078239
0.142261957901
0.141846829886
0.141570929225
0.141141069058
0.140611890548
0.140254353352
0.139928097051
0.13939997499
0.138902314882
0.138581010503
0.138149515039
0.137573963144
0.137138762933
0.136789224668
0.136259826974
0.135692129855
0.135311791877
0.134885306528
0.134278667271
0.133770615512
0.133391539604
0.132866672374
0.132251337888
0.131807942053
0.131387103142
0.130772205297
0.130200705798
0.12979321699
0.129281623142
0.128639742499
0.128141097399
0.127722618233
0.127122970532
0.126506543007
0.126072217966
0.125585179383
0.124938331291
0.124398868425
0.123984368458
0.123416189345
0.122779136946
0.122322342934
0.121869143951
0.121241416633
0.120676902819
0.120271057353
0.119748081403
0.119114265516
0.118645315128
0.118230118297
0.117642200963
0.117071528476
0.116679266016
0.116213836855
0.115603491
0.115133189643
0.114761767462
0.114228238451
0.113669532274
0.113294219688
0.112892747654
0.112326461621
0.111863352825
0.111539124338
0.111070630987
0.110536877986
0.110184172998
0.109846491123
0.109337505999
0.108889846225
0.108609493026
0.108216546387
0.107715468193
0.107386257982
0.107111449955
0.10666352871
0.106238859556
0.105993796148
0.105677505484
0.105217963694
0.104905081223
0.104692060784
0.104305000923
0.103902527638
0.10368495533
0.103435453709
0.103024770709
0.102718850854
0.102555349228
0.102233015555
0.101845542554
0.101646876952
0.101450766525
0.101085357858
0.10078176681
0.100646045124
0.100389354061
0.100012405709
0.0998147642336
0.0996641305228
0.0993348487289
0.0990276772852
0.0988976117522
0.0986942060678
0.0983326818979
0.0981143427063
0.0979972310892
0.0976998594446
0.0973778390227
0.0972387367067
0.0970688919159
0.0967245581834
0.0964716926222
0.0963650554458
0.0961032848315
0.0957571142726
0.0955932536334
0.0954425457885
0.0951095902243
0.0948186606492
0.0946962458847
0.0944672039863
0.0940999152954
0.0938917255755
0.0937524260335
0.093426312347
0.0930942269017
0.0929383175951
0.0927291604368
0.0923521066403
0.0920856460263
0.0919437153409
0.0916300815565
0.0912541817973
0.0910561657805
0.0908530810716
0.0904727178478
0.0901478085433
0.0899841897448
0.089691518667
0.0892767314666
0.0890276537812
0.088825504946
0.0884454375148
0.088069548604
0.0878690227806
0.0875969319995
0.0871603447342
0.086853451674
0.086648991387
0.0862764802208
0.0858578922385
0.0856161726101
0.0853589837685
0.0849185057367
0.0845560472105
0.0843417405026
0.083989633448
0.0835394017023
0.0832566967435
0.083011496307
0.0825805699511
0.082174271147
0.0819428223652
0.0816197755275
0.0811552257707
0.0808328758315
0.0806009758306
0.0801920373724
0.0797555606304
0.079504564718
0.0792141706613
0.0787553956555
0.0783991647432
0.0781784946701
0.0778050100655
0.0773535646643
0.0770850944267
0.0768295951954
0.0763922056355
0.076012713835
0.0758009716061
0.075473280528
0.0750235649925
0.0747392365492
0.0745208170131
0.0741197984972
0.0737277288886
0.0735240176925
0.0732464783673
0.0728149602533
0.0725190616306
0.0723350282923
0.0719837776256
0.0715894389488
0.0713926146855
0.0711693372327
0.0707666969425
0.0704651951715
0.0703096143835
0.070015769941
0.0696319847113
0.0694365939374
0.0692696647972
0.0689053690138
0.0686010438421
0.0684707108454
0.0682326832764
0.0678706645995
0.0676712786616
0.0675550251279
0.0672414398175
0.06693259697
0.0668223167276
0.0666382401711
0.0663022078127
0.0660978332764
0.0660168676195
0.0657614755814
0.065450877753
0.0653482133841
0.0652192717033
0.0649080662781
0.0646961028382
0.0646374512626
0.0644362269218
0.0641312284175
0.0640184591391
0.0639402487807
0.0636595938429
0.0634311448627
0.0633857270247
0.0632286707278
0.0629333701
0.0627993252601
0.0627547273267
0.0625138216396
0.062261453133
0.062216000569
0.0620999517
0.061810901952
0.061650406301
0.0616181219428
0.061418640597
0.0611456378514
0.0610793091405
0.0610030041063
0.0607202509395
0.0605260529516
0.0604931173624
0.0603259940873
0.0600402711222
0.0599350369692
0.0598882156691
0.0596227788488
0.05938537187
0.0593418013921
0.0591999775874
0.0589055031646
0.0587549809082
0.0587170804966
0.0584799741092
0.0581993046157
0.0581307304891
0.0580148871684
0.0577125747803
0.0575155322072
0.0574702582298
0.05726299391
0.056949997467
0.0568392835324
0.0567485471505
0.056447947617
0.0562019802929
0.0561409820639
0.055959155476
0.0556269736956
0.0554658046597
0.0553902354761
0.0551065874974
0.0548126262948
0.0547283949497
0.05457305673
0.054230954952
0.0540201725145
0.0539462305641
0.0536908774222
0.0533598338957
0.0532422216368
0.0531164157197
0.0527753099009
0.0525182929235
0.0524385606785
0.0522155548676
0.0518631296374
0.051704816188
0.0516066478169
0.0512833722047
0.0509842991821
0.050893697119
0.0507063300666
0.0503476875322
0.0501490032287
0.0500707280751
0.049780362615
0.0494491113717
0.0493419232353
0.0491944966705
0.0488434339858
0.0486078062276
0.0485431686778
0.0482959278241
0.0479462451538
0.0478168442555
0.0477094310392
0.0473823051143
0.0471146739422
0.0470577551175
0.0468608981714
0.0465063595102
0.0463529452235
0.046281601066
0.0459917331637
0.0457006078709
0.0456424715941
0.0455024848737
0.045157173583
0.0449783094317
0.0449384514026
0.0446936835381
0.044390273161
0.0443225352484
0.0442381830256
0.0439184692395
0.0437120029173
0.0436985009986
0.0435058065437
0.0431977265298
0.0431154052178
0.0430784674452
0.0427987770962
0.0425666186476
0.0425665001186
0.0424339218896
0.0421284046402
0.0420268844184
0.0420289067005
0.0417940982762
0.0415436658104
0.0415407299545
0.0414696627114
0.0411785907128
0.0410485481812
0.0410834649494
0.040895850344
0.0406321774985
0.0406144571923
0.0405938960919
0.0403324259727
0.0401668123665
0.0402218235855
0.0400879634568
0.0398118604734
0.0397718697443
0.0397880742656
0.0395630981817
0.0393638636051
0.0394167162438
0.0393431498202
0.0390606641676
0.0389872306636
0.039031468921
0.0388416853688
0.0386153863269
0.0386462336631
0.0386267304391
0.0383528984819
0.0382323961371
0.0382966693305
0.0381443190094
0.0378928115271
0.0378904753998
0.0379091240062
0.0376591797544
0.0374863130171
0.037552391799
0.0374459203117
0.0371717641831
0.037128477141
0.037171961644
0.0369507912143
0.0367313326414
0.0367769728128
0.0367202544068
0.0364348178667
0.036339199969
0.0364001627673
0.0362103327541
0.0359517775228
0.0359614530377
0.035945830708
0.0356676933042
0.0355118926381
0.0355792659908
0.0354290066937
0.0351365607756
0.0351026575259
0.0351160931137
0.0348592861051
0.0346461410604
0.0347010917204
0.0346005593481
0.0342847241965
0.0342000532163
0.0342345861113
0.0340064718
0.0337463452854
0.0337719620926
0.0337222670837
0.0334014731135
0.0332586220239
0.0333080528785
0.0331172649056
0.0328201733283
0.0328061282998
0.0328006205367
0.0324953447838
0.032293530196
0.0323455902314
0.0322027875858
0.0318808081808
0.0318209272026
0.03185228065
0.031577543552
0.0313237025453
0.0313640291048
0.0312760721978
0.0309459396584
0.0308344811171
0.0308952744972
0.0306648790024
0.0303690552986
0.0303859005189
0.0303524691486
0.0300330150367
0.029868679441
0.0299474267169
0.0297745610302
0.0294491356834
0.0294324133143
0.0294511038299
0.0291587076525
0.0289453903753
0.0290274341817
0.0289201606657
