0.0
0.0703017755898
0.0988025710153
0.120254460077
0.137989883424
0.153318016832
0.166904983353
0.179153969027
0.190329847895
0.200620155047
0.210156093471
0.219035691474
0.227357423999
0.23516825096
0.24252044707
0.249477262585
0.25605517188
0.262291274628
0.268218442921
0.273856111181
0.279223910211
0.284337059098
0.289224884953
0.293885489614
0.298338933372
0.302605408663
0.306675026199
0.310580371325
0.314318084166
0.317889114196
0.321322703046
0.324607592339
0.327752621503
0.330768550038
0.333665351439
0.336437551311
0.339084547364
0.34164219539
0.344082102007
0.346408675155
0.348658904356
0.350802321855
0.352850995288
0.354817362879
0.356699218952
0.358497586495
0.360209606502
0.361857014817
0.363421550838
0.364913140345
0.366344320447
0.367692729909
0.368991075723
0.37022111087
0.371377073121
0.372492723463
0.373541559822
0.374528300871
0.375464888858
0.376356102837
0.377188239773
0.377957268117
0.37870555335
0.379390721454
0.380015854213
0.380623692967
0.381172956838
0.381676133427
0.382144486746
0.382572296973
0.382960680511
0.38330230098
0.383620229229
0.383892659853
0.384129832292
0.384341894053
0.384501651227
0.384648754015
0.384757113916
0.384819539729
0.384875069561
0.384890969806
0.384870813153
0.3848277975
0.384765706787
0.384668772718
0.384531855639
0.384399952889
0.38422575191
0.384013699097
0.383807449877
0.383559339014
0.383287825401
0.383002339145
0.382691350736
0.382361531353
0.382004316417
0.381639312156
0.381243029115
0.380831289037
0.380411360209
0.379950002381
0.379494459069
0.379016528938
0.378503466542
0.377998670864
0.377467649155
0.376915711756
0.376352087348
0.375780972932
0.375190239659
0.374570909558
0.373966870045
0.373330662989
0.372672038357
0.372029123376
0.371349732313
0.370662976579
0.369974112804
0.369263298632
0.368544926313
0.367813296125
0.367080449687
0.366321353583
0.36556065987
0.364802043958
0.364004693461
0.363223160917
0.362430718451
0.361608953171
0.360801440206
0.359976234227
0.359140411929
0.358298039489
0.357452447122
0.356598021609
0.355723309578
0.35486589638
0.353982864872
0.35308833805
0.352215441953
0.351305460035
0.35039993008
0.349500734581
0.34857846351
0.347655940127
0.346729910871
0.345806145734
0.344857708771
0.343916403533
0.342984715208
0.342014095808
0.341065487889
0.340112967543
0.339134902087
0.338175069297
0.337200870865
0.336224203814
0.335243642886
0.334261173629
0.333276759684
0.332277724633
0.331297933117
0.330294241659
0.329287888076
0.328305927588
0.327285549702
0.326277590848
0.32528115
0.324261302741
0.323245038916
0.322231905093
0.321222475999
0.320189536588
0.319169083388
0.318162361498
0.31711736612
0.316098510102
0.315078999795
0.314037261764
0.31301568488
0.311981378147
0.310949014299
0.309916657803
0.308881946926
0.307849144067
0.306806398358
0.305783078136
0.30473666289
0.303693083228
0.302676926578
0.301620415735
0.300581581875
0.299558067833
0.298509652511
0.297467906702
0.29643290997
0.295403136672
0.294350563617
0.293313579392
0.292293077759
0.291234747017
0.290204711155
0.289175594291
0.288126878582
0.287100530468
0.28606062825
0.285026937379
0.283995715589
0.282960089624
0.28192936747
0.280892594147
0.279875395929
0.278833814978
0.277800898044
0.276796427544
0.275748791855
0.274723144402
0.273716390978
0.272682293753
0.271656642571
0.270641227534
0.269632100819
0.268598874097
0.267583543832
0.266587496902
0.265553523031
0.264548292769
0.263545521387
0.262526335673
0.261528871864
0.260516206243
0.259514866279
0.258517545229
0.257512267092
0.256514764436
0.255516335178
0.254534035917
0.253525776387
0.252532718712
0.25156898712
0.250556986778
0.249571445734
0.248609117717
0.247615402295
0.24662998935
0.245659298454
0.244695955712
0.243705535598
0.242734639153
0.241787033109
0.240800903335
0.239840637956
0.238885597027
0.237917567246
0.236969803787
0.23600357219
0.235055405181
0.234112222907
0.233154679167
0.232208394722
0.231266928946
0.230337614219
0.229379246049
0.228443375109
0.227537812649
0.226576896357
0.225646543725
0.22474392737
0.223806390534
0.222875712511
0.221963883675
0.221061174628
0.220127484185
0.219213366011
0.218326962602
0.217401489873
0.21649933294
0.215603452269
0.214699879179
0.213812911752
0.21290370434
0.212019002835
0.211140845445
0.210242288644
0.209356917246
0.208483119868
0.207616155587
0.206716759974
0.205846377422
0.20500774305
0.204107476427
0.203240463436
0.202405722973
0.201532977791
0.200664314956
0.199817910985
0.198982402569
0.198113722318
0.197263049269
0.196444215553
0.195586934758
0.19474844146
0.193916829052
0.193082545762
0.192263295451
0.191416662253
0.190600285745
0.189793124298
0.188957909694
0.188137580796
0.187334413012
0.186535634098
0.185699796146
0.184898515103
0.184130545745
0.183295258557
0.182494440483
0.181729697089
0.18092524799
0.180122830174
0.179343982078
0.17857898247
0.17777827492
0.176992886042
0.176242835797
0.175455937371
0.174684385732
0.17391833337
0.173156031349
0.17240594218
0.171622942239
0.170875454769
0.170140599351
0.169370792605
0.168616212503
0.167885211187
0.167155368309
0.166383397083
0.165651151137
0.164954341956
0.164185014675
0.163450378816
0.162756045707
0.162020672933
0.161283799193
0.160571642052
0.159877141932
0.159144415054
0.158423543402
0.157741869087
0.157026383672
0.156319689778
0.155617851624
0.154926558225
0.154245670767
0.153524555916
0.152845291372
0.152182366478
0.151476001196
0.150785029146
0.150125144472
0.149463286467
0.148753068469
0.148088189563
0.147461813533
0.146756580044
0.146085096099
0.145459633524
0.14479192965
0.144118106
0.143469962307
0.142845224629
0.142178518027
0.141518296964
0.140902829654
0.140257108196
0.139612604319
0.138971613571
0.138350247178
0.137736185136
0.137072884919
0.136459039568
0.135866105094
0.135220439651
0.134589315191
0.133998538866
0.133402072947
0.132749897182
0.13214873223
0.131590829798
0.130946413429
0.13033422514
0.129774361022
0.12917275956
0.128557761676
0.127969543502
0.127411661578
0.12680819278
0.126204411379
0.125651638363
0.125073644641
0.124487080855
0.123902487831
0.123347883862
0.12279771955
0.122188042491
0.121635628716
0.121110054697
0.120521180734
0.119945267075
0.119419885404
0.118885969694
0.118287657073
0.117745575971
0.117252848746
0.116666311406
0.116108369229
0.115609795635
0.115071176601
0.114511230428
0.113977775548
0.113483185681
0.112940293741
0.112387755296
0.111893011574
0.111378992623
0.110847270606
0.110313786975
0.109822173017
0.109332259429
0.10877190679
0.108275777348
0.107813997993
0.107278436373
0.106752870891
0.106287993487
0.105813351254
0.105264986108
0.104776728867
0.104345031303
0.103813006378
0.103304578525
0.102862054706
0.102383212445
0.101874439088
0.101390393889
0.100954867263
0.100468982074
0.0999630989193
0.0995210846087
0.0990678465295
0.0985866882814
0.0980992216702
0.0976660732104
0.097233286888
0.0967174649693
0.0962723806955
0.0958703265045
0.0953844305525
0.0949042029257
0.0944950906611
0.0940767653576
0.0935735161837
0.0931336185978
0.0927583030895
0.0922781461816
0.0918138914598
0.0914227512253
0.0910001679557
0.0905383276652
0.0900978398173
0.0897172878142
0.0892850324987
0.0888208038851
0.0884265422518
0.0880311532637
0.0875961755406
0.0871489188815
0.0867698293024
0.0863906008287
0.085914797646
0.0855155811073
0.0851704291118
0.084730124994
0.0842892865038
0.0839310765001
0.0835654571275
0.0831035354213
0.0827063580167
0.0823848744401
0.0819525210458
0.0815264897143
0.0811813424393
0.0808121324434
0.080393288411
0.079990628034
0.0796620978631
0.0792802821888
0.0788515893343
0.0784996996874
0.0781588897469
0.0777662644268
0.077353807849
0.0770252613299
0.0766974234383
0.0762553828206
0.0758966529475
0.0756039283317
0.0752065632678
0.0747998180096
0.074488835809
0.0741736455057
0.0737473655732
0.0733870103496
0.0731150083005
0.0727279263811
0.0723351115984
0.0720316629794
0.071714195486
0.0713329205562
0.0709618929703
0.0706810090881
0.0703471196181
0.0699492682308
0.0696349741192
0.0693472279479
0.0689925557599
0.0686083745417
0.0683257549646
0.0680460159604
0.0676343737755
0.0673106673802
0.0670691341961
0.066710840387
0.0663317327497
0.0660624107679
0.0657945568965
0.0654015435521
0.0650721732027
0.0648478691586
0.0645030306672
0.06413721391
0.0638694531847
0.0636006550135
0.0632547428342
0.0629098895734
0.062673817801
0.0623861130145
0.0620130541125
0.0617305835797
0.0614915253619
0.061173131201
0.0608125249787
0.060572508374
0.0603394381421
0.059952684663
0.0596581725134
0.0594627783493
0.0591419628772
0.0587867371363
0.0585549936789
0.0583338197883
0.0579686767157
0.0576643565257
0.0574822351903
0.0571785681656
0.0568362661537
0.0565996844871
0.0563787970352
0.0560640221904
0.0557390224459
0.0555425384585
0.0552988545496
0.0549481285867
0.0546924951554
0.0545016313998
0.0542161860326
0.0538727181365
0.0536697427442
0.053480165718
0.0531173184777
0.0528466659137
0.0526968772683
0.0524109019135
0.0520732184128
0.0518729434184
0.0516951192964
0.0513575028303
0.0510730127642
0.0509317499999
0.0506678757836
0.0503427344584
0.0501312774538
0.0499543533571
0.0496704970375
0.0493607176358
0.049201892971
0.0490017382289
0.0486672837475
0.0484324772505
0.0482853348231
0.0480320223387
0.0477023518285
0.047533388901
0.047388490646
0.0470432863147
0.0467904676509
0.0466806203776
0.0464294133588
0.0461066210402
0.0459340526164
0.0458010491408
0.0454857485159
0.0452144778087
0.0451084242405
0.0448837991007
0.0445739745316
0.0443832517546
0.044251889838
0.0439951575146
0.0436934359258
0.0435669262821
0.0434081674284
0.0430895205236
0.0428706946512
0.0427690937294
0.0425453070605
0.0422219617893
0.0420814330977
0.0419780106241
0.0416511938623
0.0414112229669
0.0413426411245
0.0411252138805
0.0408095031122
0.0406587135687
0.040566677871
0.040275228123
0.0400122826161
0.0399419867803
0.0397569517745
0.039454888015
0.0392785047447
0.0391889093092
0.0389600247994
0.0386626711231
0.0385671873997
0.0384527179364
0.0381423101627
0.0379329382579
0.0378715735376
0.0376782788478
0.037359044503
0.0372440882465
0.0371861219378
0.036871267902
0.036637096026
0.0366034063782
0.0364206215654
0.0361113298218
0.035978260436
0.035931214866
0.0356590019537
0.0353967131482
0.0353557953692
0.0352098054414
0.034916376262
0.0347495918735
0.0347056385547
0.0345018267975
0.0342007478682
0.0341301216277
0.0340574616713
0.0337574987985
0.0335528294836
0.0335348625268
0.0333715775997
0.0330478440577
0.0329522507598
0.032935262788
0.0326361935811
0.0324031906247
0.0324067743083
0.0322596460361
0.0319483594001
0.0318261283578
0.0318193982192
0.0315699395102
0.0313047263775
0.0312934858717
0.0311902396117
0.0308971870621
0.0307328571604
0.0307288207546
0.0305529988963
0.0302464595384
0.0301988857724
0.0301736174621
0.0298768962803
0.0296694387355
0.0296878047022
0.0295565388712
0.0292289906262
0.0291491998585
0.0291795876017
0.0288907320949
0.0286508363188
0.028683948486
0.0285732056755
0.0282626932409
0.0281465701117
0.0281866396968
0.0279563665528
0.0276795187344
0.0276903272771
0.0276288595187
0.0273400899903
0.0271733655345
0.0272146765563
0.0270664979963
0.0267448171994
0.026713257385
0.0267312785239
0.0264435059725
0.0262287025843
0.0262879251864
0.0261906180223
0.0258493331003
0.0257779966213
0.0258500761929
0.0255777232205
0.0253274109415
0.0253925843895
0.0253229817794
0.0250033552563
0.0248855598063
0.0249657366406
0.0247603533285
0.0244701057473
0.0245031879197
0.0244906485804
0.0241972201958
0.0240197544739
0.0240990542818
0.0239822401391
0.0236464243233
0.0236287320835
0.0236992067036
0.0234129374629
0.0231816422484
0.02327359993
0.0232119032293
0.0228608602482
0.0227936869967
0.0229179079412
0.022656601711
0.0223857061239
0.0224741254809
0.0224461598736
0.0221230172238
0.0219983070256
0.0221279981342
0.0219461819201
0.0216308802444
0.0216778210499
0.0217116134206
0.0214209891824
0.0212275872521
0.0213526775033
0.0212697246706
0.0209074291663
0.0208952727269
0.0210125005743
0.0207364415499
0.0204847369407
0.0206146814068
0.0205948542873
0.020221631683
0.0201499856586
0.0203181997455
0.0200769332137
0.0197835832295
0.0198977421699
0.0199204411365
0.0195824213853
0.0194413695544
0.0196116728543
0.0194603218465
0.0191211209015
0.019181448176
0.0192730885201
0.0189757508373
0.018755930634
0.0189176623595
0.0188719322285
0.018488220508
0.0184780435831
0.0186559508222
0.0183827357137
0.0180989683408
0.0182566708493
0.0182800065129
0.0178926050581
0.0178109832005
0.0180367627122
0.0178126176118
0.0174834551801
0.0176128665396
0.0176845312954
0.0173420932676
0.0171786455759
0.0174012139255
0.0172822884404
0.0169047847607
0.0169681581279
0.0171123761128
0.0168200405314
0.0165691807525
0.0167758429587
0.0167745226653
0.0163545724243
0.0163362316858
0.0165654911172
0.016307478388
0.0159897427174
0.0161799173681
0.0162575555399
0.0158419376381
0.0157396326232
0.0160114174456
0.0158154443492
0.0154520416857
0.0155978370021
0.0157324480339
0.0153736709241
0.0151758798148
0.0154389393279
0.0153593038693
0.0149495755234
0.0150133643375
0.0152270700994
0.0149304291195
0.0146352114354
0.0148744567654
0.0149203542774
0.0144745367217
0.0144426702138
0.0147408150651
0.014493307876
0.0141263897614
0.0143364177372
0.0144668295988
0.0140371580599
0.0139074296159
0.0142416225376
0.0140742643852
0.0136599374737
0.0138094478141
0.0140018407355
0.0136423503344
0.0134044535985
0.0137209699705
0.0136874503153
0.0132277492416
0.0132796718279
0.013553384215
0.0132681731016
0.0129259054162
0.0132061282034
0.0133122037207
0.012822772651
0.0127648647649
0.0131185697849
0.0128965005114
0.0124818679879
0.0127153513619
0.0129158992261
0.0124563968695
0.0122853491161
0.0126670919084
0.0125397676206
0.0120811426535
0.0122330773235
0.0125041298934
0.0121314546844
0.0118377772906
0.0121923222522
0.0122111856138
0.0117135539436
0.0117486448457
0.0121043147001
0.0118235309143
0.0114163322359
0.011722383118
0.0118880915246
0.0113726844176
0.0112814814616
0.0117124111916
0.0115144095147
0.0110324122641
0.011274199188
0.0115391228792
0.0110703582468
0.0108508856455
0.0112989795637
0.0112172329715
0.0106932124703
0.0108325784252
0.0111721803226
0.0108068342677
0.0104532511455
0.0108593803148
0.0109441029475
0.0103868427689
0.0103900134632
0.0108130053144
0.0105558163813
0.0100846077742
0.0104236895649
0.0106691964772
0.0101077226252
0.00996690958658
0.0104571615739
0.0102991395923
0.00975718822005
0.0100077991002
0.0103623081795
0.00986777599204
0.00958163448926
0.010076345106
0.0100510053936
0.00947568409513
0.00959790608675
0.0100328317802
0.00966470306859
0.0092305022046
0.0096688969252
0.00982171846943
0.00922603934599
0.00918947057502
0.00970654919137
0.00946960919307
0.00891168011047
0.00926504621499
0.0095843916753
0.00900310840573
0.00880427130759
0.0093782664567
0.00926441223596
0.00863821631125
0.00887915494947
0.00931120706666
0.00881832286983
0.00845978947999
0.00902024643381
0.00906426209736
0.00841251901653
0.00849912009649
0.00901223364421
0.00866679365325
0.00815203222797
0.00863453943314
0.00887667548998
0.00821875246869
0.00812312966112
0.00871311377994
0.00851725992755
0.00788096596281
0.00825204906446
0.00867367598362
0.00805198509959
0.00777416635922
0.0084075480899
0.0083530055418
0.00765947814744
0.00788714315063
0.00842853324258
0.00792306721884
0.00746859346349
0.00807015706109
0.0081895945693
0.00748666237185
0.00752930147569
0.0081531715167
0.00782393444991
0.00720265650632
0.00770559643002
0.00803269206383
0.00734435865521
0.00717981792934
0.00787324693489
0.00772083328416
0.0069783579459
0.00734423687857
0.00785465522245
0.00722754248747
0.00686316302223
0.00758116946811
0.00759806347761
