0.0
0.0012620170057577457
0.002590144585112135
0.003824529196308643
0.005070065467500752
0.006375311419537198
0.007708325496561273
0.008943940650849733
0.010186059387447356
0.011509715704050454
0.012824171879011567
0.014080688647526346
0.015342946856070225
0.01681806840021908
0.018148078766744513
0.01932621799495799
0.020728564734654772
0.022303575767598297
0.023521596497626508
0.02479688662955546
0.02634349979052289
0.027760972664756342
0.029020895215496403
0.030370076235190765
0.03177199435418187
0.033088273849293054
0.034290940473318446
0.035606609697835516
0.03729736738766984
0.03859524487832449
0.03986303446235274
0.04202765338481778
0.043134136077914546
0.04441109280386519
0.04625395430326786
0.04779782607345616
0.04893956707884884
0.05027426190821976
0.05196415734653725
0.053199860159815184
0.054455387695834405
0.055873272485752884
0.05764387079427545
0.05898987205882872
0.06005712899562734
0.06181542882213208
0.06370777419793092
0.0647761701115192
0.06614102187625644
0.06832847251291613
0.06984868331746123
0.07104145967962613
0.07287061858430824
0.07445779901958735
0.07564882671987394
0.07699756063632068
0.07859463935299184
0.0802342469147789
0.08133310435198032
0.08242764052349683
0.08497057684453471
0.08624121849984019
0.08767904436701374
0.09023892396892072
0.09166135023618649
0.09280013689762853
0.09453122725276028
0.09661663650144478
0.09762331365232521
0.09885935699061793
0.10073426552356704
0.10235712508390094
0.10368892297589369
0.10480623000096811
0.10686212607274774
0.10856303787820518
0.10941303124090722
0.1109236302430702
0.11374277977145991
0.11511037337419372
0.11606657735640852
0.1184267478245962
0.12042680902940187
0.12171920898682954
0.12372879737246797
0.12525187894636997
0.12657188208694087
0.12774777548278773
0.12918984144410298
0.13126386636574883
0.13247129853795103
0.13396807330342994
0.13702115357297154
0.13813591119609886
0.13927859720646524
0.14158340296572833
0.14397205871048624
0.14486303858834537
0.14618576685555004
0.1486349912013607
0.14995142433819933
0.15128862048249275
0.1528276301347924
0.15489304399920262
0.1562655112951001
0.1570449544900664
0.1587589978194867
0.16148723724454117
0.16242793606971567
0.16338902663363597
0.1662886295768478
0.16863461286374787
0.16973405215898196
0.17268012779456143
0.17408883043305823
0.17515273268655304
0.1768512753227055
0.17891103118470902
0.18033072106008827
0.18124508105054088
0.18276614587966195
0.185377679982142
0.1863900289731774
0.18755857888441946
0.1905563814407726
0.1928324771480463
0.19369855879229425
0.19518112182410635
0.19812798135711338
0.19917621679284905
0.20046717139926626
0.20270538543030622
0.2046313299106865
0.20598874532976363
0.20702240616881804
0.20897024804829245
0.21077575739354487
0.2114214749440314
0.21266873449365603
0.21602708964323458
0.21778964777322257
0.2181998784819607
0.22169806423367203
0.22372765253656135
0.22494656749190872
0.2273226101243673
0.22923268479375214
0.23042557572621628
0.23157938768621036
0.23361557131964109
0.23525930397795106
0.2361847985817855
0.237570261537914
0.24055816975583413
0.24211852768576292
0.24295581125481575
0.2448959087188986
0.24827176702793058
0.24901184057499368
0.25015952891864685
0.2529660873594054
0.2547671420582216
0.25610271174935323
0.2575834638424496
0.2598307845900098
0.2611187762319515
0.2619899266854697
0.2634913954053621
0.26622030651030415
0.2670353902063339
0.2673592657769711
0.2707402108874467
0.2734325302379435
0.2745508346131461
0.2779040243187741
0.2793663392994224
0.2804248784497979
0.2821098428468923
0.2846776931947
0.2857171583809865
0.28652342251959256
0.28844277858889833
0.290553756268009
0.2916216858716622
0.29249639308256464
0.2950603959307033
0.2978557599973805
0.2983141183792369
0.29926258650708265
0.30284336555768965
0.30442176000548204
0.30555296428209633
0.3073588197638474
0.30979250303382133
0.3112131889921618
0.312687484640177
0.3144853715096211
0.31597954859076965
0.3166216648797428
0.31769801504053863
0.3205130901308331
0.3222998204540365
0.32279923750849904
0.32693256928451664
0.3284971165069541
0.32953483951762363
0.33143649836438094
0.3340508394974995
0.3350619678907285
0.33607591627874506
0.3385683662130523
0.3399046108133298
0.3408345984372628
0.34210592554125824
0.34460302062873943
0.3462116902925966
0.3466847850396275
0.34785188476347306
0.3517353183205415
0.3525433698298391
0.35340688683387267
0.35576637056426175
0.35843568856597974
0.35963377231974425
0.36119441833575605
0.36355969092147045
0.3644827476629117
0.36572237844707345
0.367513108963177
0.3694665731685466
0.3700845537330288
0.3705036757122498
0.37385408212766047
0.37561735167484217
0.3765434223818313
0.3792187506991244
0.3817048022526584
0.38269061745492
0.38383517981115767
0.3864152742104009
0.38742827958488746
0.38827042970524606
0.39027646963752416
0.39225837898689664
0.39342833961129875
0.39416317321457317
0.39581898118866093
0.3983911538350432
0.3985753026284779
0.39913918844872953
0.40263303603413547
0.40494543266763916
0.4054503592556933
0.40668388462873556
0.4096853004582153
0.4109466452428657
0.41279876850182184
0.41453491854531554
0.4157281334588193
0.41644286492028504
0.417833289756566
0.41979639528093393
0.4208863550035581
0.42160006640561787
0.4249448226155411
0.42662879057356784
0.42745937523490596
0.42857418166046257
0.4316342316046645
0.43257762513205134
0.43337297405678243
0.43552341151445717
0.4370205824029832
0.4381447654008731
0.43941701610507095
0.44136444710750067
0.4427197256505387
0.4430814232591008
0.44375320689633907
0.4470652947108622
0.44797238196948574
0.44829699810966583
0.4498859877056216
0.45343138048723025
0.454516557579016
0.4562017917328878
0.4581077069452488
0.45875571132106635
0.46012849372222975
0.4622842937191519
0.46354417085786015
0.4639886999296169
0.464956848195249
0.4674504977840437
0.4683053505745631
0.4689513596309274
0.4707010224418826
0.4739285462279864
0.4745858628125426
0.4751259484826073
0.4772424510093407
0.4786753707980341
0.47960669096708325
0.48126833833802585
0.4830066715684616
0.48420268088274343
0.48500672256576
0.4863470850429715
0.4880983142398785
0.488258476634179
0.4886923449686833
0.4911483306550296
0.4937398649369046
0.4937789997986951
0.4952881089965743
0.4980574239230636
0.49890846992312243
0.5003006798618248
0.5018750697303274
0.5029785598123251
0.5037104161589374
0.5054741237238771
0.5069015815919358
0.5074188206854545
0.5080481246953902
0.5101913897442372
0.5120064362047999
0.5125019863398574
0.5129370368353467
0.5159406166420067
0.517068885471096
0.5176598445260086
0.5189851926595497
0.5205662158659683
0.521780590240617
0.5226716262210108
0.5244958905709116
0.5254791781662449
0.526083016149418
0.5269301354987611
0.5289970342444338
0.5297600797088273
0.5296653708008796
0.5310644806737338
0.5342301879308189
0.5350765231740864
0.5362298774407338
0.5378399921880284
0.5386265377219142
0.5397389701029905
0.5414116983008859
0.5423816248875417
0.5428443619341944
0.5439966379909068
0.5457351262895405
0.5464511033103983
0.5469858440347981
0.5478784255231941
0.5506497788299479
0.5509799559856507
0.5511736439212369
0.5527545535486106
0.5547686896109224
0.5555615162459929
0.5561604791978614
0.5575693671407075
0.558734890059446
0.5598215826269172
0.5612131286492947
0.5621845748252314
0.5624852336330737
0.5630520054478816
0.5644061996875889
0.5662934770302628
0.5663412889913525
0.5679431542742609
0.5700570043624957
0.5706628260697411
0.571316354487883
0.572392209888945
0.5734605259908939
0.5741473768066708
0.5755692023834915
0.5766332745847091
0.5772425931779167
0.5779566893041758
0.57931382520982
0.5806171565136464
0.5808326449212105
0.5809037326366823
0.5832194309573119
0.5845350530216715
0.5848496889411111
0.5852873378852066
0.5868901409603922
0.5881589274184542
0.5885502322679169
0.5899908829652701
0.5905062522289956
0.5913935759700121
0.5926435785790998
0.5937890947733023
0.594265006540678
0.5942655652653708
0.5956432366009105
0.5973371401015063
0.5978295858279921
0.5982583646329872
0.5999952813564475
0.6008711989799976
0.6016028232516791
0.602103967742714
0.602871913487517
0.603531648935529
0.604631548065634
0.6058268230411518
0.6065212730407348
0.6070715952491523
0.6075560855616686
0.609227593546029
0.6093926661966202
0.6094412180420721
0.6104365605478765
0.612653721151947
0.6131306767882453
0.6128757394607331
0.6140445703156973
0.6149097522880905
0.6159822194933495
0.616792159617857
0.6175058625971426
0.6180008364272495
0.6188074019687487
0.6197478367051021
0.620556953069109
0.6206584256699079
0.6216195434854951
0.6232773124758915
0.6236903001162615
0.623986786517205
0.6244674923452058
0.6255723608463263
0.6261642097147629
0.6267885718018897
0.6271323364401834
0.6279583706765076
0.6287834086692394
0.6297060047319541
0.6304394745789295
0.630674513469231
0.6308357945319812
0.6320787524937694
0.6331790812922012
0.6331419368143177
0.6331532008909934
0.6347216086039711
0.6358535999910415
0.6357958421570806
0.6361389103668835
0.6365873761442568
0.6375694702618806
0.6385334076118582
0.6392493355184047
0.6396583579561745
0.6399075666148478
0.6409286353055841
0.6416000059302568
0.6418517315072625
0.641975298740295
0.64343076750435
0.6441349307198645
0.6445808980720908
0.6442251895527211
0.6447710814733342
0.6455690453056877
0.6463961072219633
0.6465795300308588
0.6470990094199742
0.6478173110855917
0.6484339574811834
0.6491715132712489
0.6492932191943402
0.6493246124534746
0.6497663500382095
0.6514399728996906
0.6516682515335983
0.6512870313345025
0.6521101806168503
0.6527192713351944
0.6534442829646331
0.652976227869523
0.6535555879268652
0.6542479184933865
0.6550158589123717
0.655688885106473
0.6560965726260977
0.6562594319107089
0.6566900544722639
0.6577085070667685
0.6578421549498026
0.6580457916385396
0.6581779952792073
0.659324549099347
0.659727475023468
0.6597961243989106
0.6591241784502717
0.6599851952820351
0.6606537754831264
0.6609680054994709
0.6613549580557954
0.6618066357551519
0.6622864309487348
0.6627947733756159
0.6633728688080989
0.6631707888021979
0.6632615097124023
0.6643244862325285
0.6650470561927008
0.6647015285274651
0.6641606259716958
0.6647912282432782
0.6657044967388072
0.6656298891221711
0.6657066324318844
0.6663532896794526
0.666770449191972
0.6673547479944522
0.6676977640059579
0.6678948946893408
0.66798284072895
0.6687051409954332
0.6691335534392205
0.6693530422797574
0.6688601840851043
0.66925166739602
0.6700087276746617
0.670345876203318
0.6693018456862451
0.669576628092023
0.670434568772622
0.6707741230390885
0.6711460274381342
0.6713881060441204
0.6715444307453737
0.6718032646276134
0.6725338623384883
0.6725908524493445
0.67222602659918
0.6727709028651716
0.6732242110267939
0.6737519714080509
0.6722282438706049
0.6724856072473342
0.6733093024693922
0.6737224366508475
0.6734734092189378
0.6739737064062652
0.6743429450359525
0.6746524846395752
0.6749759505425313
0.6749987167724748
0.6751993952893545
0.6751109960835835
0.6759861681201217
0.6761107405033209
0.6761110503297253
0.6748993219899111
0.6756708042081582
0.675941517335825
0.6748769673218269
0.6752286080147958
0.6759240517977088
0.6764030436431714
0.6766560100888382
0.6769828232035917
0.6768783648820615
0.6769472462475606
0.6773911058151818
0.677654380458283
0.6774615447006773
0.6766815325637701
0.6772602337549322
0.6780193912298188
0.6771329521364464
0.6761811692502396
0.677044933162261
0.6775858697600914
0.6774692779848182
0.6775277320836512
0.6779011855788323
0.6781565186131824
0.6782836043394672
0.6784032087181693
0.67842819118482
0.6781135574886628
0.6783107062169973
0.6788775625457729
0.6788331954646242
0.6769343001872558
0.6772747134494026
0.6780559343736133
0.6772408712806398
0.6773236346604912
0.6778790155790537
0.6782109337922602
0.6783968563073273
0.6786764073003494
0.6786788016411144
0.6783685774714506
0.678561135798183
0.6786632821190932
0.6791651726180127
0.6776051122899703
0.6775950208165402
0.6783737582626526
0.6784891058719872
0.6767977624830585
0.6771730265019835
0.6778103980533194
0.6779687758680929
0.6778558124318558
0.6780052780815534
0.678286893912408
0.6780706067018232
0.6783404893292881
0.6782564832387253
0.6784867108183203
0.6772854540005852
0.6779241143769739
0.6777416239742928
0.6753689936702949
0.6758100429269339
0.6766558881979917
0.6766096161784817
0.6763041257667842
0.676891261516779
0.6770372846444181
0.6769535238300389
0.6770875201869677
0.6770293082933957
0.6770887281230137
0.6763879980825742
0.6767145033660037
0.6772480709596287
0.6764067201514457
0.6747684778188564
0.6755978867068066
0.6761578805419071
0.6750057277531875
0.6744888390998481
0.6751261086404146
0.6753328709113683
0.6753511216359845
0.6753443897832636
0.6753371593254326
0.6752292797504866
0.6750635552747928
0.6753295023441817
0.6749696420600458
0.6730894417468205
0.6737862076351269
0.6744356378839012
0.6724794874825838
0.671820891749508
0.6727256762254006
0.6731485174697743
0.6727277911507261
0.6731245047377631
0.6732568973465194
0.6730953334066094
0.672849263186103
0.6726854487320261
0.6731378532154614
0.6722138295056607
0.6720409985451627
0.672566861484825
0.6726456149677706
0.6701633535274703
0.6701511602043461
0.6709147431320909
0.6700259323733696
0.6697537281206147
0.6702303438404996
0.670560589310865
0.6703798883159044
0.6702837511772954
0.6702156505382729
0.670385646436999
0.6693735675639829
0.6698862257094097
0.669672395414993
0.6672505511420926
0.6674215394373775
0.6682484528493235
0.6677007826491199
0.6661456640150364
0.6670390084295487
0.6674943998811549
0.6671649379769988
0.6670579254310387
0.667055789085242
0.6673012120965026
0.6667583340796338
0.6666984426901288
0.6669709092126266
0.6665775132239211
0.6650681790878691
0.6656776744931746
0.6662350694914978
0.6640331313506258
0.663130499875139
0.6639130381856687
0.663339052163986
0.6633162120697244
0.6635632505854189
0.6637795393266266
0.663773467148356
0.6634197258909821
0.6634919194946831
0.6630232015953946
0.6618441810364317
0.6623206512317966
0.6628409909747445
0.6608689067945149
0.6595600887488462
0.6605961243504352
0.6610362751343108
0.6594093409071711
0.6596390846832504
0.6600361220550713
0.660114089813968
0.6596612441261981
0.6595247464837757
0.6599431520173868
0.6595248507740197
0.6590514810294067
0.6592397041251286
0.6595512413228506
0.6574668489032123
0.6571941451488235
0.6576781663153652
0.655077899274128
0.6549752428026056
0.6558152700627256
0.6559940402702958
0.6555727148657271
0.655771179054354
0.6559601651996361
0.6557687964615134
0.6551389420466457
0.6553212592148041
0.6553763670364009
0.6537981500573727
0.6535905509447797
0.6542541906491826
0.6537922077789703
0.6512351862309964
0.6520192344822013
0.6526300470937593
0.6518333436565996
0.6512154820816355
0.6515501085038528
0.6520089547174368
0.6516409384283485
0.6512955608404339
0.6514252084590421
0.6512969455521864
0.6502972491207376
0.6505339816964643
0.650917269677537
0.6481257216942526
0.6478653476141412
0.6486756312115673
0.6471371810500238
0.6463438502470104
0.647040233310916
0.6476173292237005
0.6472827687957686
0.6472785759216635
0.6474370593568363
0.6471914835351288
0.6464362329516335
0.6462455776006247
0.6466065703000605
0.6456347483826609
0.6443569208887564
0.6452079669710963
0.6455812435244623
0.6430604188242227
0.6426807808646545
0.64335539386057
0.6434629101526854
0.6427131739601847
0.6428842474707597
0.6433462134706773
0.6431466001929897
0.6424136233001949
0.6423925648817378
0.6428990947758397
0.6414211408800314
0.6413681500995783
0.6414346899594059
0.6383662638233456
0.6382731448517934
0.6391775327207837
0.6391364013278292
0.6377323909997384
0.638433453229381
0.6390328418385123
0.6387007000681256
0.6383626626414043
0.6382558091699052
0.638416215997364
0.6376871827195353
0.6372437331560191
0.6376668668153799
0.637627650212967
0.6352932974415001
0.6357525274080207
0.6363350312271531
0.6351789671597652
0.6336985296859369
0.6343125578814836
0.6344788796936554
0.6342668476876377
0.6341374319922755
0.634406039788971
0.6343930463249541
0.6337074108721827
0.63359629034611
0.6335612427810003
0.6313533774966121
0.6319261904192076
0.6325446998404576
0.6308646930966592
0.62907024577427
0.6300227609405596
0.6308817716969413
0.6297397732880172
0.6299716477606956
0.6303712748825309
0.6303749040870229
0.6297317544985115
0.6293147496290644
0.6296356311968628
0.6295468284898228
0.628574514579398
0.6290265341668632
0.6292652560085156
0.6272377151857194
0.6264283128272303
0.6271180028904827
0.6262095584898316
0.6251070158540679
0.6259013007349472
0.6264151066817621
0.6261483558852587
0.6257284974281546
0.6258147911811319
0.626100243728422
0.6249528608902437
0.6252181514624612
0.6251581880002459
0.6233341254639122
0.6229319899699182
0.6236086864163034
0.623607122636666
0.6211426048490032
0.6218609494495301
0.6227479804954371
0.62231925503077
0.6218124989250704
0.6219401408274534
0.6223198831054833
0.6220723549936412
0.6213745879500081
0.6216031220859314
0.6217266063207242
0.6204530734424903
0.6206422889091223
0.6211209808453639
0.6196997216574911
0.6179538361967855
0.618884466143232
0.6181932517507551
0.6176115675892594
0.6180314606567741
0.6187136526721366
0.6186696443652878
0.6182511669084259
0.6182068119489484
0.6180111233163212
0.617031904278026
0.6172861831627213
0.6175039767280195
0.6166526616851591
0.6148899945220486
0.6157568921426315
0.6166415588851771
0.6147074020113965
0.614424593789432
0.6150583941085792
0.6154189637597822
0.6148192283733557
0.6146167069874379
0.6150980769365406
0.615260684030256
0.6143404423780664
0.6143573526114466
0.6145871824826614
0.6138232926961855
0.6131400696787617
0.613543206749975
0.6113468769803582
0.6103881965855766
0.61158204758179
0.6120860779064079
0.6111704115071319
0.6114619245815546
0.6120003124666992
0.6120139008345189
0.6113086435505759
0.6114146943340254
0.6113435590572402
0.6108758361630007
0.6103731329634865
0.6107802419279851
0.611028404490659
0.6086544488720125
0.60903610267728
0.6098427959380243
0.6092897729013438
0.6081541559457155
0.6086441694935599
0.6093163904992256
0.6091713638686459
0.6085767346007566
0.6088247504682666
0.6088723776129623
0.6084482667715791
0.6082801215035054
0.608470038109427
0.6069622442481746
0.6063322884518777
0.607442428234428
0.6062630839721269
0.6047235571980248
0.6054848584192621
0.6066230466063356
0.6061759859443703
0.6061363945839011
0.606511197720749
0.6065101533369228
0.6061251526125407
0.6056704546752825
0.6056804207529427
0.6057745113199914
0.6048996408385102
0.6054823227626449
0.6060567233245866
0.6041648242101123
0.6033752807918948
0.6040643182824756
0.6045460877647587
0.603427770045424
0.603781716057265
0.6045211753174707
0.604613795438523
0.6038329393871388
0.6036402551102289
0.6039442037114672
0.6036825376872997
0.6035242087177155
0.6036422604389755
0.6017300371752279
0.6012395528342533
0.6021589735277101
0.6026627732914289
0.6007519298513764
0.6013445554328412
0.6023666216530712
0.6024116934813951
0.6019634601218056
0.6019724250323745
0.6019997915986793
0.6021482009572037
0.6015928573057824
0.6017799219429317
0.6020944876766027
0.6009011160009123
0.6011989132505496
0.6016777512474533
0.6012947643848782
0.5993900961305927
0.6001623949816415
0.6005400129150228
0.6001057961833371
0.6001819947008107
0.6007481936461282
0.6008500586102706
0.6006945174745348
0.6002803147083755
0.600138826734759
0.5992961217685595
0.599742219750389
0.600398020025696
0.5995733340283477
0.597759743482362
0.5985125337082233
0.5998308069234423
0.5987772158738005
0.5986335771507292
0.5993531311356982
0.5996521413605901
0.599360188476845
0.5988479807988907
0.5990513757625509
0.5994889425034002
0.5991436915819593
0.5993197031734576
0.5994663810979187
0.598713418387454
0.5981533636683565
0.5986949010466642
0.5983280230243704
0.5965865718339298
0.5977146159880432
0.5986626081907187
0.598369824902366
0.5982009281930345
0.5982867816348619
0.5985822278416871
0.598200833928514
0.598337324361818
0.5982275899263896
0.5976994187551572
0.5976578060676188
0.5980914403128895
0.5986365182367692
0.5964310430860708
0.5968259131302185
0.5979121100467608
0.5979746510085366
0.5972141775031752
0.5975931473977898
0.5980687977908152
0.5983595679012529
0.597646026172106
0.5977297711200477
0.5978661287404508
0.5977516398605518
0.5980770752779194
0.5981857073718204
0.597938990396346
0.59615803825915
0.597458473057544
0.5971809161305366
0.5959885591605318
0.5966268330402453
0.5976903517389573
0.5978409048151995
0.5977428070741921
0.5976670435944635
0.5975206297046344
0.5975353903082511
0.5977316322635811
0.597713189513786
0.5975759092236155
0.5967721592594536
0.5974479665573507
0.5984956516953639
0.5971356165415078
0.5964515711375578
0.5972590103144464
0.5979679173951012
0.5975504375821726
0.5973854427264247
0.5980005040901242
0.5983758440182947
0.5979690286538368
0.5976943750508705
0.5976703893048705
0.598028536353651
0.5979761644805017
0.5984183760998828
0.5971547456588616
0.5958173642319867
0.5971435660240803
0.598161329524435
0.597054791388697
0.5974020221344118
0.5981283594226159
0.5985000937313929
0.5981922878338086
0.5982094799610679
0.5979766309834791
0.5982559415952807
0.5984471335703846
0.5986059360225778
0.5990767322114532
0.5977287597236416
0.5981593344459635
0.5988687175831908
0.5989500162467712
0.5975774399554759
0.5982270699895401
0.5990604161887723
0.5990968361539915
0.5987244897389529
0.5989625896031837
0.5990577462642818
0.5993236764367441
0.5992833324846351
0.5990736297027839
0.5988251746749155
0.5984205083764653
0.5998859376723058
0.5993774211340651
0.5975997803675488
0.5982993580440971
0.5997063085064714
0.5996146015283494
0.5994480033276446
0.6000178694767447
0.6001493615702784
0.6003393465652433
0.5999413856496049
0.599803893820409
0.6000773288752518
0.6003175168577026
0.6008958269779867
0.6013574849759235
0.6003735285083134
0.5997828961701887
0.6005042847893152
0.6012291384411459
0.6000435842994023
0.600478679286905
0.6015182323810433
0.6017249133499123
0.6014118572168125
0.6010239483386001
0.6011276923792421
0.6015711804296857
0.6017375632131915
0.6020661797055112
0.6011085439216937
0.6009749176481258
0.6017944475611222
0.6027389454749847
0.6009786396713259
0.6012643820830642
0.6023997795389173
0.6029475762646402
0.6025714908492064
0.6026778317129842
0.6027365659084551
0.603182516783199
0.6031096536800444
0.6030910213399979
0.6033272091552624
0.6030817675445873
0.6039319109886285
0.6041722340168627
0.6044466401790355
0.6026562258765816
0.6035831127030018
0.6042351815304473
0.6035265733026978
0.6038686226721908
0.6045360523513301
0.6048662743688531
0.6050866854321246
0.6047262183064142
0.6044189000115004
0.6044684794676805
0.6051325351647997
0.6058358174521997
0.6055575598593284
0.6043015123722156
0.6050125623077581
0.6063170230453533
0.6058812454789868
0.6052632667856855
0.6061540783001125
0.6066582918912804
0.6067427493999599
0.6063021075538441
0.6065381607728444
0.6069062929133788
0.6072292477753591
0.6074064682007148
0.6073592827071534
0.6072712476584219
0.6074246723381251
0.6081284068512532
0.6080851401663419
0.6062268661570525
0.6073324399009914
0.6086282686131159
0.6083789771686646
0.6084249307441486
0.6085314082984675
0.6088797819424843
0.6089844858743821
0.6090563399646749
0.6090517709872533
0.6088907677778982
0.6096372054973925
0.610014690635858
0.6107457138412218
0.6092000960040297
0.6094413467970046
0.6104099867310806
0.6109841024568445
0.6101158345490076
0.6105504470968639
0.6111676350057962
0.6116371634305973
0.6112462102510622
0.6111548197543817
0.6112469282200237
0.6114977634052187
0.6123641850930249
0.6122335705323879
0.6125280417985394
0.611170909782507
0.6127003289372729
0.6129743577909685
0.6114127325991608
0.6120282665941004
0.6131497035892287
0.613660523772919
0.6136563098005575
0.6136754021957244
0.6135728461068936
0.6139354885607806
0.6143373840469556
0.6142354141090438
0.6142206120583501
0.614149239092824
0.6150877984633143
0.6158891981878241
0.6153309613407502
0.6143728695805062
0.6152548146369671
0.6160560554102912
0.6158967911362347
0.6156791968924227
0.6163997794665328
0.6167961827627304
0.6167877773132566
0.6164243523081672
0.6162428630513419
0.6167913264209708
0.6172596799635854
0.6180668944383337
0.6173301131347575
0.6160887963520649
0.6173215973541147
0.6185743355818751
0.6176622886947774
0.6177107858181877
0.6185158750719736
0.6191466305839972
0.6191209791641253
0.6190701755693505
0.6189130639316125
0.619084239328459
0.6198157574548773
0.61998840041562
0.6204071719661934
0.619684177289913
0.6204085111258608
0.6209699146964776
0.621480776293898
0.6201548477363515
0.6206769616236013
0.6215967911895723
0.6216539843565136
0.6215345603551206
0.6216790204301752
0.6219286954329915
0.6222395227982346
0.6224462018778197
0.6221035985403197
0.6221947161669746
0.6220804472442263
0.6236969458090604
0.6237778726699612
0.6220468721416752
0.62259574231937
0.6238453694569845
0.6242808021995393
0.623807032998676
0.6244454141732262
0.6246912358788077
0.6250184920548204
0.6247891615464384
0.6246406614202881
0.6247970381367406
0.6253036720012699
0.6261964557517528
0.6264122233044026
0.6260592385406376
0.6255897727707265
0.6264792836519213
0.6271273765556076
0.6261348742524995
0.626316109659263
0.6274758802535696
0.6277913557515419
0.627714013931798
0.6273199106775869
0.6273449968439774
0.627843256834532
0.6280084144027781
0.6286637879895205
0.6280136610195393
0.6281118497823941
0.6289988112149346
0.6299643465406963
0.628763455674293
0.6285315255905507
0.6295988247150908
0.6304117037601591
0.6301066771551348
0.6301382673762181
0.6303540484884498
0.6307034283518406
0.6308551729644505
0.630755201293698
0.6309329306469538
0.6308122858317634
0.6319738923637214
0.6322284080477056
0.6327008715261249
0.6312885800335555
0.6320002694246387
0.6328962153182289
0.6320238512752728
0.632315467876867
0.6329253456916389
0.6335074828719651
0.6337311918874402
0.6334830352940998
0.6332127580760771
0.6332728199084867
0.6339574120901307
0.6346966067306251
0.6347134434905254
0.6337193672775567
0.6344958823728469
0.6354729182266583
0.6357252288129462
0.6346498937042688
0.6354731457348047
0.6360212109842993
0.6363025933370671
0.6358706763099541
0.6360929891342797
0.6364317866265676
0.6367346014291156
0.6369789492669052
0.6368139248312374
0.6368986030522764
0.6371889284844522
0.6381725961097332
0.6382198463914494
0.6365017620170382
0.6372631180187007
0.6385970673315365
0.6385723804138982
0.6384108196660624
0.6386140751778804
0.6390017093534806
0.6392214634315507
0.6391089702585205
0.639287165509695
0.6390102580077934
0.6397685548464926
0.6403527568820757
0.6409568037321015
0.6400793664533688
0.6399898460081129
0.6408637723329613
0.6416021817337378
0.6408147022269587
0.6409312585513103
0.6416156896935873
0.642111656082947
0.6418902452879371
0.6416496927325146
0.6418251170240002
0.6418845542710865
0.642750046941291
0.6427094551417545
0.6429944795347176
0.6419707740782633
0.643281661248618
0.6440266957181132
0.6424302780046858
0.642667163223819
0.6436106889979456
0.6444271114704805
0.6442838439191017
0.644337169499625
0.6443817241880123
0.6445623118590813
0.6449237073162105
0.6448206456146661
0.6448484369469345
0.6447329826393787
0.6458232721188634
0.6463610421771546
0.64644976017434
0.6452082082278934
0.6460036428071353
0.6466503125196239
0.6467719194975324
0.6462977854408953
0.6469336146132467
0.6474350795964358
0.6474555322617079
0.6470542100253107
0.6468201596608878
0.6472421360590715
0.647552228055433
0.648536234667345
0.6481219641551758
0.6468275949220517
0.6479128678715222
0.6490111087748619
0.6486189565617179
0.6480217123022102
0.6488193992009158
0.6495394602877166
0.649602573564602
0.6494143936661179
0.6493856159007075
0.6493605866069032
0.6498684329729056
0.6501125920777866
0.6504292681360347
0.6500506618631434
0.6504918086703985
0.6511488758947861
0.6516632994111986
0.650704322822508
0.6506641102507618
0.6515532132442341
0.6516308611591676
0.6514811831153929
0.6515319959428574
0.6519381684009331
0.6520812148533969
0.6522115230286838
0.6519317955537886
0.6518992492786434
0.6516365078382015
0.6531216346664797
0.6535921653800145
0.6520779056713513
0.6522091308761924
0.6531552341092991
0.6540005455227728
0.6532243981690656
0.6536834584350903
0.6540344796332839
0.654291884841751
0.6540341998358142
0.6538315282100178
0.6540220315017687
0.6542270749064973
0.6550270973945863
0.6551582921657407
0.6551641405181268
0.6545335665643717
0.6553879740134692
0.6558399746785913
0.6551863642908367
0.6548139588136237
0.6558716197176769
0.656369316464521
0.6561900838455729
0.6558582071407543
0.6558520422552261
0.6562459316372292
0.6560739221824541
0.6567798570341129
0.6563442835233333
0.6560855902212347
0.6570327718832206
0.6577186647497915
0.6572837789644821
0.6563495456591769
0.6572917872260995
0.6581060768354637
0.6579097354408467
0.6576254126421285
0.657911046152911
0.6582176896064724
0.6582709362939616
0.6580235365087364
0.6582134046894085
0.6580866361660187
0.6587525612420567
0.6592065600906009
0.6595178930131304
0.6586923087524822
0.6586778149531682
0.6596984729102376
0.658915770152873
0.658761407851272
0.6592645481885638
0.6599903899818298
0.6600945426806224
0.659854266218911
0.6596890216323418
0.6595493464771426
0.6598017799454238
0.6604880919161037
0.6606414070506548
0.6597983615790424
0.6602178152994684
0.6609647659074263
0.661662736902594
0.6603598505412462
0.6607883277092476
0.6612879135628751
0.6616849787303001
0.6611561108122872
0.661190556332742
0.6616425281428516
0.6617605609783448
0.6617564408444376
0.6615756565520622
0.6616841064297012
0.6617966703830839
0.6625797298792746
0.6627057773691142
0.6612023087940478
0.6613470610113208
0.662541169987855
0.6628787051477676
0.6622395439902999
0.6624742674325587
0.6628779903689052
0.6630928525491607
0.66272463601209
0.6629389216932793
0.6626709038718275
0.6628867744585282
0.6634541895112858
0.6638458079922481
0.6636431336578812
0.6629491866067745
0.6637736893249266
0.6643811142918541
0.6639116619700458
0.6634178753678218
0.6640152851109485
0.6645542891640053
0.664341150469402
0.6639440163770179
0.6641909723467331
0.6641527176921656
0.6645376066270801
0.6645622941550975
0.6646414160228494
0.6639131368027233
0.6644998409159736
0.665554232751168
0.6642977723864845
0.6638228230282154
0.6645428040755562
0.6655137170404783
0.6652354549854413
0.6651529490596424
0.6653543115742185
0.6653752457162181
0.6654302280238543
0.6652327891181915
0.6653037713679654
0.6651037086290266
0.6657378304245744
0.6662241860256846
0.6666355030154292
0.6653424648602644
0.6656832452837377
0.6661578773423098
0.6665531957264557
0.6657359661260194
0.6661057608644475
0.6667564062758111
0.6667165495456489
0.6662128366425651
0.6659275746697394
0.6662188088397029
0.6663257859361794
0.6668838917701571
0.666817287622639
0.6654303124971056
0.6660888487048495
0.6669394418226763
0.6671591599245885
0.6659050127039173
0.6665240564345889
0.6672545775201003
0.6673978212857274
0.6669815841967337
0.6669612504289814
0.6669313346277201
0.6670601048522541
0.6670831114417917
0.6673163446432143
0.6673022101574733
0.6671100890802646
0.6678083410754131
0.6681066126293281
0.6677790914027434
0.6669449184853822
0.6676554533358492
0.6678593683152613
0.6674127622629562
0.6674213926834134
0.6678824878536492
0.6679561124549676
0.6679272593217819
0.6675857103381814
0.6674252433426088
0.6669235746098608
0.667903184833823
0.6685876893462908
0.6675645205502327
0.6669746192879255
0.6676915699195237
0.668712253304349
0.6679091575100857
0.6679006162706194
0.6683303547037285
0.6685646348916936
0.6682068784213855
0.6678050907684733
0.6680766398593422
0.6681688566361074
0.6684468927704355
0.668568340555169
0.668696281798527
0.6681113070385677
0.6684818335009404
0.6687970582228906
0.6685337831050423
0.6674476307845718
0.6683428600374189
0.6690573115668685
0.6686711478348728
0.6683553335328815
0.6683083262530539
0.6686230346386377
0.6682649423608215
0.6685966366560631
0.6684726571051636
0.6678886638671055
0.6685142980295666
0.6689363982792513
0.6691868009325708
0.6677353163097673
0.6683817342119143
0.6691041751584096
0.6691430846586
0.668421979133196
0.6686273761768802
0.6689794197705323
0.6690008741901401
0.6684887756950753
0.6686397920851826
0.6686548669079904
0.6687102607004083
0.6691229973205344
0.66917937413563
0.6690800224587728
0.6681358197031316
0.6691585437181324
0.6687325568058259
0.6678771003936517
0.6683013127656188
0.6690579202856382
0.6691271571174572
0.6688572515425093
0.6686950540490539
0.6685254821300965
0.668381078674372
0.6687550135874307
0.6689203022127269
0.6684369975909713
0.6682139124004685
0.6688640186699196
0.6696884600382528
0.668593171812952
0.6683161803066623
0.6687867795102664
0.6692750326718374
0.6687176815511604
0.6684338912769021
0.6689766415912958
0.6690958020228959
0.6687824378752334
0.6684898218962041
0.6685518156616335
0.6687649192341628
0.6689205689591461
0.6691426733142775
0.6679954689896846
0.6672738096675669
0.6684033877849388
0.6690935409004859
0.668077770181565
0.668156514810637
0.66858053866939
0.6688596332574529
0.6683521327065808
0.6683738163992007
0.668238553509806
0.6681299339953225
0.6683414034859384
0.6685646836378278
0.6688728778928081
0.6678398898732238
0.66841102426418
0.6688484208218142
0.6688342999686171
0.6677528484490173
0.6681214330947047
0.66871605937412
0.6684940705971716
0.6679964318403426
0.6681978772846198
0.6682395466196134
0.668291505157115
0.6681353789504497
0.6680023193833072
0.6676907335367862
0.6673437562510648
0.6686203453323964
0.667963408446685
0.6666977335784443
0.66720839693351
0.6681945721826393
0.6680198551159497
0.6676441359530992
0.6679304879534682
0.6679772667047721
0.6678400529336725
0.6673871717365902
0.6674342202868453
0.6673987536357885
0.6674848112626293
0.6679262444595016
0.6683733062256649
0.6674411421281007
0.6670961898507417
0.6674976521657703
0.6680703300931874
0.6670271999832081
0.6670702919627873
0.6678443695938878
0.6678060626968566
0.6672700614334865
0.6668368670131035
0.6670221389734281
0.6672438808726894
0.6670886117714997
0.6673590406305288
0.6661681316486877
0.6661375818911124
0.6668736356463638
0.6675265910836019
0.6660096510163966
0.6661929462264611
0.6669365744587759
0.6672848959841621
0.6666725894570816
0.6665202489756926
0.6665654916793999
0.6665990083131814
0.6663043985970838
0.666386832331907
0.6666515554981829
0.6661846952882624
0.6666696213033039
0.6667904209928641
0.6670674930518647
0.6656773064296184
0.6660987521742964
0.6664988547626791
0.6656687288191381
0.6656937843420321
0.6661166253162887
0.666278790805342
0.6662153478878491
0.6656906845496414
0.6654903670121344
0.6650256840454946
0.6653009381327611
0.6661113126849684
0.6656841460597515
0.6645124331048591
0.6650299254987796
0.6660197459806841
0.6655790878657748
0.6649249611486954
0.6653989507915286
0.6656865919787849
0.6653810405289455
0.6647217357626066
0.6649868931937455
0.6651931866076158
0.6651251483486164
0.6650871050717528
0.6651831030411999
0.6649417807915308
0.6648104655077585
0.66506657651465
0.6650903416686098
0.6633967743382436
0.6641417004868259
0.6650687848984789
0.6646032145497361
0.6642268137421742
0.6641366920040382
0.6644505521845048
0.6641864054706399
0.6639620219085839
0.6641405860393615
0.6635804784044318
0.6637678272107096
0.6640358565873187
0.6646483383233863
0.663227871790354
0.6633618352688023
0.6640248028982918
0.6643821325152326
0.6633411142679986
0.6633497019658714
0.6637590681806229
0.6639157850533914
0.6632567830889055
0.6632119974218684
0.6633957729574638
0.6632367222579181
0.6634384560696545
0.6632896235660668
0.6637282488785525
0.6622187732995148
0.6631691578283677
0.6632366953357648
0.661734667501426
0.6620486905747635
0.662767677808453
0.6630187026340456
0.6626878748909778
0.66246594708084
0.6624165037730562
0.6621972758915704
0.6621602665502159
0.6622427925424111
0.6621310183719773
0.661584565320222
0.6621352212008342
0.6628646025883546
0.6623299899859123
0.661312226205547
0.6617840493274542
0.6623074580308134
0.6619266966269947
0.6613225939028857
0.6618548467634985
0.662105135569414
0.6617372108056654
0.66118945623256
0.6611689334667827
0.6616184811028507
0.6613547736891802
0.6616648852844871
0.6609183066742037
0.6594512461971758
0.660566781840119
0.6614868933190321
0.6604700338442917
0.6601609845498227
0.6606366096719059
0.6610994531128408
0.6606457818907927
0.6603630357791919
0.6603500865013257
0.6602057327314728
0.6601651881573964
0.660213087557765
0.6607295926938859
0.6598806291584672
0.6600869460137762
0.6604481060392281
0.6608057987899735
0.6594943946396783
0.6595304353211077
0.6601477835153017
0.6599764397569271
0.659487363591831
0.6595410268100999
0.659759035451079
0.6597321664892715
0.6594116598911696
0.6590945946506418
0.6591162430282488
0.6581700009931636
0.6595724048331552
0.6595376146533452
0.6578027474504347
0.658051703139347
0.658951870052082
0.6591765301397599
0.6584343670125363
0.6587318610474997
0.6589088160528536
0.6588100755518559
0.6581463759407485
0.6580668457461427
0.6582198297124692
0.6581514241122325
0.6584821039335121
0.6588074814768262
0.6584114621166326
0.6575989253314349
0.6580142007425188
0.6585594102745024
0.6575727036020078
0.6572536310841808
0.6581237026553517
0.6582076445127795
0.6577312159348521
0.6571446647760839
0.6572527722257517
0.6576519171934708
0.6570322487012482
0.6575421469906709
0.6567096464179826
0.6561896317986535
0.6569037167823166
0.6576873292965408
0.6564565936315635
0.656002659387703
0.6567803752816612
0.6573975674267029
0.6567571016929183
0.6564009863173317
0.6565229025521637
0.6566436156738973
0.6562782961029617
0.6560815272953476
0.6564602116452143
0.656105175907629
0.6563998896953007
0.6564607267689087
0.6570036587240934
0.655640255615352
0.6556980750133374
0.6563112857631372
0.6552428285206261
0.6552070665842552
0.6555743188979982
0.655976080387292
0.655920196501506
0.6553233016661908
0.6551191617501325
0.6548204253517361
0.6546371555699964
0.6554439403043169
0.6554463747084589
0.6541752435294805
0.6545068066906137
0.6553383611759067
0.6555005611195434
0.6542598606893382
0.6547094229893611
0.6550617850358633
0.654997704173842
0.6541850462634786
0.6543177324374327
0.6546856210197353
0.6546080196192652
0.6543583641524794
0.6543335086685483
0.6543911453929053
0.65417818550387
0.6544749333957074
0.6545594980963306
0.6526684186479318
0.6531348332812731
0.6542486440180231
