0.0
0.002371699105628511
0.008338306786483118
0.01742465996676204
0.028859395104737978
0.04165083217324908
0.054681742574333905
0.06681202879474436
0.07697868716203221
0.08428500454746506
0.08807328285751528
0.0879781609389335
0.08395832267682277
0.07630567765557932
0.06563018035762792
0.05281948558112044
0.03897268475469619
0.025310443149756195
0.013066406035898093
0.0033692014256759273
-0.002872523820331624
-0.005067798339827734
-0.0030105546682202555
0.003093923649505087
0.012647438460893695
0.024720274750744148
0.03814706771236495
0.05164524360097175
0.06394133471544
0.07389172423253673
0.08058683339425864
0.08343003001860932
0.08218700758432478
0.07700246063184965
0.06838429347159815
0.05715581372617631
0.04437953521109253
0.03125721135034146
0.019014573202974117
0.00878149183827745
0.0014801358999813052
-0.0022654529211337537
-0.002186857932689107
0.0016106190824107802
0.008671862451475526
0.018252129972058162
0.029404550254192585
0.04108192027375518
0.05223875056151997
0.061923274478592444
0.06935042413120465
0.07395288837329467
0.07540958961693625
0.07365435759846412
0.06886784748514785
0.06145609018080417
0.05201765773282069
0.04130080454203239
0.03015111169396506
0.019450808890277227
0.010051803257792036
0.0027061694889227716
-0.0020002453301619927
-0.00370432310830876
-0.0023058443422441233
0.002015127181268367
0.008806496630168192
0.01737919394355164
0.026865697612789508
0.03629718689623901
0.04469138427401528
0.05114301535128088
0.05490828663110503
0.05547586812254665
0.052618016375126725
0.046416951941371354
0.03726355247065752
0.02582733466746298
0.012999203901607193
-0.00018874807133592575
-0.012659618259219851
-0.02339447584426818
-0.031531080209756424
-0.03644723607075473
-0.03781967845723089
-0.03565258232264676
-0.030273252099796866
-0.022298229464106423
-0.012574605644661035
-0.0021050690852698617
0.008035552422882175
0.016785566484690262
0.023178031578858893
0.026415769161768216
0.025937228305720206
0.021470705160127806
0.013073221642761645
0.0011487114261164166
-0.013560495421166552
-0.030014737254441953
-0.0469532919263525
-0.06300415296430842
-0.07681863706594744
-0.08721706770867599
-0.09332606452839937
-0.09468749826793377
-0.09132230498308683
-0.08373746771014079
-0.07287470983344396
-0.06000690174258608
-0.04659732231869046
-0.03413949546797135
-0.023998015088773306
-0.017267933498385013
-0.014666801841774962
-0.016468707739195676
-0.022485154610183994
-0.03209289889770506
-0.04430562356231277
-0.05788175208600513
-0.07145802704925527
-0.08369449630957881
-0.09341503640688137
-0.09972683867641569
-0.1021044941622925
-0.10042925203649916
-0.09497971393955323
-0.08637902972508832
-0.07550801766375478
-0.06339958434597953
-0.05112970427747343
-0.03971867933112222
-0.030052065204102474
-0.022825798322946844
-0.018514988627473417
-0.017362758895813624
-0.019383993884504458
-0.024379217224955757
-0.03195522360017439
-0.04155137488385008
-0.05247194984691475
-0.06392614414160441
-0.07507686657793239
-0.08509829349831771
-0.09323968062966301
-0.09889088378114413
-0.10164271582485057
-0.10133436810186358
-0.09808081084132389
-0.09227464791183948
-0.08456018526133907
-0.07578089126887311
-0.06690503894537722
-0.05893674344902319
-0.05282130842871319
-0.04935411264875875
-0.049101703749331954
-0.052342279783273854
-0.05903152325573102
-0.06879713695495168
-0.0809642624809371
-0.09461039427777027
-0.10864686886707231
-0.12191985806402003
-0.133321945932919
-0.1419026269691758
-0.14696544813019846
-0.1481407373200636
-0.14542521512864276
-0.13918431473976162
-0.1301176930826298
-0.11919300015434287
-0.10755603687593354
-0.09642703228394428
-0.0869927628787438
-0.08030279063671142
-0.07717654676160657
-0.07812694606719761
-0.08330505047220366
-0.09247107142599781
-0.10499612470004588
-0.11989943848417037
-0.13592246777681297
-0.15163864304150929
-0.16559064919672029
-0.17644274781516003
-0.1831297999561097
-0.18498294513951583
-0.18181342652066151
-0.17394160108120119
-0.16216511767936131
-0.1476713637770319
-0.13190578667712274
-0.11641450581441559
-0.10268117799938903
-0.09197713019348566
-0.08524024013260795
-0.08299246922273124
-0.08530199269804337
-0.09178995334448503
-0.10167992647602028
-0.11388341773789198
-0.12711375503211916
-0.1400168930255803
-0.15130676183429684
-0.1598909332471783
-0.16497317047344853
-0.1661216868228461
-0.16329589005487105
-0.1568304333368607
-0.14738111859999978
-0.13584176103022452
-0.12324494126318691
-0.11065951361760554
-0.09909612686759381
-0.089429035458468
-0.08233806740965341
-0.07827162427821932
-0.07742866464731962
-0.07975731633645475
-0.08496712460367864
-0.09255356483301155
-0.10183381056393204
-0.11199367210416736
-0.1221450909417576
-0.13139262275807884
-0.13890537524395707
-0.14398916350026156
-0.1461519416991128
-0.1451550508283584
-0.14104334202241914
-0.1341495668269661
-0.12507064915840832
-0.11461767720063781
-0.10374386670759347
-0.09345789352627712
-0.08473070175972328
-0.07840472243532592
-0.07511347138897287
-0.0752182679892662
-0.07876773500492262
-0.08548365847650931
-0.09477583286449434
-0.10578608118277669
-0.11745981747799192
-0.12864046453599504
-0.13817917806974694
-0.14504933467500375
-0.14845357568863204
-0.14791058766000642
-0.1433108231313499
-0.13493349675373534
-0.12342315019325993
-0.10972805171748377
-0.09500895042187946
-0.08052847896869961
-0.06753350737874655
-0.05714149645782762
-0.050240326898078
-0.04740864077852447
-0.04886148993928091
-0.054425024705740205
-0.06354234723843488
-0.07531212515000622
-0.08855962477741333
-0.10193726090721585
-0.1140483488732307
-0.12358338418371773
-0.12945463128521428
-0.13091312947686734
-0.127632312154447
-0.11974666932242431
-0.10783909384234837
-0.09287923388499401
-0.07612057570498804
-0.058971085034850435
-0.04285322488041361
-0.029069852255291212
-0.018689200595702865
-0.012458121660961052
-0.010748719211494784
-0.013539447201921628
-0.020429466818548847
-0.030683098130249234
-0.043300098461247355
-0.057106481667236725
-0.07085910928730801
-0.08335599875588386
-0.09354282855086127
-0.10060545059658735
-0.10403910931360588
-0.1036865504158154
-0.09974159878420684
-0.09271790070594729
-0.08338812749480629
-0.07270108835554254
-0.061687251102535104
-0.051362583819551264
-0.04263989526404918
-0.0362544602237206
-0.032708242722104194
-0.03223503406936867
-0.03478711028845269
-0.040043121470431264
-0.04743643877669944
-0.056202420057723884
-0.06544250958921703
-0.07420130147462957
-0.08155152083762733
-0.08667976186432397
-0.0889647370851657
-0.08803987633283689
-0.08383238966335069
-0.07657435185779579
-0.06678352336701679
-0.05521637233560556
-0.04279810552120096
-0.030537721887325453
-0.01943657065250136
-0.010399165595410056
-0.004153620549902662
-0.0011876591733204211
-0.0017043098554751779
-0.005600267569808165
-0.01246840298830755
-0.02162540139356793
-0.032163643508691414
-0.043025475529586965
-0.053094985045912715
-0.06130054465444218
-0.06671840145977845
-0.06866638954549983
-0.0667767894092472
-0.061038809089443424
-0.0518053055351137
-0.03976215499191653
-0.025864364499020534
-0.011246281712427392
0.0028836195591377817
0.015352560365541293
0.02512762524476246
0.03140607747488919
0.03368548527657088
0.031809610106168965
0.025986859434832643
0.016779874101117948
0.005065001607747047
-0.008036996038451386
-0.02125634320087645
-0.033288850305438863
-0.04292028320048269
-0.049147446805563946
-0.051281904090403285
-0.049023129938736865
-0.04249094662012676
-0.0322130352420424
-0.019069117181991113
-0.004199883168604576
0.011107266858375348
0.025541487694452872
0.037887279434168974
0.04712762858913809
0.05252411979663103
0.05366959068982807
0.050512414771302
0.04335243264545939
0.03281060709699865
0.019774152638648082
0.005320767326397774
-0.009373805303378113
-0.023138220736815318
-0.034909648062683374
-0.04382942679861071
-0.049320211754121296
-0.051135225126320016
-0.04937392917697042
-0.04446215227862543
-0.03709960775724516
-0.0281817300404138
-0.018705751112689684
-0.009671846117286359
-0.0019896695638360606
0.0036012036118732715
0.0065912347773771085
0.006737618100883164
0.004076994376909171
-0.0010857160105173513
-0.008210051715716593
-0.01657186895720486
-0.02532997890358832
-0.03360280927332837
-0.04054871244722694
-0.04544310217512715
-0.04774517991759869
-0.0471477719824699
-0.04360529975274913
-0.03733738714707166
-0.028808193620273287
-0.018684534024730692
-0.007777593974629654
0.003025396407022818
0.012833329893837536
0.020821502222944405
0.026295506620779646
0.028745577111971787
0.027888825234906878
0.023697590900676413
0.01641158197339443
0.006531824138345355
-0.0052060758480986236
-0.017880370194262557
-0.03045296861827365
-0.04185709248380881
-0.05109612610925676
-0.0573436842240406
-0.06003332006357623
-0.05892579056181288
-0.05414425486067245
-0.04617138286744915
-0.03580822165179179
-0.024098666136229435
-0.012228935808168556
-0.0014128743282843526
0.007224729910603106
0.012755763960338923
0.014538055818730522
0.012278882505915883
0.006067835172254038
-0.0036246094564887643
-0.015983677027177012
-0.02992114236783952
-0.0441758050076233
-0.05743569087337666
-0.06847011939653463
-0.07625718969477371
-0.08009107089451667
-0.07965551558050388
-0.07505353423921993
-0.06679037477073885
-0.05571250543599607
-0.042912824010376105
-0.02961491757465562
-0.01705163793784753
-0.0063512135451452845
0.0015587669225208267
0.0060228629572538495
0.006702282802845266
0.0035917796804061375
-0.002989398366216839
-0.012430808831843138
-0.0238857977038357
-0.03634529781811305
-0.04872604868299821
-0.05996710564355823
-0.06912660857600811
-0.07546922750618085
-0.07853438971772228
-0.07817736015643856
-0.07457738409002337
-0.0682123196833683
-0.05980271615241792
-0.05023323974492813
-0.040460738735854374
-0.03142013670570043
-0.023937901626011865
-0.018660985172516076
-0.016006719544469944
-0.016136166804252533
-0.018951310441323116
-0.02411441063337208
-0.031086551925822853
-0.039181306777534924
-0.047628619022430485
-0.05564350159820597
-0.06249382379435969
-0.06756158836283974
-0.07039281739018852
-0.07073208016671509
-0.06853972106948031
-0.06399099018927809
-0.05745871184013476
-0.049481833866078434
-0.04072355999848712
-0.03192246223871517
-0.02384006701213906
-0.017207389452126493
-0.012672402177865555
-0.010750079084900083
-0.011776843632195
-0.015871981341814334
-0.022909858054754845
-0.03250762982397337
-0.04403380198068907
-0.05664182235862991
-0.06933100251241767
-0.08103241201656639
-0.09071362508513181
-0.09749067841270401
-0.1007328486544741
-0.10014518924801855
-0.09581544251739071
-0.0882173676019653
-0.07816824162326444
-0.06674623629180368
-0.055177509284216664
-0.04470756125432074
-0.03647168144274032
-0.03137847975141736
-0.030017757014479646
-0.03260113957607705
-0.038940101381448544
-0.048463670133392506
-0.060274132062302366
-0.073236845980899
-0.0860957921972626
-0.09760394011569831
-0.10665403061454692
-0.11239457603584824
-0.1143166555098283
-0.1123001516830617
-0.10661486601686657
-0.09787712512495444
-0.08697035527339453
-0.07494188756423709
-0.06289090623375623
-0.0518611186641223
-0.042749329183075335
-0.03623638227999254
-0.03274307375118404
-0.03241024616162902
-0.035100843672296766
-0.04042071979004791
-0.04775604089780963
-0.056324949442492556
-0.06524178344521372
-0.07359090406005947
-0.08050598399383463
-0.08524847999832519
-0.08727778739858472
-0.08630493613701147
-0.08232251120372365
-0.07560648518784634
-0.06668862172598689
-0.05630249772998969
-0.04530957933878099
-0.03461429170754243
-0.025077694603398648
-0.017439028401827594
-0.012252385833600776
-0.009843616376868619
-0.01028963076566014
-0.013420628296403503
-0.01884309771683318
-0.025980916340457738
-0.03412996721875142
-0.04252174656829641
-0.05039025790800761
-0.05703674187786781
-0.061886916223194505
-0.0645358622528006
-0.06477736000407401
-0.06261563844691587
-0.058259517245709574
-0.052100593683493526
-0.044678288679523975
-0.0366353784037827
-0.028667704592344467
-0.02147141994984128
-0.015690431854096937
-0.011866208789204219
-0.010391990325138711
-0.011473591510091502
-0.015099901816039707
-0.021026762139117056
-0.028778756873960004
-0.03767259209552873
-0.046864705554772
-0.055422071102589524
-0.062411943499577585
-0.06700130446776366
-0.06855420114160214
-0.06671317668759504
-0.06145224132138945
-0.053092548706274126
-0.04227762221862719
-0.02991051517934583
-0.017061737372331298
-0.00485967231849857
0.00562295663840362
0.013474014549703123
0.018028067741524934
0.01892654355042686
0.016148082465494762
0.010007383406375164
0.0011238216000044876
-0.009637914238905365
-0.02125007297684109
-0.032620397988279495
-0.04269785355983441
-0.05057486616612665
-0.055574625192135935
-0.05731347557580149
-0.05573068776100497
-0.0510826320602754
-0.04390337786894985
-0.03493843095291273
-0.025061151611816698
-0.015183256003530599
-0.006169449611039615
0.0012360471627563818
0.0064660774620443895
0.009168651397235134
0.009226549122173092
0.006759878758233431
0.002112607006993991
-0.004175757090755697
-0.011412896208965712
-0.018809567438847027
-0.02554653682528353
-0.03084826390080392
-0.03405712270500326
-0.034700342639090956
-0.03254100466046822
-0.02760638628937044
-0.02018867187030514
-0.010817191951788069
-0.0002060191672099282
0.01081712631508662
0.021391034778051557
0.030701119490560674
0.03805110816748691
0.0429195679361537
0.04499805841462633
0.04420897813264604
0.040704167951969794
0.03484573441392558
0.02717189076295741
0.018350600713167423
0.009124384909918376
0.000249966668854365
-0.007563169380913795
-0.013710513700841948
-0.017741974628886714
-0.01939848945425489
-0.018632208089587654
-0.015608516733612146
-0.010689196562520473
-0.004398926839454476
0.002622041461741109
0.009674526098449987
0.016061657996872536
0.021150077817943577
0.02442657282321202
0.025546321721319168
0.024369032776583463
0.020979643745832638
0.015690616023561615
0.009023541642955074
0.0016693513097256335
-0.00557172238586906
-0.011866044865223302
-0.016431624768464742
-0.018622521296943306
-0.018002395208354796
-0.014397386357292041
-0.00792044257611585
0.0010352942763558887
0.011833512273113037
0.02365595186851184
0.035579795669964276
0.04666138380579392
0.05601733167580393
0.06289620599867772
0.06673609691269017
0.06720581478678245
0.06422893719678685
0.05799035883128066
0.0489252799155091
0.03769010316711202
0.02511542708911202
0.012142070452615922
-0.00025661055871695204
-0.011160418569232625
-0.01978770156366222
-0.025570955274020007
-0.0282128654131424
-0.027714548529494634
-0.024372786624704712
-0.018745306824963837
-0.011589453078831122
-0.0037817265693811802
0.003771875544089545
0.010225117806701586
0.01487154800737904
0.017208893568235475
0.0169829824640913
0.014208755379193902
0.009166931400855963
0.0023767428280227765
-0.005454001327306099
-0.013497801970456996
-0.020889993822065647
-0.026817129668934847
-0.030601690352456468
-0.03177326002575662
-0.03011721775654015
-0.02569473884514585
-0.01883189523651034
-0.01008063898871922
-0.00015755780840856493
0.010129936224128416
0.019960591334996655
0.028570304141950345
0.035310806247205326
0.03969262130414984
0.04141150049517668
0.040359677898405666
0.036624226537818674
0.030474637804429883
0.022341440874757992
0.012786575096185013
0.0024660877950162946
-0.007914418946650098
-0.017650285627881124
-0.02609170949708811
-0.0326971221432836
-0.03708111723703218
-0.03905132646962595
-0.03862939920258633
-0.036052672426007196
-0.03175516797220117
-0.02632913990234706
-0.020470691463089538
-0.014914639101044291
-0.010364949995789574
-0.0074271565977774845
-0.0065488866816963
-0.007973917823687712
-0.011713909649723214
-0.017541239387804886
-0.025004244154204103
-0.033465207510209094
-0.042158368786500436
-0.05026367674910831
-0.05698903616510903
-0.06165228390456702
-0.06375377976174158
-0.06303056714657747
-0.059486031278166374
-0.053391938244753384
-0.04526338869042974
-0.03581129771614741
-0.025878334501670902
-0.016366254814382364
-0.008161250543492093
-0.002062994273689722
0.0012784423404188228
0.001415417693093446
-0.0018572328263255222
-0.008476938473653967
-0.018106156753329106
-0.03014600525316599
-0.04377380173984938
-0.058005026206597185
-0.07177754010738702
-0.08405141412731514
-0.09391435079892109
-0.10067929477080625
-0.10396086713813521
-0.1037190203531833
-0.1002632107642488
-0.09421565112452217
-0.08643909120718295
-0.0779389005625188
-0.06975247273443996
-0.06283924451320036
-0.05798344220926581
-0.055718945502888154
-0.0562820607830601
-0.05959572446792545
-0.06528475117899811
-0.07272054590755438
-0.08109022196954106
-0.08948391675062882
-0.09699122136564192
-0.10279671197959518
-0.10626375197011478
-0.10699686583065512
-0.10487555706357064
-0.10005644519492096
-0.09294515016134136
-0.0841438261004137
-0.07438281684677488
-0.06444675625931769
-0.055104159046978865
-0.04704734507300262
-0.04084681199894141
-0.036920659838562825
-0.03551786672599655
-0.03671263259166638
-0.04040743576901756
-0.046342831935569484
-0.05411354803078361
-0.0631912433103798
-0.07295506447750214
-0.08273057245810679
-0.09183663113276579
-0.09963820567594403
-0.10560098238535434
-0.10934219319666316
-0.11067148981239516
-0.10961574141310507
-0.10642359166212402
-0.10154759959634851
-0.09560528902362805
-0.0893223190215487
-0.08346392706173976
-0.07876130184038142
-0.07584018381931568
-0.07515832988246879
-0.07695747861746155
-0.08123437046489737
-0.08773381304950191
-0.09596550368600087
-0.10524433887359015
-0.1147519488028399
-0.12361469851431861
-0.13099097573218949
-0.13615873201399262
-0.13859325664066602
-0.13802559326626723
-0.13447465913827966
-0.128248676869865
-0.1199166310961946
-0.11025336605255005
-0.1001657835371756
-0.09060814585222278
-0.08249537491493762
-0.07662156342308783
-0.0735895716669925
-0.07375622165416401
-0.07719633037213751
-0.08368845764489428
-0.09272474883503065
-0.10354637868377863
-0.11520467385263768
-0.12664511189035577
-0.13680813157272825
-0.14473691117796947
-0.1496797829612707
-0.1511738437821148
-0.1490975872421903
-0.1436853743578233
-0.1355001891047994
-0.12536968857770578
-0.1142936843240403
-0.10333624254870988
-0.09351554667210543
-0.08570415367433272
-0.08054923703904474
-0.07841900891389199
-0.07937823817053466
-0.08319288421515554
-0.0893617022577046
-0.09717113531449233
-0.10576817854025888
-0.11424479354671624
-0.1217261040144877
-0.12745380730774075
-0.13085643641287978
-0.13159886840813434
-0.12960626128224084
-0.12506023173008296
-0.1183696378782464
-0.11012046218849035
-0.1010126198712475
-0.09179157454976655
-0.08318237804577673
-0.07583186860824087
-0.07026266705568296
-0.06684032245616206
-0.06575346147125578
-0.0670059958127928
-0.07042037331715266
-0.07565112585533827
-0.08220861673514664
-0.08949273939383126
-0.09683626340023256
-0.10355623044019706
-0.10901061602255008
-0.1126557351713019
-0.1140988409392737
-0.11313981145865593
-0.10979623620902254
-0.10430823362206568
-0.09712114119709755
-0.08884743087549368
-0.08021150253224227
-0.07198307754216525
-0.06490578040397946
-0.059627744515266506
-0.056640306910831356
-0.05622998669356413
-0.058447518457740905
-0.06309692079497334
-0.06974593728846104
-0.07775852008539033
-0.08634770232159082
-0.09464596675829653
-0.10178721276677477
-0.10699286985131157
-0.10965274521813538
-0.10939099151065543
-0.10610887697427698
-0.099998392271201
-0.09152503874319894
-0.08138179256535119
-0.07042035918927711
-0.059567977134361974
-0.049739159386427395
-0.04175109022895945
-0.036250024142343434
-0.03365384891895648
-0.03411456251536131
-0.03750252412041247
-0.043413977333067816
-0.05120170543667864
-0.0600284054804861
-0.06893966196299096
-0.07695201825902012
-0.08314830812868784
-0.08677061801036925
-0.08729995969927654
-0.08451253752003313
-0.0785045655733348
-0.06968237438614211
-0.05871905169366357
-0.04648372367702243
-0.03395303780363827
-0.022115995932904378
-0.011882915088570187
-0.004007232721722195
0.0009736614610627581
0.002775735472846194
0.0013826955930879847
-0.0029612079395658075
-0.009778444907310335
-0.018402583653490165
-0.028037048562322198
-0.03782397796472024
-0.046918522930622944
-0.05456231111816483
-0.06014947579364754
-0.06327848393533608
-0.06378399945557613
-0.06174534713380029
-0.05747077288156188
-0.0514597610564665
-0.044348429239335345
-0.036844531859490555
-0.029659376302888923
-0.023443306556261742
-0.018730082756078043
-0.015894018924141357
-0.015121810450524631
-0.016400220259574258
-0.019519371240241182
-0.024091435669632823
-0.029583394382075412
-0.035362422455135316
-0.04075102250160442
-0.04508822689039339
-0.047791719131561036
-0.04841505111509025
-0.046693801037060244
-0.04257536285147667
-0.03622850603081623
-0.028031452879312815
-0.01853946793406748
-0.008435797217787797
0.0015289317407147784
0.010602489457670672
0.018096000582806165
0.023442757292417377
0.026246592802056823
0.026316875063904982
0.023687760936920974
0.01862049703980842
0.011587618636715896
0.0032391747674819643
-0.005648187383093209
-0.014236455292895397
-0.02170115537491761
-0.027309193550852887
-0.030491436475268606
-0.03090137494475085
-0.028452560016456116
-0.023329362286305055
-0.015969728768887623
-0.007021742271150322
