1.00000001039
0.997493155203
0.990391748424
0.978820386764
0.962977066285
0.943122250732
0.919564798846
0.892645711017
0.862721600222
0.830149169443
0.79527242101
0.758413475259
0.719868203086
0.679906644699
0.638778182408
0.596720648035
0.553971831942
0.510781961065
0.467424748257
0.424205283006
0.381463284577
0.339570408614
0.298921492426
0.259920387645
0.222961679492
0.188410404862
0.156581875747
0.127725321079
0.102013893725
0.0795444284386
0.0603555850138
0.044469913264
0.0319795169901
0.0231667269922
0.0184099714289
0.0173017546494
0.0180842598143
0.0190111658708
0.0191734160585
0.0183178006689
0.0168047829582
0.0159715626919
0.0181684152298
0.0246707853955
0.0347122520562
0.047218290424
0.0613968314407
0.076609049944
0.0922767642058
0.107855936058
0.122850639164
0.136841756351
0.149522637919
0.160741621601
0.170542299593
0.179202963559
0.187262717321
0.195519304596
0.204979605738
0.216745758499
0.231846011805
0.251057701963
0.274788147274
0.303055673674
0.335553505458
0.371751823517
0.410993443033
0.452564020895
0.495735376588
0.539788935693
0.584026607501
0.627775258058
0.670388013195
0.71124593464
0.749760214115
0.785376624841
0.817582033901
0.845912302258
0.869962233541
0.889395020755
0.903951750526
0.913459266899
0.917835357313
0.917090985563
0.91132879802
0.900737882884
0.885584808455
0.866201829191
0.842972411084
0.816315140135
0.786667320085
0.754468458252
0.720145631657
0.684101053725
0.646703579992
0.608284767862
0.569140713596
0.529540220095
0.489739068886
0.450000288186
0.410618609454
0.371947371969
0.33442556192
0.298600965244
0.265144996761
0.234847856334
0.20857279243
0.187136193559
0.171087150528
0.160430569788
0.15445624288
0.151847438493
0.151031318915
0.150542715661
0.149233481606
0.146324345827
0.141370849285
0.134205969578
0.124889802447
0.113687197369
0.101089600349
0.0879184417734
0.0755655417958
0.0663569341428
0.0634561801636
0.0689848016042
0.0819929433102
0.0998400654056
0.120218215333
0.141518206582
0.162574346322
0.182452086409
0.200343795173
0.215529652575
0.227371099349
0.235319546835
0.238932140364
0.237890630121
0.232022793214
0.221329395921
0.206026500156
0.186624202957
0.164095416415
0.140258861193
0.118612859933
0.105511176231
0.108751342883
0.130399596505
0.165391588036
0.20824194777
0.255515558142
0.305163310736
0.355824962379
0.406478527042
0.456280771603
0.504494125094
0.550453338321
0.593551316765
0.63323499365
0.669006414874
0.700426608014
0.727120765177
0.748783311289
0.765182830538
0.776165429192
0.781657080559
0.781664204666
0.776272728481
0.765645493199
0.750017977702
0.729692430948
0.705030608429
0.676445159164
0.644390084873
0.60935072109
0.571834063142
0.532360320327
0.491457072685
0.449657838092
0.407507011733
0.365573952039
0.324479876438
0.284941995277
0.247839669633
0.214301470504
0.185783223528
0.164022694732
0.150629020368
0.146193643739
0.149564162278
0.158223032713
0.169395942262
0.180805560809
0.190834832605
0.198423405698
0.202930159858
0.204029753401
0.201645174818
0.195904479151
0.187113983469
0.175744464277
0.162430636865
0.147990356593
0.133466900211
0.120185789826
0.109763831214
0.103899406911
0.103783932356
0.109439403511
0.119719311489
0.132975689227
0.147651771639
0.162485311033
0.176487089961
0.188869396106
0.198990714371
0.206326099102
0.210458006012
0.211080841711
0.208015252165
0.201231149938
0.190882977216
0.177368805075
0.161436885182
0.144384657201
0.128401962297
0.116959251225
0.11446745846
0.12400497629
0.145020474499
0.174569265548
0.209720534155
0.248363465848
0.289061583931
0.330792532383
0.372773154903
0.414360063107
0.454994801684
0.494173949377
0.531433223502
0.566340043663
0.59849109329
0.627513266425
0.653066518782
0.674848129246
0.692597688466
0.706102435803
0.715202741397
0.719797207299
0.719847171239
0.715380010133
0.706490749575
0.693341824072
0.67616032786
0.655232957977
0.630898780882
0.603540333551
0.573573760884
0.541439062681
0.507591537145
0.47249546881
0.4366213188
0.400447262892
0.364465957796
0.329196806721
0.295203479377
0.263114590685
0.233641781497
0.207580769304
0.185766165398
0.168938233668
0.157503605986
0.151273496281
0.149375843683
0.150461251752
0.153070895055
0.15593664933
0.158118928583
0.159023779849
0.158367580544
0.15613013475
0.152511194163
0.147891174869
0.142790851002
0.137821389716
0.133615700941
0.130737391406
0.129579834648
0.130287487305
0.132736590257
0.136584994722
0.141363448745
0.146565581357
0.151709688838
0.156368711724
0.160178092471
0.162833728661
0.164089366689
0.163759427896
0.161730670897
0.157985325061
0.152638639489
0.145994333699
0.138622806621
0.13145739104
0.125871202215
0.123619994796
0.12648072502
0.135615292354
0.151137375329
0.172288968044
0.197949962832
0.227018842918
0.258556034773
0.291793644937
0.326102683006
0.360956843321
0.395902971262
0.43053898295
0.464497649922
0.497434913421
0.529021887594
0.558939963724
0.586878746295
0.612536501036
0.635622918302
0.655863742995
0.673007125296
0.686830964161
0.697150867338
0.70382796423
0.706775986757
0.705966769364
0.701433626182
0.693272105787
0.681637752388
0.666740931631
0.648838956731
0.628226051576
0.605221907289
0.58015981586
0.553375309415
0.525196436042
0.495936533025
0.465890323993
0.435333818936
0.404528224034
0.373727428669
0.343188464119
0.313183448455
0.284011523173
0.256008636642
0.229552796444
0.20506149989
0.182976782889
0.163731355462
0.147689604478
0.135065120983
0.125837546645
0.119716107278
0.116192257577
0.114671975285
0.114623829907
0.115677448014
0.117649507027
0.120510045849
0.124315966769
0.129137196245
0.134997291329
0.141840865521
0.149531232437
0.157869597672
0.166622967295
0.175550073845
0.184417974142
0.193008511407
0.201116111457
0.208540585996
0.215079014739
0.220520151883
0.224643965684
0.227227434704
0.228056784646
0.226945413975
0.223756792446
0.218432094093
0.211023573591
0.201736734613
0.190986233052
0.179471549941
0.168271036979
0.158922814088
0.153385359857
0.153694879214
0.161284840772
0.176413212557
0.198242664949
0.225410855239
0.256529898495
0.290399307033
0.326030484657
0.362605490435
0.399428954986
0.43589053686
0.471439554768
0.505569402313
0.537808971213
0.567719249035
0.594893363916
0.618959229857
0.639583781674
0.656478261065
0.669404035823
0.678178319727
0.682679451491
0.682851263276
0.67870613706
0.670326259508
0.657862932184
0.64153384216
0.621618003863
0.598448881852
0.572405983611
0.543905552237
0.513391208507
0.481325595571
0.448184331163
0.414453282836
0.380630749912
0.347235225244
0.314819162483
0.283987128143
0.255413338073
0.22984649596
0.208078741823
0.190845984486
0.178640523623
0.171483010156
0.168790773621
0.169467750871
0.172178494639
0.175640088245
0.178810043799
0.180961267135
0.1816893929
0.180893081546
0.178747782878
0.175676478798
0.172311741758
0.169435785112
0.167884104203
0.168409822281
0.171534269917
0.177439393434
0.185953275571
0.196628578038
0.20886407689
0.222013373246
0.235453736453
0.24861639268
0.260991804147
0.272123456797
0.281599601268
0.289048144068
0.294136929312
0.296579508205
0.296145885712
0.292676926997
0.286101824709
0.276458666907
0.263920173844
0.248828507088
0.231747180688
0.213541598918
0.195499125021
0.179473876856
0.167945167057
0.163693743785
0.168837356852
0.183776793324
0.207198516578
0.237046893548
0.271362099101
0.308569180483
0.347455019954
0.387068067505
0.426630038236
0.465475416088
0.503013836011
0.538708000986
0.572061760199
0.602614606101
0.629940428955
0.653649263193
0.673391227012
0.688862023914
0.699809854863
0.706042940983
0.707437170701
0.703943197823
0.695592171322
0.682499302496
0.664864784258
0.64297203822
0.617183117787
0.587932160167
0.555717797032
0.52109590796
0.484674191162
0.447110685002
0.409117825205
0.371473756368
0.335040903077
0.300788678052
0.269807591312
0.243284908237
0.222388040205
0.208004984492
0.200383831786
0.198884871078
0.202080028875
0.208159564339
0.21536274979
0.222233105316
0.227699148545
0.231063125954
0.231961301866
0.230324960114
0.226349704895
0.220471255525
0.213341155437
0.205792936846
0.198783671762
0.193294024125
0.190181098646
0.190009581448
0.192926410899
0.198645224929
0.206550250578
0.215858998261
0.225769964258
0.235557116137
0.244612190462
0.252452314075
0.258711096157
0.263125566986
0.265526127206
0.265833140626
0.264061786807
0.260335294082
0.254906308883
0.248184208352
0.240765232194
0.233456341785
0.227275637545
0.223402144806
0.223043977744
0.22722876371
0.236582387026
0.251210617665
0.270747977935
0.294525354068
0.321753357996
0.351651609764
0.383512425933
0.41671789869
0.45073212736
0.485083698259
0.519346572429
0.553123195497
0.586031283121
0.617694775116
0.647738629721
0.675787264551
0.701466477421
0.724408023011
0.744257295289
0.760682873239
0.773387925836
0.782122456972
0.786695502049
0.786986217059
0.78295270217
0.774637567667
0.762169779631
0.745762171653
0.725705126881
0.702356927179
0.676131747081
0.64748660613
0.616908740357
0.584904012474
0.551987840617
0.518678797266
0.485494238716
0.452947680592
0.421544960251
0.391777221048
0.364106903863
0.338943430761
0.31660851905
0.297293386159
0.281018425588
0.267610041728
0.256708829481
0.247815186282
0.240363905652
0.23380916138
0.227700595726
0.221737903068
0.215798735217
0.209940581261
0.204378210828
0.199436847665
0.195483841813
0.192844072044
0.191716308248
0.192111800806
0.193836252016
0.196521048052
0.199687701969
0.202824622236
0.205453076742
0.207174340374
0.207696163155
0.20684208394
0.204551249383
0.200872113975
0.19595652274
0.190058967746
0.183542021
0.176892593089
0.170741234971
0.165874199892
0.163210772181
0.16371359405
0.168225069139
0.177282210366
0.191011070771
0.209161991444
0.231240550036
0.256648535879
0.284781117382
0.315075158248
0.347025479845
0.380184604314
0.414155928588
0.448584713135
0.483148225471
0.517546187335
0.551491645671
0.584702712226
0.616895778385
0.647780533626
0.677057374428
0.704417580064
0.729546241168
0.75212839255
0.77185749784
0.788446274768
0.801639056225
0.811224425721
0.817047130044
0.819018300898
0.817122650164
0.811421614993
0.802052301494
0.789221827101
0.773197586047
0.754293981653
0.732857014795
0.709247909456
0.683827287075
0.656941141464
0.628910139292
0.600022957626
0.570534039262
0.540666305248
0.510617910912
0.480572020493
0.450708661938
0.421215904665
0.392299334673
0.364188145817
0.337135671265
0.311415294831
0.28731092879
0.265103271331
0.24505384055
0.227388158676
0.212280567321
0.199842003887
0.190111857898
0.183053660246
0.178553853475
0.176423464005
0.176401945606
0.178165512873
0.181340704234
0.185522480334
0.190298386811
0.195273286532
0.200094691452
0.204475060052
0.208207434988
0.211175123737
0.213350588802
0.214784713968
0.215587085793
0.215897767442
0.215856751487
0.215575410805
0.215116620922
0.214489963198
0.213662574328
0.212587495137
0.211243972524
0.209685370432
0.208087532795
0.206790157924
0.206320518936
0.207383950877
0.210804018497
0.217408136305
0.227877367446
0.242615709127
0.261690524118
0.284860538366
0.31166011969
0.341493467226
0.373708943945
0.407645936958
0.442659264022
0.478129335018
0.513465055255
0.548103892924
0.581511323531
0.613181583104
0.642639681611
0.669445391459
0.693198884944
0.713547439866
0.730193429675
0.742901978054
0.751508318612
0.755923747214
0.756139493897
0.752228157502
0.744341783243
0.732706996919
0.717616718935
0.699419183875
0.678504396697
0.655289088081
0.630200750277
0.603661973718
0.576076058157
0.54781528755
0.519212728518
0.490558993115
0.462104423724
0.434066294784
0.406641166036
0.380019389255
0.354399701546
0.330000219486
0.307061616183
0.285839921012
0.266586543312
0.249516699915
0.234771628077
0.222384713049
0.212264628414
0.204205771735
0.197927623344
0.193133145831
0.189568680708
0.187068460604
0.185573533282
0.185121721351
0.185813600403
0.187764492149
0.19105495525
0.195694910438
0.201608869946
0.208644053686
0.216593387392
0.225222292995
0.23429041945
0.243562264556
0.2528072349
0.261791998683
0.27026999097
0.277973213831
0.284609887792
0.289869646929
0.293436692906
0.295009332654
0.294324192861
0.29118324448
0.285483016713
0.277246132439
0.266657532735
0.254108655918
0.240254145018
0.226082391483
0.212985953292
0.202777627599
0.197534341388
0.199149056037
0.208697610762
0.226068253066
0.250170881965
0.279472685343
0.312431353957
0.347687793707
0.384098504277
0.420705838659
0.45669766108
0.491374266919
0.524125421554
0.554416110726
0.581778571082
0.605808729152
0.626165483494
0.64257183799
0.654817013322
0.662759098471
0.666327618978
0.665525574995
0.660430504373
0.651194226247
0.638040907998
0.621263032752
0.601215360871
0.578306977178
0.552991527537
0.525756413452
0.497111522728
0.467578351024
0.437680406753
0.40793581724
0.378852546021
0.350925997549
0.324637793327
0.300452536969
0.278807680145
0.260090433203
0.244597440151
0.232479836933
0.223688425969
0.217943276012
0.214749207239
0.213460153482
0.213372406358
0.213818764212
0.214242907415
0.214247423218
0.213618013363
0.212329030629
0.210533938731
0.208541217968
0.20677407622
0.205712542136
0.205820248791
0.207466401254
0.210860098878
0.216016990432
0.222766870741
0.230795309757
0.239701373917
0.249051855383
0.258420904013
0.267412386406
0.27566817424
0.282868026682
0.28872644442
0.292990618167
0.295442092278
0.295903335898
0.294249232822
0.290423074883
0.284456488971
0.276492846213
0.266814347058
0.255872812887
0.244323158408
0.233053066148
0.223191402424
0.216059741585
0.213020843534
0.215211902651
0.223251292367
0.237090498715
0.256106089212
0.279344615038
0.305760630026
0.334362138131
0.364268385588
0.394716512028
0.425047404438
0.454687011375
0.483130014366
0.509927446009
0.534678497237
0.557025647485
0.576652553399
0.593284220426
0.606688874541
0.616681258559
0.623126814914
0.625946431195
0.625120803405
0.620694142272
0.612776174837
0.60154212846
0.587230108268
0.570135863706
0.550605076808
0.529023659871
0.505806744982
0.481387330055
0.456205376361
0.430698165154
0.40529263716
0.380399852022
0.356411086122
0.333694563948
0.312590981221
0.293405427443
0.276393525727
0.261741164314
0.249540230106
0.239766560026
0.232269573187
0.22678131302
0.222947356043
0.22037412415
0.218681784102
0.217551576307
0.216759812275
0.216195046767
0.215857864017
0.215844520538
0.216316425041
0.217459261529
0.219437567834
0.222352997215
0.226215045667
0.230930070022
0.236310286891
0.242097706397
0.247995836251
0.253701214377
0.258929036702
0.263430459694
0.267001392858
0.26948440884
0.270766243478
0.270773603897
0.269469795314
0.266854192432
0.262965941468
0.2578925167
0.251783065883
0.244865737189
0.237467272216
0.230031469095
0.223130473764
0.217458577677
0.213794727401
0.212922193539
0.215509894262
0.221988221488
0.232471828066
0.246764746065
0.264437005552
0.284928067079
0.307635683217
0.331972709806
0.357394296232
0.383405391493
0.409557841736
0.435443363515
0.460686006252
0.484935621733
0.507863296298
0.529158900364
0.548530775806
0.56570760498
0.580442076801
0.592516159499
0.601747563583
0.607996586086
0.611172934266
0.61124144804
0.608226277417
0.602212610814
0.593345553698
0.581826104755
