0.0
0.0315978291271
0.044629894897
0.0545896100327
0.0629542676496
0.0702975585688
0.0769042628429
0.0829584667354
0.0885766280041
0.0938200448013
0.0987648591165
0.103453780496
0.107898487072
0.112159010698
0.116244503596
0.120145137863
0.123925765364
0.127573217969
0.131070274019
0.134489126266
0.137794132947
0.140975129991
0.144114282164
0.147145652136
0.150069392162
0.152976166037
0.155775356386
0.158486166363
0.16119717543
0.163793381355
0.166325805745
0.168874728765
0.171295879641
0.173673148337
0.176072870001
0.17833549529
0.180581302634
0.182847222963
0.184965423991
0.187100236531
0.189249415419
0.191239164927
0.193271694804
0.195303546258
0.19717581317
0.199123040878
0.201045436971
0.202811304361
0.204685051778
0.206506673449
0.208177366794
0.209977557233
0.211693296856
0.213280836951
0.215019946306
0.216635626301
0.21815005464
0.219831970968
0.221353007013
0.22280286088
0.224420586537
0.225842960309
0.227242454593
0.228805258619
0.230136425819
0.231491946242
0.232995804394
0.234241310387
0.235558781683
0.236993191957
0.238154484679
0.239447963851
0.240819654377
0.241905824233
0.243175221193
0.244475537626
0.245495412221
0.246742274595
0.247960937509
0.248921921383
0.250158009885
0.251301440681
0.252212998168
0.253428461596
0.254487925193
0.255361792199
0.256554675129
0.257524708396
0.258372382922
0.25954883623
0.260437022416
0.261264566579
0.262407093684
0.26321007998
0.264030285752
0.265133946289
0.265853256007
0.266677194161
0.26774311598
0.268389537479
0.269215632937
0.270222198795
0.270799706859
0.271639748494
0.27258294395
0.273100868432
0.273958742593
0.274836643726
0.275307176502
0.276173287703
0.276966658729
0.277401951343
0.278283480569
0.27899246244
0.279404672257
0.280296326956
0.28092078994
0.281321846275
0.282205542681
0.28273373766
0.283140100579
0.284019742582
0.284459406539
0.284879407477
0.285739575687
0.286095345162
0.286537301357
0.287356993325
0.287628957388
0.288108100856
0.288888730793
0.289090174568
0.289605479039
0.290327575541
0.290470988256
0.291023137831
0.291667873712
0.291763085696
0.29236279422
0.292933472703
0.292996825612
0.293628480735
0.294108060047
0.294156525089
0.294814921321
0.295193648233
0.295243283019
0.295929728166
0.296215062208
0.296277979527
0.296966675558
0.297151476421
0.29724553909
0.297925839446
0.298011712716
0.298151396383
0.298818202903
0.298819829426
0.299006765416
0.29962862631
0.299549992223
0.299798896462
0.300366850153
0.300221970931
0.300536411809
0.301041952551
0.300848994596
0.301219298728
0.301635210654
0.301409848117
0.301842291923
0.302165781364
0.301926222647
0.30241198547
0.302638787931
0.302404338127
0.302920936516
0.30303434686
0.302825258124
0.303373905542
0.303382584458
0.303213013416
0.303770855762
0.303678328071
0.303562455748
0.304102952149
0.30390874944
0.303864257496
0.30438431698
0.30410549523
0.304134690416
0.30460705047
0.304258910332
0.304365119372
0.304765040095
0.304359406249
0.304553628906
0.304881064699
0.304441008138
0.304706709811
0.304937639413
0.304484175442
0.30481628259
0.304937567157
0.30449102317
0.304887281842
0.304904760561
0.304483788807
0.304915364593
0.304818024535
0.304444982348
0.304898014569
0.304686742965
0.3043796282
0.304844314046
0.304535476917
0.304301258857
0.304740680524
0.304336788086
0.304192934908
0.304594989246
0.304112998658
0.304064353827
0.3044145956
0.303876125512
0.303916254587
0.304182872059
0.303604917667
0.303739817275
0.30391723291
0.303321994092
0.303542287675
0.303621937885
0.303034223268
0.303317160682
0.303278775133
0.302720065295
0.303065443005
0.30291729308
0.302406726829
0.302788026753
0.302531000066
0.302087458918
0.302477045138
0.302109599475
0.301751680908
0.302142962659
0.301683271321
0.301417198847
0.30177937766
0.301242817979
0.301075062134
0.301380802167
0.300779070899
0.300720404486
0.300966971853
0.300326644372
0.300362569557
0.300522133136
0.299864700301
0.299991893795
0.300049815852
0.299397197954
0.29961095822
0.299570729577
0.298945091157
0.299218307745
0.299066620452
0.298491479661
0.298809537173
0.298546268739
0.298040614842
0.298391462401
0.298032390108
0.297607285985
0.297954075651
0.297499680999
0.29717247297
0.297502696821
0.296970431167
0.2967467858
0.29704272173
0.296454090436
0.296331269517
0.296561912509
0.295932642109
0.29591535825
0.296073971521
0.295426470684
0.295506401036
0.295582326617
0.294942688116
0.295099742399
0.295072749618
0.294459867498
0.294692836304
0.294570728496
0.294005087559
0.294287981563
0.294069539159
0.29357064341
0.293879053408
0.293562704131
0.293146698384
0.293472176574
0.293075061045
0.292749562397
0.29306355579
0.292599334945
0.292371689755
0.292648839206
0.292127612005
0.292005924394
0.29224284528
0.291690506139
0.29166296812
0.291833757583
0.291268665114
0.291332928145
0.291425060022
0.290867148027
0.291016419631
0.291032095869
0.290502145542
0.29071418316
0.29064209881
0.290160090046
0.290421138913
0.290261521161
0.289843212412
0.290141379821
0.289908543593
0.289565083692
0.289869234408
0.289563451262
0.289307339522
0.289607193495
0.289244706784
0.2890798893
0.289358540504
0.288957955039
0.288882914714
0.289116454611
0.288690879781
0.288706407069
0.288889517333
0.288457781252
0.288556094359
0.288680260592
0.288264937594
0.288429457237
0.288479745949
0.288093927817
0.288321312906
0.288306204725
0.287966681712
0.288234737116
0.288153829144
0.287875493884
0.288165656873
0.28802006312
0.287812735554
0.288116075667
0.287921015796
0.287789245378
0.28808471537
0.28785241203
0.287800304244
0.288068761433
0.287807808837
0.28783743753
0.288077013157
0.287809053222
0.287909659772
0.288102753833
0.287841275817
0.288008634532
0.288148598123
0.287908656532
0.288133430828
0.28822326393
0.288019709763
0.288285001115
0.288320805504
0.28816632631
0.288459359131
0.288443947375
0.288347287746
0.2886575793
0.288604369685
0.288571977056
0.288877757924
0.288790354524
0.288825932726
0.289120151918
0.28901310935
0.289115702889
0.289386020968
0.289274125469
0.289439676403
0.289673546663
0.289567966031
0.289790736537
0.289986182655
0.289900048504
0.290170866629
0.29032556715
0.290274845717
0.290579511938
0.290688122184
0.29067945948
0.291010670523
0.291083440367
0.29112606409
0.291466635434
0.291507662082
0.291608491554
0.291945541838
0.291961351553
0.292121965229
0.29244664719
0.292450706323
0.292669031512
0.29296997343
0.292975103734
0.293248691191
0.293514766851
0.293529450563
0.293852585672
0.294084251836
0.294124361352
0.294484909773
0.294676531986
0.294751832305
0.295140946335
0.295293239076
0.295413256045
0.295818690256
0.295937022027
0.296108935087
0.296517305077
0.296608409337
0.296837241455
0.297235767693
0.29730644526
0.297593050314
0.297972463306
0.298036345295
0.29837987723
0.29872781746
0.298794845798
0.299189992436
0.299501469457
0.299585003547
0.300024411286
0.300293148985
0.300405219751
0.300880013474
0.30110460411
0.301256622611
0.301754161142
0.301935960645
0.302135822274
0.302643994472
0.302788183898
0.303045521045
0.30355060539
0.303662147673
0.303979575931
0.304469481315
0.304560226669
0.304938953186
0.305400505583
0.305481106169
0.305920697862
0.30634428739
0.306427457319
0.306922742033
0.307299407367
0.307397426821
0.307939408941
0.308265598677
0.308394134297
0.308973582223
0.309244744545
0.309413725467
0.310018500878
0.310236421049
0.310456828615
0.311072038892
0.311242060549
0.311523003703
0.312134649982
0.31226309383
0.312610298755
0.313203617821
0.313298248005
0.313712847737
0.314275481369
0.314352715476
0.314835157087
0.315353239292
0.315423424856
0.315969011693
0.316433454812
0.316510986414
0.317112470846
0.317517300768
0.317619010542
0.318265636169
0.318605639942
0.318744340567
0.319423426914
0.319697199704
0.319884034292
0.320582399143
0.320795604149
0.321044252546
0.321744550349
0.321900158369
0.322215368326
0.322902534533
0.323011290895
0.323399128414
0.324058626671
0.324132935829
0.324595553723
0.325211473351
0.325263270352
0.325796354099
0.326357457751
0.326403286823
0.327002557992
0.327499794083
0.327556884083
0.328214051661
0.32863792773
0.328717566667
0.329419214981
0.329770006607
0.32989147125
0.33062415036
0.330900658664
0.331075837288
0.331824426976
0.332027949471
0.332264757977
0.333011949759
0.333154578476
0.333464096877
0.334192598751
0.334282694339
0.334669245074
0.335362928757
0.335409368744
0.335871043265
0.336517154429
0.336541957632
0.337078660342
0.337662013817
0.337677161833
0.338282105888
0.338793067598
0.338813129901
0.339475620692
0.33991095028
0.339957629438
0.340666196516
0.341018830808
0.341104296262
0.34184353994
0.342114532751
0.34225013369
0.343004961395
0.343202170082
0.343404221884
0.344156019824
0.344282001724
0.344553914033
0.34528610188
0.345353709744
0.345700777663
0.34639805619
0.346422862182
0.346849118486
0.347494149836
0.347486188323
0.347984939968
0.348566912637
0.348546014322
0.349112803323
0.349621950893
0.349606751122
0.350233614848
0.350660039476
0.350660335683
0.351332673257
0.351677104117
0.351714551397
0.352418177704
0.352679982297
0.352767537753
0.353487919035
0.35366670081
0.353810355601
0.35452937165
0.354639360591
0.354852807301
0.355552926222
0.35560132261
0.355888862172
0.356554236793
0.356549472779
0.35690840333
0.357526128004
0.357491052643
0.357923341771
0.358477880099
0.358423865324
0.358923185086
0.359404661665
0.35934507931
0.359900225389
0.360305843956
0.360263925713
0.360866192681
0.361187079479
0.361173423076
0.361807377833
0.362045107066
0.362071065458
0.36272238451
0.362883739907
0.362966823442
0.363618825136
0.363704852197
0.363847741585
0.364484398515
0.364507067268
0.364715572915
0.365321988118
0.365296447423
0.365576745753
0.36613702441
0.366070028072
0.366415163868
0.366918677739
0.366830289148
0.367237717858
0.367674456258
0.367581641436
0.368045625122
0.368406206787
0.368316513823
0.368823650183
0.369107801337
0.369042795151
0.369580929562
0.369787352989
0.369759403633
0.370316965989
0.370443658401
0.370456944563
0.371016912322
0.371077062903
0.371146656993
0.371694089053
0.371692170792
0.371822374735
0.372343330561
0.372286377206
0.372474528668
0.372957235425
0.372865303406
0.373115869856
0.373546136677
0.373428450827
0.373736556908
0.374105375462
0.373972809392
0.374328515487
0.374632954207
0.374507039948
0.374905696544
0.375136543104
0.375025247087
0.375453228335
0.375611748057
0.37552546785
0.375971021278
0.376061855361
0.376016951911
0.376467312559
0.376490185217
0.376488371526
0.376929824588
0.37689424092
0.37694160071
0.377361090765
0.377279793178
0.377383374985
0.377768737361
0.37764505639
0.377798442922
0.378139881505
0.377991718023
0.378194547116
0.378483189971
0.378323873717
0.37857282103
0.378801084949
0.378635574837
0.378919485122
0.379086267944
0.378933489651
0.379243503131
0.379347014456
0.379217286186
0.379545555122
0.379583295705
0.379478685067
0.379810685986
0.379793407047
0.379728235581
0.380053222014
0.379982837984
0.379960709147
0.380267686921
0.380149747934
0.380167928393
0.380447551449
0.380297535524
0.380361740362
0.380602715043
0.380427345118
0.380534013302
0.380729345443
0.380536419283
0.380677376397
0.380824444381
0.380631612263
0.380805581019
0.380896773599
0.38070897179
0.380904912777
0.380941190886
0.380766928929
0.380976192237
0.380960546749
0.38081290837
0.381027033455
0.380958948496
0.380838420162
0.381046904333
0.380933170865
0.380845091714
0.381037641511
0.38088815917
0.380838709638
0.381007841987
0.380823577876
0.380806926761
0.380944487495
0.380739861998
0.380756876625
0.380856349642
0.380640592124
0.380689436812
0.380745966389
0.380521904888
0.380593723339
0.380606243866
0.380388396953
0.380477374941
0.380444402641
0.380240452708
0.380341898495
0.380261774151
0.380071722294
0.380174181136
0.380055114064
0.379890517909
0.379987462302
0.379830056495
0.37969328777
0.379776836006
0.379585652924
0.379473658288
0.379537484061
0.379323276938
0.379241051758
0.379277416086
0.379045118151
0.378989989395
0.378994428555
0.378749030109
0.378714318765
0.378685109272
0.378439546088
0.378425511185
0.37835800422
0.378114829646
0.378113074454
0.378008160679
0.377773578827
0.377778075423
0.377638100248
0.377420806634
0.377426380681
0.377251797145
0.377051430654
0.377050846758
0.376846190854
0.376666373822
0.376652125687
0.376424966451
0.376269776727
0.376238487527
0.375989101133
0.375853385267
0.375798988155
0.375537943789
0.375422466479
0.375341115057
0.375074334023
0.374977601951
0.374867187857
0.374596522318
0.374511750176
0.374371930782
0.37410682816
0.374029984862
0.373860171386
0.373606171084
0.373534571897
0.373334668669
0.373090482919
0.373015658888
0.372791772045
0.372564960807
0.372483308634
0.37223610357
0.372028084566
0.371934262952
0.371667822088
0.371475446003
0.371365902873
0.371087050272
0.370912880723
0.370782860493
0.37049597856
0.370338291492
0.370185527274
0.369893544399
0.369746804648
0.369570588988
0.369282028169
0.369146041407
0.368944776887
0.368661326723
0.368530292367
0.368304759959
0.368030470161
0.367900103461
0.367652606887
0.367391954281
0.367258573836
0.366991100947
0.366744090002
0.366603401557
0.366318679937
0.366086800594
0.365933311208
0.36563727569
0.365422343686
0.365255073791
0.364948728635
0.36474698734
0.364561921809
0.364252140156
0.364063232721
0.363858428742
0.363549183364
0.363371416432
0.36314647052
0.362839988785
0.362668820974
0.362424189926
0.362125106615
0.3619567404
0.361692531708
0.36140552441
0.361238410358
0.360955707735
0.360679566334
0.360507972851
0.360211117796
0.35994916089
0.359770463156
0.359460820038
0.359214743229
0.359025323522
0.358706479045
0.358473902818
0.358272256384
0.357948024697
0.35772828669
0.357511001863
0.357186256599
0.356979514322
0.356745635325
0.356421848912
0.35622379759
0.355973108796
0.35565530226
0.355463991141
0.355196646732
0.354887383743
0.354700033322
0.354416224883
0.354117833341
0.353931249564
0.353632986407
0.353346893171
0.353157163635
0.352847402927
0.352575708901
0.352381382912
0.352061026675
0.351803294576
0.35159975609
0.351273353105
0.351030095015
0.350816726442
0.350486398118
0.350256690462
0.350031262186
0.349700427699
0.34948242474
0.349243403838
0.348915186404
0.348707506193
0.348454424155
0.34813230255
0.347933529812
0.347667208019
0.347351706609
0.347157110975
0.346877233353
0.346573616637
0.346382811335
0.346090234515
0.345798724251
0.34560879287
0.345306021493
0.345026273548
0.344833760697
0.344522332217
0.344258080732
0.344060652623
0.343742878076
0.343493709184
0.343291274798
0.342968420403
0.342730758866
0.342519129119
0.342196780592
0.341974294107
0.341753026025
0.341431161608
0.341221400935
0.340989858333
0.340670933889
0.340470014777
0.340227912319
0.339916481127
0.33972574326
0.339471995053
0.339168980246
0.338986225073
0.338721572743
0.338426856072
0.338247042735
0.337973731559
0.337693061618
0.33751809864
0.33723476961
0.336966293154
0.336791481394
0.336500832593
0.336245383258
0.33606900719
0.33577333392
0.335534475209
0.335356001222
0.335055377986
0.334830010784
0.334646761844
0.334343705876
0.334132186077
