0.0
0.000166613697766
-0.000406405642721
-0.00182456861348
-0.00418729210911
-0.00758525831354
-0.0120977765205
-0.0177903094925
-0.0247122676083
-0.0328951234642
-0.0423508518927
-0.0530706884859
-0.0650243882159
-0.0781599059938
-0.092403438434
-0.107659994645
-0.123814409076
-0.140732609705
-0.15826344954
-0.176240792376
-0.194485842174
-0.212809772326
-0.23101658283
-0.248905928635
-0.2662761804
-0.282927348833
-0.298664066853
-0.313298366514
-0.326652331686
-0.338560606991
-0.348872441876
-0.357453794427
-0.364188722535
-0.368980806383
-0.371754004891
-0.372453200429
-0.371044531346
-0.367515249448
-0.361873272405
-0.354146607625
-0.344382271402
-0.332645131803
-0.31901654707
-0.303592749429
-0.286483114496
-0.267808465683
-0.24769908991
-0.226292910441
-0.20373361402
-0.180168753678
-0.155747967726
-0.130621319509
-0.104937622853
-0.0788430136925
-0.0524796102305
-0.0259842807718
0.000512367721124
0.0268868745509
0.0530236769814
0.0788156591324
0.104164572358
0.128981328487
0.15318611594
0.176708421778
0.199486925624
0.22146928119
0.242611813426
0.262879133277
0.282243674661
0.300685184944
0.318190157446
0.334751254338
0.350366669338
0.365039511702
0.378777125916
0.391590493178
0.403493587639
0.414502763405
0.424636143878
0.433913103725
0.442353678502
0.449978078981
0.456806208486
0.462857241359
0.468149235776
0.472698743757
0.476520548969
0.479627323542
0.482029472
0.483734871017
0.484748763101
0.485073629922
0.484709110404
0.483652010856
0.481896256135
0.479433013343
0.476250699097
0.472335199684
0.467669981275
0.462236314843
0.456013524695
0.448979278089
0.441109905755
0.432380768381
0.422766659443
0.412242227375
0.400782460953
0.388363190139
0.374961582891
0.360556753265
0.345130321334
0.328666970667
0.311155159728
0.292587666226
0.272962199993
0.252282159357
0.230557074604
0.207803277823
0.184044591174
0.159312592167
0.133647309484
0.107097704792
0.0797217075939
0.0515868558979
0.0227704297271
-0.00664073093404
-0.0365498600923
-0.0668506647997
-0.0974273780451
-0.128155263115
-0.158901027672
-0.189523537768
-0.219874565576
-0.249799724815
-0.279139532314
-0.307730586092
-0.335406894983
-0.362001284556
-0.387346926536
-0.411278953009
-0.433636089307
-0.454262434862
-0.473009089285
-0.489736026976
-0.504313618169
-0.516624480928
-0.526564814807
-0.534046088141
-0.538996117001
-0.541360437499
-0.54110307296
-0.538207456388
-0.532676835457
-0.524534647512
-0.513824515146
-0.500610031134
-0.484974301877
-0.467019163846
-0.446864241914
-0.424645681548
-0.400514710041
-0.374636015902
-0.34718584395
-0.318350163719
-0.288322393877
-0.257301459441
-0.225489440469
-0.193089455356
-0.160303465649
-0.127330154017
-0.0943629973072
-0.0615883661382
-0.0291838597066
0.0026831711439
0.0338569281156
0.064194184145
0.0935651110669
0.121853836186
0.148958758297
0.17479263453
0.199282425324
0.222368943288
0.244006284828
0.264161124817
0.282811833109
0.29994749153
0.315566837723
0.329677106517
0.342292905322
0.353435037926
0.363129372956
0.371405789724
0.378297145099
0.383838384622
0.388065727893
0.391015973792
0.39272594976
0.39323205871
0.392569976083
0.390774453549
0.387879246423
0.383917137659
0.378920057939
0.372919288368
0.365945706959
0.358030110956
0.34920354217
0.339497621472
0.328944904238
0.317579247992
0.30543607836
0.29255258522
0.278968051865
0.264724000377
0.249864164632
0.234434611894
0.218483717387
0.202062006283
0.185222011047
0.168018065365
0.150506010493
0.132742873621
0.114786550703
0.0966953866028
0.07852773963
0.0603416337225
0.0421943235486
0.0241418316901
0.0062385821629
-0.011462971361
-0.0289127135538
-0.046063198673
-0.0628699508217
-0.079291679885
-0.0952904806533
-0.11083206724
-0.125885855224
-0.140424996772
-0.154426468832
-0.167871058012
-0.180743303078
-0.193031421348
-0.204727190781
-0.215825810616
-0.226325727865
-0.236228449551
-0.245538332174
-0.254262355745
-0.262409888026
-0.269992441218
-0.2770234329
-0.283517927706
-0.289492389703
-0.294964456691
-0.299952690759
-0.304476346328
-0.308555165371
-0.312209165629
-0.315458443112
-0.318322993244
-0.320822542677
-0.322976396434
-0.324803294822
-0.326321283209
-0.32754760626
-0.328498608304
-0.329189636953
-0.329634974579
-0.329847777605
-0.329840020339
-0.329622455147
-0.329204579827
-0.328594617803
-0.327799506346
-0.326824888128
-0.325675116506
-0.324353266911
-0.322861153721
-0.32119935573
-0.319367248483
-0.317363039949
-0.31518381193
-0.312825577625
-0.310283336792
-0.307551131663
-0.304622123078
-0.301488667266
-0.298142392231
-0.294574289139
-0.290774810905
-0.286733977057
-0.282441484518
-0.277886813248
-0.273059363254
-0.267948598654
-0.262544167885
-0.256836054555
-0.250814740529
-0.244471366401
-0.2377979043
-0.230787318878
-0.223433756444
-0.215732745482
-0.207681357492
-0.199278395963
-0.190524619123
-0.181422926439
-0.171978553524
-0.162199215795
-0.152095307484
-0.141680188166
-0.130970238344
-0.119984970941
-0.108747307559
-0.0972836612122
-0.0856239979218
-0.0738019574433
-0.061854914417
-0.0498240631761
-0.0377543626459
-0.0256944265401
-0.0136966486755
-0.00181707769782
0.00988493057559
0.0213467427939
0.0325026448085
0.0432842101061
0.0536206023409
0.0634389688002
0.0726647731287
0.0812222554354
0.0890352544153
0.0960275674766
0.102123327122
0.107247995128
0.111329007446
0.114296341581
0.116083362032
0.11662757993
0.115871421673
0.113762980286
0.110256679161
0.105314227675
0.0989054058222
0.0910083720357
0.0816104949336
0.0707090745845
0.0583116413257
0.04443641889
0.0291126842571
0.0123809793983
-0.00570677454233
-0.0250873781815
-0.0456864074474
-0.0674182467464
-0.0901867705566
-0.113885934319
-0.138400059027
-0.163604761093
-0.189367936146
-0.215550610823
-0.242008045976
-0.268590870533
-0.295146430893
-0.321520204827
-0.347556866205
-0.373101751569
-0.398002443772
-0.422109966705
-0.445280138167
-0.467374965352
-0.488263856571
-0.507824736774
-0.525945154632
-0.542523256548
-0.557468644791
-0.57070304932
-0.582160834747
-0.591789552889
-0.599550200664
-0.605417264058
-0.609378775458
-0.611436151272
-0.611603879031
-0.60990908539
-0.606390968739
-0.601100184757
-0.594098075295
-0.585455741072
-0.575253183912
-0.563578383217
-0.550526189172
-0.536197280401
-0.520697155725
-0.504135029514
-0.486622776339
-0.468273900372
-0.449202548053
-0.429522622051
-0.409346793406
-0.388785655371
-0.367947073482
-0.346935418545
-0.325850925574
-0.304789198593
-0.283840735272
-0.263090538203
-0.242617787752
-0.222495595621
-0.202790912323
-0.183564397691
-0.164870313209
-0.146756623817
-0.129265074203
-0.112431254686
-0.0962847990423
-0.0808495950718
-0.0661440167149
-0.0521811836636
-0.0389691808122
-0.0265114061209
-0.0148068971954
-0.00385058168719
0.00636638051918
0.0158562664763
0.0246345032244
0.0327193649276
0.0401316779871
0.046894526283
0.0530329620464
0.0585737791506
0.0635452633331
0.0679769366906
0.0718993611893
0.0753439409216
0.0783427196202
0.0809282130419
0.0831332579504
0.0849908683415
0.0865341055652
0.0877959301251
0.0888091121305
0.0896061549499
0.090219160363
0.0906797479683
0.0910190002625
0.091267376024
0.0914546418052
0.091609789098
0.0917609767288
0.0919354926383
0.0921596561276
0.0924587473819
0.092856971453
0.0933773743257
0.0940417622667
0.0948706397009
0.095883129095
0.0970968830457
0.0985280102296
0.100190994294
0.102098583182
0.104261704048
0.106689390762
0.109388671567
0.112364472938
0.115619530955
0.119154306623
0.122966917623
0.127053020477
0.13140573756
0.136015650051
0.140870703566
0.145956150429
0.151254561722
0.156745810834
0.162407087156
0.168212909616
0.174135170027
0.180143272894
0.186204204372
0.192282618897
0.19834105708
0.204340133071
0.210238739601
0.215994275189
0.221562884887
0.226899866716
0.231959979707
0.236697696018
0.24106766736
0.245025131379
0.248526270096
0.251528661378
0.253991726343
0.255877193836
0.257149544213
0.257776314891
0.257728652296
0.256981832228
0.255515445701
0.253313814701
0.250366432543
0.246668179584
0.242219581549
0.237027049087
0.231103047147
0.224466221423
0.217141385615
0.209159515008
0.200557850331
0.191379643093
0.181673856008
0.171495115894
0.160903369276
0.14996341911
0.138744551075
0.127320043895
0.115766739442
0.104164407604
0.0925949803533
0.081142094029
0.0698904160728
0.0589247926973
0.0483296049198
0.0381880608512
0.0285813933174
0.0195881210754
0.0112833495909
0.00373802706527
-0.00298175777925
-0.00881546952177
-0.013708747122
-0.0176139220168
-0.0204906680284
-0.0223065061358
-0.0230370894644
-0.0226666237379
-0.0211881701151
-0.0186038479911
-0.0149249589562
-0.0101719093292
-0.0043742244007
0.00242958822128
0.0101923795481
0.0188586689378
0.0283650272344
0.0386406919175
0.0496082102504
0.0611840937015
0.0732795937775
0.0858014927273
0.0986530937806
0.111735170061
0.124946836718
0.138186630968
0.151353537443
0.164347933003
0.177072607101
0.189433734
0.201341766625
0.212712298828
0.22346685657
0.233533629075
0.242848101128
0.251353539103
0.259001433767
0.2657519154
0.271573907856
0.276445195458
0.280352458829
0.283291174975
0.285265494842
0.286287843498
0.286378497627
0.285565244808
0.283882775191
0.281372043931
0.27807970169
0.274057395374
0.269361006171
0.264049920215
0.258186278366
0.251834331149
0.245059688876
0.237928521378
0.230506988322
0.222860619465
0.215053670608
0.207148609328
0.199205653622
0.191282320125
0.183433047469
0.175708864765
0.168157171161
0.160821578557
0.153741612191
0.146952650194
0.14048603884
0.134368930606
0.128624290175
0.123271058464
0.118324218183
0.11379491079
0.109690559344
0.106015036324
0.102768955901
0.0999497670115
0.0975518589866
0.095566909597
0.0939840592591
0.092790052395
0.0919694370442
0.0915047160787
0.0913765799516
0.0915640371374
0.0920445157994
0.0927940510585
0.0937873974263
0.0949980680285
0.0963984663676
0.0979599945281
0.0996530753971
0.10144720889
0.103310998929
0.105212215683
0.107117841453
0.108994017515
0.110806089821
0.112518676214
0.11409562116
0.115500011141
0.116694233249
0.117639987658
0.118298329025
0.11862972029
0.11859409893
0.118150975626
0.117259537821
0.115878783404
0.113967679895
0.111485350866
0.10839130214
0.104645674535
0.100209531099
0.0950451651174
0.0891164773962
0.0823893998401
0.0748322842992
0.066416380832
0.0571163891325
0.0469109764252
0.0357833484079
0.0237218157746
0.0107204362609
-0.00322027899034
-0.0180928301071
-0.0338821070383
-0.0505646663822
-0.0681081708126
-0.0864708462109
-0.105600961145
-0.125436354078
-0.145903980501
-0.166919700989
-0.188388156142
-0.210202567985
-0.232244841823
-0.254385884216
-0.276485917848
-0.298395041135
-0.319953974479
-0.34099504623
-0.361343457332
-0.380818479085
-0.399235023407
-0.416405546004
-0.432141916275
-0.446257549899
-0.458569715337
-0.468901978329
-0.477086750072
-0.482967859249
-0.486403210743
-0.487267513265
-0.485454852397
-0.480881080956
-0.473486294452
-0.463237018787
-0.450127974275
-0.434183807531
-0.415460375852
-0.394045505877
-0.37005948896
-0.343655017929
-0.315016667063
-0.28435983933
-0.251929123754
-0.217996225405
-0.182857343848
-0.14683000525
-0.110249443697
-0.0734646601993
-0.0368339841535
-0.00072036675004
0.034513416776
0.0685099126822
0.100922106725
0.131418433041
0.15968770327
0.185443825825
0.208430249443
0.228423827993
0.245238351222
0.258727500203
0.268787011772
0.2753563676
0.278419626865
0.278005539592
0.274186949128
0.267079395495
0.256839053208
0.243659932159
0.227770530975
0.209429847574
0.188922984292
0.166556354978
0.142652523832
0.117545025139
0.091572907813
0.0650754309918
0.0383868922882
0.0118315402205
-0.014280977475
-0.0396599686849
-0.064037488581
-0.0871715599354
-0.108848949181
-0.128887191423
-0.147136093103
-0.163478564465
-0.177830829272
-0.190142065519
-0.200393452449
-0.208596750011
-0.214792344942
-0.21904699145
-0.221451138735
-0.22211601501
-0.221170588962
-0.218758279284
-0.215033757777
-0.210159680379
-0.2043034931
-0.197634473555
-0.19032079891
-0.182526943658
-0.174411415655
-0.166124631612
-0.157806976429
-0.149587553443
-0.141583191916
-0.133897200079
-0.126618986504
-0.119824128609
-0.113574048861
-0.107916278233
-0.102885206916
-0.0985026465273
-0.0947785671376
-0.091712067308
-0.0892924314706
-0.0875003748086
-0.0863090400579
-0.085685051545
-0.0855900306781
-0.0859816334873
-0.0868142905508
-0.0880405410776
-0.0896119991722
-0.091480056659
-0.0935967202539
-0.095915257826
-0.0983908675604
-0.100981162623
-0.103646378279
-0.106349846485
-0.109058307783
-0.111741787231
-0.114373722014
-0.116931137084
-0.119394435967
-0.121747282752
-0.123976482788
-0.126071787577
-0.128025730171
-0.129833281018
-0.131491583069
-0.132999821717
-0.134358853397
-0.135570894072
-0.136639321568
-0.137568394134
-0.13836300672
-0.139028436209
-0.13957010661
-0.139993426208
-0.140303572139
-0.140505291615
-0.140602796103
-0.140599632168
-0.140498543131
-0.140301390976
-0.140009082946
-0.13962153457
-0.139137637693
-0.138555230175
-0.137871122057
-0.137081125798
-0.136180089464
-0.135161967046
-0.134019904922
-0.132746331228
-0.131333071002
-0.129771487028
-0.128052618013
-0.126167333547
-0.124106523463
-0.121861282825
-0.119423094976
-0.116784045477
-0.113937037101
-0.110876026512
-0.107596238048
-0.104094355354
-0.100368790497
-0.0964199081935
-0.0922501890089
-0.0878644537288
-0.0832700523087
-0.0784770110723
-0.0734981756829
-0.0683493103902
-0.0630491870463
-0.0576196306676
-0.052085485473
-0.0464745850824
-0.0408176796196
-0.0351482656332
-0.0295023895423
-0.0239184088385
-0.0184366877513
-0.0130992432896
-0.00794932302387
-0.00303094909342
0.00161155410449
0.00593412200183
0.00989353146241
0.0134479731556
0.0165576730429
0.0191854984869
0.0212975859955
0.0228639417469
0.0238589285998
0.0242618413306
0.0240574175126
0.0232361488148
0.0217946154189
0.0197357318737
0.0170688636645
0.0138098446468
0.00998084207214
0.00561018373624
0.000732119538018
-0.00461376438979
-0.0103831455843
-0.016527452434
-0.022994699889
-0.0297303589439
-0.036678216373
-0.0437813304268
-0.0509828993718
-0.058227379911
-0.0654615496099
-0.0726351130021
-0.0797016620535
-0.0866196325763
-0.0933527768025
-0.0998706988212
-0.106149328841
-0.112171137734
-0.117925180331
-0.123407025701
-0.128618499201
-0.133567283965
-0.138266306771
-0.142732971867
-0.146988412248
-0.151056493638
-0.154962723202
-0.15873321518
-0.162393563866
-0.16596771554
-0.169476873188
-0.172938507198
-0.176365408905
-0.179764858137
-0.183137991032
-0.186479243713
-0.189776016594
-0.193008575641
-0.196150051131
-0.199166575258
-0.20201783185
-0.204657707891
-0.207034802752
-0.209093455655
-0.210774915767
-0.212018287101
-0.212761764282
-0.212943950894
-0.212505069273
-0.211388166142
-0.20954039278
-0.206914148074
-0.203468009991
-0.199167739629
-0.193987074392
-0.187908323809
-0.180922871887
-0.173031455337
-0.164244324019
-0.154581207455
-0.144071101347
-0.132751913773
-0.120669951959
-0.107879351031
-0.0944412929719
-0.0804230546996
-0.065897214659
-0.0509407262477
-0.0356337410445
-0.020058616971
-0.00429896938718
0.0115613899576
0.027439423172
0.0432538106641
0.0589258054553
0.0743799861283
0.0895449956863
0.104354151928
0.118745930021
0.13266443382
0.14605973944
0.158888056016
0.171111887887
0.182700125466
0.193628026553
0.203877119222
0.213434898253
0.22229470054
0.230455557623
0.237921672857
0.244702084079
0.250810396231
0.256264297447
0.261085141765
0.265297534536
0.268928913819
0.272009191584
0.274570265292
0.276645606842
0.278269997334
0.279479116359
0.280309183973
0.280796697896
0.280978141938
0.28088971591
0.280567109052
0.280045293894
0.279358363596
0.278539360573
0.277620092318
0.27663107336
0.275601439212
0.274558794291
0.273529180129
0.272537042982
0.271605169492
0.27075465998
0.270004890123
0.269373515523
0.268876477772
0.268527956983
0.268340382079
0.268324454853
0.268489126742
0.268841598397
0.269387328093
0.270130025648
