0.0
0.000500124918715
0.000707283282609
0.000866241372332
0.00100024914242
0.00111831227091
0.00122504941817
0.00132320428693
0.00141456452931
0.00150037190645
0.00158153045878
0.0016587227289
0.00173247897331
0.0018032208475
0.00187129023883
0.00193696894054
0.00200049242705
0.0020620598706
0.00212184156345
0.00217998445425
0.00223661628689
0.00229184913808
0.00234578177009
0.00239850193856
0.00245008792074
0.00250060987846
0.00255013106368
0.0025987086806
0.00264639469889
0.00269323649866
0.00273927737842
0.0027845570346
0.00282911204316
0.00287297611616
0.00291618041437
0.00295875389864
0.00300072336295
0.0030421137932
0.0030829485686
0.00312324942462
0.00316303683633
0.00320232986333
0.00324114657561
0.00327950378049
0.00331741749714
0.00335490274443
0.00339197371906
0.00342864388236
0.0034649259344
0.00350083186183
0.00353637333458
0.00357156100937
0.00360640537244
0.00364091623037
0.00367510301376
0.00370897462653
0.00374253969865
0.00377580635248
0.00380878243228
0.00384147538262
0.00387389244642
0.00390604038042
0.00393792591039
0.00396955527158
0.00400093452955
0.00403206956792
0.00406296600647
0.00409362923073
0.00412406441902
0.00415427663217
0.00418427062917
0.00421405115411
0.00424362263966
0.00427298944759
0.00430215578729
0.00433112564864
0.0043599030278
0.00438849165725
0.00441689521986
0.00444511726672
0.00447316119264
0.00450103040513
0.00452872802317
0.00455625730399
0.00458362119869
0.00461082264778
0.00463786454586
0.00466474969794
0.0046914806765
0.00471806018303
0.004744490774
0.00477077501021
0.00479691505113
0.00482291348955
0.00484877242574
0.00487449418118
0.00490008090115
0.00492553472586
0.00495085753086
0.00497605155014
0.00500111863123
0.00502606066481
0.00505087946814
0.00507557680524
0.00510015466819
0.00512461456813
0.00514895824985
0.00517318735136
0.00519730347395
0.00522130818944
0.00524520299782
0.00526898944374
0.0052926689698
0.00531624295451
0.00533971284777
0.00536308006677
0.00538634592301
0.00540951157806
0.00543257841913
0.00545554784213
0.00547842084245
0.00550119872244
0.00552388264212
0.00554647377969
0.00556897332734
0.00559138219603
0.00561370166167
0.00563593269743
0.00565807635271
0.00568013369486
0.00570210566854
0.00572399324231
0.00574579745791
0.00576751920247
0.00578915947285
0.0058107190764
0.00583219899157
0.00585360004755
0.00587492313131
0.00589616907413
0.00591733870984
0.0059384328557
0.00595945230443
0.00598039784461
0.00600127035666
0.0060220704194
0.00604279889415
0.00606345641983
0.00608404387593
0.006104561839
0.00612501110363
0.00614539224472
0.00616570597919
0.00618595301204
0.00620613398809
0.00622624950202
0.00624630026137
0.0062662867734
0.00628620976876
0.00630606984334
0.00632586745241
0.00634560335183
0.00636527797244
0.00638489197132
0.00640444590432
0.00642394029281
0.00644337563775
0.00646275266859
0.00648207159821
0.00650133320228
0.00652053780431
0.0065396859541
0.00655877837248
0.00657781512289
0.00659679716266
0.00661572458385
0.0066345979015
0.00665341784936
0.00667218459687
0.00669089871147
0.00670956059166
0.0067281707457
0.00674672937006
0.00676523726098
0.00678369459447
0.00680210181983
0.00682045925386
0.00683876752399
0.00685702688307
0.00687523763657
0.00689340040317
0.00691151527809
0.00692958289304
0.00694760347442
0.00696557741995
0.00698350509069
0.00700138682186
0.00701922293242
0.00703701384522
0.00705475990472
0.00707246138319
0.00709011867082
0.00710773217911
0.00712530199579
0.00714282856522
0.00716031230614
0.00717775341526
0.0071951522095
0.00721250905418
0.00722982408157
0.00724709794575
0.007264330568
0.00728152240292
0.00729867376875
0.00731578485809
0.00733285602112
0.0073498875017
0.00736687967179
0.0073838326229
0.00740074678207
0.00741762236396
0.00743445962459
0.00745125881315
0.00746802014408
0.00748474398575
0.00750143049237
0.0075180798977
0.0075346926086
0.0075512687051
0.00756780847036
0.00758431214623
0.00760078000736
0.00761721223613
0.00763360903766
0.00764997072192
0.00766629745396
0.00768258943921
0.00769884696209
0.00771507022993
0.00773125951319
0.00774741479371
0.00776353656627
0.00777962482575
0.00779567988252
0.00781170194192
0.00782769120741
0.00784364787698
0.00785957213902
0.00787546416831
0.00789132416778
0.00790715230451
0.00792294889563
0.00793871392968
0.00795444777408
0.00797015054244
0.00798582242442
0.00800146366971
0.00801707419839
0.0080326545578
0.00804820458051
0.00806372476185
0.00807921504046
0.00809467564372
0.00811010677437
0.00812550866296
0.0081408812853
0.00815622489548
0.00817153981429
0.00818682591021
0.00820208367604
0.00821731302889
0.00823251416642
0.00824768731881
0.00826283254521
0.00827795008951
0.00829304010289
0.0083081026426
0.0083231378184
0.00833814604767
0.00835312718037
0.00836808150797
0.00838300920014
0.00839791029716
0.00841278498258
0.00842763339116
0.00844245572431
0.00845725196994
0.00847202249023
0.00848676722565
0.0085014863338
0.00851618008781
0.0085308484632
0.00854549167487
0.00856010977137
0.00857470296047
0.00858927140849
0.00860381512923
0.00861833428633
0.00863282905081
0.00864729944323
0.00866174571647
0.00867616791726
0.00869056602429
0.00870494051501
0.00871929121443
0.0087336183213
0.00874792201238
0.00876220226859
0.00877645931655
0.0087906932804
0.00880490410344
0.00881909210482
0.00883325719841
0.00884739965426
0.00886151966764
0.00887561708725
0.00888969213223
0.00890374500409
0.00891777567681
0.00893178430422
0.00894577092741
0.00895973579912
0.00897367887707
0.00898760023465
0.00900150012351
0.00901537867256
0.00902923582078
0.00904307158851
0.009056886331
0.00907068007998
0.00908445285092
0.00909820471753
0.00911193577904
0.00912564635438
0.00913933623525
0.00915300566717
0.00916665460504
0.0091802833288
0.00919389180525
0.00920748013298
0.00922104855129
0.00923459699907
0.00924812547486
0.0092616343003
0.00927512338662
0.00928859276749
0.00930204284513
0.00931547335141
0.00932888465774
0.00934227658968
0.00935564942753
0.00936900312863
0.00938233781459
0.0093956535102
0.00940895041328
0.0094222285154
0.00943548794567
0.00944872878476
0.00946195096578
0.00947515487728
0.00948834023738
0.00950150739304
0.0095146563624
0.00952778712263
0.00954089988165
0.00955399457758
0.00956707116455
0.00958013020382
0.00959317116958
0.00960619461969
0.00961920039673
0.00963218852556
0.0096451593111
0.0096581126484
0.0096710484109
0.0096839671157
0.00969686845225
0.00970975276523
0.00972261989793
0.00973547021269
0.00974830329124
0.00976111982311
0.00977391932703
0.00978670205155
0.00979946823217
0.00981221769155
0.00982495058378
0.00983766709899
0.00985036710324
0.00986305075585
0.00987571811489
0.00988836929493
0.00990100419704
0.00991362309031
0.00992622590348
0.009938812647
0.00995138352409
0.0099639386352
0.00997647778523
0.00998900124461
0.0100015089648
0.0100140011056
0.0100264777271
0.0100389388086
0.01005138432
0.010063814543
0.0100762294169
0.0100886289731
0.0101010133367
0.0101133824558
0.0101257365514
0.0101380755117
0.0101503995644
0.0101627086097
0.0101750025473
0.0101872819456
0.0101995464233
0.0102117961991
0.0102240311564
0.010236251672
0.0102484574992
0.010260648718
0.0102728256493
0.0102849880297
0.010297135965
0.0103092698021
0.0103213891909
0.0103334944071
0.0103455854147
0.0103576624106
0.0103697252276
0.0103817739753
0.0103938087715
0.0104058297353
0.0104178367092
0.0104298299173
0.0104418093115
0.0104537749526
0.0104657269774
0.0104776651896
0.0104895899236
0.010501501083
0.010513398829
0.0105252829363
0.0105371537539
0.0105490111661
0.0105608552385
0.0105726860574
0.0105845036056
0.0105963079643
0.0106080992342
0.0106198772717
0.0106316423428
0.0106433943838
0.0106551334411
0.0106668595468
0.0106785727794
0.0106902731582
0.0107019607989
0.0107136356418
0.0107252976606
0.0107369470713
0.0107485839295
0.0107602080391
0.0107718196738
0.0107834186907
0.0107950053805
0.0108065795729
0.0108181413697
0.0108296908225
0.0108412279596
0.0108527527262
0.0108642652451
0.0108757657476
0.0108872538868
0.0108987300378
0.0109101939475
0.0109216459609
0.010933085935
0.0109445138485
0.0109559299338
0.0109673340822
0.0109787263463
0.0109901067247
0.0110014754612
0.0110128322466
0.0110241775444
0.0110355110727
0.0110468329084
0.0110581432129
0.0110694418927
0.0110807290062
0.0110920046235
0.0111032688779
0.0111145215467
0.0111257628981
0.0111369930144
0.0111482115969
0.0111594189715
0.0111706150347
0.011181799968
0.0111929736632
0.0112041361591
0.0112152874558
0.0112264276911
0.0112375569873
0.0112486752792
0.0112597824573
0.0112708786539
0.0112819640366
0.0112930384263
0.0113041019682
0.0113151546751
0.0113261966145
0.0113372278526
0.0113482481906
0.0113592579269
0.0113702568761
0.0113812451862
0.0113922230234
0.0114031901877
0.0114141467981
0.011425092856
0.011436028408
0.0114469536663
0.0114578683034
0.0114687726034
0.0114796665182
0.0114905500282
0.0115014233785
0.0115122862155
0.011523139009
0.0115339814862
0.0115448137231
0.011555635863
0.0115664478416
0.0115772496661
0.0115880414389
0.0115988231679
0.0116095948464
0.0116203564919
0.0116311081897
0.0116418498487
0.0116525818221
0.0116633037582
0.0116740157977
0.0116847180098
0.011695410516
0.0117060931774
0.0117167660303
0.0117274293064
0.0117380827171
0.0117487264412
0.011759360598
0.0117699851881
0.0117806000328
0.0117912053739
0.0118018011186
0.0118123874579
0.011822964231
0.0118335315107
0.0118440894623
0.0118546378651
0.0118651768507
0.0118757065117
0.0118862269847
0.0118967379622
0.011907239676
0.01191773217
0.011928215375
0.0119386892841
0.0119491541749
0.0119596097585
0.0119700562708
0.0119804935443
0.0119909217965
0.0120013409197
0.0120117511247
0.0120221522435
0.0120325443373
0.0120429273477
0.0120533014664
0.0120636668123
0.0120740230203
0.0120843705018
0.0120947089881
0.0121050387079
0.0121153596474
0.0121256716307
0.0121359748899
0.0121462694122
0.0121565552374
0.0121668323108
0.012177100772
0.0121873605425
0.0121976116226
0.0122078540574
0.0122180880401
0.0122283133309
0.012238530055
0.012248738259
0.0122589378502
0.0122691290905
0.0122793118142
0.0122894861325
0.0122996519402
0.0123098094496
0.0123199584527
0.0123300991218
0.0123402314139
0.0123503554061
0.0123604711338
0.0123705785807
0.0123806777194
0.0123907685576
0.0124008512605
0.0124109257878
0.012420991933
0.0124310502668
0.0124411001209
0.0124511419743
0.0124611757576
0.0124712013106
0.0124812190219
0.0124912285785
0.0125012301313
0.0125112235916
0.0125212091181
0.0125311865957
0.0125411562127
0.0125511179425
0.0125610716279
0.0125710175146
0.0125809555039
0.0125908856901
0.0126008078467
0.012610722395
0.0126206289533
0.0126305278454
0.0126404190233
0.0126503023153
0.0126601780698
0.0126700459929
0.0126799061819
0.012689758725
0.012699603671
0.0127094409397
0.012719270627
0.012729092662
0.0127389071205
0.0127487140691
0.012758513379
0.0127683051506
0.0127780895283
0.012787866311
0.0127976354658
0.0128073972978
0.0128171516404
0.0128268988262
0.0128366382805
0.0128463703417
0.0128560951926
0.0128658127338
0.0128755227393
0.0128852254479
0.0128949209228
0.0129046088843
0.0129142898552
0.0129239634067
0.0129336298797
0.0129432889967
0.0129529408124
0.0129625855809
0.0129722229894
0.0129818533449
0.0129914765897
0.0130010926291
0.0130107015043
0.0130203032962
0.0130298982667
0.0130394858261
0.0130490664531
0.0130586400914
0.0130682066023
0.0130777661575
0.0130873185943
0.0130968642595
0.0131064028777
0.0131159345529
0.0131254594463
0.0131349771403
0.0131444879414
0.0131539921482
0.0131634892203
0.0131729795296
0.0131824630207
0.0131919396968
0.0132014093437
0.0132108725283
0.0132203287224
0.0132297783238
0.013239220937
0.0132486569147
0.0132580861465
0.0132675087613
0.0132769246119
0.0132863336914
0.0132957362199
0.0133051320416
0.0133145211628
0.0133239037185
0.0133332798585
0.0133426492736
0.0133520120191
0.0133613682138
0.0133707177768
0.0133800609366
0.0133893974417
0.013398727629
0.0134080511279
0.0134173681329
0.0134266789068
0.0134359829863
0.0134452807533
0.0134545721245
0.0134638567835
0.0134731353714
0.0134824074772
0.0134916732298
0.0135009325386
0.0135101853758
0.0135194320582
0.0135286724264
0.0135379064813
0.0135471341304
0.0135563553581
0.0135655707032
0.0135747796249
0.0135839822688
0.0135931785189
0.0136023687377
0.013611552674
0.0136207303376
0.0136299019277
0.013639067481
0.0136482267025
0.0136573799074
0.0136665268134
0.0136756677975
0.0136848024413
0.0136939310086
0.0137030534881
0.0137121701664
0.0137212806084
0.0137303849339
0.0137394833068
0.0137485754415
0.01375766201
0.0137667422503
0.0137758165486
0.0137848848899
0.013793947322
0.0138030037383
0.0138120542915
0.0138210988619
0.0138301374814
0.0138391701113
0.0138481971339
0.0138572180537
0.0138662332403
0.0138752424327
0.0138842458213
0.013893243425
0.0139022352191
0.0139112211235
0.0139202014146
0.0139291757109
0.0139381442971
0.01394710705
0.0139560641411
0.013965015401
0.0139739610825
0.0139829007894
0.0139918352519
0.0140007635968
0.01400968641
0.0140186033269
0.0140275147247
0.014036420518
0.0140453207606
0.0140542151621
0.0140631041162
0.0140719873864
0.0140808650351
0.0140897371329
0.0140986035174
0.0141074645722
0.0141163197146
0.0141251697219
0.0141340138572
0.0141428526464
0.0141516858188
0.0141605135126
0.0141693358989
0.0141781525725
0.0141869637586
0.0141957697711
0.0142045700983
0.0142133649759
0.014222154449
0.0142309383596
0.01423971721
0.0142484904663
0.0142572581926
0.0142660204881
0.0142747777372
0.0142835294517
0.014292275725
0.014301016806
0.0143097525018
0.014318482684
0.0143272078969
0.0143359277181
0.0143446420683
0.0143533512557
0.0143620550174
0.0143707537504
0.0143794470355
0.0143881351418
0.0143968180261
0.0144054956111
0.0144141680176
0.0144228351872
0.01443149728
0.0144401540577
0.0144488057109
0.0144574521323
0.014466093392
0.0144747296737
0.0144833606462
0.0144919865505
0.0145006071835
0.0145092227574
0.0145178332279
0.0145264387142
0.0145350389662
0.0145436342387
0.0145522244952
0.0145608094505
0.0145693894505
0.0145779646202
0.0145865344586
0.0145950993542
0.0146036592989
0.0146122141393
0.0146207641038
0.0146293090462
0.0146378488537
0.0146463837589
0.0146549137271
0.0146634387191
0.0146719587673
0.0146804738681
0.0146889840746
0.0146974893884
0.0147059896772
0.0147144850285
0.0147229755998
0.0147314611964
0.0147399418967
0.0147484177086
0.0147568888488
0.0147653549373
0.0147738162345
0.0147822727137
0.0147907241618
0.0147991710946
0.0148076130071
0.0148160501669
0.0148244824568
0.0148329099809
0.0148413326854
0.014849750822
0.014858163964
0.0148665723302
0.014874976116
0.0148833750159
0.0148917692516
0.0149001586789
0.0149085434394
0.0149169234859
0.0149252987901
0.0149336693645
0.014942035332
0.0149503965779
0.0149587531202
0.0149671050069
0.0149754522073
0.0149837948314
0.0149921327334
0.0150004658958
0.0150087946211
0.0150171186714
0.0150254380931
0.0150337527735
0.0150420630503
0.0150503686379
0.0150586695583
0.0150669660115
0.0150752579172
0.0150835451482
0.0150918278874
0.0151001061079
0.0151083796814
0.0151166488312
0.0151249132329
0.0151331734072
0.0151414288666
0.0151496800236
0.0151579264738
0.0151661684991
0.0151744060434
0.0151826388927
0.0151908675844
0.0151990915958
0.0152073113708
0.0152155266798
0.0152237373344
0.0152319437458
0.0152401455265
0.015248342996
0.0152565361121
0.0152647247514
0.0152729088696
0.0152810887279
0.0152892641205
0.0152974352675
0.01530560205
0.0153137643594
0.0153219222953
0.015330075917
0.0153382251241
0.0153463699859
0.0153545104584
0.0153626469448
0.0153707787992
0.0153789063457
0.015387029676
0.0153951487018
0.0154032633822
0.0154113738381
0.0154194799883
0.0154275817702
0.0154356794433
0.0154437727867
0.0154518617623
0.0154599467077
0.0154680272
0.0154761035858
0.0154841756281
0.0154922434894
0.0155003073014
0.0155083666446
0.0155164219592
0.0155244729547
0.0155325198873
0.0155405626486
0.0155486011102
0.0155566353837
0.0155646656125
0.0155726916474
0.0155807135775
0.0155887312738
0.0155967448592
0.0156047542185
0.0156127596321
0.0156207607668
0.0156287578659
0.0156367507827
0.0156447395653
0.0156527243511
0.0156607049564
0.0156686817415
0.015676654263
0.0156846227687
0.0156925870658
0.0157005474118
0.0157085036731
0.0157164559594
0.0157244039797
0.0157323480421
0.0157402883455
0.0157482244057
0.015756156504
0.0157640845071
0.0157720086369
0.0157799284429
0.0157878446735
0.0157957567535
0.0158036646732
0.0158115688775
0.0158194691462
0.01582736532
0.0158352575367
0.0158431458022
0.0158510301268
0.0158589105153
0.0158667869481
0.015874659505
0.0158825281465
0.0158903927106
0.0158982536708
0.0159061104286
0.0159139634115
0.0159218125553
0.015929657662
0.0159374990114
0.0159453364196
0.0159531699692
0.0159609996483
0.0159688255246
0.0159766474256
0.0159844657392
0.0159922799627
0.0160000904204
0.0160078970371
0.0160156997826
0.0160234988197
0.0160312939821
0.0160390853696
0.0160468729145
0.0160546566716
0.0160624365906
0.0160702128134
0.0160779852149
0.0160857538384
0.0160935187664
0.0161012798835
0.0161090370388
0.0161167906902
0.0161245404922
0.0161322864887
0.0161400290063
0.0161477675328
0.016155502403
0.0161632336141
0.0161709610522
0.0161786848177
0.0161864048355
0.0161941211566
0.01620183381
0.0162095428327
0.0162172479163
0.0162249496014
0.0162326475548
0.0162403417621
0.016248032387
0.0162557192162
0.0162634025705
0.0162710821452
0.0162787582815
0.0162864304032
0.0162940992647
0.0163017644356
0.0163094258657
0.0163170836569
0.0163247378803
0.0163323886081
0.0163400354796
0.0163476789173
0.0163553187787
0.016362954947
0.0163705878066
0.0163782168732
0.0163858423931
0.0163934643972
0.0164010827861
0.0164086976086
0.0164163090493
0.0164239167855
0.0164315209321
0.0164391215504
0.0164467187689
0.0164543123972
0.0164619025352
0.0164694889681
0.0164770720583
0.0164846517218
0.0164922276831
0.0164998002344
0.0165073694063
0.0165149350351
0.0165224970147
0.0165300558745
0.0165376107961
0.0165451624278
0.0165527108462
0.0165602556036
0.0165677968043
0.016575334793
0.0165828690456
0.0165904002884
0.0165979277398
0.0166054519139
0.0166129726166
0.0166204898636
0.016628003713
0.0166355141996
0.0166430212331
0.0166505248692
0.0166580250228
0.0166655219329
0.016673015422
0.0166805053651
0.0166879922772
0.016695475533
0.0167029554269
0.0167104321682
0.0167179054893
0.016725375236
0.016732841839
0.0167403050282
0.0167477648928
0.0167552213475
0.016762674493
0.0167701245094
0.016777570912
0.0167850141167
0.0167924539951
0.0167998906217
0.0168073238164
0.0168147540278
0.0168221805868
0.0168296039921
0.0168370241253
0.0168444409632
0.0168518544353
0.0168592647933
0.0168666717729
0.0168740755034
0.0168814759318
0.0168888732584
0.0168962670855
0.0169036576729
0.0169110453428
0.0169184295977
0.0169258105092
0.0169331884067
0.0169405629573
0.0169479342795
0.0169553023789
0.0169626672916
0.0169700289155
0.0169773874555
0.01698474279
0.0169920947813
0.0169994436808
0.017006789303
0.0170141319275
0.0170214712315
0.0170288075226
0.0170361405107
0.0170434703174
0.0170507969929
0.0170581204989
0.0170654408168
0.0170727580404
0.0170800722554
0.0170873831993
0.0170946908969
0.0171019956965
0.0171092971829
0.0171165954751
0.0171238909943
0.0171311831226
0.0171384722311
0.0171457581713
0.0171530409905
0.0171603208452
0.0171675976462
0.0171748711671
0.0171821417166
0.0171894088943
0.0171966733298
0.0172039347528
0.0172111928312
0.0172184480553
0.0172257000557
0.0172329492562
0.0172401951558
0.0172474380591
0.017254678038
0.0172619147888
0.0172691487007
0.0172763794637
0.0172836071979
0.0172908319529
0.0172980537039
0.0173052723245
0.0173124879847
0.0173197006302
0.0173269103825
0.0173341169375
0.0173413207185
0.0173485212512
0.0173557189369
0.0173629138576
0.0173701053943
0.017377294123
0.0173844800049
0.0173916629348
0.0173988427223
0.0174060194469
0.0174131935807
0.0174203643935
0.0174275324968
0.0174346976949
0.0174418597813
0.0174490190489
0.0174561752748
0.0174633286191
0.0174704791079
0.017477626653
0.0174847712828
0.0174919129024
0.0174990517443
0.0175061874414
0.017513320353
0.0175204505713
0.0175275777611
0.017534702023
0.0175418233388
0.0175489417647
0.0175560574942
0.0175631702802
0.0175702800277
0.0175773872019
0.0175844911261
0.0175915926309
0.0175986911522
0.0176057866036
0.0176128792335
0.0176199690501
0.017627056376
0.0176341405999
0.0176412217732
0.0176483005307
0.0176553761258
0.017662448947
0.0176695190899
0.0176765863651
0.0176836507351
0.0176907125733
0.0176977712087
0.0177048271505
0.0177118805225
0.0177189310203
0.0177259786039
0.0177330233716
0.0177400652798
0.0177471047697
0.0177541412572
0.0177611750691
0.0177682057806
0.0177752341759
0.0177822596115
0.0177892821451
0.0177963020725
0.0178033191964
0.0178103336168
0.0178173451953
0.0178243541732
0.017831360273
0.0178383637572
0.0178453643495
0.0178523624269
0.0178593576613
0.0178663500507
0.0178733399603
0.0178803269622
0.0178873113923
0.0178942928032
0.0179012719162
0.0179082482174
0.0179152217482
0.0179221925397
0.0179291606316
0.0179361261208
0.0179430889403
0.0179500489772
0.0179570063214
0.0179639610525
0.0179709130404
0.0179778624681
0.0179848091504
0.0179917531949
0.0179986945195
0.0180056331946
0.0180125692277
0.0180195027482
0.0180264332917
0.0180333613021
0.0180402867694
0.0180472097544
0.0180541296479
0.0180610474041
0.0180679620467
0.01807487447
0.0180817841363
0.0180886910841
0.0180955955992
0.018102497284
0.0181093964144
0.0181162930146
0.0181231868245
0.0181300780414
0.0181369667917
0.0181438529904
0.0181507364434
0.0181576173589
0.0181644956309
0.0181713712677
0.0181782444564
0.0181851150045
0.0181919827887
0.0181988481159
0.0182057111276
0.0182125713374
0.0182194289852
0.0182262839847
0.0182331365819
0.0182399864503
0.0182468339192
0.018253678649
0.0182605210406
0.018267360663
0.018274197841
0.0182810324495
0.0182878645181
0.0182946941899
0.0183015209622
0.0183083454271
0.0183151674239
0.0183219867541
0.0183288034408
0.0183356179642
0.0183424297676
0.0183492391275
0.0183560456983
0.0183628498588
0.0183696518496
0.0183764508845
0.0183832475042
0.018390041894
0.0183968332644
0.0184036226589
0.0184104091806
0.0184171934834
0.0184239752034
0.0184307543442
0.0184375310851
0.0184443051694
0.0184510770595
0.0184578463137
0.0184646127598
0.0184713772044
0.0184781390463
0.0184848984838
0.0184916550102
0.0184984095185
0.0185051616225
0.0185119108067
0.0185186578656
0.0185254024909
0.0185321445849
0.0185388842438
0.0185456213229
0.0185523560053
0.0185590883775
0.0185658182671
0.0185725454649
0.018579270534
0.0185859929315
0.018592712897
0.0185994306096
0.0186061458257
0.0186128584966
0.0186195689173
0.0186262766536
0.0186329822797
0.0186396853742
0.0186463859545
0.0186530842195
0.018659779926
0.0186664733386
0.0186731644667
0.0186798527984
0.0186865390558
0.0186932229627
0.0186999041897
0.0187065834804
0.0187132596976
0.0187199339643
0.0187266058049
0.0187332752366
0.0187399423577
0.018746606756
0.0187532690819
0.0187599291689
0.0187665866003
0.018773241749
0.0187798943621
0.018786544801
0.0187931927071
0.0187998385865
0.0188064817942
0.018813122688
0.0188197612615
0.0188263975257
0.0188330310577
0.0188396626631
0.0188462918504
0.0188529187406
0.018859543037
0.0188661652401
0.0188727850222
0.0188794024921
0.0188860174106
0.0188926299785
0.0188992405089
0.018905848827
0.018912454373
0.0189190578254
0.0189256590207
0.0189322578008
0.0189388540253
0.0189454481746
0.0189520401758
0.0189586295912
0.0189652167828
0.0189718017415
0.0189783843242
0.0189849645449
0.0189915423728
0.0189981181714
0.0190046915272
0.0190112625998
0.0190178312096
0.0190243978438
0.0190309621956
0.0190375239644
0.0190440837179
0.0190506410255
0.0190571959714
0.0190637488243
0.0190702991878
0.0190768475524
0.019083393515
0.0190899372217
0.0190964784087
0.0191030177106
0.0191095546393
0.0191160892723
0.0191226216448
0.0191291516476
0.0191356796891
0.0191422050944
0.019148728557
0.0191552498867
0.0191617687445
0.0191682854199
0.0191747997897
0.0191813118698
0.0191878217632
0.0191943295513
0.019200834901
0.0192073380837
0.0192138390168
0.0192203378282
0.019226834306
0.0192333287243
0.0192398208415
0.0192463107835
0.0192527981627
0.0192592839162
0.0192657671081
0.0192722480304
0.0192787269114
0.0192852035835
0.0192916779821
0.0192981500214
0.0193046200518
0.0193110879868
0.0193175535848
0.0193240173705
0.0193304784835
0.0193369376628
0.0193433945699
0.0193498490191
0.0193563016202
0.0193627520355
0.0193692003648
0.0193756462771
0.0193820901092
0.0193885316069
0.0193949710543
0.0194014084593
0.0194078437672
0.0194142764844
0.019420707594
0.0194271362663
0.0194335627724
0.0194399871852
0.019446409482
0.0194528295245
0.0194592475279
0.0194656632583
0.0194720769518
0.0194784884494
0.019484897832
0.0194913051808
0.0194977102142
0.0195041129301
0.0195105139526
0.0195169125144
0.0195233094388
0.0195297037948
0.0195360961762
0.0195424865206
0.0195488744524
0.0195552605458
0.0195616445297
0.0195680263367
0.0195744059074
0.0195807836416
0.0195871589585
0.0195935322641
0.0195999037608
0.0196062726205
0.0196126400014
0.0196190049449
0.019625367689
0.0196317286554
0.0196380873015
0.0196444439791
0.0196507986311
0.0196571509637
0.0196635015388
0.0196698498708
0.0196761959464
0.0196825400961
0.019688882361
0.019695222327
0.019701560327
0.019707896102
0.0197142298413
0.0197205619566
0.0197268916913
0.0197332192555
0.0197395449174
0.0197458683863
0.0197521900082
0.0197585094753
0.0197648268744
0.0197711424263
0.0197774555948
0.0197837670614
0.0197900760751
0.0197963832685
0.0198026887235
0.0198089916689
0.0198152929862
0.0198215921211
0.0198278891492
0.0198341841992
0.0198404771349
0.0198467681925
0.0198530570353
0.019859344422
0.0198656293045
0.0198719119834
0.0198781932261
0.0198844722821
0.0198907491458
0.0198970240253
0.0199032969877
0.0199095679227
0.0199158368586
0.0199221037011
0.0199283688421
0.0199346319621
0.0199408927362
0.0199471518991
0.0199534086775
0.0199596638575
0.0199659168195
0.0199721677643
0.0199784173025
0.0199846640877
0.0199909092152
0.0199971524494
0.0200033939553
0.0200096332205
0.0200158703857
0.0200221057114
0.0200283390003
0.0200345704326
0.0200408000079
0.0200470273976
0.0200532530547
0.0200594766114
0.020065698248
0.020071917859
0.0200781358087
0.0200843516732
0.0200905655335
0.0200967773825
0.020102987553
0.0201091956106
0.0201154016219
0.0201216058299
0.0201278080262
0.0201340084987
0.0201402070082
0.020146403409
0.0201525982925
0.0201587908629
0.0201649816752
0.0201711705173
0.0201773574929
0.0201835426146
0.0201897255943
0.0201959067698
0.0202020863015
0.0202082636648
0.0202144389643
0.0202206128677
0.0202267845646
0.0202329544598
0.0202391222103
0.0202452886022
0.0202514527697
0.0202576148829
0.0202637753782
0.0202699337453
0.0202760906841
0.020282245458
0.0202883985008
0.0202945494414
0.0203006986341
0.0203068457685
0.0203129912212
0.0203191348614
0.0203252765742
0.0203314164944
0.0203375544532
0.0203436904906
0.0203498251202
0.0203559574205
0.020362088225
0.0203682168412
0.0203743437542
0.0203804688169
0.0203865920614
0.0203927133386
0.0203988329619
0.0204049504892
0.020411066674
0.0204171807617
0.0204232928824
0.0204294032705
0.0204355118506
0.0204416186535
0.0204477235854
0.0204538264608
0.0204599280117
0.0204660274954
0.0204721251222
0.0204782210553
0.0204843150786
0.020490407454
0.0204964976331
0.0205025863041
0.0205086733906
0.0205147584782
0.0205208417035
0.020526922904
0.0205330027884
0.0205390804803
0.0205451566525
0.0205512308329
0.0205573035285
0.0205633742276
0.0205694431582
0.0205755104827
0.0205815758706
0.020587639407
0.0205937011406
0.0205997612853
0.0206058195203
0.0206118760607
0.020617930859
0.0206239839889
0.0206300352875
0.0206360847428
0.0206421323389
0.0206481782433
0.0206542226256
0.0206602651313
0.0206663056461
0.0206723448965
0.0206783821185
0.0206844175461
0.0206904513626
0.020696483279
0.0207025135602
0.0207085421037
0.0207145689787
0.0207205940314
0.0207266173716
0.0207326388523
0.0207386589362
0.0207446768659
0.0207506932337
0.0207567080024
0.0207627211992
0.0207687323542
0.0207747418006
0.0207807496302
0.0207867557564
0.0207927601465
0.0207987629103
0.0208047639181
0.0208107630445
0.0208167606514
0.0208227564805
0.0208287506744
0.0208347432107
0.0208407338785
0.0208467229539
0.0208527104393
0.0208586960618
0.0208646800402
0.0208706621305
0.0208766428127
0.0208826219049
0.0208885989959
0.0208945746588
0.0209005484077
0.0209065206809
0.0209124910427
0.0209184598946
0.0209244270709
0.0209303923789
0.0209363562242
0.020942318372
0.0209482789105
0.0209542375031
0.0209601947357
0.020966150095
0.0209721038635
0.0209780560011
0.0209840064084
0.0209899550068
0.0209959023861
0.0210018477312
0.0210077915987
0.0210137338525
0.0210196742379
0.0210256129823
0.0210315500474
0.0210374857502
0.0210434196572
0.0210493519283
0.0210552825098
0.0210612113281
0.0210671387879
0.0210730644219
0.0210789883773
0.0210849106809
0.021090831557
0.0210967503945
0.0211026680276
0.0211085837787
0.021114498193
0.0211204106661
0.0211263216163
0.0211322306572
0.0211381385276
0.02114404431
0.0211499489509
0.0211558516016
0.0211617527231
0.0211676523318
0.0211735503344
0.0211794464827
0.0211853411945
0.0211912341974
0.0211971257561
0.0212030155425
0.0212089036802
0.0212147901859
0.0212206751414
0.0212265583423
0.0212324401049
0.0212383202622
0.0212441987979
0.0212500755996
0.0212559510556
0.0212618245707
0.021267696736
0.021273567135
0.0212794359121
0.021285303149
0.0212911688193
0.0212970328257
0.0213028954465
0.0213087561744
0.0213146153717
0.0213204729637
0.0213263290773
0.0213321834362
0.0213380363516
0.0213438874777
0.0213497371689
0.0213555852944
0.0213614316886
0.0213672766799
0.0213731199767
0.0213789616906
0.0213848017664
0.0213906402381
0.0213964772227
0.0214023124452
0.021408146357
0.0214139784844
0.0214198090426
0.021425638035
0.0214314654211
0.0214372911885
0.0214431155564
0.021448938134
0.0214547594713
0.0214605789393
0.0214663968074
0.0214722130385
0.0214780279224
0.0214838410953
0.021489652754
0.0214954628927
0.0215012713892
0.0215070783242
0.0215128838065
0.0215186874308
0.021524489744
0.0215302902987
0.0215360894362
0.021541886965
0.0215476828023
0.0215534771821
0.021559269967
0.0215650613401
0.0215708509501
0.0215766390622
0.021582425621
0.0215882107478
0.0215939941917
0.021599776153
0.0216055563974
0.0216113350988
0.0216171121894
0.0216228879049
0.0216286621063
0.0216344345321
0.0216402054811
0.0216459750479
0.0216517428632
0.0216575093411
0.0216632741247
0.0216690372207
0.0216747990574
0.0216805591383
0.0216863175961
0.021692074622
0.0216978300204
0.0217035841752
0.0217093365606
0.0217150874402
0.0217208367327
0.0217265847211
0.0217323308089
0.0217380755893
0.0217438187966
0.0217495603076
0.0217553005084
0.0217610390942
0.0217667760293
0.0217725114773
0.0217782453841
0.0217839778548
0.0217897088892
0.0217954381967
0.0218011660576
0.0218068921774
0.0218126170194
0.0218183404363
0.021824062134
0.0218297821421
0.0218355008492
0.0218412180957
0.021846933759
0.0218526477567
0.0218583604231
0.0218640713649
0.0218697810368
0.0218754888802
0.0218811955697
0.0218869004026
0.0218926038747
0.0218983059635
0.0219040063989
0.0219097052961
0.0219154027452
0.0219210984741
0.0219267930512
0.0219324858694
0.021938177357
0.0219438672135
0.0219495554774
0.0219552422794
0.0219609277817
0.0219666115884
0.0219722939741
0.0219779747845
0.0219836541728
0.0219893318508
0.0219950083401
0.0220006830935
0.0220063564656
0.0220120284596
0.0220176989121
0.0220233676351
0.0220290350165
0.0220347009904
0.0220403653892
0.0220460282996
0.0220516895729
0.0220573495076
0.0220630081031
0.0220686649696
0.0220743204693
0.0220799745318
0.0220856270382
0.0220912780573
0.022096927348
0.0221025756236
0.0221082222513
0.0221138674158
0.022119510994
0.0221251530982
0.0221307938952
0.022136433108
0.0221420708232
0.0221477072458
0.0221533419237
0.0221589753353
0.0221646070396
0.0221702373236
0.0221758663263
0.0221814939411
0.0221871200655
0.0221927443227
0.0221983674298
0.0222039890662
0.022209609329
0.0222152280221
0.0222208452966
0.0222264610956
0.0222320754502
0.0222376883165
0.0222432996188
0.0222489097261
0.0222545183542
0.0222601253107
0.0222657310577
0.0222713351428
0.0222769378583
0.0222825392003
0.0222881389203
0.0222937372629
0.022299334359
0.0223049297997
0.0223105239359
0.0223161166039
0.0223217077197
0.0223272974081
0.0223328858959
0.0223384727919
0.0223440582404
0.0223496422667
