0.0
0.000500124919002
0.000707283281759
0.000866241366822
0.00100024913741
0.00111831227092
0.0012250494215
0.00132320428109
0.00141456453836
0.00150037189911
0.00158153045259
0.001658722727
0.0017324789817
0.00180322084464
0.00187129024502
0.00193696894332
0.0020004924015
0.00206205986855
0.00212184158753
0.0021799844448
0.00223661629508
0.00229184912651
0.00234578176495
0.00239850192122
0.00245008790765
0.00250060987567
0.00255013106304
0.00259870867749
0.0026463947182
0.00269323649664
0.00273927736264
0.00278455702009
0.00282911202005
0.00287297613128
0.0029161804337
0.00295875387483
0.0030007233513
0.00304211378062
0.00308294854255
0.00312324939368
0.00316303678991
0.00320232987181
0.0032411465292
0.00327950377361
0.00331741746055
0.00335490276717
0.003391973709
0.00342864385635
0.00346492587944
0.00350083186657
0.00353637330418
0.00357156096611
0.00360640533947
0.00364091619361
0.00367510295294
0.00370897455159
0.00374253965356
0.00377580631459
0.00380878237089
0.00384147532033
0.00387389234454
0.00390604030783
0.00393792583942
0.00396955517659
0.00400093444872
0.004032069498
0.00406296590844
0.00409362915573
0.00412406433759
0.00415427652587
0.00418427050209
0.00421405103213
0.00424362247151
0.00427298929638
0.00430215561639
0.0043311255064
0.00435990284276
0.00438849147557
0.00441689499889
0.00444511704277
0.00447316099109
0.00450103017147
0.00452872777681
0.00455625708292
0.00458362093524
0.00461082237206
0.00463786431095
0.00466474936065
0.00469148037531
0.00471805984809
0.00474449049455
0.00477077464505
0.00479691473872
0.00482291303809
0.00484877202642
0.00487449381798
0.00490008044293
0.00492553429698
0.00495085715621
0.00497605112188
0.00500111807379
0.00502606013912
0.00505087891124
0.00507557630251
0.00510015410656
0.00512461397951
0.0051489576532
0.00517318673981
0.00519730278967
0.00522130751909
0.00524520230683
0.00526898866914
0.00529266822067
0.00531624221807
0.00533971207794
0.00536307925199
0.00538634502753
0.00540951071183
0.00543257759666
0.00545554693618
0.005478419917
0.00550119772125
0.00552388166648
0.00554647281459
0.00556897226588
0.00559138118254
0.00561370056949
0.00563593157275
0.00565807521581
0.00568013248823
0.00570210445501
0.0057239920218
0.00574579617966
0.00576751790495
0.00578915813494
0.0058107177413
0.00583219760228
0.00585359864468
0.00587492165783
0.00589616758076
0.00591733721014
0.00593843131954
0.00595945074807
0.0059803963149
0.00600126865312
0.0060220687522
0.00604279722066
0.00606345476638
0.00608404216574
0.00610456010166
0.0061250092742
0.0061453903739
0.00616570415725
0.00618595115083
0.00620613204815
0.0062262475978
0.00624629828076
0.00626628480148
0.00628620776482
0.00630606774352
0.00632586535857
0.00634560117105
0.00636527584712
0.00638488984112
0.0064044437335
0.00642393811008
0.0064433734572
0.00646275039014
0.00648206923584
0.00650133087371
0.00652053543792
0.00653968363891
0.00655877597946
0.00657781269647
0.00659679467106
0.00661572199552
0.00663459541519
0.00665341533924
0.00667218201088
0.0066908961131
0.00670955804237
0.00672816813366
0.00674672683375
0.00676523456275
0.00678369195972
0.0068020991556
0.00682045666181
0.00683876483662
0.00685702416232
0.00687523488444
0.0068933976615
0.0069115125491
0.00692958013558
0.00694760063319
0.00696557457389
0.00698350219701
0.00700138387324
0.00701922010032
0.00703701100398
0.00705475707215
0.00707245856559
0.00709011584544
0.00710772921607
0.00712529905898
0.00714282568731
0.00716030935425
0.00717775051295
0.00719514930865
0.00721250613726
0.00722982121553
0.00724709500088
0.0072643276527
0.00728151948914
0.00729867088544
0.00731578194078
0.00733285312622
0.00734988466225
0.00736687677638
0.00738382980146
0.00740074392003
0.00741761946104
0.00743445673444
0.00745125586738
0.00746801728646
0.00748474112497
0.00750142758893
0.00751807712058
0.00753468973596
0.00755126585733
0.00756780555759
0.00758430931411
0.007600777181
0.00761720936994
0.00763360623726
0.00764996785113
0.00766629460676
0.00768258667142
0.00769884419672
0.007715067501
0.00773125666138
0.00774741203794
0.00776353375401
0.00777962211393
0.00779567715498
0.0078116992905
0.00782768851253
0.00784364515548
0.0078595693729
0.00787546137956
0.00789132150203
0.0079071496233
0.00792294613909
0.0079387113118
0.00795444510113
0.00797014787659
0.00798581974245
0.00800146089483
0.00801707151198
0.00803265184234
0.00804820193519
0.00806372201064
0.00807921217725
0.00809467289569
0.00811010397258
0.00812550580878
0.00814087843379
0.00815622211718
0.00817153693096
0.00818682306758
0.00820208080394
0.00821731009203
0.00823251125824
0.0082476843259
0.00826282954251
0.00827794702693
0.00829303691752
0.00830809945174
0.00832313473634
0.00833814277194
0.00835312390795
0.0083680781709
0.00838300577421
0.00839790685871
0.00841278142608
0.00842762984466
0.00844245209786
0.00845724829707
0.00847201869112
0.00848676337293
0.00850148246313
0.00851617603575
0.00853084435196
0.00854548746522
0.00856010542905
0.00857469856405
0.00858926689856
0.00860381053773
0.00861832959733
0.00863282414958
0.00864729453195
0.00866174064203
0.00867616269947
0.00869056067843
0.00870493499795
0.00871928557209
0.00873361254584
0.00874791607441
0.00876219620039
0.00877645306178
0.00879068679319
0.00880489742781
0.00881908531161
0.00883325028081
0.00884739264727
0.00886151229154
0.00887560954228
0.00888968439255
0.00890373698551
0.00891776745901
0.0089317757816
0.00894576223799
0.00895972685291
0.0089736696997
0.00898759092839
0.00900149047124
0.00901536878219
0.00902922566856
0.00904306127825
0.00905687558285
0.00907066914027
0.00908444152929
0.00909819311733
0.00911192382747
0.00912563406799
0.00913932362335
0.00915299268272
0.00916664137079
0.00918026967187
0.00919387786304
0.00920746587267
0.00922103380877
0.00923458188021
0.00924811003827
0.00926161840843
0.00927510715599
0.00928857621754
0.00930202583913
0.00931545598828
0.0093288667308
0.00934225815298
0.00935563063929
0.00936898378315
0.00938231795341
0.00939563323313
0.00940892973908
0.00942220734075
0.00943546635597
0.0094487067207
0.00946192845222
0.00947513174968
0.0094883166791
0.00950148328346
0.00951463156351
0.00952776186514
0.00954087393761
0.00955396817037
0.00956704418413
0.009580102538
0.00959314302193
0.00960616588592
0.00961917113253
0.0096321586748
0.00964512880107
0.00965808147565
0.00967101663127
0.0096839345542
0.00969683544457
0.00970971905613
0.00972258544704
0.00973543500981
0.00974826748128
0.00976108323045
0.00977388205014
0.00978666415391
0.00979942956959
0.00981217830333
0.00982491045853
0.00983762622088
0.0098503254303
0.00986300835505
0.00987567498754
0.00988832541498
0.00990095961161
0.00991357768479
0.00992617964938
0.00993876559757
0.00995133569015
0.00996388993646
0.00997642828057
0.00998895094369
0.0100014579911
0.0100139491583
0.0100264249561
0.0100388851506
0.010051329945
0.0100637591522
0.0100761731893
0.0100885718521
0.0101009552983
0.0101133236146
0.0101256767873
0.0101380147887
0.0101503378911
0.0101626460057
0.0101749391984
0.0101872174133
0.0101994810536
0.0102117298843
0.0102239640386
0.0102361833948
0.0102483882231
0.0102605786079
0.0102727545015
0.0102849159241
0.0102970630979
0.0103091958035
0.0103213142159
0.0103334184447
0.0103455084157
0.0103575843448
0.0103696461164
0.0103816938789
0.010393727792
0.010405747677
0.0104177535683
0.0104297457266
0.0104417241206
0.0104536887171
0.0104656396571
0.0104775769
0.0104895006098
0.0105014107094
0.0105133072797
0.0105251904103
0.0105370601271
0.0105489164803
0.0105607594713
0.0105725892805
0.0105844056476
0.0105962089652
0.0106079991606
0.0106197761259
0.0106315401142
0.0106432910379
0.0106550291025
0.0106667541317
0.0106784661698
0.0106901655294
0.0107018520415
0.0107135256924
0.0107251867101
0.0107368350736
0.0107484707283
0.0107600938071
0.0107717042622
0.0107833022562
0.0107948878331
0.0108064608613
0.0108180215434
0.0108295698485
0.0108411058409
0.0108526295596
0.0108641410443
0.0108756403241
0.0108871274957
0.0108986024127
0.0109100653601
0.0109215161353
0.010932954991
0.0109443819448
0.0109557968772
0.0109671998212
0.010978591008
0.0109899704111
0.0110013379082
0.011012693804
0.0110240378311
0.0110353703017
0.0110466910331
0.0110580001688
0.0110692978143
0.0110805838862
0.0110918584526
0.0111031214957
0.0111143732863
0.0111256135219
0.0111368423766
0.0111480600032
0.0111592662594
0.0111704612117
0.0111816450984
0.0111928177052
0.011203979207
0.0112151294734
0.0112262686905
0.0112373968798
0.011248513951
0.0112596203094
0.0112707154433
0.0112817997912
0.0112928731272
0.0113039357451
0.0113149873325
0.0113260282291
0.0113370583412
0.0113480777541
0.0113590864236
0.0113700844416
0.0113810718179
0.0113920486566
0.0114030147014
0.0114139703789
0.0114249154856
0.0114358501055
0.0114467743034
0.011457687907
0.0114685913075
0.0114794842561
0.0114903669058
0.0115012391725
0.0115121012164
0.0115229530018
0.0115337945248
0.0115446258191
0.0115554470224
0.0115662582058
0.0115770591476
0.0115878498887
0.0115986307124
0.0116094015515
0.0116201624268
0.0116309132314
0.0116416540887
0.0116523850665
0.0116631060631
0.011673817393
0.0116845187416
0.0116952103267
0.0117058921116
0.0117165642641
0.0117272265978
0.0117378792735
0.0117485222575
0.0117591556126
0.0117697792427
0.0117803933584
0.0117909980008
0.0118015930334
0.0118121784017
0.0118227544959
0.0118333211132
0.0118438782353
0.0118544259588
0.0118649642858
0.0118754931671
0.0118860129187
0.0118965232425
0.0119070242489
0.0119175160474
0.0119279985705
0.0119384718288
0.0119489358889
0.0119593908646
0.0119698366903
0.0119802735271
0.0119907009677
0.0120011195841
0.0120115291705
0.0120219296244
0.0120323211408
0.0120427036049
0.0120530772126
0.0120634418651
0.0120737975325
0.0120841444314
0.0120944823853
0.012104811489
0.01211513184
0.0121254434374
0.0121357462148
0.0121460402366
0.0121563254302
0.0121666019752
0.012176870026
0.0121871292534
0.0121973799647
0.0122076220075
0.0122178553417
0.0122280802275
0.0122382964638
0.0122485043499
0.0122587035326
0.0122688943932
0.0122790766788
0.0122892506103
0.0122994159826
0.0123095730786
0.0123197217564
0.0123298620113
0.0123399940169
0.012350117772
0.0123602330227
0.0123703401362
0.0123804390419
0.0123905296524
0.0124006120426
0.012410686285
0.0124207522247
0.0124308100237
0.0124408598198
0.0124509013014
0.0124609348428
0.012470960261
0.0124809775909
0.0124909868352
0.012500988333
0.0125109814495
0.0125209669267
0.0125309441888
0.0125409137564
0.0125508751987
0.0125608287961
0.0125707744782
0.0125807122758
0.0125906422983
0.0126005645207
0.0126104788697
0.0126203853918
0.0126302842157
0.0126401750468
0.0126500584498
0.012659933957
0.0126698019826
0.012679662088
0.0126895145605
0.0126993594864
0.0127091966805
0.0127190261382
0.0127288483661
0.0127386627505
0.0127484695263
0.0127582688625
0.0127680607691
0.0127778449249
0.0127876219038
0.0127973912127
0.0128071529967
0.0128169075647
0.0128266545875
0.012836394213
0.0128461263415
0.0128558512822
0.0128655686722
0.0128752788151
0.0128849815225
0.0128946770721
0.012904365409
0.0129140464598
0.0129237201301
0.0129333865344
0.0129430458013
0.0129526976986
0.0129623424345
0.0129719802657
0.0129816106513
0.0129912339073
0.0130008502016
0.0130104594443
0.0130200614358
0.0130296561263
0.0130392441581
0.0130488249228
0.0130583987051
0.0130679653889
0.0130775251852
0.0130870778262
0.0130966235671
0.0131061625093
0.0131156943721
0.0131252192813
0.0131347372526
0.0131442484581
0.0131537526184
0.0131632499307
0.0131727403541
0.0131822240208
0.013191700982
0.013201171011
0.0132106342047
0.0132200906424
0.0132295403093
0.0132389832583
0.0132484195305
0.0132578489794
0.013267271587
0.0132766876434
0.0132860971931
0.0132954997435
0.0133048959819
0.0133142853354
0.0133236681233
0.0133330443005
0.0133424138796
0.0133517768576
0.0133611331498
0.0133704831725
0.0133798263883
0.0133891633127
0.013398493592
0.0134078171617
0.0134171344676
0.0134264453412
0.0134357496534
0.01344504742
0.0134543390163
0.0134636239926
0.013472902758
0.0134821749466
0.0134914406388
0.0135007000402
0.0135099532132
0.0135192001298
0.0135284403435
0.0135376746655
0.0135469023236
0.0135561240006
0.0135653390949
0.013574548186
0.0135837508519
0.0135929473852
0.0136021373784
0.0136113215382
0.0136204992691
0.0136296709971
0.0136388364488
0.0136479957392
0.0136571487035
0.0136662956198
0.01367543669
0.0136845713484
0.0136936999233
0.0137028223097
0.0137119389002
0.0137210491086
0.013730153619
0.0137392518425
0.0137483438947
0.0137574302682
0.0137665104106
0.0137755845955
0.0137846528341
0.0137937151127
0.0138027713757
0.0138118215705
0.0138208660155
0.0138299043885
0.013838936983
0.0138479634476
0.0138569843293
0.0138659991055
0.01387500799
0.0138840111689
0.0138930084361
0.0139019998218
0.0139109854277
0.0139199650698
0.0139289390499
0.0139379073122
0.0139468697049
0.0139558262171
0.0139647769796
0.0139737221876
0.0139826617046
0.0139915952497
0.0140005231261
0.014009445359
0.0140183618138
0.0140272727398
0.0140361778976
0.0140450773706
0.0140539712174
0.014062859396
0.0140717418076
0.0140806188491
0.0140894902127
0.0140983560315
0.0141072162042
0.014116070541
0.0141249197459
0.014133763154
0.0141426010639
0.0141514333851
0.0141602602659
0.014169081443
0.0141778972977
0.0141867076457
0.0141955124327
0.014204311876
0.0142131055995
0.014221894029
0.0142306771976
0.0142394546438
0.0142482266462
0.0142569934662
0.0142657547723
0.0142745106575
0.0142832612109
0.0142920062678
0.0143007461076
0.0143094805651
0.0143182094851
0.0143269332936
0.0143356516618
0.014344364769
0.0143530723975
0.0143617750294
0.014370472174
0.0143791640864
0.0143878506901
0.0143965319911
0.014405208159
0.0144138790086
0.0144225446246
0.0144312051061
0.0144398602844
0.0144485102417
0.0144571551
0.0144657946887
0.014474429141
0.0144830584327
0.0144916825378
0.0145003014693
0.0145089153451
0.0145175240735
0.014526127587
0.0145347260262
0.0145433192185
0.0145519074747
0.0145604907376
0.0145690688313
0.0145776419455
0.0145862098953
0.0145947728242
0.0146033306795
0.0146118834796
0.0146204312963
0.0146289742056
0.0146375119559
0.0146460447573
0.0146545725445
0.0146630953493
0.0146716131995
0.0146801260803
0.0146886339643
0.0146971370366
0.0147056351474
0.0147141281883
0.0147226163367
0.0147310997102
0.0147395780271
0.014748051531
0.0147565200697
0.0147649839115
0.0147734427452
0.01478189674
0.0147903458418
0.0147987902205
0.0148072296582
0.014815664314
0.0148240941038
0.0148325190383
0.0148409391966
0.0148493547043
0.014857765278
0.0148661711422
0.0148745721438
0.0148829685099
0.014891359973
0.0148997467959
0.0149081288542
0.0149165062113
0.0149248788787
0.0149332467051
0.0149416098461
0.0149499684616
0.0149583221759
0.0149666713468
0.0149750156025
0.0149833554196
0.0149916905269
0.0150000210509
0.0150083468768
0.0150166679807
0.0150249845248
0.0150332964265
0.0150416038796
0.0150499064897
0.0150582045758
0.0150664981586
0.0150747868681
0.0150830712964
0.0150913512218
0.0150996264443
0.0151078970616
0.01511616321
0.0151244248262
0.0151326818204
0.0151409342662
0.0151491825398
0.0151574259532
0.0151656650143
0.0151738994411
0.015182129561
0.0151903550876
0.0151985760798
0.0152067928132
0.015215005075
0.0152232127733
0.0152314161485
0.0152396149333
0.0152478093876
0.0152559993036
0.0152641848376
0.0152723661192
0.015280542986
0.0152887154305
0.0152968833928
0.0153050471048
0.0153132062793
0.0153213611915
0.0153295118814
0.0153376579399
0.0153457998554
0.0153539373742
0.0153620705541
0.0153701994595
0.0153783240022
0.0153864444364
0.0153945602926
0.015402672047
0.0154107793592
0.0154188824458
0.0154269813314
0.0154350758925
0.015443166254
0.0154512522506
0.0154593341245
0.0154674117254
0.0154754851151
0.015483554337
0.0154916192327
0.0154996799581
0.0155077363924
0.0155157887211
0.0155238368589
0.0155318807654
0.015539920532
0.0155479562109
0.0155559875199
0.0155640148941
0.0155720380358
0.0155800571021
0.015588071764
0.0155960825298
0.0156040891671
0.0156120915866
0.0156200898691
0.0156280843532
0.0156360745414
0.0156440605554
0.0156520425055
0.0156600205112
0.0156679942536
0.0156759640436
0.0156839297375
0.0156918914273
0.0156998490595
0.0157078024923
0.0157157520946
0.0157236976993
0.0157316390585
0.0157395765272
0.0157475101189
0.015755439605
0.0157633649943
0.0157712865227
0.0157792040484
0.0157871176561
0.0157950271325
0.0158029327904
0.0158108344316
0.0158187320269
0.0158266257814
0.0158345155288
0.0158424013607
0.0158502833738
0.0158581614747
0.0158660353413
0.0158739056178
0.0158817719182
0.0158896341904
0.0158974927788
0.0159053472791
0.0159131980632
0.0159210449588
0.0159288879216
0.0159367269303
0.0159445621947
0.0159523936664
0.0159602213304
0.0159680448377
0.0159758649862
0.015983680918
0.0159914931815
0.015999301571
0.0160071062633
0.0160149070408
0.0160227040583
0.0160304972773
0.016038286709
0.0160460723626
0.016053854175
0.0160616322877
0.0160694065354
0.0160771771737
0.0160849440506
0.0160927071351
0.0161004664511
0.0161082219979
0.0161159739362
0.0161237221831
0.0161314665373
0.0161392071986
0.0161469441957
0.016154677483
0.0161624071755
0.0161701330358
0.016177855218
0.0161855738495
0.0161932885895
0.01620099976
0.0162087074296
0.0162164110855
0.0162241113964
0.0162318079791
0.0162395007366
0.0162471901146
0.0162548757269
0.0162625577141
0.0162702360997
0.0162779109251
0.0162855820693
0.0162932497298
0.0163009134136
0.0163085738611
0.0163162306713
0.0163238838661
0.016331533447
0.0163391794554
0.0163468218196
0.0163544605675
0.0163620959545
0.0163697278226
0.0163773559413
0.0163849806524
0.0163926017377
0.0164002192795
0.0164078333461
0.0164154437488
0.0164230509437
0.0164306542996
0.0164382542513
0.0164458506836
0.0164534436779
0.0164610332037
0.0164686191837
0.0164762015696
0.0164837805356
0.0164913560628
0.0164989280099
0.0165064967007
0.0165140616453
0.016521623286
0.0165291815729
0.0165367363235
0.0165442876139
0.0165518354613
0.0165593798812
0.0165669208206
0.0165744584149
0.0165819926262
0.0165895232726
0.01659705066
0.016604574461
0.0166120948357
0.0166196120523
0.0166271257173
0.0166346360602
0.0166421429809
0.0166496465204
0.0166571466396
0.0166646435261
0.0166721367174
0.0166796269124
0.0166871135624
0.0166945968897
0.0167020769333
0.0167095535108
0.0167170268739
0.016724496901
0.0167319635729
0.0167394268222
0.0167468868538
0.0167543435435
0.0167617968594
0.0167692468936
0.0167766936328
0.0167841370801
0.0167915772673
0.0167990140171
0.0168064476746
0.0168138778192
0.0168213048129
0.0168287286337
0.0168361490313
0.0168435660918
0.0168509800846
0.0168583905793
0.0168657981169
0.0168732022045
0.0168806030514
0.0168880007602
0.0168953950011
0.0169027862152
0.0169101741223
0.0169175589177
0.0169249403932
0.0169323187127
0.0169396937928
0.0169470655276
0.0169544340429
0.0169617994914
0.0169691617293
0.0169765208023
0.0169838767346
0.016991229354
0.0169985788175
0.0170059250452
0.0170132681686
0.0170206081443
0.017027944767
0.0170352784675
0.0170426089985
0.017049936244
0.0170572603889
0.0170645812696
0.0170718991049
0.0170792136871
0.0170865254845
0.0170938338208
0.0171011392164
0.01710844124
0.0171157404333
0.0171230364297
0.0171303292042
0.0171376189062
0.0171449055178
0.017152188975
0.0171594693864
0.017166746592
0.0171740207389
0.0171812920153
0.0171885600619
0.0171958250087
0.0172030867267
0.0172103455509
0.0172176014091
0.0172248540331
0.0172321035701
0.0172393500816
0.017246593742
0.0172538341644
0.0172610715042
0.0172683059359
0.0172755371762
0.0172827654639
0.0172899905865
0.0172972128987
0.0173044320963
0.0173116482435
0.0173188613053
0.0173260714061
0.0173332785074
0.0173404825477
0.0173476836082
0.017354881884
0.0173620768901
0.0173692690061
0.0173764581471
0.0173836440821
0.0173908274042
0.0173980074927
0.0174051847471
0.0174123588644
0.0174195300422
0.0174266983047
0.0174338637448
0.0174410260165
0.0174481854397
0.0174553419162
0.0174624954144
0.0174696458121
0.0174767934823
0.0174839381696
0.0174910799465
0.0174982186837
0.0175053545274
0.0175124874712
0.0175196174618
0.0175267443248
0.0175338686134
0.0175409900648
0.017548108224
0.0175552237801
0.0175623362303
0.0175694460762
0.0175765527386
0.0175836565823
0.0175907573772
0.0175978555518
0.0176049506924
0.0176120431078
0.017619132352
0.0176262190939
0.0176333027415
0.0176403836037
0.0176474615037
0.0176545367192
0.0176616088453
0.0176686784657
0.0176757447666
0.0176828086368
0.0176898693417
0.0176969274798
0.0177039827056
0.0177110351275
0.0177180845091
0.0177251312754
0.0177321751181
0.0177392162481
0.017746254476
0.0177532899675
0.017760322547
0.0177673523083
0.0177743793144
0.0177814035876
0.0177884249271
0.0177954436567
0.0178024593195
0.0178094723621
0.017816482643
0.0178234900496
0.0178304947419
0.0178374965955
0.0178444958468
0.0178514921407
0.0178584858942
0.0178654765622
0.0178724646326
0.0178794499497
0.017886432578
0.0178934123835
0.0179003894789
0.0179073637189
0.0179143353093
0.0179213041007
0.0179282703653
0.0179352336869
0.0179421941952
0.0179491521287
0.0179561073323
0.0179630597893
0.0179700096835
0.0179769566632
0.0179839007796
0.0179908424009
0.0179977816601
0.0180047177893
0.0180116512377
0.0180185821895
0.0180255101985
0.018032435593
0.0180393583279
0.0180462783636
0.0180531958517
0.0180601104952
0.0180670225764
0.018073931776
0.018080838683
0.0180877426679
0.0180946438337
0.0181015427416
0.0181084386025
0.018115332185
0.0181222230144
0.0181291110306
0.0181359965427
0.0181428793528
0.0181497595004
0.0181566370908
0.0181635119391
0.0181703843862
0.0181772539542
0.0181841210825
0.0181909855296
0.0181978472524
0.0182047064914
0.0182115627472
0.0182184170576
0.0182252682873
0.0182321169847
0.0182389629848
0.018245806716
0.0182526477177
0.0182594861844
0.0182663218469
0.0182731551862
0.018279985642
0.0182868137572
0.0182936393306
0.0183004619946
0.0183072824318
0.0183141002093
0.0183209155121
0.0183277280514
0.0183345380802
0.0183413456983
0.018348150462
0.018354953116
0.0183617528037
0.0183685499553
0.0183753450446
0.0183821370985
0.0183889268584
0.0183957141015
0.0184024985784
0.0184092808343
0.0184160604381
0.018422837513
0.0184296120875
0.0184363840689
0.0184431536073
0.0184499206919
0.0184566851333
0.0184634471439
0.0184702064831
0.018476963698
0.0184837181833
0.0184904703458
0.0184972197901
0.0185039668399
0.0185107111901
0.0185174535825
0.018524192884
0.0185309301832
0.0185376648444
0.0185443970763
0.0185511267902
0.0185578540985
0.0185645789815
0.0185713011707
0.0185780211008
0.0185847385018
0.018591453627
0.0185981660578
0.0186048760839
0.0186115838465
0.0186182891318
0.018624991779
0.0186316922652
0.0186383899412
0.0186450855849
0.0186517786448
0.0186584692863
0.0186651576538
0.0186718433082
0.0186785265737
0.0186852076973
0.0186918863303
0.0186985623451
0.0187052361758
0.0187119075441
0.0187185767333
0.0187252433092
0.0187319075168
0.0187385693372
0.0187452287036
0.0187518859176
0.0187585405139
0.0187651929039
0.0187718427366
0.0187784903342
0.0187851352681
0.018791778346
0.0187984187587
0.0188050568056
0.0188116925193
0.0188183260156
0.0188249570563
0.0188315855805
0.0188382118723
0.0188448358764
0.0188514577568
0.0188580770691
0.018864694016
0.0188713087602
0.0188779209796
0.0188845308578
0.0188911387105
0.0188977439714
0.0189043471499
0.018910947853
0.0189175463232
0.0189241421929
0.0189307360375
0.0189373276557
0.0189439167935
0.0189505036164
0.0189570884063
0.018963670701
0.0189702507203
0.0189768284454
0.0189834038604
0.0189899769933
0.0189965479146
0.0190031164786
0.0190096829261
0.019016246825
0.0190228086312
0.0190293680685
0.0190359255393
0.0190424803079
0.0190490330314
0.0190555833864
0.0190621316066
0.0190686775757
0.0190752215988
0.0190817630797
0.0190883022154
0.0190948393572
0.019101373885
0.0191079064182
0.0191144367798
0.0191209648206
0.0191274906856
0.0191340143488
0.0191405355304
0.019147054702
0.0191535717367
0.0191600865025
0.019166599116
0.0191731093948
0.0191796174455
0.0191861233455
0.0191926268988
0.0191991283645
0.0192056278349
0.0192121247169
0.0192186197014
0.0192251125026
0.0192316032235
0.0192380914287
0.0192445773628
0.0192510615611
0.0192575434629
0.0192640230487
0.0192705004477
0.0192769757429
0.0192834486994
0.0192899196647
0.0192963887161
0.019302855111
0.0193093196885
0.0193157819276
0.0193222422246
0.0193287002807
0.0193351563066
0.0193416098849
0.0193480616824
0.0193545110539
0.0193609582294
0.0193674035134
0.0193738463234
0.0193802872348
0.0193867263135
0.0193931627419
0.0193995972039
0.0194060298351
0.0194124601505
0.0194188884068
0.0194253142176
0.0194317382884
0.0194381599068
0.0194445796312
0.0194509973683
0.0194574130303
0.0194638264668
0.0194702377496
0.0194766469613
0.0194830541951
0.0194894591626
0.0194958619756
0.019502262638
0.0195086617355
0.0195150582649
0.0195214527983
0.0195278451887
0.0195342356266
0.0195406240761
0.0195470103773
0.0195533947855
0.0195597769765
0.0195661568587
0.0195725350454
0.0195789107694
0.0195852848747
0.0195916564938
0.0195980261929
0.0196043941622
0.0196107597758
0.0196171233933
0.0196234847684
0.0196298445532
0.0196362018066
0.0196425574273
0.0196489107768
0.0196552622683
0.0196616115472
0.019667958801
0.019674303954
0.0196806471541
0.0196869884066
0.0196933274228
0.0196996647587
0.0197059999252
0.0197123330195
0.0197186640935
0.0197249931956
0.019731320075
0.0197376451291
0.0197439682454
0.0197502892459
0.0197566081118
0.0197629249265
0.0197692400858
0.0197755531333
0.0197818640547
0.0197881730923
0.0197944800386
0.0198007851367
0.0198070879258
0.0198133890373
0.019819688067
0.0198259851565
0.0198322801361
0.019838573222
0.0198448642599
0.0198511533364
0.0198574402185
0.019863725517
0.0198700084999
0.0198762898747
0.0198825690478
0.0198888461149
0.0198951214866
0.019901394934
0.0199076661774
0.0199139357021
0.019920202875
0.0199264683308
0.0199327318555
0.0199389934962
0.0199452528735
0.0199515106458
0.0199577662323
0.0199640198139
0.0199702716677
0.0199765215458
0.0199827692468
0.0199890151228
0.0199952592872
0.0200015011809
0.0200077412661
0.0200139795988
0.020020215601
0.0200264498922
0.0200326822142
0.0200389127498
0.0200451412332
0.0200513678995
0.0200575921436
0.0200638148302
0.0200700357846
0.0200762545533
0.0200824714736
0.0200886866449
0.0200948996569
0.020101110738
0.0201073199749
0.0201135274222
0.0201197325352
0.0201259360324
0.0201321378751
0.0201383374781
0.0201445351898
0.0201507311559
0.0201569251347
0.0201631171032
0.0201693074153
0.0201754956792
0.0201816818199
0.0201878662607
0.0201940489944
0.0202002293588
0.0202064082446
0.0202125852746
0.0202187603583
0.0202249333922
0.0202311045133
0.0202372736781
0.0202434410368
0.0202496066936
0.0202557705461
0.0202619322867
0.0202680920206
0.0202742502163
0.0202804063865
0.0202865604666
0.0202927130529
0.0202988634373
0.0203050121055
0.020311158932
0.0203173038962
0.0203234468368
0.020329588195
0.0203357273094
0.0203418649624
0.0203480004527
0.0203541339838
0.0203602661129
0.0203663962255
0.020372524076
0.0203786503137
0.0203847749738
0.0203908977095
0.0203970183336
0.0204031371404
0.0204092542203
0.0204153694286
0.0204214827717
0.0204275944179
0.0204337040834
0.0204398116525
0.0204459175191
0.0204520218482
0.0204581241369
0.0204642247242
0.0204703231205
0.0204764201015
0.020482514906
0.0204886079749
0.0204946992541
0.0205007887268
0.0205068764483
0.020512962214
0.020519046383
0.0205251284575
0.0205312086466
0.0205372871296
0.0205433638042
0.0205494386015
0.0205555118318
0.0205615831035
0.0205676525982
0.0205737199361
0.0205797859387
0.0205858499783
0.0205919121283
0.0205979723825
0.0206040310253
0.0206100877948
0.0206161428848
0.0206221958402
0.0206282471841
0.0206342968863
0.0206403445812
0.0206463904208
0.0206524346964
0.0206584769372
0.0206645175891
0.0206705563291
0.0206765933123
0.0206826285783
0.0206886619605
0.0206946934646
0.020700723425
0.020706751504
0.0207127776673
0.0207188021864
0.020724824962
0.0207308458106
0.0207368648144
0.0207428822535
0.020748898005
0.0207549116753
0.0207609237472
0.0207669339623
0.0207729425731
0.020778949341
0.0207849541939
0.0207909574531
0.0207969587379
0.0208029583578
0.0208089563786
0.0208149524036
0.0208209469178
0.0208269395868
0.0208329306195
0.02083891951
0.0208449069829
0.0208508924536
0.0208568763744
0.0208628585278
0.0208688388511
0.0208748174598
0.0208807944272
0.0208867694523
0.0208927428522
0.0208987145791
0.0209046843327
0.0209106526544
0.0209166189858
0.0209225837735
0.0209285466628
0.0209345079498
0.0209404672763
0.0209464249405
0.0209523812268
0.0209583352755
0.02096428793
0.0209702388262
0.0209761880145
0.0209821352045
0.0209880809084
0.0209940250503
0.0209999672808
0.0210059077769
0.0210118465015
0.0210177836971
0.0210237188517
0.0210296527299
0.0210355846272
0.0210415148175
0.0210474434869
0.0210533702106
0.0210592953713
0.0210652188568
0.0210711405609
0.0210770606657
0.0210829789101
0.0210888953437
0.0210948104816
0.0211007237034
0.0211066351765
0.0211125451233
0.0211184532664
0.0211243596409
0.0211302644704
0.0211361675171
0.0211420690578
0.0211479687581
0.0211538668976
0.0211597631591
0.0211656578088
0.0211715508744
0.0211774422994
0.0211833318715
0.0211892200088
0.0211951062536
0.0212009909567
0.0212068738857
0.0212127551901
0.0212186348538
0.0212245129008
0.0212303892281
0.0212362638979
0.0212421367476
0.0212480081797
0.0212538779651
0.0212597460522
0.0212656122874
0.021271476948
0.0212773402997
0.0212832015774
0.0212890612095
0.0212949194883
0.0213007759657
0.0213066308319
0.0213124840951
0.0213183356296
0.0213241855617
0.0213300339879
0.0213358804731
0.0213417254791
0.0213475689264
0.0213534106188
0.0213592508529
0.0213650893153
0.0213709263429
0.0213767616105
0.0213825951893
0.0213884271549
0.021394257617
0.0214000863235
0.0214059135686
0.0214117389557
0.0214175629485
0.0214233852227
0.0214292059561
0.0214350250985
0.0214408426446
0.0214466585308
0.0214524729175
0.0214582853951
0.0214640965331
0.0214699060047
0.0214757139236
0.021481520261
0.0214873248577
0.0214931279164
0.0214989294545
0.0215047295012
0.0215105276037
0.0215163244036
0.0215221197344
0.0215279130554
0.0215337050965
0.0215394955339
0.0215452844813
0.0215510716982
0.021556857425
0.0215626415004
0.0215684240088
0.021574204927
0.0215799843284
0.0215857621445
0.0215915384045
0.0215973132162
0.0216030862639
0.0216088579571
0.0216146278325
0.0216203962321
0.0216261632185
0.0216319284506
0.0216376924057
0.02164345444
0.0216492153443
0.0216549743877
0.0216607319394
0.0216664881908
0.0216722426429
0.0216779954671
0.0216837471112
0.0216894969577
0.021695245155
0.0217009920653
0.0217067374163
0.0217124810683
0.0217182234127
0.0217239639251
0.0217297032108
0.0217354408684
0.0217411769012
0.0217469115405
0.0217526444708
0.0217583762013
0.0217641061943
0.0217698348418
0.0217755616771
0.0217812872455
0.0217870112931
0.0217927336631
0.0217984547223
0.0218041740346
0.021809892068
0.0218156087131
0.0218213234675
0.0218270369641
0.0218327490165
0.0218384594914
0.0218441684689
0.0218498759351
0.0218555818595
0.0218612863086
0.0218669894198
0.0218726910634
0.0218783909265
0.0218840894971
0.0218897866414
0.0218954823563
0.0219011761562
0.0219068689812
0.0219125601406
0.0219182498509
0.0219239382385
0.0219296248764
0.0219353100558
0.0219409939337
0.0219466764357
0.0219523572712
0.0219580367726
0.0219637146624
0.021969391175
0.0219750661419
0.0219807398143
0.0219864119699
0.0219920825238
0.0219977517646
0.022003419541
0.0220090859787
0.0220147506512
0.0220204142974
0.0220260763035
0.022031736893
0.0220373960057
0.0220430535949
0.0220487097809
0.0220543645667
0.022060017991
0.02206566991
0.0220713205054
0.0220769694789
0.0220826170947
0.0220882634204
0.0220939080599
0.0220995512805
0.0221051934498
0.0221108338267
0.0221164729811
0.0221221105864
0.0221277469684
0.0221333816734
0.0221390152364
0.0221446470744
0.0221502779846
0.0221559068739
0.0221615346405
0.0221671611977
0.0221727860299
0.0221784096062
0.0221840317105
0.0221896525653
0.0221952719204
0.0222008898163
0.0222065064153
0.0222121214959
0.0222177352374
0.0222233476205
0.0222289585457
0.0222345678717
0.0222401762947
0.0222457832105
0.0222513883293
0.0222569924406
0.0222625950563
0.0222681962653
0.0222737961185
0.0222793945944
0.022284991702
0.0222905873742
0.0222961817478
0.02230177441
0.0223073661539
0.022312956514
0.0223185452373
0.0223241327194
0.022329718717
0.0223353033208
0.0223408865641
0.0223464686829
