0.0
0.0286996182184
0.0357092153504
0.053824991202
0.0837390649851
0.10747316
0.137748426898
0.1671311545
0.195033167366
0.224187516525
0.250578105323
0.275916417939
0.299321640454
0.320347980712
0.338832130287
0.355168661435
0.368424021005
0.379296641082
0.387677525456
0.393261168113
0.396971057732
0.39818018254
0.397963956253
0.395741199925
0.39285620346
0.388626940084
0.384053203998
0.379689555925
0.374615262907
0.371174013911
0.367436054686
0.365139826574
0.363892327903
0.363200662091
0.364077367884
0.365380008402
0.367577890867
0.37016110632
0.373166990921
0.375890589755
0.37885139965
0.381104048244
0.382938111829
0.384309490183
0.38454515427
0.384472658309
0.383198641721
0.381456818098
0.378815458325
0.375669949997
0.371954895538
0.367804448993
0.3635783309
0.35891644118
0.354670429686
0.350203370135
0.346247596681
0.342527447078
0.33922540564
0.336425509997
0.333986582008
0.332124101826
0.330395945685
0.32933205148
0.32810012842
0.327319396393
0.326467786249
0.325418855
0.324584947457
0.323132927485
0.321742488288
0.319921904853
0.317720830555
0.315360278572
0.312533425819
0.309482251148
0.306246571969
0.30269286943
0.299131204374
0.295454132793
0.2917076051
0.288192846431
0.28454713968
0.28131752876
0.27808800553
0.275143224183
0.272536813441
0.26988111858
0.267805492944
0.26556975661
0.263678551768
0.261924156085
0.259994651979
0.258434978821
0.256542096628
0.25473586605
0.252910635073
0.250731042256
0.248710193742
0.246348573813
0.243882152568
0.241442014408
0.238623197784
0.235992491047
0.23312074267
0.230233144938
0.227493656948
0.22451613339
0.221881884818
0.219110171516
0.216508668084
0.214113142427
0.211611096253
0.209502500892
0.207296066415
0.205268192692
0.203429230849
0.201444955944
0.199758740366
0.197948541037
0.196151785123
0.19450933064
0.192591626425
0.190875042624
0.188989083561
0.187009365947
0.185164146376
0.18300542674
0.181034869028
0.178899006089
0.176718956719
0.174667959224
0.172406583401
0.170358055126
0.168217171995
0.166121109069
0.164175157718
0.162131143482
0.160295277556
0.158455711157
0.156648584599
0.155027677881
0.153307135776
0.151756699709
0.150224834402
0.148633532178
0.147238778333
0.145666037835
0.144224586501
0.14276210763
0.141186608473
0.139772367444
0.138155172563
0.136643039596
0.135087131873
0.133443808864
0.131921564597
0.130260065209
0.128684389564
0.127109744878
0.125485314206
0.123985718032
0.122421312322
0.120929289627
0.119507737674
0.118027942075
0.116709899743
0.115335125927
0.11402435468
0.112807315898
0.111492906948
0.110352140744
0.109119111111
0.107934838802
0.106816361272
0.105581396657
0.104485508307
0.103287166506
0.102111588924
0.100981552012
0.0997452659418
0.098609938292
0.0974073580675
0.096203630265
0.0950670301748
0.0938392568478
0.0927115009867
0.0915547009742
0.0903915923458
0.089331729439
0.0881818342927
0.0871540845608
0.0861055795663
0.0850557797506
0.0841183444728
0.0830857964655
0.0821761704274
0.0812361734479
0.0802893519305
0.0794370765818
0.0784882234593
0.0776339017809
0.0767509934096
0.0758401000987
0.0750111107639
0.0740896190838
0.0732362393958
0.0723703161841
0.0714606551622
0.0706396010722
0.0697315380663
0.0688900887321
0.0680505948703
0.0671697314658
0.0663880081523
0.0655279354903
0.06474217093
0.0639635501091
0.0631538603103
0.0624408930299
0.0616593594277
0.0609457253943
0.0602425761801
0.0595057986334
0.058854934385
0.0581423364643
0.0574769095729
0.0568279619455
0.0561319388045
0.0555149836659
0.0548373347386
0.0541919145235
0.0535683855607
0.0528897261006
0.0522888746912
0.0516303126543
0.05100176864
0.0503969813776
0.0497438022012
0.0491653096852
0.0485389406142
0.0479430077233
0.0473736969537
0.0467651765083
0.04622463643
0.0456497060425
0.0450970717924
0.0445773008577
0.0440182316833
0.0435209458495
0.0429964548433
0.0424820784463
0.0420058237896
0.0414830448684
0.0410183139872
0.0405269096803
0.0400380339061
0.0395868470871
0.0390874352687
0.0386410960276
0.0381697966065
0.0376994685363
0.0372638220001
0.0367864582162
0.0363551078241
0.0359071895911
0.0354579267479
0.0350443664777
0.034596196988
0.0341876468222
0.0337727773775
0.0333512269179
0.0329698977778
0.0325548542718
0.0321764437009
0.0317965378966
0.0314042926265
0.0310545607175
0.030669169669
0.0303174053155
0.0299642230196
0.0295962974621
0.0292675448641
0.0289044960714
0.0285698856896
0.0282351255088
0.0278843702966
0.027568981975
0.0272246525142
0.0269020202401
0.0265846883665
0.026249788968
0.0259497338677
0.0256252170008
0.0253186518013
0.0250228593197
0.0247071646168
0.0244283024893
0.0241266328647
0.0238411188809
0.0235685238004
0.0232753625943
0.0230180186006
0.0227387354979
0.022473605212
0.0222209942975
0.021947647275
0.0217065067056
0.0214461950174
0.0211952907541
0.0209579348438
0.020699762953
0.0204700677425
0.0202247800911
0.0199848606981
0.0197608538233
0.0195152765695
0.0192974043205
0.0190665539667
0.0188388873668
0.0186291955803
0.0183984064504
0.0181945291458
0.0179794030853
0.0177670844396
0.017572562733
0.0173582263465
0.0171688789287
0.0169702601646
0.0167724796324
0.016592320314
0.016393592688
0.0162161632445
0.0160321920723
0.0158463147122
0.0156781153228
0.0154916221371
0.0153242336307
0.0151522268416
0.0149758695978
0.0148180821175
0.0146423710221
0.0144840648139
0.014322691377
0.0141566328736
0.0140085008853
0.0138438933164
0.0136955832107
0.0135453562512
0.0133900504081
0.0132522260962
0.0130998976453
0.0129611361238
0.0128226771124
0.0126783181523
0.0125505078505
0.0124095757044
0.0122802564618
0.0121527180223
0.0120175009248
0.0118991411492
0.0117681977787
0.011646775165
0.0115284267363
0.0114018989319
0.0112912095701
0.0111687820041
0.0110551018952
0.0109446919678
0.0108259631558
0.0107225005566
0.0106087974563
0.0105018655024
0.0103995045656
0.0102891773495
0.0101925923131
0.01008754766
0.00998803250298
0.00989392947725
0.00979120199827
0.00970223643619
0.00960575233292
0.00951294022899
0.0094268549864
0.00933187375018
0.00924957506962
0.00916054023889
0.00907467786528
0.0089952826624
0.0089068673861
0.00883081108408
0.00874863650287
0.00866825396235
0.00859499378036
0.00851320816618
0.00844203880551
0.00836624929369
0.00829159587396
0.00822393488173
0.00814792015038
0.00808232600344
0.00801288484607
0.00794316983733
0.0078816209596
0.00781175486707
0.00775110146613
0.00768771407326
0.00762377949061
0.00756752310665
0.00750309627781
0.00744792207566
0.00739009145155
0.00733078172051
0.00727974936011
0.00722084349415
0.00716957629986
0.00711686139568
0.00706244695672
0.00701546845556
0.00696112864168
0.00691426150877
0.00686618733179
0.00681537881176
0.00677292038643
0.00672326361423
0.00667968079921
0.00663614401295
0.00658977406342
0.00655097756958
0.00650539436225
0.00646611287128
0.00642669632439
0.00638376351079
0.00634913393104
0.00630789505598
0.00627154139883
0.00623617918041
0.00619735568952
0.00616570250868
0.00612808917192
0.00609538059236
0.00606347226758
0.00602739596633
0.00599925595333
0.00596527786443
0.00593476973444
0.00590631949048
0.00587365873956
0.00584789181323
0.00581691521979
0.00578962109553
0.00576397978335
0.00573365787662
0.0057110167201
0.00568316917375
0.00565775684021
0.00563517296874
0.00560796995619
0.00558721700892
0.00556210299279
0.00553953818396
0.00551929107927
0.00549410659332
0.00547609147497
0.00545366217711
0.00543250628863
0.00541497483399
0.00539239770506
0.00537578076574
0.00535566906521
0.00533693475717
0.00532118806451
0.00530022519904
0.00528598400539
0.00526801485424
0.00525033285359
0.00523690677781
0.0052181723666
0.00520487464835
0.00518893058621
0.00517335886409
0.00516126838125
0.00514392321729
0.00513269111314
0.00511854625251
0.00510371587732
0.00509371114038
0.00507827238143
0.00506764122408
0.00505529744302
0.00504228829658
0.00503326441888
0.00501896408643
0.00501015018803
0.00499922230603
0.00498669660392
0.00497947045083
0.00496676502648
0.00495822330756
0.00494884229898
0.00493788454286
0.00493125826443
0.0049195079986
0.00491250809005
0.00490423252324
0.00489354332902
0.00488848653625
0.00487808799358
0.00487110175948
0.00486422398607
0.0048548864761
0.00485017049349
0.00484059831815
0.00483496903839
0.00482893162968
0.00481973091
0.00481641078361
0.00480796742383
0.00480216580354
0.00479737812793
0.00478934953602
0.00478609726708
0.00477839099
0.00477375043945
0.00476953738756
0.0047615457082
0.00475950954186
0.00475272941863
0.0047477418089
0.00474467604281
0.00473768187552
0.0047354918882
0.00472939778113
0.00472542044173
0.00472270958967
0.00471570620194
0.00471461612432
0.0047092699656
0.00470484556911
0.00470320351925
0.00469706941936
0.00469563824939
0.00469095851567
0.00468742448669
0.00468592859888
0.00467977648805
0.00467932704922
0.0046752381034
0.00467116986419
0.00467067265928
0.00466526928897
0.00466431222728
0.00466088079505
0.00465759569739
0.00465706498717
0.00465164921308
0.00465158233051
0.00464859801521
0.00464473409564
0.00464514285146
0.00464038301614
0.00463968433888
0.0046373584502
0.00463420414439
0.00463441967028
0.00462968270068
0.00462979167821
0.00462778879834
0.00462403846645
0.00462513653066
0.00462097840282
0.00462035416478
0.00461901818471
0.00461591011833
0.00461667494905
0.00461258222693
0.00461269241705
0.00461155967156
0.00460786363319
0.00460945933271
0.00460587209092
0.00460517957003
0.00460472208318
0.0046016163748
0.00460275155397
0.00459928915489
0.00459926794846
0.00459889768595
0.00459524108429
0.00459715936827
0.0045941361319
0.00459326578924
0.0045935857428
0.00459047225495
0.00459181635705
0.0045889869862
0.00458873290554
0.00458902610002
0.00458541768383
0.0045875036756
0.00458504327554
0.00458391791185
0.00458491387266
0.00458180711667
0.00458321664301
0.00458102280173
0.00458046802557
0.00458132235459
0.00457779486019
0.00457990650315
0.00457801174358
0.0045765826852
0.0045781495378
0.00457508708703
0.00457643340677
0.00457487929276
0.00457398293855
0.004575298413
0.00457189993782
0.0045739128129
0.00457258654965
0.00457083236907
0.00457286454638
0.00456989795549
0.00457107222154
0.00457015474723
0.00456890358841
0.00457057746093
0.00456736664988
0.00456917204694
0.00456840906291
0.00456633311545
0.00456871989186
0.00456591048599
0.00456681932373
0.00456652723117
0.00456493026993
0.00456685822688
0.00456390057785
0.00456540717783
0.00456519428948
0.00456282195767
0.00456545350392
0.0045628663412
0.00456343629777
0.00456374826283
0.00456183549001
0.00456391289975
0.00456127549049
0.00456241122512
0.00456272218922
0.00456009867455
0.00456286414215
0.00456056305475
0.00456073814951
0.00456162033927
0.00455943852986
0.00456156039837
0.0045593077756
0.00456001863177
0.00456081504711
0.00455800077784
0.00456079242578
0.00455883645706
0.00455858026625
0.00455998656787
0.00455759710529
0.00455966275192
0.00455785242698
0.0045581053571
0.00455933616398
0.00455640446492
0.0045591185137
0.00455755888737
0.0045568543156
0.00455872497409
0.00455620103004
0.00455811464284
0.00455679390027
0.00455657480624
0.00455817758241
0.00455520997811
0.00455774903294
0.00455662681074
0.0045554756251
0.00455773938262
0.00455516175485
0.00455683637835
0.00455603919181
0.00455535343752
0.00455725557708
0.00455433834277
0.00455661384405
0.00455595653856
0.0045543787486
0.00455695333977
0.00455440688472
0.00455576590041
0.00455551135655
0.00455438261347
0.00455650308875
0.00455372417195
0.00455565896202
0.00455547986285
0.00455351344182
0.00455630925562
0.00455387960587
0.00455485944438
0.00455515103977
0.00455361976411
0.00455587128206
0.00455331677978
0.00455484713571
0.00455514360393
0.00455284210844
0.00455576435162
0.00455353354338
0.00455408528097
0.00455491034498
0.00455303212634
0.00455532412746
0.00455307519662
0.00455415327262
0.0045549065573
0.00455233786855
0.00455528945016
0.00455333293747
0.00455342348747
0.00455475285801
0.00455259565946
0.00455483593021
0.0045529649228
0.00455355860839
0.00455473372609
0.00455197606584
0.00455486008372
0.00455324353736
0.0045528563814
0.00455464542
0.00455228722859
0.00455438632055
0.00455295436225
0.00455304956813
0.00455459744571
0.00455173746697
0.00455446090299
0.00455323802789
0.00455237424724
0.00455456353977
0.00455208963766
0.00455396299773
0.00455301704977
0.00455261708575
0.0045544753893
0.00455160450738
0.00455408034822
0.00455329104786
0.004551968889
0.00455448660949
0.00455198644326
0.00455355799428
0.00455312982482
0.00455225581983
0.00455435196159
0.00455156346721
0.00455371428526
0.00455338309663
0.00455163788075
0.00455440194418
0.00455196583052
0.00455317005905
0.00455327443653
0.00455196383322
0.00455421637666
0.00455160191438
0.00455336134151
0.004553496183
0.00455137833594
0.00455429915006
0.00455201467714
0.0045527989208
0.00455343378328
0.00455173888652
0.00455406144378
0.00455170777369
0.00455302390025
0.00455361604946
0.00455119018111
0.0045541739847
0.00455212232231
0.00455244883077
0.00455359403363
0.00455158023351
0.00455388278881
0.00455186838982
0.00455270394671
0.00455372713556
0.00455106906113
0.00455401979341
0.00455227335069
0.00455211972988
0.00455373900264
0.00455148208866
0.00455367546346
0.00455206844687
0.00455240320967
0.0045538164643
0.00455101126194
0.00455383577601
0.00455245558993
0.00455181723282
0.00455385891104
0.00455144328251
0.00455344202856
0.00455229730245
0.00455212853247
0.00455387623732
0.00455101516905
0.00455362429287
0.00455265789747
0.00455154658218
0.00455394515131
0.0045514598917
0.00455318489111
0.00455254219434
0.00455188407523
0.0045538989868
0.00455107580311
0.0045533888632
0.00455286840568
0.00455131337112
0.00455399190461
0.00455152826205
0.00455291016626
0.00455279257871
0.00455167674969
0.00455388147519
0.00455119016502
0.00455313634141
0.00455307785306
0.00455112395262
0.00455399635339
0.00455164432111
0.00455262491439
0.00455303865094
0.00455151149121
0.00455382203764
0.00455135245789
0.00455287378009
0.00455327643239
0.00455098267548
0.00455395743312
0.0045518016837
0.00455233713513
0.00455327038363
0.00455139235598
0.00455372055958
0.00455155549161
0.00455260902484
0.00455345450796
0.00455089289754
0.00455387518718
0.00455199301102
0.0045520550348
0.00455347890407
0.00455132272591
0.00455357917906
0.00455179243647
0.00455235105002
0.00455360525602
0.00455085782677
0.00455375295151
0.00455221122725
0.00455178735137
0.00455365690524
0.00455130361298
0.00455340094576
0.00455205342007
0.00455210661437
0.00455372021006
0.00455087576063
0.00455359260234
0.00455244503278
0.00455154025337
0.00455379597727
0.00455133345206
0.00455318986027
0.00455232860206
0.00455188375608
0.00455379473928
0.00455094691463
0.00455340109153
0.00455268718329
0.00455132337968
0.00455389322048
0.00455141210294
0.00455295359497
0.00455260888414
0.00455168984372
0.00455382473014
0.00455106750987
0.00455318348425
0.00455292606434
0.00455114150006
0.00455394303981
0.00455153437197
0.00455269790434
0.00455288365609
0.00455153093461
0.00455380844108
0.0045512342198
0.00455294833415
0.00455315409691
0.00455100185637
0.00455394549396
0.00455169640216
0.00455243128181
0.00455314312539
0.00455141081799
0.00455374381133
0.00455143838186
0.0045527006843
0.00455335850636
0.0045509050229
0.00455389693004
0.00455188828011
0.00455215947617
0.004553375976
0.00455133201726
0.00455363142678
0.0045516730374
0.00455244960119
0.00455353226027
0.00455085571517
0.00455380079973
0.00455210440581
0.00455189244588
0.00455357548715
0.00455129773497
0.00455347499159
0.0045519305997
0.00455220375004
0.00455366862866
0.00455085536698
0.00455366091922
0.0045523368138
0.00455163950971
0.0045537361137
0.00455131020003
0.00455328120275
0.00455220423632
0.00455197404562
0.00455376445691
0.00455090671904
0.00455348504626
0.00455257905711
0.00455141102726
0.00455385402308
0.00455136994251
0.00455305663082
0.00455248501592
0.00455176800623
0.00455381529246
0.00455100733802
0.00455327875002
0.00455282147201
0.00455121390261
0.0045539255466
0.00455147441131
0.00455280909483
0.00455276390015
0.00455159352537
0.00455381943979
0.00455115447746
0.00455304994075
0.00455305458817
0.00455105438082
0.00455394732716
0.00455161829392
0.00455254428821
0.00455302889085
0.00455145353758
0.00455377288076
0.00455134025215
0.00455280345615
0.00455326704652
0.00455093508415
0.00455391739467
0.00455179471345
0.00455227036156
0.00455327128499
0.00455135346382
0.00455367833474
0.00455156021724
0.00455255076676
0.00455345323476
0.00455086335528
0.00455384030832
0.00455200022208
0.00455199935462
