0.0
7.26940764637e-05
0.000158610120102
0.000265635885045
0.000368679199239
0.000455322472651
0.000537788768146
0.000620493909293
0.000721498069388
0.000836050077947
0.000970948324784
0.00109737499433
0.00122877436084
0.00136436621761
0.00150390859509
0.00163405650389
0.00178615127151
0.0019522661271
0.00209995814545
0.00223998749815
0.00240704283096
0.0025803198243
0.0027157631137
0.00287355768061
0.00306125130296
0.0032243991319
0.00334621263238
0.00351807244829
0.0037132092879
0.00384833417479
0.00398098599694
0.00417335155559
0.00435022337037
0.00444657287857
0.00459032550634
0.00479080534947
0.00492859771034
0.00502104963632
0.00518992046551
0.00537293081106
0.00545468506464
0.0055486598998
0.00572687183899
0.00586571346139
0.00592599294843
0.0060451160323
0.00621205621491
0.00629293158917
0.00634308863868
0.00647005400623
0.00659228783422
0.0066409726036
0.00670696969637
0.0068255987287
0.00690249391678
0.00693888487665
0.00700682185631
0.00708030727432
0.00712823972255
0.00716827899587
0.00721819295918
0.00726327224989
0.00731461882575
0.00735203029894
0.00735106553423
0.00738356571638
0.00743680069614
0.00743396098859
0.00741105634552
0.0074764500405
0.00753392205934
0.00746876539522
0.00745457538346
0.00753838350045
0.00753485799929
0.00743610597156
0.00748133637247
0.00758996944904
0.00751514637812
0.0074421774399
0.00753414932233
0.0075797120761
0.00745203700639
0.00744505754642
0.00758152002373
0.00755904695848
0.00746802965088
0.0075305132293
0.00762256312512
0.00754442222399
0.00750621974193
0.00760833549982
0.00764597064813
0.00761519992465
0.00764938856437
0.00772661729959
0.00773836254987
0.00774776135499
0.00778423076101
0.00781383577879
0.00788975339365
0.00795591868552
0.00796086458677
0.00801710356643
0.00814310513678
0.00816367281418
0.00810348676293
0.00824511568644
0.00840847042906
0.00835732150999
0.00836482511304
0.0085924704043
0.008686040032
0.00853156043623
0.00863889801245
0.00889435325006
0.00886569889831
0.00877739759019
0.00900896165109
0.00921062974007
0.00904750749614
0.00905671558002
0.00931464104302
0.00936627962689
0.00923061143297
0.00936822608332
0.00961071393215
0.00953386237204
0.00948388284133
0.00963865779041
0.00973938764156
0.00965346868565
0.00968998550542
0.00984515286558
0.00986584907565
0.00986738378648
0.00989450299257
0.009934980672
0.00995096131376
0.00998112705198
0.00996600014315
0.00998703842761
0.0101227007916
0.0101131768813
0.00999586856712
0.0100655330238
0.0102020277956
0.0100624119675
0.00995003218417
0.0101919206524
0.0102801719647
0.0100189202935
0.0100290851586
0.0102963016283
0.0101799767717
0.00989001181425
0.0101078709473
0.0103476225353
0.0100762562516
0.00996006667198
0.0102595222213
0.0102876209285
0.00993101248243
0.0100067264326
0.0103018478559
0.0101625996261
0.00998845627583
0.0101816276103
0.0103297903819
0.0100903547821
0.0100515596564
0.010221236656
0.010226039804
0.0101554094791
0.0102082416369
0.0103120223466
0.0102811307534
0.0103011560491
0.0102537472391
0.0102527235559
0.0103895286664
0.0104262387279
0.0103300555564
0.0104156716055
0.0106554041124
0.0105001027058
0.0103131412018
0.0105924396314
0.0107779786963
0.0104973640053
0.01050087531
0.0109506714577
0.0109036673002
0.0105076997664
0.010741108535
0.0111099639547
0.0108253771377
0.0106326097767
0.0111026469875
0.0112816235869
0.0108496725029
0.0109052504696
0.0113062525686
0.0111883186603
0.010888379215
0.0111679432572
0.011471292673
0.0112156779543
0.0111603564956
0.0113767949649
0.0114213373869
0.0112230004409
0.0112817342758
0.0114524717926
0.0114319956405
0.0114791764319
0.011434003052
0.0114520834796
0.0114885788217
0.0115158090115
0.0113598207921
0.0114133856679
0.0117267871291
0.0115747780768
0.0113557456606
0.0115610556891
0.0117909629829
0.0113712602172
0.0112408626036
0.0117751775267
0.0117711606782
0.0112925329815
0.0114520301615
0.011946002069
0.011542651417
0.0111172393214
0.0116288690386
0.011890811745
0.0113633162028
0.0113164114089
0.0118918824482
0.0117511530162
0.0112023812965
0.0114556575215
0.011833280154
0.0115135269047
0.0113328026625
0.0117078300081
0.0118196749646
0.0114586621081
0.0114726392535
0.0116483309782
0.0115977866715
0.0115375412076
0.0115989945847
0.0116904676704
0.0116878324019
0.0117451445986
0.0115264052872
0.0115383075486
0.0117897937234
0.0117222460226
0.0114920878924
0.0117239364262
0.0121072716845
0.0116391211862
0.0114181318497
0.0119174515261
0.0120262038607
0.0114409977082
0.0115863971947
0.0123139189601
0.0119559975789
0.0114177090643
0.0118841954637
0.0122956804194
0.0116354823579
0.0114740955204
0.0122559243666
0.0122518317366
0.0116290864064
0.0118278282395
0.0123538478816
0.011945390363
0.0115876459142
0.012054881634
0.0123069509404
0.0119358862743
0.0119314283638
0.0122143832573
0.0121350187536
0.0119177013852
0.0119750030499
0.0120951877125
0.0121112702689
0.0122231476108
0.0120697828306
0.0120767417582
0.0122424765748
0.0121824490785
0.0118201640192
0.0120252042884
0.0125239410805
0.0121162889943
0.0118585572774
0.0123396521039
0.0125641013444
0.0117598237455
0.0117704953506
0.0126159702213
0.0123499575079
0.0117125167823
0.0121804268877
0.0128315467995
0.0119999141398
0.0116122891995
0.0124473871136
0.0125611242597
0.0117984995452
0.0119599804248
0.012785183253
0.0123317504723
0.0117553225768
0.0121991565
0.0125418971304
0.0120358811206
0.0119370587502
0.0124791464832
0.0124524836903
0.012119579195
0.012151843894
0.0122829926844
0.0121865857368
0.0121797440173
0.0121879176291
0.0122327789602
0.0124044609159
0.0124136999481
0.0119977320332
0.0120926155954
0.0124871621112
0.0121781176067
0.0118262572483
0.0123670805658
0.0127844762538
0.0119418447249
0.011827964126
0.0125936099615
0.012443839711
0.0115603330557
0.0120306933263
0.0129403251947
0.0121518222143
0.011646900128
0.0124170538075
0.012709738172
0.0116453107279
0.0116927916307
0.0127240736175
0.012390373204
0.0117421613431
0.0121408489409
0.0127064001228
0.0119584459196
0.0116940225402
0.012290515072
0.0123789945456
0.0120302920863
0.0120704016763
0.0124101904227
0.0121794316606
0.0120759505764
0.0120217270791
0.0120581752138
0.0122343317248
0.0123335163201
0.0120705207184
0.0121023964044
0.012529079072
0.0122011441712
0.0116663515376
0.0121620703799
0.0127299342501
0.0120021954168
0.0118089923524
0.0127078190661
0.0127046527875
0.0115652098425
0.0118912197409
0.0129352775951
0.0122690683828
0.0116008947012
0.0125232038351
0.0131168916013
0.0118798323597
0.0117278205881
0.0128039382877
0.0126056129005
0.011715686018
0.0122029578031
0.0131150066083
0.012336321561
0.0119238582363
0.0124920833832
0.0126856507184
0.0120651494191
0.0121046048118
0.0127075608485
0.0125253825878
0.0123819795176
0.0123332196458
0.0124113030871
0.0123223235142
0.0123665555808
0.0122216617629
0.0122515473003
0.0127260022864
0.0125172953059
0.0119861197686
0.012240706462
0.0127493276191
0.0120471923231
0.0116806954067
0.0126460809279
0.012866738126
0.0117424258686
0.0118675700341
0.012884135739
0.0122646220784
0.0112376556195
0.0121554774461
0.0130045633896
0.0118196825391
0.0115195682521
0.0126137168944
0.0125630794253
0.0112500607885
0.0116248858519
0.0127089997004
0.0120153723906
0.0115084351963
0.0121321154858
0.0125726036987
0.0116121166709
0.0115302232112
0.012122093547
0.0120096990431
0.0118150023334
0.0118597139474
0.0122020996192
0.0119192999453
0.0119832385775
0.0116975358922
0.01169162402
0.0121189576032
0.0120662240789
0.0117211905102
0.011884004503
0.0125971578137
0.0118326409442
0.0112901607729
0.0121468911077
0.0125730541189
0.0115507482143
0.0115710242551
0.0129001974688
0.012430354422
0.0112053069615
0.0119274919526
0.0129494957801
0.0118488547483
0.0113383135428
0.0127293846274
0.0129854045829
0.0115922878584
0.011773396603
0.0129258702091
0.0123260794858
0.0115001797331
0.0123204429493
0.0130662340553
0.0121480785011
0.0119824224712
0.0125891390919
0.0125508898123
0.0119724212523
0.0121173506905
0.012621189241
0.0124048008687
0.0124838229157
0.0122912223227
0.0123285725928
0.0123533967259
0.0123559700658
0.0119912887439
0.0121247298036
0.0128746841955
0.0123223721727
0.0118253563733
0.0123161711173
0.0128007256166
0.0116595722298
0.0114731957584
0.0127962100706
0.0125971926324
0.0114223869051
0.0118725388616
0.0129985189925
0.011810844703
0.0109345537194
0.0122322356381
0.0127397210362
0.0113701001453
0.0113806794282
0.0127045850556
0.012144742599
0.0109250071571
0.0115758647103
0.0124662295383
0.0115426745787
0.0112703721391
0.0120836487486
0.0122207415612
0.0113596270095
0.0113931696528
0.011860547998
0.0116111532511
0.0116149663404
0.011625143006
0.0118776972363
0.011774879335
0.0118800969838
0.0113703672405
0.0114105593155
0.0120676939735
0.0117432199847
0.0113678483002
0.0118232631097
0.0126251038373
0.0114541707536
0.0111187953866
0.0122630975245
0.0123323681012
0.0111645120938
0.0115492800005
0.0130654787593
0.0120769563161
0.0111111279384
0.0121490884371
0.0128920199432
0.0115000318811
0.0113354200704
0.0129626756396
0.0127241233668
0.0115491643731
0.0120032665405
0.0130294154196
0.0120947154726
0.0115436826547
0.0125220145264
0.0129078523507
0.0121495154168
0.0121570619481
0.0127334347384
0.0124612086577
0.0121051499073
0.0122200789125
0.0125185648498
0.0124537955878
0.0126164531062
0.0123256475593
0.0123356960404
0.0125830311151
0.0123806764196
0.0118645672635
0.0122177084364
0.0130196489786
0.0121704134773
0.0118389403671
0.0126009015721
0.0128290861055
0.0114476153344
0.0115934192624
0.0129889488543
0.0123185629548
0.0113621155634
0.0121362512397
0.0130891013865
0.0115250781908
0.0110646912942
0.0124613941465
0.0124691068129
0.0112323587834
0.0115540067614
0.012849036051
0.0118591640913
0.0110715102043
0.0117876985143
0.012310957222
0.0114100551049
0.0113592708959
0.0122157781939
0.0120126336352
0.0115543606753
0.0115364035259
0.0118450164825
0.0115916668975
0.0117220383257
0.011670702716
0.0117879012467
0.0120504383938
0.0119740191921
0.0114296785272
0.0115745561053
0.0123079084427
0.0117018657188
0.0113913730509
0.0121958541183
0.0127517671092
0.0114879375495
0.0114616832852
0.0126806069567
0.0123013005667
0.0112627904472
0.0120108780625
0.0132959842874
0.0120493472108
0.0115521105287
0.0126964853965
0.012980599896
0.0116373215585
0.0118512633159
0.0133108178683
0.0126922870118
0.011993054369
0.0125616697887
0.0132780148171
0.012272808228
0.0120728322267
0.0129329167563
0.012960490124
0.0125648028716
0.012607813724
0.0130897813124
0.0127103835088
0.0126362243109
0.0125916582643
0.0127110426631
0.0128804098851
0.0129380132505
0.012666166534
0.0126785516547
0.0131357540425
0.0126402603387
0.0121808140622
0.0127220769026
0.0132980966626
0.0123781681007
0.0122635949592
0.0131971530371
0.0130051075561
0.0117994164008
0.01221551316
0.01333920945
0.0123896357993
0.0118250418901
0.0127739342381
0.0132811194568
0.0118212297095
0.0117789093441
0.0129504386941
0.012529633844
0.0116980407778
0.0121954445359
0.0131487710706
0.0120993644659
0.0118034429309
0.0123859461966
0.0125236685052
0.0118973152876
0.0119577225216
0.0126513820896
0.0122919898983
0.0122634278795
0.0121191385688
0.0123018791242
0.0121703509614
0.0122861141929
0.012181993956
0.0122240551008
0.0127701638267
0.0124325947973
0.0120826329801
0.0123121197038
0.0129114599076
0.0121799295129
0.0120400408747
0.0129930526923
0.0131117006689
0.0121670276585
0.0123586811067
0.0133949496602
0.0127023051988
0.0120627823287
0.012923463888
0.0136784590339
0.0126110889756
0.0125162306813
0.0135277382875
0.01336984526
0.0124534886774
0.0128387899411
0.013826065944
0.0131470792023
0.0129045777972
0.0134274012812
0.0137560111201
0.0130223680248
0.0130313770063
0.0136023833988
0.0134394761964
0.0133816589515
0.0133768224937
0.0137083970884
0.0134196051045
0.013495426132
0.0133176407474
0.0133558259277
0.0136642866536
0.0135409743154
0.0133867225524
0.013436151447
0.0139212095737
0.0132711666121
0.0130438713211
0.0135843050064
0.0138016636471
0.0130920416603
0.0131437376584
0.0139979562199
0.0134822310149
0.0127969216676
0.0132340399619
0.0138968641237
0.0130171856747
0.0128307484019
0.0136750643774
0.0137002241846
0.0127981260339
0.0129236292892
0.0136958170584
0.0131157969463
0.0127653656625
0.0132101923076
0.0136812184526
0.0129799608967
0.0129467408878
0.0133363886366
0.0132141621196
0.0129688141772
0.0129994208331
0.0134229700429
0.0131491022318
0.0133090852383
0.0131337416379
0.0132245843292
0.0132549113806
0.0132489605874
0.0131720304523
0.0132062491509
0.0137439300979
0.0133139354989
0.0132319274712
0.013462161361
0.013786685212
0.0132114994954
0.0132365620373
0.0139983757618
0.0137971386627
0.0133834583182
0.0135954298441
0.0142635609482
0.0135966228431
0.0134080778315
0.0140411430315
0.0142833698399
0.0137094801816
0.0137774690909
0.0144692665437
0.0141094723822
0.0137727091059
0.014042075372
0.0145265658556
0.0140779600761
0.0140835475863
0.0144423094715
0.0144689391331
0.0141886067676
0.0141879575616
0.0144997254158
0.014316072128
0.0144279022863
0.0143713153
0.0145455869191
0.0144501970985
0.0144885180915
0.014358031203
0.0143518025377
0.0146335121907
0.0144081719406
0.0144113087038
0.0144608612667
0.0147628762855
0.0142805120964
0.0142581704577
0.0146002603065
0.0145401597525
0.0142373326975
0.0142988684724
0.0148197690838
0.0143274238801
0.0141758996008
0.0143978076826
0.0146341595409
0.014152376457
0.0141526732549
0.0146340668395
0.0144255219776
0.0141851226748
0.0142203309117
0.0145962079659
0.0141797355901
0.0141673735573
0.0143716197586
0.014477025097
0.0142617127826
0.0142399403483
0.0144727565871
0.014278013006
0.0143326267624
0.0142637403357
0.014472245418
0.0143535884691
0.0144676643588
0.0144071841704
0.0144151758409
0.0145362277909
0.0144260477507
0.0144937967611
0.0144620608668
0.0147638979288
0.0145118984704
0.0145966874523
0.014703446423
0.014774643817
0.0146213869843
0.0146370254786
0.0149882797893
0.0147786266394
0.0148267077447
0.0148538954746
0.0151225626876
0.0148527153381
0.0149040459633
0.0151136213215
0.0150986232259
0.0150656698054
0.0150443858488
0.0153408784286
0.015117070669
0.0152048715098
0.0152045731772
0.0153567076917
0.0152536626154
0.015280615354
0.0154230350506
0.0153401087226
0.0154273223559
0.0153211878905
0.0155026442042
0.0153674792536
0.0154893209903
0.0154339216673
0.0154893435484
0.0155035961756
0.0154539752573
0.0155459270002
0.0154352704355
0.0155822829633
0.0154333246512
0.0155703673473
0.0154705391744
0.0155419968993
0.015514912462
0.0154985811537
0.0155461924628
0.0154442737734
0.0155909352297
0.0154313572208
0.0155471949282
0.0154472481687
0.0155652138875
0.015459217332
0.0154680869954
0.0155514632272
0.0154628558653
0.0155046963259
0.0154043651424
0.0156011399338
0.015419511964
0.015512441017
0.015484519913
0.0155560316105
0.0154895135943
0.0154573779678
0.0155830367235
0.015467496538
0.0155931822767
0.0154762434239
0.0156430253728
0.0155405186924
0.0156372033851
0.0155610265631
0.0155755074823
0.0157049343852
0.0156107411846
0.0156852209938
0.0156379113111
0.0158930935508
0.0156394668658
0.0156986085416
0.0158141995733
0.015884267538
0.0157282270346
0.0157496260919
0.0161110687998
0.0158697569446
0.0158276784453
0.0159038356671
0.0161853878773
0.0158518057277
0.0158765912567
0.0162022816777
0.0161741307814
0.015984689812
0.0160087761734
0.0163731007252
0.0160659262491
0.0160452422327
0.0161917486055
0.0163953249107
0.0161621049937
0.0161833706385
0.0163935447516
0.016280002596
0.0162535450998
0.0162094009331
0.0164267526644
0.0162932177947
0.0164274782628
0.0163333610786
0.0163819054057
0.0164323615224
0.0163689987625
0.0163110013982
0.0163104578197
0.016650839648
0.0163437156765
0.0163428673654
0.0164901155371
0.0166446273813
0.0162171201427
0.016229224892
0.0167290476394
0.0164900325718
0.016252816436
0.0164125803646
0.0168754384574
0.0162879180615
0.0161628873059
0.0166226844612
0.016682968016
0.0162423845907
0.0163079153534
0.0169038593293
0.0164942757896
0.0162371762129
0.0164536616782
0.0167671354507
0.0163496320453
0.016332229461
0.0167288152083
0.0166644618313
0.0164610882077
0.0164368664485
0.0166767072214
0.0164817575297
0.0165456198236
0.0165391916744
0.0166550483863
