1.0
0.999975032024
0.999889696972
0.999852778893
0.999736079199
0.99971367226
0.999564928295
0.9995031877
0.99924306796
0.999079372417
0.998858224104
0.998630573617
0.99847673729
0.998153155274
0.998007776159
0.997511150731
0.997365589494
0.996875034356
0.996709347162
0.996275158618
0.995992234656
0.995598322716
0.995097558445
0.994837909578
0.994242400264
0.994088054992
0.99343316649
0.99325726273
0.9925607331
0.992249335554
0.991712211644
0.991270470051
0.990918462602
0.990306208545
0.990060471117
0.989258092434
0.989062783289
0.988305563324
0.988077779135
0.987441197966
0.987051373051
0.986543390431
0.985887985826
0.985584300779
0.984829847492
0.984644894245
0.983843249135
0.983614670214
0.982829624151
0.982403795165
0.981845534137
0.981256151959
0.980902357629
0.980107904366
0.979847796313
0.978898170942
0.978613831372
0.977780883819
0.977379732037
0.976715909143
0.976045286176
0.975550630419
0.974581894279
0.974261929363
0.973218413751
0.972924329989
0.97188748652
0.971399240337
0.970484378384
0.969671404846
0.969057005439
0.967987011327
0.967576288084
0.966268756667
0.965879454921
0.964490627044
0.963943812215
0.962789318369
0.961957442344
0.961078298486
0.959832328021
0.95920716356
0.9576051716
0.957145468771
0.955497820675
0.954972632583
0.95342681723
0.952565370401
0.951299549379
0.949967720943
0.94912471955
0.947445807949
0.946873570785
0.944933635161
0.944369694321
0.942432368092
0.941625476632
0.940056282507
0.938862689024
0.937707688358
0.93599108805
0.935200043331
0.933106659696
0.932525712893
0.930434543083
0.929767943833
0.927863211127
0.926777160469
0.925288473222
0.923685226779
0.922726703917
0.920746385548
0.920104996432
0.917875098079
0.917232149248
0.915102944536
0.914187739054
0.912517482402
0.911152872659
0.909965290878
0.908055801339
0.907270057165
0.905027579823
0.904424595091
0.902248724011
0.90148119354
0.899576063465
0.898327418163
0.89691333153
0.895109656082
0.894222507605
0.892065725816
0.891429582264
0.889094890007
0.888350236443
0.886228212747
0.885078827853
0.883490523749
0.881818317784
0.880727373364
0.878480942715
0.877724989606
0.875225171137
0.874507307601
0.87218979284
0.871143885107
0.869206726993
0.867511713055
0.866136419042
0.863835327437
0.862964081135
0.860329992674
0.859586686282
0.856871217478
0.855830414477
0.853491655205
0.851881689117
0.850197258332
0.8479244077
0.846773297276
0.843892800976
0.843037064794
0.839998872784
0.839048811549
0.836324129624
0.834862295549
0.83267117182
0.830422738414
0.828926473754
0.826014044876
0.825032189852
0.821806511301
0.820891531416
0.817706529237
0.816382789089
0.813744717947
0.811723759091
0.809861195198
0.807106787113
0.805863997504
0.802508261749
0.801553410413
0.79813577301
0.797015107795
0.794039909028
0.792332697179
0.790023750925
0.787455077127
0.785919255433
0.782711389972
0.781703895519
0.778253026758
0.7772649178
0.773961608712
0.772473891399
0.769843575687
0.767635092374
0.765842031306
0.762887185479
0.761699545992
0.758214221742
0.757244217908
0.753834647681
0.75261196219
0.749738755415
0.747822117293
0.745676257403
0.742895388632
0.741515285772
0.738163606458
0.737198739417
0.733704526735
0.732597620017
0.72939548829
0.727665036428
0.725234283966
0.722694679589
0.721080560419
0.717809423877
0.71670569639
0.713017326827
0.711953019419
0.708497760651
0.706970755266
0.704175425604
0.701816001285
0.699816410623
0.69653272657
0.695232971098
0.691453827269
0.690411708839
0.686633101325
0.685241888886
0.681928924969
0.679702613825
0.677282376024
0.674157589531
0.672581808762
0.668717623463
0.667552929032
0.663386810815
0.662088327989
0.658346295907
0.65641192473
0.653485714242
0.650554981243
0.648510406732
0.644630161665
0.643293051581
0.639005708303
0.637816908424
0.633658248421
0.631959131424
0.628449978481
0.625811752777
0.623338713523
0.619745745095
0.618136195551
0.613834993676
0.612602605407
0.608145539242
0.606688076773
0.602809769817
0.600602346735
0.597653041953
0.594414283642
0.592425212898
0.588277437472
0.586957038492
0.582512482015
0.581252159117
0.577079298215
0.575230268392
0.571836244136
0.568982930274
0.566664416901
0.562906874397
0.561419976482
0.557052850113
0.555835553183
0.551461185217
0.549881159635
0.546221714157
0.543833903245
0.541152498978
0.537703576487
0.53592980417
0.531680105366
0.530445447758
0.526063337696
0.524717857714
0.520739758527
0.518626522715
0.515526637921
0.512372653974
0.510338113105
0.50631732405
0.504962825425
0.50045568861
0.499161293915
0.494848262944
0.492995950841
0.489536301599
0.486709941358
0.484252945286
0.480343586252
0.47873308017
0.474131857691
0.472862077947
0.468294594683
0.466670827121
0.462687952847
0.460113988906
0.45714545977
0.453427368684
0.451500536172
0.446955138191
0.445597253949
0.440711198863
0.439217407082
0.434726562556
0.432462350337
0.428981922244
0.425634882702
0.423241418692
0.418783067661
0.417182766698
0.412147025244
0.410761439599
0.40594350833
0.404053530518
0.399987194535
0.396998549284
0.394059525135
0.389925182661
0.388058021469
0.383171098548
0.381784584015
0.37668906483
0.375040140469
0.370530507244
0.368040133468
0.364658468825
0.36103576703
0.358754392419
0.354088428766
0.352564867738
0.347483436876
0.346070202602
0.341344542485
0.339309472711
0.335451062095
0.33230684841
0.329627315376
0.325390238686
0.323697135736
0.31883344323
0.31749743847
0.312596853573
0.310882055938
0.306700341781
0.304049636482
0.301020895553
0.297278021758
0.295293598523
0.290614369139
0.289226419757
0.284307314732
0.282837614362
0.278432621236
0.276219243201
0.272757546176
0.269359099324
0.267030040549
0.26263336641
0.261145858389
0.256277409483
0.254929024817
0.250194834254
0.248240732677
0.244372731298
0.241390529945
0.238700087731
0.234601305078
0.232835993529
0.227919676836
0.226560587157
0.221614839842
0.21995641218
0.215684568849
0.213079127128
0.209842617763
0.206009537826
0.203904431079
0.199145888163
0.197725319796
0.192640388121
0.19116091548
0.186417380277
0.184176252797
0.180454820042
0.177082515018
0.174557494907
0.170106440379
0.168462354792
0.163340169699
0.161966492193
0.156997470225
0.155180759894
0.1510364134
0.148231023136
0.145210319581
0.141203938111
0.139278411605
0.134495385311
0.133178213264
0.128248945689
0.12680460024
0.122361871927
0.120125756391
0.116772422477
0.113533318956
0.111353379706
0.107204815067
0.105821587722
0.101219873094
0.100052795529
0.0957805258765
0.094244925133
0.0908268167035
0.0884674045741
0.0861035897366
0.0828897220256
0.0814958104308
0.0778452589974
0.0769815463936
0.073421395275
0.0725239416084
0.0695443419626
0.0682524367215
0.0662031894658
0.0644523641383
0.0633079097875
0.0613191347249
0.0608001959916
0.0589014173022
0.0587291646206
0.0572798445484
0.0572599768775
0.0564064450409
0.0565598449691
0.0562250561109
0.0566214550641
0.0567277568417
0.057445554387
0.0579547955879
0.0589419739022
0.0599731727971
0.0610196292486
0.0626911047358
0.0636234762318
0.0659535013076
0.0667720785937
0.0696217911089
0.0705733476694
0.0735704360467
0.0749883947162
0.0776456347477
0.0798491683006
0.0819198617072
0.0850711654553
0.0865729293742
0.0904663007729
0.0916535583741
0.0957343197068
0.0971623400021
0.100942678949
0.103152820777
0.106179037964
0.109425607316
0.111497701625
0.115629085579
0.117095713293
0.121750533786
0.123162253547
0.12766694657
0.12963126407
0.133332523736
0.136272145837
0.138979712591
0.143021614656
0.14483450143
0.149609676108
0.151013635509
0.155826326392
0.157502967921
0.161772868798
0.164331110664
0.167584201125
0.171254111639
0.173416905867
0.177943069813
0.179436550607
0.184359053327
0.185857763905
0.190450435106
0.192586383327
0.196219080487
0.199350753159
0.201897595424
0.206097550118
0.207791991819
0.212585240635
0.213954712522
0.218603446946
0.220352198291
0.224330917824
0.227039581992
0.229955655811
0.233713815155
0.235583233576
0.240066517117
0.241433545489
0.246151932309
0.247690813354
0.251904628997
0.254178740028
0.257368771166
0.260669103774
0.262854312967
0.26712521993
0.268593946735
0.273267563876
0.274629754213
0.279000736926
0.280929204257
0.284529827968
0.287491217236
0.290013315904
0.293989440024
0.295622203951
0.300198795515
0.301515701259
0.30614632503
0.3078403657
0.311813711348
0.314389456058
0.317305974145
0.320929615341
0.322877577019
0.327395208046
0.328794855062
0.333559772502
0.335029348346
0.339333143035
0.341512797489
0.344939612053
0.348233193694
0.350587128106
0.354839728481
0.356366650854
0.361096060096
0.362455705407
0.367098830812
0.368967033818
0.372817873646
0.375611878423
0.378350477868
0.382180893495
0.384011558201
0.388632857093
0.389988579137
0.394686024416
0.396214089993
0.400340482396
0.402647410654
0.405841616489
0.409219139753
0.41133591697
0.415554769042
0.416959695869
0.42152245499
0.422858197366
0.427184431746
0.429080366083
0.432535081143
0.43534596549
0.43773941645
0.441475197
0.443045700824
0.447403225909
0.448647695104
0.452921707619
0.454448977629
0.458067462813
0.460382959802
0.463073102293
0.466392213381
0.468139040987
0.472126112832
0.473328795978
0.477483430286
0.478787408527
0.482581947042
0.484552412072
0.487450562189
0.490293777369
0.492222899296
0.49588505008
0.497194254941
0.501301886162
0.502487567622
0.506335044799
0.50795649115
0.5110864582
0.513575619676
0.515827578314
0.519248852447
0.520684369407
0.524619498218
0.525735921697
0.529694350221
0.531106455986
0.534573931581
0.536754177466
0.539286299493
0.542349131173
0.544023232449
0.547820616498
0.549009878926
0.553089690339
0.554335521806
0.558017725632
0.559831344519
0.562738223986
0.565453962324
0.56747434579
0.571064662407
0.572384349327
0.576366011551
0.577483844008
0.581355400775
0.582873501315
0.586151505961
0.588483381428
0.590816982048
0.593971820423
0.595485105766
0.599271323268
0.600404343058
0.604341976838
0.605608388496
0.60903970234
0.610885701027
0.613515355623
0.616230152813
0.618025463114
0.62148575278
0.622650387178
0.626350738751
0.627406823563
0.630909639869
0.632409283475
0.635270678879
0.637516429654
0.639470174153
0.642422436359
0.643688878643
0.64713070796
0.648126391419
0.651566472708
0.652766805758
0.655647778119
0.657431077519
0.659566955327
0.662115858085
0.663522174235
0.666652618792
0.667607896442
0.670828355173
0.671814611982
0.674746278719
0.676229885997
0.67851371396
0.68070878739
0.682213044813
0.684982353052
0.685968786866
0.68907465101
0.689980718754
0.692950543952
0.694191945536
0.696562692978
0.698407002731
0.700092316411
0.702649083872
0.703763764754
0.706758555539
0.707597706972
0.710540207419
0.711572354018
0.714151824048
0.715776397608
0.717707124209
0.720014488212
0.721243596685
0.724035849064
0.724909255159
0.727928400302
0.728857994149
0.731619352565
0.732970884337
0.735093339352
0.737070193003
0.738558756635
0.741190889976
0.742173443039
0.745121156547
0.745943689209
0.748750383683
0.749836914656
0.75222635037
0.753909123545
0.755631956015
0.757934386992
0.759032885506
0.761727293993
0.762529255729
0.765347517781
0.766254603057
0.768744910022
0.770065227939
0.771928247038
0.773796555273
0.775067396401
0.777483828216
0.778331915914
0.780941844294
0.781677001194
0.784075667036
0.785066998473
0.787050388375
0.788576033529
0.789958368872
0.791960748755
0.792815021764
0.795078384654
0.795737007622
0.798037967616
0.798840874678
0.800779408949
0.801939698252
0.803322477644
0.804931994459
0.805860075617
0.807874244834
0.808507364513
0.810575538707
0.811198695292
0.813017300555
0.813927698128
0.815370959835
0.816745974276
0.817693009378
0.819416548676
0.820014523367
0.821880119175
0.82242656572
0.82423852618
0.825014054516
0.826446651593
0.827580942852
0.828555921698
0.830068661171
0.830718530146
0.832523098892
0.833039561932
0.834790673117
0.835412337252
0.836879463209
0.837837083634
0.838950082064
0.840348208019
0.841064285417
0.842722226418
0.843203710365
0.844919152567
0.845460324939
0.847060885078
0.847884960616
0.849095661708
0.850260941874
0.851059870808
0.852551542011
0.853110195938
0.854817201432
0.855299746644
0.856879722264
0.85749805282
0.858787937194
0.859724790489
0.860689103278
0.861996720572
0.862599281921
0.864073714426
0.864499209629
0.86598707897
0.866473975814
0.867820629091
0.868540508449
0.869517544811
0.870484903122
0.871126001719
0.872326737207
0.872767861198
0.874094760352
0.874476345835
0.875646316781
0.876116046324
0.877042562562
0.877732564252
0.878402673226
0.87933629437
0.879739698206
0.88072629116
0.881007000451
0.881962969043
0.882299200912
0.883130125039
0.883625148327
0.884175618
0.884788479052
0.885128855293
0.885861178842
0.886112004563
0.886880947058
0.887125232834
0.887723059901
0.888034309808
0.888469826277
0.88892853456
0.889230111602
0.889811749336
0.889980518455
0.890513369387
0.890671512817
0.891146291681
0.891403593887
0.891777349382
0.892161570436
0.892347390042
0.892769929505
0.892885937356
0.893354844784
0.893491288466
0.893930295881
0.894134634587
0.894399769455
0.894678573717
0.894850213051
0.895246256838
0.895360727974
0.895806258329
0.895887737782
0.896234350879
0.896362287516
0.896646582513
0.896892613924
0.897089251127
0.897422007461
0.897495654929
0.897816746023
0.897874647507
0.898203112877
0.898312813355
0.898586527822
0.898742705046
0.898869746653
0.899050173636
0.899132786001
0.89936312706
0.899429156636
0.899645288114
0.899683490254
0.899781023447
0.899831568063
0.899903052572
0.899987675611
0.900021741278
0.900085061274
0.90005541529
0.900015882682
0.900003316989
0.899940717452
0.899944544152
0.899834074677
0.899795568146
0.899613994547
0.899473607207
0.899345097372
0.899142526138
0.899059620907
0.898753891078
0.898662234056
0.898236722746
0.898103803358
0.897722861497
0.897520984231
0.897201174246
0.896841020199
0.896575987091
0.896016345098
0.895844817171
0.895229634354
0.895082381122
0.894441696106
0.894188117821
0.893583907847
0.893135288628
0.892715267111
0.892109054352
0.891839402552
0.891058647505
0.890841938665
0.8899566934
0.889700530054
0.888931567642
0.888550716931
0.887943687803
0.887327034304
0.886891791534
0.886024486006
0.885761358543
0.884831305813
0.884613724522
0.883692750072
0.883348377493
0.882548544769
0.88195687999
0.881427384852
0.880644953251
0.880319743451
0.879341910444
0.879089842502
0.878045762133
0.877721217571
0.876858170553
0.876370376913
0.87572010314
0.874937249858
0.87449951884
0.87346854802
0.873187257838
0.872128893994
0.871840777272
0.870838766298
0.870328423654
0.869521713205
0.868709135492
0.868200620087
0.867164685955
0.866831641776
0.865614725838
0.865267394303
0.864067817707
0.86354050795
0.862602250864
0.861790276228
0.861114897437
0.859934592592
0.859475807649
0.858054576697
0.857678503953
0.856291170257
0.855774440623
0.8545409326
0.853660824664
0.852732503313
0.851439545407
0.85085117484
0.849292307607
0.848853984077
0.847146749536
0.84659973793
0.845022697385
0.844156357261
0.842960795904
0.841687021237
0.840855268843
0.839127094347
0.838549035375
0.836593524777
0.836061295901
0.834219296846
0.833457242862
0.831886531179
0.830636046836
0.829499379294
0.827768909836
0.827056923275
