0.0
0.0174692664817
0.0348779074439
0.0521826257572
0.0693357845044
0.0862910170074
0.103002547446
0.119425510763
0.135516118129
0.151231934306
0.166532132131
0.181377659171
0.195731513966
0.209558930795
0.222827546279
0.235507594856
0.247572114651
0.258997033923
0.269761326293
0.279847154304
0.289239985636
0.297928659913
0.305905403345
0.313165980725
0.319709709364
0.325539432208
0.330661582415
0.335086143879
0.338826631075
0.341900060784
0.344326893191
0.346130943874
0.347339319488
0.347982296257
0.348093214137
0.347708324157
0.346866625743
0.345609689955
0.343981450521
0.342027980031
0.339797180617
0.337338488561
0.334702560713
0.331940829762
0.329105087579
0.326247002708
0.323417575161
0.320666532114
0.318041758637
0.315588618568
0.313349279478
0.311362129816
0.309661133178
0.308275277619
0.307228161476
0.306537624943
0.306215572504
0.306267909332
0.306694653902
0.307490214887
0.308643757904
0.310139757717
0.311958592943
0.314077203717
0.316469787505
0.319108523348
0.321964204509
0.325006884293
0.328206451101
0.331533089071
0.334957744422
0.338452443679
0.34199059056
0.345547176193
0.349098933643
0.352624443841
0.356104198919
0.359520617911
0.362858040494
0.366102696481
0.369242657672
0.372267748531
0.375169497693
0.377941023277
0.380576951543
0.383073326041
0.385427491232
0.38763800991
0.389704559378
0.391627839594
0.393409470652
0.395051918373
0.396558391619
0.397932768764
0.39917952071
0.40030361747
0.401310492587
0.402205934274
0.402996055358
0.4036872328
0.404286011659
0.404799112806
0.405233346488
0.405595586137
0.405892715981
0.406131619715
0.406319105952
0.406461928395
0.406566710087
0.406639951725
0.406688000498
0.406717029113
0.406733028366
0.406741775913
0.406748839425
0.406759562509
0.406779058674
0.406812194973
0.406863596855
0.406937645118
0.407038465968
0.407169941592
0.407335691545
0.407539090232
0.40778327361
0.408071110346
0.408405248184
0.408788078475
0.40922175517
0.409708210925
0.41024913887
0.410846022204
0.411500112181
0.412212437624
0.412983820544
0.413814881988
0.41470602393
0.415657451808
0.416669171451
0.417740986269
0.418872510564
0.420063154212
0.421312131976
0.422618473879
0.423981007556
0.425398365223
0.426868991507
0.428391132449
0.429962819945
0.431581886076
0.433245961889
0.434952480319
0.4366986537
0.438481480207
0.440297731621
0.442143953924
0.444016486124
0.445911414895
0.447824602388
0.449751672849
0.451688006402
0.453628740797
0.455568772156
0.45750274619
0.459425057069
0.461329862586
0.463211082226
0.465062376552
0.466877185064
0.468648711654
0.470369926859
0.472033610802
0.473632324242
0.475158455332
0.476604222744
0.477961690832
0.479222792579
0.480379373992
0.481423203606
0.482346005204
0.483139517615
0.483795497755
0.48430579775
0.484662409329
0.484857501265
0.484883499143
0.484733147226
0.484399563972
0.483876346109
0.483157619167
0.482238174608
0.48111351732
0.479779995376
0.478234925574
0.476476698547
0.47450488413
0.472320431878
0.469925741011
0.467324860822
0.46452364812
0.461529911413
0.458353579391
0.455006931337
0.451504699253
0.447864272619
0.444105933516
0.440252881221
0.436331493857
0.43237142508
0.428405622675
0.424470424907
0.42060556119
0.416853956891
0.413261615392
0.409877345093
0.406752236081
0.403939179086
0.401492133967
0.399465264765
0.39791193573
0.396883585791
0.396428565866
0.396590821003
0.397408698469
0.398913777136
0.401129809567
0.404071987343
0.407746260884
0.412149173467
0.417267738708
0.423079811334
0.429554545581
0.436653138525
0.444329698099
0.452532174374
0.461203375075
0.470281918596
0.479703228721
0.489400336964
0.499304743145
0.509347081835
0.519457759662
0.529567475374
0.539607682575
0.549510990081
0.559211489227
0.568645016769
0.577749470162
0.58646490222
0.594733854159
0.602501420368
0.609715416766
0.616326562077
0.622288559824
0.627558244682
0.632095674559
0.635864247328
0.638830782727
0.640965613611
0.642242696795
0.642639602901
0.642137691495
0.640722051095
0.638381650691
0.635109292085
0.630901676565
0.625759434786
0.619687077609
0.612693075019
0.604789775598
0.595993432318
0.586324185859
0.575805995495
0.564466673602
0.552337811242
0.539454767421
0.525856712245
0.511586522639
0.496690964931
0.481220558037
0.465229877448
0.448777537418
0.43192651651
0.4147444383
0.397303948028
0.379683403754
0.361967426087
0.344248056889
0.326625753904
0.309211008294
0.292125973441
0.275506487747
0.259504122269
0.244287922324
0.230045450008
0.216981856124
0.20531572746
0.195270001547
0.187056322064
0.180853231416
0.176780785649
0.174877853277
0.175090082869
0.177272960314
0.181210652339
0.186642884972
0.193293284491
0.200891723812
0.209189140822
0.217965058713
0.227029502634
0.236222109742
0.245409040621
0.254479862538
0.26334399141
0.271927762565
0.280171741932
0.288028501468
0.295460817933
0.302440125126
0.30894529539
0.314961625848
0.3204799698
0.325496066776
0.33000992918
0.334025354218
0.337549497654
0.340592469332
0.343167067869
0.345288397777
0.346973711215
0.34824206568
0.349114177241
0.349612185831
0.349759441267
0.34958037758
0.349100259993
0.348345096689
0.347341400591
0.346116089048
0.344696281065
0.343109163256
0.341381854322
0.339541192549
0.337613626867
0.335625031267
0.333600606636
0.331564734125
0.329540761668
0.327550874928
0.325615997011
0.323755656036
0.321987863279
0.320328972368
0.318793636561
0.317394687442
0.316143107463
0.315047989196
0.31411653089
0.313354029607
0.31276385954
0.312347589782
0.312105067613
0.312034517675
0.312132598948
0.312394514383
0.312814208372
0.31338448829
0.314097176065
0.314943243682
0.315912974742
0.316996078853
0.318181838292
0.319459264194
0.320817212146
0.322244466943
0.323729823688
0.325262198569
0.326830714314
0.328424760726
0.330034022873
0.331648530079
0.333258703002
0.334855368016
0.33642979469
0.337973698888
0.339479264928
0.340939100394
0.342346275914
0.34369431878
0.344977231881
0.346189447114
0.347325822516
0.348381636105
0.34935259971
0.350234834812
0.351024851332
0.351719564389
0.352316272299
0.352812633467
0.353206704046
0.353496913487
0.353682066368
0.353761322757
0.353734215933
0.353600662422
0.353360975164
0.353015840281
0.352566355643
0.352014014712
0.351360739795
0.350608874422
0.349761234221
0.348821123963
0.3477923141
0.346679064662
0.345486187491
0.344219044025
0.342883584684
0.341486336198
0.340034452632
0.338535723642
0.336998594637
0.335432199085
0.333846370569
0.332251634377
0.330659199366
0.329080968583
0.327529577634
0.326018336423
0.32456118965
0.323172668313
0.321867866617
0.320662368003
0.319572157728
0.318613506148
0.317802875753
0.31715676369
0.316691549022
0.316423363263
0.316367910926
0.316540247509
0.316954576542
0.317624081415
0.318560751897
0.319775181239
0.321276378241
0.323071614793
0.32516631297
0.327563919595
0.330265844665
0.333271410648
0.3365778284
0.340180187199
0.344071492877
0.34824279093
0.352683222578
0.357380104834
0.362319045951
0.367484097037
0.372857882756
0.378421724093
0.384155787159
0.390039181617
0.396050119465
0.402166036315
0.408363669923
0.414619225215
0.420908404139
0.427206540459
0.433488646021
0.439729539162
0.445903911722
0.451986349767
0.457951428455
0.463773762135
0.469428087179
0.474889321209
0.480132576876
0.485133259816
0.489867105056
0.494310260034
0.498439314148
0.502231378545
0.505664154086
0.508715973733
0.511365903067
0.513593780708
0.51538032098
0.516707159151
0.517556963305
0.517913474591
0.517761652182
0.517087709747
0.515879228355
0.514125258945
0.511816407888
0.508944962096
0.505504967867
0.501492372924
0.496905146854
0.491743380121
0.486009460751
0.479708200972
0.472846990388
0.46543599429
0.457488329629
0.449020287488
0.440051586156
0.430605636737
0.420709863139
0.410396077339
0.399700900277
0.388666242955
0.377339891134
0.365776155284
0.354036630952
0.342191064688
0.330318249661
0.318507123561
0.306857683191
0.295482012483
0.284504855682
0.274063850648
0.264308768413
0.25539947046
0.247502142976
0.240783093079
0.235400482065
0.231493761815
0.229172620964
0.228506630431
0.229518164394
0.232179984895
0.236418149843
0.242119617043
0.249142554416
0.257327530502
0.266507635395
0.276516607167
0.287194638711
0.298391966317
0.309970757991
0.321805751069
0.333784004764
0.345804336635
0.357776284788
0.369619275133
0.381261549346
0.392639313926
0.403695949922
0.414381255413
0.424650918224
0.434465867604
0.443791950462
0.452599434082
0.4608627381
0.468560130502
0.47567344519
0.482187905661
0.488091873338
0.493376731151
0.498036652889
0.50206849991
0.505471647039
0.508247863707
0.51040119195
0.511937790808
0.512865834803
0.513195407928
0.512938342472
0.512108156069
0.510719892321
0.508790050898
0.506336442332
0.503378084739
0.499935134444
0.496028712657
0.491680877924
0.486914447323
0.481753000525
0.476220670948
0.470342132713
0.464142490729
0.457647179766
0.450881912691
0.443872563131
0.436645134159
0.42922564813
0.421640116391
0.413914431429
0.406074358114
0.398145417518
0.390152878834
0.382121678187
0.374076400156
0.366041163719
0.358039611482
0.350094851297
0.342229441764
0.334465295074
0.326823608424
0.319324830062
0.311988587313
0.30483362192
0.297877704457
0.291137567792
0.284628792503
0.278365681899
0.272361228612
0.266627050373
0.261173277561
0.256008353023
0.251139010014
0.246570225355
0.242305155021
0.238345064245
0.234689319529
0.231335392483
0.228278904438
0.22551367892
0.223031846013
0.220823964565
0.218879160958
0.21718528812
0.215729132336
0.214496614122
0.213472983196
0.212642969546
0.2119909979
0.211501401173
0.21115856292
0.210947072531
0.210851868871
0.210858320366
0.210952295456
0.211120248945
0.211349356005
0.211627512102
0.21194329686
0.212286003899
0.212645680037
0.213013115046
0.213379817551
0.213737970608
0.214080436275
0.214400720694
0.214692940853
0.214951811837
0.215172612014
0.215351138821
0.215483672684
0.215566953563
0.215598215002
0.215575119142
0.215495702251
0.215358364404
0.215161880555
0.214905399867
0.214588404566
0.214210692856
0.213772385681
0.21327389741
0.212715917137
0.212099475007
0.211425926458
0.210696898231
0.209914256267
0.209080156755
0.208197115858
0.207267948057
0.206295736318
0.205283842305
0.204235951564
0.203156049262
0.202048419522
0.200917664831
0.199768680944
0.198606622431
0.197436907015
0.196265266005
0.195097715153
0.19394047832
0.192799930278
0.191682640745
0.190595369352
0.189544981521
0.188538374266
0.187582453498
0.186684086222
0.185850016013
0.185086817784
0.184400825404
0.183798048415
0.183284077551
0.182864028293
0.182542519114
0.182323577481
0.182210546358
0.182206025833
0.182311844298
0.182529052273
0.182857868327
0.183297712053
0.183847187367
0.184504085523
0.185265419567
0.186127503158
0.187086015421
0.188136048248
0.189272166612
0.190488513677
0.191778974395
0.193137229177
0.194556854143
0.196031452824
0.197554709852
0.199120496294
0.200723005662
0.202356985981
0.204017768103
0.205701209342
0.20740387126
0.209123192198
0.210857537169
0.212606234166
0.21436960764
0.216149077519
0.21794720869
0.219767750784
0.221615603402
0.223496855774
0.225418759463
0.227389692865
0.229419113964
0.231517482711
0.233696168942
0.235967317029
0.238343711729
0.240838628507
0.24346563102
0.246238382237
0.249170415791
0.252274910791
0.255564473829
0.25905088894
0.262744888251
0.266655938638
0.270792039521
0.275159532913
0.279762948528
0.284604883917
0.289685889318
0.295004418756
0.300556777266
0.306337139407
0.312337545504
0.318547970762
0.324956401477
0.331548895428
0.338309740909
0.34522150746
0.352265228716
0.359420496614
0.366665637412
0.37397779094
0.381333092598
0.388706785881
0.396073357874
0.40340666438
0.41068005114
0.417866496727
0.424938697084
0.431869202738
0.438630521361
0.44519523814
0.45153611208
0.457626204365
0.463438937207
0.46894827121
0.474128736351
0.478955584396
0.483404863335
0.487453555286
0.491079641988
0.494262231077
0.496981653588
0.499219559684
0.500959038955
0.502184695476
0.502882783232
0.503041272424
0.502649957175
0.501700588544
0.50018689803
0.498104792294
0.495452352895
0.492229993574
0.48844051908
0.484089245625
0.479184089868
0.473735633406
0.467757270156
0.461265279263
0.454278924489
0.446820594186
0.438915891976
0.430593779587
0.421886731655
0.412830841101
0.40346605528
0.393836253345
0.383989562416
0.373978399808
0.363859818839
0.353695554781
0.343552252785
0.333501528756
0.32361989221
0.313988680223
0.304693513876
0.295823711485
0.287471079277
0.279728378543
0.272687147202
0.266434989772
0.261052394683
0.256609105908
0.253160588927
0.250744694545
0.249379127669
0.249060047414
0.249762010288
0.251439342778
0.254028719642
0.257452622326
0.26162328649
0.266446530412
0.271825443977
0.277663344349
0.283866243713
0.290344570841
0.297014343425
0.303797922329
0.310624242568
0.317428994866
0.32415434457
0.330748782783
0.33716672755
0.343368182639
0.349318342729
0.35498721498
0.360349263084
0.365383063156
0.370070974697
0.374398862757
0.378355805944
0.381933864795
0.385127825055
0.38793498617
0.390354990432
0.392389587539
0.394042507309
0.395319269533
0.396227036004
0.396774470557
0.396971597944
0.396829693044
0.396361106743
0.395579214762
0.39449826334
0.393133269672
0.39149992912
0.389614502739
0.38749374763
0.385154788275
0.382615070582
0.379892255216
0.37700414604
0.373968598659
0.370803464805
0.3675264911
0.364155298839
0.360707279049
0.357199557631
0.353648881077
0.35007159073
0.346483579498
0.342900202958
0.339336241574
0.335805841113
0.332322478544
0.328898881783
0.32554702294
0.322278075605
0.319102376626
0.316029349075
0.31306750207
0.310224427445
0.307506810583
0.304920369369
0.30246983591
0.300159002971
0.297990713502
0.295966904554
0.294088595178
0.292355939419
0.290768251231
0.289324050918
0.288021110423
0.286856545232
0.285826841544
0.284927882908
0.284155044766
0.283503251492
0.2829670651
0.282540708771
0.282218141091
0.281993111113
0.281859207069
0.28180991973
0.281838693229
0.28193897826
0.282104231858
0.282327970994
0.282603812886
0.282925510909
0.283286977552
0.28368227572
0.284105658959
0.284551576949
0.285014683484
0.285489869214
0.285972238853
0.286457141996
0.286940148761
0.287417056003
0.287883905463
0.288336977374
0.288772776679
0.289188031684
0.289579711749
0.289945003626
0.290281319698
0.290586290855
0.290857757867
0.291093780269
0.29129260962
0.291452711851
0.291572766251
0.291651648432
0.291688403558
0.291682265378
0.291632668751
0.291539230075
0.291401734806
0.291220140385
0.290994561642
0.290725260785
0.290412657487
0.290057308111
0.289659906827
0.289221261141
0.28874228352
0.288223992088
0.287667504639
0.287073997083
0.286444698016
0.285780874851
0.285083830285
0.28435488548
0.283595356555
0.282806554156
0.281989741035
0.281146108386
0.280276781665
0.279382834851
0.278465247563
0.277524873782
0.276562455752
0.275578622595
0.274573882827
0.273548608277
0.272503040787
0.271437294566
0.270351378839
0.269245194846
0.26811856349
0.266971242611
0.265802924742
0.264613280163
0.26340198161
0.262168769304
0.260913464257
0.259635985505
0.258336415786
0.257015050554
0.255672443667
0.254309436638
0.252927212334
