0.0
0.0229972114415
0.0438906943912
0.0608598401107
0.0725863872411
0.0784852978146
0.0789757731948
0.0758833573478
0.0729207056317
0.0752284929838
0.0861554044965
0.104379886641
0.125962655257
0.147121116979
0.165035092462
0.177889453221
0.184879283078
0.186280756133
0.183552574143
0.179352603225
0.177184931327
0.180307317293
0.190134284351
0.205455628977
0.223266919401
0.240226610576
0.253641697023
0.261869819745
0.264426229226
0.261995666955
0.256394963212
0.250392103783
0.247172047008
0.249315439977
0.257650830603
0.270830035291
0.285993544262
0.299910202968
0.309868928778
0.314145859024
0.312189568096
0.304664120267
0.29338635812
0.281090501453
0.270884482694
0.265335040983
0.265468373654
0.270344949393
0.277573131135
0.284323249343
0.288176850925
0.28758137152
0.282033570516
0.272145364018
0.259631424817
0.247124190642
0.237620848535
0.233451335606
0.235145193828
0.241066613095
0.248179451147
0.253261230328
0.253795188102
0.248379634439
0.236826562672
0.220105122919
0.20019260954
0.179823700907
0.162049149617
0.149448941691
0.143063865181
0.141779151986
0.142920808726
0.143530005376
0.141265350721
0.134721681426
0.123474731842
0.108083399806
0.0901445222787
0.0724595187131
0.0591527471787
0.0541889249647
0.0569189562072
0.061981664641
0.0645611215754
0.0622357085017
0.0545156872934
0.0425263904307
0.0296147508489
0.0241181448607
0.0325024227203
0.0461384931826
0.0585517775545
0.0675646953321
0.0726920238842
0.0744565183138
0.0742592272115
0.0743623504293
0.0775239036181
0.0858077502753
0.0993329711638
0.116430890795
0.134720174297
0.151877860214
0.165973967715
0.175648177896
0.180268122404
0.180089702848
0.176376083216
0.171356647277
0.167812347587
0.16812633141
0.173150018105
0.181819760501
0.191906605476
0.201131875213
0.20787342286
0.211383039446
0.211756222869
0.209842459672
0.207138287292
0.205572869915
0.207045876206
0.212733719908
0.222514459393
0.234943519276
0.247780835213
0.258674809181
0.265689342669
0.267616642901
0.264132737176
0.255839331788
0.244189444086
0.231259341943
0.21932696803
0.210283074005
0.205060936884
0.203399678562
0.204102443181
0.205581556578
0.20635176563
0.205333426308
0.202022501184
0.196600971288
0.189979532274
0.183679399085
0.179428438459
0.178465255258
0.180864886856
0.18539118104
0.190004313161
0.192615803727
0.191668225348
0.186423397556
0.177017497454
0.164352803856
0.149873022655
0.135266878645
0.122152870058
0.111789915615
0.104835738417
0.101184839768
0.0999738002385
0.099817136605
0.0991897266142
0.0967947925524
0.0918248459726
0.0841055356647
0.0741417949484
0.0630830050292
0.0525891480659
0.0444579888001
0.0397707338769
0.0380344486217
0.0378120357567
0.0384179004648
0.0406199699719
0.0456831079826
0.0537256192486
0.0633872122268
0.0728113823263
0.0804993354974
0.0856687211943
0.088313725003
0.0890850860462
0.089044007363
0.0893462512867
0.090936352259
0.0943439646087
0.0996346017311
0.106481023171
0.114275725828
0.12223894405
0.129524835731
0.135340518623
0.139080594356
0.140463614802
0.139640410455
0.137225668007
0.134192352077
0.131593447321
0.130175657575
0.130091965135
0.13092594903
0.132010873424
0.132801746497
0.133087921964
0.133009283413
0.132955605321
0.133438882974
0.134979086591
0.137994407572
0.142681618996
0.14891125318
0.156192640196
0.163739287946
0.170610615289
0.175878622946
0.178779113266
0.178829101821
0.175903250655
0.170262409923
0.162525555735
0.153579822933
0.144435170874
0.136047418782
0.129149341849
0.124134819018
0.121028609682
0.119545377005
0.119211994318
0.11951327709
0.120023869245
0.120497180971
0.120890704433
0.121319553082
0.121951045952
0.122879752963
0.1240394402
0.1251968917
0.126032907381
0.126275116943
0.125829592486
0.124861862175
0.123788454224
0.123158146355
0.123444633138
0.124837539517
0.127150129159
0.129896409304
0.132473854189
0.134339171617
0.135110242352
0.13459391876
0.132771343911
0.129769900487
0.125834393515
0.121296357675
0.116536225458
0.111938144099
0.107846122876
0.104535448535
0.102208889864
0.101013995685
0.101064720391
0.102447969526
0.105205254245
0.109293940727
0.114543706783
0.120628168561
0.127068814581
0.133278613375
0.13863897438
0.142592145899
0.144727237552
0.144842288549
0.142973546329
0.139391228393
0.134565042464
0.129102935158
0.12366547831
0.118861172123
0.115137703535
0.112696094812
0.111454706878
0.111071228491
0.11100946724
0.11063611029
0.109344288456
0.10670090206
0.102594530511
0.0973343320912
0.0916341366993
0.0864246467198
0.0825031053096
0.0801803791684
0.079194874948
0.07898574942
0.079086066378
0.0793416943277
0.0798715800574
0.0808629881552
0.0823592961902
0.0841759119709
0.0859790325502
0.0874493234531
0.0884179297285
0.0889046487178
0.0890531677998
0.0890177704075
0.08889267264
0.0887522019256
0.0887754143817
0.0893245255459
0.0908332998423
0.0935045707274
0.0970406828176
0.100671301399
0.103489632462
0.104875164416
0.104798666308
0.10391624922
0.103401186228
0.104484996084
0.107843343874
0.113220993801
0.119597475404
0.125708643566
0.130529607419
0.133538126126
0.134784356709
0.134839324653
0.134671105717
0.135461512236
0.138347153424
0.144087920821
0.152761629781
0.163654427698
0.175424012728
0.186442881741
0.195171010781
0.200460901888
0.201760361638
0.199209523922
0.193635143642
0.186434236549
0.179318535479
0.173899263214
0.1711886018
0.171257614688
0.173297013877
0.176042603555
0.178267246114
0.179104219165
0.178179526658
0.175641604848
0.172156490141
0.168849250973
0.167086854638
0.16801531887
0.171983059157
0.178237949299
0.18516030003
0.190845298305
0.193659694349
0.192580347336
0.187325569554
0.178354399789
0.166788488889
0.154266138083
0.142686136278
0.133774983992
0.128512226715
0.126712988514
0.127142397247
0.128090777634
0.127952532109
0.125551570444
0.120285844315
0.112233149528
0.102270749736
0.0921380410758
0.0841912093301
0.0804377579553
0.0810757661695
0.0841699343089
0.0870374943933
0.087630758731
0.0850234862284
0.0793992881802
0.0719292114423
0.064607828924
0.0598011811047
0.0590960202392
0.0620833170407
0.0667851873862
0.071162436361
0.0739493350878
0.0747636871013
0.074039667413
0.0729928617302
0.0734932729569
0.0774733424039
0.0858305597322
0.0977960199934
0.111428986185
0.124495325867
0.135061015492
0.141815091583
0.144269976901
0.142895161257
0.139165764409
0.135415882694
0.13427309133
0.137581624181
0.145413174258
0.156118410374
0.167312397349
0.176839271699
0.183262949797
0.186012369586
0.185384507598
0.182498775676
0.179180496042
0.177645026769
0.17984586898
0.186633625004
0.197288429841
0.209829003082
0.221800476964
0.230997251379
0.235901128424
0.235887947863
0.231299952928
0.223427148954
0.214365945584
0.206646584101
0.202527136422
0.203107476299
0.207820043489
0.21474791046
0.221489616834
0.225944718718
0.226743284837
0.22340263492
0.216359605554
0.206942377469
0.197230789159
0.1896536628
0.18620273475
0.18750513814
0.192442267853
0.198691996915
0.203702490977
0.205438701645
0.202732545637
0.19538149359
0.18414271531
0.170673213844
0.15735881293
0.146855283776
0.141171393374
0.140611436927
0.143535265503
0.14727680765
0.149307680775
0.147885356281
0.142236256504
0.132559109164
0.120006223393
0.106657713012
0.0953282952744
0.0887622060529
0.0880010964847
0.0914074139587
0.0958840987094
0.098690513771
0.0982228042139
0.0940848766998
0.087041715591
0.0790385860902
0.0730835170714
0.0722223356505
0.0773335548688
0.086318681751
0.0959718013025
0.103688732707
0.107935201295
0.108260561205
0.105313958568
0.100900183992
0.0978386406019
0.0990868225776
0.106027662596
0.117505072228
0.130806110502
0.143166511391
0.152545930408
0.15783606822
0.158890633135
0.15653337175
0.152534559262
0.149405123138
0.14974861326
0.155147262794
0.165294918111
0.178215066687
0.191268819635
0.202062908528
0.208925836246
0.211093347746
0.208772249505
0.203142362664
0.196249346362
0.190647406675
0.188654673331
0.191390290454
0.198238228701
0.207223101537
0.215931961227
0.222298408057
0.22500310859
0.223610966454
0.218600181085
0.211335661716
0.203920922021
0.198771891534
0.19781834259
0.201613440388
0.209007926562
0.217684748333
0.225075672947
0.229079394989
0.228432230646
0.222844721726
0.2130157155
0.200553713996
0.187755010706
0.177130448165
0.170627480411
0.168813882789
0.17063335093
0.173990584849
0.176647897597
0.176852292404
0.173607308862
0.166763447393
0.157055560331
0.146091831074
0.136169317116
0.129674049679
0.127986743592
0.130565882169
0.135200645849
0.139185441099
0.140328459398
0.137393551721
0.130184701789
0.119486285014
0.106931199888
0.0947656193757
0.0853633080727
0.0803193422418
0.0795184051249
0.0812606866798
0.0834290678819
0.0844317311126
0.0834913570207
0.0806677817632
0.0768847912178
0.0738971025417
0.073821209099
0.0779501257673
0.0857353072795
0.0951784157851
0.103981873647
0.110310640573
0.113099322927
0.112195625249
0.108460807077
0.103768229723
0.100656737403
0.101332531403
0.106371239698
0.114420885493
0.123244406993
0.130863043307
0.136058563508
0.138425168818
0.138284544818
0.136602194351
0.134885066548
0.134920583053
0.138222678324
0.145342044649
0.155545835155
0.167138609495
0.178101264241
0.186629462339
0.191455940014
0.192022636704
0.188565982843
0.182120633004
0.174391102392
0.167407695009
0.162933585344
0.161808490113
0.163654798969
0.167193297188
0.170885283081
0.173450421955
0.174109582252
0.172655278565
0.169468002488
0.165499488699
0.162144377973
0.160885023142
0.162711457915
0.167596172395
0.174418315034
0.181391295714
0.186659406421
0.188761441865
0.186891638045
0.181004505461
0.171804772225
0.160628948894
0.149202715829
0.139261622171
0.132079164844
0.128074015226
0.126741109982
0.126960517242
0.127445811125
0.127086340037
0.125143594372
0.121370959426
0.116094333075
0.110219643099
0.105071223199
0.101953228605
0.101501144464
0.103251330196
0.105851067014
0.107722367596
0.107667812528
0.105191023926
0.100571297933
0.0947519773875
0.0890443486019
0.0846546179529
0.0821885209022
0.0814640052954
0.081794296229
0.0824526206599
0.08294641334
0.0830439250019
0.0827089473115
0.0820739353364
0.0814621917426
0.0813753431782
0.0823506345501
0.0846902109685
0.088222081363
0.0922869590689
0.0959688861017
0.0984207668923
0.0991485181398
0.0981985564487
0.0962160202552
0.0943092351586
0.0936540803078
0.0949314050103
0.0979687768782
0.10190617187
0.105709244994
0.108607031246
0.110267186192
0.110773337303
0.110525830695
0.110138920438
0.110337323877
0.111810499307
0.115006525412
0.119936205699
0.126110949722
0.132662679158
0.138571665121
0.142897024901
0.144954750064
0.144435016266
0.141461312404
0.136583959653
0.130690108068
0.124816360085
0.119884030128
0.116441782363
0.114545416282
0.113844709292
0.113805786717
0.113928404814
0.113880753671
0.113560412958
0.113110092546
0.112887094221
0.11336020922
0.114926535717
0.117705444772
0.121419948368
0.125440016073
0.128958418194
0.131206292654
0.131635334087
0.130039397242
0.12661117302
0.121927108878
0.116844082575
0.112295978277
0.109019625194
0.10731547237
0.106982040496
0.107464941678
0.10810785289
0.108361064147
0.10789215474
0.106620276841
0.104705765439
0.102502803555
0.100465493332
0.0990071900671
0.0983499963427
0.0984365785784
0.0989621439243
0.0995161548844
0.0997651592269
0.0996052081879
0.0992385046238
0.0991439588807
0.0999206967474
0.102029527184
0.105547597469
0.110089484809
0.114939467125
0.119289146028
0.122447251228
0.123964400405
0.123682269413
0.121735456306
0.118523708606
0.114653461747
0.110835010321
0.107727727886
0.105761084271
0.10500709546
0.105182780955
0.105786468338
0.10628896905
0.10629409491
0.10563495653
0.104412253155
0.102980634053
0.101868234166
0.101609855323
0.102520895064
0.104519583774
0.107119393761
0.109603725209
0.111274450369
0.111657680929
0.110617268583
0.108378078938
0.105471694888
0.102608571906
0.100482435042
0.0995481501157
0.0998669632127
0.101108431785
0.102699603514
0.104018292095
0.104538806926
0.103913608879
0.102023650161
0.0990264092256
0.0953917468735
0.0918669989785
0.0892910725963
0.0882485660518
0.0887426158946
0.0901662339443
0.0916259536988
0.0923718964502
0.0920936144515
0.0910138175392
0.0897973442536
0.0892931946568
0.0901608951778
0.0925470296873
0.0960242927584
0.0998217462906
0.10315356419
0.105459920991
0.106513856824
0.10643626183
0.10567042802
0.10493331322
0.105107683084
0.107011819241
0.11106128137
0.117004196477
0.123942034041
0.130630234281
0.135863705942
0.138784464152
0.139063560739
0.136968142932
0.133324034586
0.129358360169
0.126390496349
0.12539642354
0.12662675558
0.12954122493
0.133114628529
0.136278397895
0.138250421765
0.138689553056
0.13773162325
0.135967086892
0.13436380596
0.134074039772
0.136068246924
0.140688249308
0.147400431669
0.154949894483
0.161794303068
0.16654613311
0.168271049057
0.166634371508
0.161937620004
0.155075058589
0.147404707428
0.14049298481
0.135701287839
0.133708732141
0.134249426102
0.136287437967
0.138493996187
0.139695194083
0.13912457067
0.13652325576
0.132178660132
0.126931022661
0.122082101466
0.119071585397
0.118877790339
0.121443034354
0.125627220593
0.129747109681
0.132236837022
0.132070099553
0.128922596592
0.123179557204
0.115857177622
0.108432676576
0.102511037896
0.0992840832849
0.0989870258192
0.100802833509
0.103338035739
0.105237024679
0.105557239293
0.103906245004
0.10048505136
0.0961124711344
0.0921703982944
0.0902731201764
0.0915281803505
0.095792264811
0.101683577512
0.107334322607
0.111157350941
0.112261768972
0.110601158693
0.106983148268
0.102951028503
0.100417928024
0.100934723962
0.104873831456
0.11124695976
0.118335253486
0.124475344986
0.128514780928
0.129966875658
0.129034372503
0.126591485228
0.124101388246
0.123338221837
0.12578579026
0.131902770393
0.140825254464
0.150777086726
0.159782384764
0.166220597386
0.169125212009
0.168312002816
0.164411555319
0.158814764447
0.153463782127
0.150371569098
0.150877344294
0.155017563831
0.161541156674
0.168551576785
0.174235056891
0.17731059575
0.177211843706
0.174132134501
0.169008614895
0.163423947147
0.159311858188
0.158358092885
0.161248370883
0.167280071573
0.174690622571
0.181399798401
0.185648102354
0.186342396428
0.18318569973
0.176698265393
0.168169810223
0.159497343197
0.152790989
0.1496768082
0.15055082227
0.154368027423
0.159188616331
0.162991807126
0.164243227131
0.162141497923
0.15668758258
0.148685671342
0.139679817133
0.131720924531
0.126793678559
0.125933883284
0.128614867814
0.133040272868
0.137056429487
0.138916933289
0.137631559123
0.13305412324
0.125875702432
0.117565738056
0.110168962613
0.105750920134
0.105447619653
0.108747593504
0.113806053787
0.118450755743
0.120970869606
0.120445345169
0.116826860475
0.11095272159
0.104488504313
0.0996376838954
0.0983594232977
0.101269662046
0.107226444027
0.114101955053
0.11984438282
0.123065603526
0.123219228974
0.120626443763
0.116454629506
0.112582132468
0.111140765571
0.113618131018
0.120004024483
0.128812789104
0.137913280207
0.145351764402
0.149787439512
0.15065726856
0.148234353265
0.143633023111
0.138698119596
0.135615737373
0.136130181015
0.140678568461
0.148169930975
0.156619138019
0.164008267504
0.168837410014
0.170343797378
0.16855703561
0.164294937286
0.15909298351
0.154957372549
0.153800598534
0.156637603673
0.163047909173
