0.0
0.00048963475447
0.00136864555869
0.00246163853681
0.00367613974883
0.00493865263609
0.00618808077659
0.00737633317835
0.00847059268552
0.00945564509777
0.0103355514094
0.0111340775739
0.0118931073502
0.0126680887605
0.0135198145368
0.0145033069896
0.0156566223904
0.0169934241474
0.0185018126529
0.0201489635439
0.0218889357013
0.0236710559688
0.0254472374641
0.0271777078541
0.028835099113
0.0304069405415
0.0318965221221
0.0333220410058
0.0347139818886
0.0361108335721
0.0375534989671
0.0390790971345
0.040715137217
0.0424751656213
0.0443567553988
0.0463421650947
0.0484014290349
0.0504970563918
0.0525893980118
0.0546417321788
0.0566244339943
0.0585178221708
0.0603135613765
0.0620146627631
0.0636342316056
0.0651931527984
0.0667169588708
0.068232191514
0.0697626872008
0.0713263024926
0.0729326198787
0.0745820312416
0.0762663109016
0.0779704533638
0.0796753017565
0.0813604256828
0.0830068173894
0.0845991575568
0.0861275593121
0.0875887510557
0.0889866314244
0.0903320879263
0.0916419813871
0.0929372879598
0.0942405378499
0.0955728488245
0.096950973271
0.0983848135199
0.0998758247466
0.101416590215
0.102991667692
0.104579586369
0.106155679027
0.107695305362
0.109176993301
0.110585097441
0.111911706562
0.113157699027
0.114332939239
0.115455668576
0.116551116056
0.117649307388
0.118782038412
0.119979082577
0.12126393705
0.122649734557
0.124136197117
0.125708498597
0.127338563453
0.128988708112
0.130616877348
0.132182329994
0.133650609533
0.134996965631
0.136207878735
0.137280780286
0.138222340962
0.139045809713
0.139767904384
0.140405726521
0.140974130806
0.141483910226
0.141941039144
0.142347045777
0.142700389001
0.142998514801
0.143240138431
0.143427234414
0.143566245053
0.143668220943
0.143747800683
0.143821238901
0.143903909166
0.144007834458
0.14413976546
0.144300175561
0.144483300546
0.144678099148
0.144869837256
0.145041925062
0.145177693963
0.145261937851
0.145282198627
0.145229874391
0.145101224124
0.14489824071
0.144629225702
0.144308812359
0.143957213727
0.143598621599
0.143258885017
0.142962760433
0.142731088979
0.142578226299
0.142509988711
0.142522348764
0.142601125355
0.142722913212
0.14285740894
0.14297106431
0.143031670376
0.143013150786
0.14289965983
0.142688115425
0.142388622262
0.142022690086
0.141619687453
0.141212336897
0.140832203033
0.140505970885
0.140253006672
0.140084290682
0.140002517041
0.140003003932
0.140075055114
0.140203503219
0.140370286176
0.140556013417
0.140741545509
0.140909607965
0.141046395951
0.141143016575
0.141196510465
0.141210185664
0.141193107739
0.141158807004
0.141123492113
0.141104184968
0.141117142661
0.141176725415
0.141294611408
0.141479092307
0.141734210519
0.14205872435
0.14244520284
0.142879783685
0.143343118083
0.14381272358
0.144266465016
0.1446863971
0.145061952645
0.145391595515
0.145682531419
0.145948710887
0.146207896232
0.146478791075
0.14677906071
0.147124598813
0.147529830594
0.148008412808
0.14857354758
0.149237301019
0.150008741487
0.150891241366
0.151879728984
0.152958895544
0.154103212671
0.155279122601
0.156449119642
0.157576873196
0.158632277667
0.159595418209
0.160458819922
0.161227810374
0.161919196493
0.162558649456
0.163177222276
0.163807376915
0.164478861737
0.165214806984
0.166028484877
0.166921245692
0.16788210336
0.168889240622
0.169913341485
0.170922229066
0.171885936153
0.172781200969
0.173594523074
0.174323290422
0.174974969095
0.175564774073
0.176112489263
0.17663913175
0.177163996331
0.177702371763
0.178263987958
0.178852137471
0.179463402049
0.180087987881
0.180710748898
0.181312964188
0.181874830061
0.182378435669
0.182810797302
0.183166419313
0.183448877479
0.183671082647
0.183854127612
0.184024873521
0.184212630478
0.184445401399
0.18474618739
0.185129832004
0.185600818622
0.186152341183
0.186766842811
0.187418031151
0.188074158156
0.188702122539
0.189271776197
0.18975975346
0.190152214391
0.190446115737
0.190648915273
0.190776904567
0.190852587132
0.190901608776
0.190949705959
0.191020013178
0.191130910777
0.191294464805
0.191515454594
0.191790988103
0.192110770528
0.192458122309
0.192811814766
0.193148658144
0.193446569614
0.193687646096
0.193860664908
0.193962497556
0.19399814708
0.19397943305
0.193922644543
0.193845668632
0.193765139272
0.193694055288
0.193640142988
0.193605059449
0.193584401683
0.193568436
0.19354346518
0.19349376901
0.19340401798
0.193261950744
0.193060935871
0.192801902477
0.192494099616
0.192154320094
0.191804570983
0.191468586672
0.191167921488
0.190918488515
0.190728263992
0.190596539417
0.190514667049
0.19046790336
0.190437791437
0.190404565686
0.190349242332
0.190255286067
0.190109907875
0.189905108266
0.189638516937
0.189313969229
0.188941670154
0.188537789405
0.18812342369
0.187723003111
0.187362333222
0.187066499182
0.186857812398
0.186753905495
0.18676604282
0.186897743749
0.187143897855
0.187490618896
0.187916074946
0.188392403125
0.188888597549
0.189374008238
0.189821901816
0.190212483088
0.190534886082
0.190787881713
0.190979333969
0.191124675037
0.191244790778
0.191363688529
0.19150620948
0.191695889619
0.191952966117
0.192292495107
0.192722609688
0.193243085322
0.193844508339
0.194508429389
0.195208802619
0.195914783014
0.196594609922
0.197219962647
0.197769971656
0.198234134197
0.198613619848
0.198920851501
0.199177594106
0.199412002253
0.199655110959
0.199937173224
0.200284135789
0.200714490994
0.20123677463
0.20184805565
0.202533794344
0.203269343797
0.204023102194
0.204760942567
0.205451178164
0.206069114816
0.206600300053
0.207041903002
0.207402156753
0.207698266953
0.207953505702
0.208194244751
0.208447467325
0.208738941044
0.209091884354
0.209525759078
0.210054842726
0.210686467525
0.211419163934
0.212241277299
0.213130764355
0.214056707295
0.214982653455
0.215871311045
0.216689680857
0.217413527222
0.21803025951
0.218539765416
0.218953230054
0.21929038841
0.219575861904
0.219835235158
0.220091412118
0.220361642279
0.220655487095
0.220973914657
0.22130963828
0.221648708496
0.221973200578
0.22226462423
0.222507480042
0.222692252507
0.222817207364
0.222888562033
0.222918990653
0.222924817576
0.222922567835
0.222925653472
0.222941877544
0.222972168763
0.223010623924
0.223045642629
0.223061768386
0.223041827214
0.22296904944
0.222829004936
0.222611301158
0.222311034079
0.221929936519
0.22147707969
0.220968921287
0.220428517918
0.219883843481
0.219365334879
0.218902941794
0.218523030981
0.21824547304
0.218081170968
0.218030241772
0.218081073165
0.218210522212
0.21838552237
0.218566240516
0.218710640661
0.218779933924
0.218744046002
0.218586072225
0.21830480773
0.217914833316
0.217444191453
0.216930223084
0.216414479543
0.215937678664
0.215535457855
0.21523530897
0.215054719998
0.215000324101
0.215067813063
0.215242471964
0.215500343635
0.215810138778
0.216135999777
0.216441080373
0.216691667316
0.216861309593
0.216934259972
0.216907548347
0.216791229534
0.21660672507
0.216383592768
0.216155370356
0.215955250508
0.215812233821
0.215748144548
0.215775610785
0.215896934169
0.21610376737
0.216377645281
0.216691557879
0.217012765742
0.217306857389
0.217542662209
0.217697213299
0.217759704559
0.217733463085
0.217635387195
0.21749295359
0.217339540045
0.217209206773
0.217132086026
0.217131183842
0.217220847999
0.21740664177
0.217686064309
0.218049549918
0.218481408433
0.218960695349
0.219462286224
0.219958487422
0.220421409777
0.220826013174
0.221153406048
0.221393773546
0.221548301132
0.221629677573
0.221661076422
0.221673818541
0.221704121573
0.221789372456
0.221964303097
0.222257357438
0.222687490004
0.223261656834
0.223973326972
0.224802371262
0.225716609133
0.226675069937
0.227632678765
0.228545715639
0.229377146287
0.23010090449
0.230704420929
0.231189102859
0.231568909348
0.231867525064
0.232114775967
0.232342883886
0.232582963886
0.232861943513
0.23319995262
0.233608210189
0.234087561567
0.234627950097
0.235209170451
0.235803126321
0.236377525266
0.23690055265
0.237345748142
0.237696177843
0.23794712146
0.238106819691
0.238195233247
0.238241123637
0.238277993065
0.238339503555
0.238454961608
0.23864539248
0.238920643702
0.239277884875
0.239701767991
0.240166345425
0.240638595292
0.241083106899
0.241467208484
0.241765671118
0.241964168564
0.24206092456
0.24206637229
0.242001071145
0.241892440603
0.241771008111
0.241666787926
0.241606207387
0.24160973865
0.241690210235
0.241851703071
0.242089006511
0.242387741233
0.242725378963
0.243073364784
0.243400381748
0.243676466345
0.243877345898
0.243988137444
0.244005615667
0.243938506452
0.243805763174
0.243633224754
0.243449377992
0.243281035456
0.24314962164
0.243068520401
0.243041683224
0.24306350553
0.243119876976
0.243190264868
0.243250650702
0.243277057146
0.243249268235
0.243154200853
0.24298830247
0.242758415067
0.242480787537
0.242178302666
0.24187640709
0.241598553769
0.241362083463
0.241175330087
0.241036409478
0.240933741696
0.240848003041
0.240754995398
0.240628888235
0.240445384358
0.240184524392
0.23983298191
0.23938576548
0.238847234891
0.23823129154
0.23756060658
0.236864839064
0.2361779788
0.23553514905
0.23496932488
0.234508394634
0.234172829534
0.233974014195
0.233913158708
0.23398072661
0.234156461625
0.234410272403
0.234704296496
0.234996327252
0.235244447131
0.235412281134
0.235473953417
0.235417734985
0.235247603563
0.234982421768
0.234653022178
0.234297948499
0.233958797722
0.233675986423
0.233485402367
0.233416001619
0.233488109416
0.23371210536
0.23408731297
0.234601192511
0.235229204953
0.235935854994
0.236677320206
0.237405750752
0.238074829117
0.238645741229
0.23909245163
0.23940522087
0.239591706064
0.239675485855
0.23969240668
0.239685503069
0.239699341278
0.239774531002
0.239942932135
0.240223897396
0.240621810423
0.241125192291
0.241707664334
0.242330953701
0.242949842179
0.243518524098
0.243997396264
0.244359039787
0.244592214835
0.244703100977
0.244713663583
0.244657695948
0.244575551768
0.244508712035
0.244495105421
0.244565669976
0.244742170076
0.245035985369
0.245447516737
0.245966024553
0.246569986434
0.247228299939
0.247902689604
0.248551484185
0.249134520044
0.249618480205
0.249981688524
0.250217372065
0.250334709853
0.250357490436
0.250320720712
0.250265893818
0.250235747293
0.250269245181
0.250397300031
0.250639534774
0.2510022528
0.251477747778
0.252045085276
0.252672438548
0.253320896379
0.253949383045
0.254520018557
0.255003028965
0.255380307788
0.255646975591
0.255810729646
0.255889281068
0.25590657832
0.255888690452
0.255860137064
0.255841166996
0.255846132633
0.25588281074
0.255952388901
0.256049867167
0.256164776617
0.25628227684
0.256384764719
0.256454052123
0.256473974912
0.256433069153
0.256326798299
0.256158837529
0.255941099363
0.255692455625
0.255436376977
0.255197880599
0.255000207191
0.254861615335
0.254792612356
0.254793920066
0.254855488801
0.254956875637
0.255069213814
0.255158771026
0.255191743403
0.25513955852
0.254983707503
0.254719113823
0.254355319995
0.253915266847
0.253431985651
0.252943973862
0.252490177409
0.252105422672
0.251816827876
0.251641374975
0.251584561478
0.251639968145
0.251789649978
0.252005403784
0.252251067817
0.25248596949
0.252669426521
0.252765877343
0.252749883672
0.252610089948
0.252351273946
0.251994000015
0.251571869086
0.251126896908
0.25070390141
0.25034488008
0.250084201061
0.249945111832
0.249937729321
0.250058437594
0.250290538659
0.250606045522
0.25096857832
0.251337312972
0.251671775663
0.251937003254
0.252108304172
0.252174721769
0.252140416385
0.252023569788
0.25185297946
0.251663050446
0.25148822918
0.251357962348
0.251292991184
0.251303355176
0.251388040706
0.251535920098
0.251727545915
0.251937463158
0.252136869593
0.252296577548
0.25239023413
0.252397606585
0.252307560224
0.252120197667
0.251847677799
0.251513429753
0.25114983212
0.25079475579
0.250487568585
0.250265187398
0.250158597857
0.25019003942
0.250370892899
0.250700293668
0.251164577147
0.251737789355
0.252383528557
0.253058246408
0.253715847603
0.254313051321
0.254814677169
0.255197914424
0.255454809527
0.255592605338
0.255632052256
0.255604232163
0.25554663224
0.255499156015
0.255500509182
0.255585088164
0.255780271135
0.256103962627
0.256562392943
0.257148447679
0.257841048694
0.258606183812
0.259399964649
0.260173645259
0.260879945367
0.261479591254
0.261946813616
0.262272754117
0.262466214079
0.262551758343
0.262565678156
0.262550594205
0.262549540665
0.262600282139
0.262730465202
0.262954090403
0.263269703686
0.263660604996
0.264097196717
0.264541301878
0.264951913458
0.265291480092
0.265531636837
0.265657341048
0.265668696308
0.265580261517
0.265418190012
0.26521594266
0.265009487722
0.264832791424
0.264714124151
0.264673379976
0.264720366286
0.264853936589
0.265061909931
0.265321864326
0.265603008279
0.265869290896
0.266083701752
0.266213348364
0.266234527863
0.266136802158
0.265925171217
0.265619784855
0.265253211407
0.264865810245
0.264500120774
0.264195259381
0.263982141936
0.263880039822
0.263894673431
0.264017848202
0.264228558923
0.264495470252
0.264780637631
0.265044199962
0.265249556742
0.265368317183
0.265384172911
0.265294941852
0.265112322982
0.264859388212
0.264566343216
0.264265455054
0.263986163511
0.263751234105
0.263574451537
0.26345992969
0.263402770295
0.263390627559
0.263405744822
0.263427166703
0.263432997991
0.263402689945
0.263319325824
0.263171765298
0.262956363728
0.262677900086
0.262349413081
0.261990851547
0.26162671442
0.261283083913
0.260984531191
0.260751290147
0.260596916572
0.260526497605
0.260535439086
0.260608956571
0.260722540376
0.260843736086
0.260935455589
0.260960694643
0.260888070048
0.260697179876
0.26038262803
0.259955746671
0.259443566504
0.258885264569
0.258326912325
0.257815667196
0.257394470377
0.257097960381
0.256949808529
0.256961286548
0.257130707197
0.257443469329
0.257872692694
0.258380676058
0.258921529451
0.25944519634
0.259902734943
0.260252271414
0.260464674478
0.260527851672
0.260448765956
0.26025272534
0.259980081104
0.259680982765
0.259409128231
0.259215460822
0.259142559011
0.259220172879
0.259462125395
0.25986469881
0.260406651078
0.261051053489
0.261749079056
0.26244562159
0.263086213225
0.263624269092
0.264027411846
0.264281669464
0.264392735057
0.264384123872
0.2642927508
0.264162954469
0.264040173403
0.263965305508
0.263970383296
0.264075749224
0.264288601832
0.264602676839
0.264998924627
0.265447208055
0.265909160802
0.266342276306
0.266705034664
0.266962507544
0.267091557354
0.267084650626
0.266951480547
0.266718037997
0.266423327532
0.266114386865
0.265840523316
0.26564766481
0.265573492761
0.265643729298
0.265869712145
0.266247278354
0.266756993993
0.267365820602
0.268030290602
0.268701106252
0.269328786461
0.2698696484
0.270291180104
0.270575855257
0.270722710691
0.270746488185
0.270674668988
0.270543147109
0.270391441087
0.270258232184
0.270177714026
0.270176869361
0.270273549119
0.270475159011
0.270777894947
0.27116668058
0.27161613816
0.272092888719
0.272559239912
0.27297791694
0.273317103475
0.273554854469
0.273682027691
0.273703206605
0.273635543265
0.273505860934
0.27334661107
0.27319133601
0.273070214555
0.273006147745
0.273011753469
0.273087600067
0.273221978062
