1.0
0.9987603885227027
0.9952620178003219
0.9901135239815418
0.984178908525946
0.9783945131087588
0.9735745547650967
0.9702447049070825
0.9685332159284604
0.9681348716858201
0.9683490226764074
0.9681821506449022
0.9664984305586056
0.9621976360835829
0.9543971631031078
0.9425932854850908
0.9267766158085312
0.9074797697101393
0.885742681712249
0.8629931598778832
0.8408552750997093
0.8209128391328709
0.804465298853876
0.7923166741195801
0.7846331478992535
0.7808937497630849
0.7799438972406807
0.7801464865873183
0.7796117738472805
0.7764762965575842
0.7691927883373783
0.7567880368826982
0.7390455135841393
0.7165763508242137
0.6907577212000775
0.6635400599415058
0.637151197891918
0.6137470229825159
0.595071821916056
0.5821877083427776
0.5753168499770672
0.5738159314543815
0.5762767439326271
0.5807282021197077
0.5849056293247892
0.5865515980455783
0.5837155947535793
0.5750226960859478
0.5598824269315379
0.5386089952742471
0.512426741093317
0.48334403689857414
0.45389717062712276
0.42679109630764406
0.40449010103600436
0.38882960845044173
0.38072266842556385
0.38001838640571933
0.3855378006519507
0.3952753256015449
0.4067216854847333
0.41724581218420537
0.4244712251278579
0.42659405142199075
0.42260776967669594
0.4124177899833946
0.3968421228759435
0.3775026670266057
0.35661745434427516
0.3367113090780189
0.3202729414746823
0.30939946026858967
0.3054800116390428
0.3089730512899748
0.3193219763161558
0.3350313142099516
0.35389511931658446
0.3733391621577287
0.3908168738224086
0.4041915116497497
0.412043406911171
0.4138586859009014
0.4100778389660497
0.40200493890362304
0.39159729312777874
0.3811697202906092
0.3730569908925222
0.36928196191867907
0.3712751717779862
0.37968389703765043
0.3942954240094449
0.4140824747505482
0.4373609401178995
0.4620344750411305
0.4858895527088126
0.5068995466403837
0.5234972991767033
0.5347814002087983
0.5406305098249915
0.5417112638134612
0.5393776214454281
0.5354726248290885
0.5320569072677156
0.5311007755516264
0.5341859261246826
0.5422658611254327
0.5555274626381652
0.5733798042624837
0.5945717204838394
0.6174137611261318
0.64005934740872
0.660790939120207
0.6782619223064685
0.6916601480886787
0.7007792648661558
0.7060016235949972
0.7082079824512899
0.7086333534072428
0.7086882220199442
0.7097631530212593
0.7130356700254737
0.7193012234116263
0.728852818877583
0.7414328123021616
0.7562724996601569
0.772220052268894
0.7879381612116334
0.80213525660365
0.8137845711879748
0.8222874524504061
0.8275508416902314
0.8299693055043008
0.8303228969092201
0.8296176140963663
0.8289022699674429
0.8290944544566965
0.8308415619197732
0.8344337789394017
0.8397769358436716
0.8464251625684008
0.8536663322264144
0.860646928822166
0.8665174258674309
0.8705753253149388
0.8723823907874282
0.8718360328164184
0.8691824683333516
0.8649699597130893
0.8599511394972051
0.8549520063635702
0.8507299611324559
0.8478436100291945
0.8465541411683019
0.8467730815616203
0.8480652802917295
0.8497093717846421
0.8508105596935887
0.8504521899561499
0.8478639276677388
0.842577436336518
0.8345379362653782
0.8241443318791772
0.8122032337257249
0.7998000626702665
0.7881098386619925
0.7781848606957191
0.7707617885997172
0.7661251896721384
0.7640507265357459
0.7638337439656518
0.7643933388439494
0.7644316009195743
0.7626233493216966
0.7578117333529671
0.749186894664573
0.7364265656119618
0.7197788111444192
0.7000697279659713
0.6786251934836457
0.6571072381951563
0.6372813453265994
0.6207476063291074
0.6086805222716016
0.6016251286148636
0.5993884494059006
0.6010479676928121
0.6050766398249837
0.60956333856617
0.6124928715962423
0.6120425442392503
0.6068522031402365
0.5962300697422117
0.5802658032327027
0.5598340315901388
0.5364856957416009
0.5122399315303812
0.4893044202456839
0.4697641563426036
0.4552848644957923
0.44687560408677446
0.4447455298856363
0.44827432163894504
0.4560979852741006
0.46629533383241456
0.47664816224214723
0.4849409814653959
0.4892635507773429
0.48827994016844034
0.481430345748607
0.469036355265198
0.4522880337404759
0.4331037387415928
0.4138716518949653
0.39710385275984167
0.3850546101858591
0.3793677706910782
0.3808177245642766
0.3891921970370013
0.4033363717967761
0.42134468001991615
0.4408587936139904
0.45941530019373295
0.4747863180784322
0.4852675641219497
0.4898845779688173
0.48850263864503585
0.48183595056663936
0.47135749206032956
0.45911550933119477
0.44746979381609575
0.43877227723826373
0.435030559618659
0.43760477670129994
0.44699162482188204
0.4627399623691448
0.4835196127255491
0.5073341402304047
0.5318380818866124
0.5546984781235148
0.5739352807785688
0.5881855130977119
0.5968569913271046
0.6001616025106468
0.5990385401367274
0.594990994911471
0.5898650900883395
0.5855999435672422
0.5839758436112523
0.5863860744424902
0.5936572212263109
0.6059412271777139
0.6226974719028495
0.6427731950552319
0.664575317072961
0.6863100930561916
0.7062527556381066
0.723002277138762
0.7356787566151055
0.7440324163161687
0.7484498706690361
0.7498617183790586
0.7495712920318477
0.7490355008919917
0.7496342253002115
0.7524646201250745
0.7581913646455992
0.7669739234346177
0.7784783549341212
0.7919662907114442
0.8064402566470427
0.8208158352499525
0.8340891360931673
0.8454728426065339
0.8544836666424268
0.8609751200818019
0.8651189962887488
0.8673450917772104
0.8682514849330568
0.8684984056433288
0.8686989080851221
0.8693200803081954
0.8706090387999831
0.872557148575088
0.8749121059785195
0.8772398474118136
0.8790273861709667
0.8798064300316165
0.8792699549992247
0.8773529820592052
0.8742565077439169
0.8704080455207709
0.8663684410869594
0.8627079002886959
0.8598802020917128
0.8581215487073246
0.8573924897788658
0.8573701584517496
0.8574884678318739
0.8570173110762779
0.8551684652114797
0.8512146358752425
0.8446073921913423
0.8350789464158924
0.8227122052127596
0.8079647657798755
0.7916370214704076
0.7747825591943298
0.7585698208098264
0.744114614415698
0.7323104595377871
0.7236855157809664
0.7183104760832146
0.7157728546222973
0.7152221062642299
0.7154797412627214
0.7152003631783858
0.7130635690248099
0.7079723611200958
0.6992307772118448
0.6866726581329846
0.6707164024373314
0.6523290151986134
0.6328971228018272
0.6140207145111698
0.5972627091136041
0.583898910260694
0.5747135805902251
0.5698763624666043
0.568918550803337
0.5708068143461154
0.5740962799482888
0.5771353243945565
0.5782920324570457
0.5761747266270665
0.5698230832656801
0.5588499169498906
0.5435163545249845
0.524726266149455
0.5039319380073712
0.4829535462089861
0.46372984596275774
0.44803323298151954
0.43719520578101756
0.43189091457783774
0.43202445605977086
0.43673767435329264
0.44454116024683293
0.45354261299475623
0.46173149778200034
0.46727260476666127
0.46876478313374564
0.46543144238774314
0.4572223238424885
0.44481830678754186
0.42954127311871637
0.4131797380481476
0.39774924598742756
0.3852150472576981
0.3772124229344196
0.3748047940580773
0.37831849376578053
0.387284007240575
0.40049687812067575
0.41619118559224255
0.43229863983024164
0.44675217275687445
0.4577869400180593
0.46419405710429434
0.4654914657004359
0.4619891910945599
0.454740949677823
0.44538912688566373
0.43592463197503933
0.42839582993683833
0.4246096804556147
0.4258708376875036
0.4327991171476306
0.4452524814499212
0.46236393725945935
0.48268102798573637
0.5043805947028392
0.5255226847472695
0.5443064789596632
0.5592961985247182
0.5695932029376385
0.574938866225894
0.5757398206773717
0.5730129192823887
0.5682531455324445
0.5632352212799862
0.5597693544384024
0.5594421310770027
0.5633817757996844
0.5720887874347359
0.5853653330608232
0.6023593880930677
0.6217160787393484
0.6418058543663847
0.6609838110619545
0.6778316276861561
0.6913424563354298
0.7010267436800321
0.7069350888272642
0.7096086747657674
0.7099750405617534
0.7092079743958044
0.7085681317454406
0.7092390180755126
0.7121731881479182
0.7179655629107816
0.7267722490142057
0.7382913063199814
0.7518141333363935
0.7663434582179711
0.7807590882494241
0.7940006087624321
0.8052313970948803
0.8139529843484387
0.8200508687755221
0.8237693221039891
0.8256277730805932
0.8263015284719365
0.8264931098880759
0.8268179459863171
0.8277215374458965
0.8294369020435761
0.8319829490466347
0.8351977359827915
0.838796009974854
0.8424382031442537
0.8457981619452913
0.8486189905583147
0.8507497744093097
0.8521597959795808
0.8529303699777978
0.8532271528224149
0.8532577009550351
0.8532204453283758
0.8532524259501811
0.8533841501550619
0.8535104800914042
0.8533858647691671
0.8526497806019093
0.8508835041550803
0.8476925504116123
0.8428014492499007
0.8361412648824963
0.8279076548122724
0.8185704919054666
0.8088254889287653
0.7994916695825568
0.791372432210563
0.7851078033893455
0.7810481522353219
0.7791745411253681
0.7790801469140619
0.7800145419537632
0.7809817786033663
0.780876335546215
0.7786381730140192
0.7734079817382064
0.7646644089229054
0.7523256387785735
0.7367986683786812
0.7189626053830801
0.7000791103162631
0.6816342757069119
0.6651301682771469
0.6518572805104772
0.6426868046142417
0.6379207387429391
0.6372279167115372
0.6396777980913257
0.643865888458424
0.6481095841418166
0.650683827363362
0.6500627040955852
0.6451347598318344
0.6353644392120456
0.6208785013804156
0.602464275779129
0.5814765975431275
0.5596622421864303
0.5389234762529271
0.5210537701180084
0.5074853742274021
0.4990880950675553
0.49605051192805566
0.49786028855779313
0.5033834115415426
0.5110265770887801
0.5189565295844911
0.5253453096940183
0.52861107337248
0.5276275576023819
0.5218796311018931
0.5115464190255927
0.49749805205349645
0.4811988176475218
0.46452012060495523
0.4494813683304951
0.4379529605933489
0.4313686388633495
0.4304984906930635
0.43532584110619316
0.4450518987230185
0.4582259404799691
0.47297364270330117
0.48727972639743344
0.49927581952796674
0.5074908041901102
0.51103346569487
0.5096917101850725
0.5039442914142033
0.4948890635481504
0.4840971945773181
0.4734077275879277
0.46468311731452216
0.4595537347327365
0.45918568446846375
0.4641084637629316
0.4741336388334787
0.4883825104899352
0.5054213129286514
0.5234818452770411
0.5407290598169978
0.5555295038020284
0.5666771034908872
0.573543990100463
0.5761399705640774
0.5750802104990587
0.571473816532393
0.5667543559635104
0.5624773854549849
0.5601109096443783
0.5608435577656369
0.5654327549780294
0.574111140387311
0.5865634346053523
0.6019776249177416
0.6191642879546699
0.6367276341616194
0.653263491107087
0.6675550743305512
0.6787376196598575
0.6864084451841738
0.6906674443111774
0.6920836438989546
0.6915940749099029
0.6903509421444609
0.6895408020031719
0.6902042660402322
0.6930854547112433
0.6985358579529212
0.7064875629533116
0.716497140496021
0.7278472708183003
0.739681807883887
0.7511460651780666
0.7615063122967359
0.7702320115011744
0.7770350838044415
0.7818700844285383
0.784904485774556
0.7864692081339087
0.7869977145445809
0.7869597412210074
0.7867948750462361
0.7868521624545928
0.7873437726359603
0.7883215832416401
0.7896836471432327
0.7912121282125227
0.7926364592851023
0.793707583371281
0.7942645083898163
0.7942752839968443
0.793841168865597
0.7931632222631587
0.7924811611385313
0.7920015196861762
0.7918337918626108
0.791949574380158
0.792172704226258
0.7922006896311987
0.791651598642858
0.7901270490271828
0.7872808724976057
0.7828835440929771
0.7768735638187876
0.769388189615702
0.7607673390931264
0.7515268409116892
0.7423009154625616
0.7337589105663922
0.7265068648807035
0.7209889131112492
0.7174053352227288
0.7156623874490309
0.715364428750936
0.7158521414458364
0.7162838581131462
0.7157507033675607
0.7134112550848261
0.7086275929777546
0.7010822082277237
0.6908549946658887
0.678442646018941
0.664710302142125
0.6507768636923523
0.6378491240707481
0.627032153864427
0.6191500025177623
0.6146098930614651
0.6133334013850822
0.6147644926605093
0.6179491137064
0.6216698326047051
0.6246129054850407
0.6255445666140828
0.6234757883342529
0.6177982726243688
0.6083774439507362
0.5955907214010234
0.5803024314193324
0.5637719777638052
0.5475000846995867
0.5330286622837426
0.5217205387385626
0.514553012807927
0.5119607643559207
0.5137568232938702
0.5191475052918227
0.526840005843523
0.5352248697077934
0.5426039874824936
0.5474293843450458
0.5485193237942219
0.5452239727783125
0.5375208252929674
0.5260285109812012
0.5119360096956933
0.4968530652005175
0.48259722915992
0.4709430568913978
0.46336770477477746
0.4608316990219566
0.4636313067006335
0.47134872087954266
0.48290969846097354
0.49673934151153226
0.5109900106599602
0.5238047882970828
0.5335770376181632
0.539170215365488
0.5400703047272158
0.5364528648851741
0.529157048305713
0.5195692830672031
0.5094301381988499
0.5005888833240218
0.49473972196878535
0.49317933302232625
0.49662410385318645
0.5051164664914249
0.5180337220343212
0.5341940216953339
0.5520371520841575
0.5698470387533928
0.5859803120985813
0.5990700037975408
0.6081824557515688
0.6129152217778943
0.6134314537750143
0.6104311335123885
0.6050624821938803
0.5987798901329392
0.5931595333439607
0.5896909326535933
0.5895705925096514
0.5935294058695346
0.6017251540256078
0.6137229391392541
0.6285704077271974
0.6449550248042217
0.6614132847463965
0.6765520233702063
0.6892426008145178
0.6987585383646524
0.7048420674586474
0.7076998649413871
0.7079390996042213
0.7064602848539411
0.704324434791251
0.7026105949102962
0.7022783271990163
0.7040489848068336
0.7083191263276135
0.7151179245813111
0.7241160873490214
0.7346867763416275
0.7460098107267156
0.7572016381684387
0.7674482200248945
0.7761172306469891
0.7828311409649404
0.787491537379997
0.7902556162518513
0.791474878726094
0.7916121931655785
0.7911553741822394
0.790543477268385
0.7901170808581561
0.7900971176442666
0.7905899405850968
0.7916107976508888
0.7931150592978762
0.795027003301347
0.797259292219081
0.7997212016872289
0.8023180971007954
0.8049470072936032
0.8074929792948237
0.809828411380287
0.8118149148633423
0.8133055453243833
0.8141455228396638
0.8141718370828791
0.813214847825966
0.8111069829481855
0.8077032153505331
0.8029147436719063
0.7967517155022512
0.7893647231160608
0.7810707825713407
0.7723494799663193
0.7638009125605594
0.7560665841160032
0.7497257043345745
0.7451878961863105
0.7426058817909893
0.7418277191796186
0.7423990405620838
0.7436148492362076
0.7446112094401688
0.744481726398914
0.7424022473192736
0.7377483874108988
0.7301925078062194
0.7197684927429949
0.7068941237399131
0.6923432203613216
0.6771644740740445
0.6625516152491848
0.6496794084625406
0.6395291535176292
0.6327328567038257
0.6294642953113319
0.6293977175352311
0.6317423590433022
0.6353473889369703
0.6388601823445921
0.6409134665186679
0.6403146903210286
0.63621230047637
0.6282177855864585
0.6164677991003396
0.60161726953987
0.5847621565920675
0.5672994030996632
0.5507409529957514
0.5365068595897006
0.5257277663723386
0.5190866843663015
0.5167246704578133
0.5182242874787828
0.5226718244487397
0.5287867930286413
0.5350981038995866
0.5401417345356955
0.5426545103916127
0.5417415304599947
0.536998741576228
0.5285764538789965
0.5171739563562309
0.5039609236390867
0.49042929111179423
0.4781898215671994
0.46873930934036023
0.4632339214546459
0.4623078409497456
0.4659709748522515
0.47360559597461294
0.484062524652048
0.4958379207419422
0.5072979911780503
0.5169133093283655
0.5234674438211828
0.5262132406306779
0.5249609386789534
0.5200923208274701
0.5125029986848809
0.5034811610312542
0.49453655883353714
0.4871989671153732
0.48281045699913
0.4823390912566085
0.4862417046591483
0.4943977772805961
0.5061266348147648
0.5202864824569452
0.5354398811002479
0.5500592840857753
0.562740404017773
0.5723918526753884
0.5783751560595861
0.5805785587751375
0.5794183490125677
0.5757709010875737
0.5708465513428238
0.5660223979564512
0.5626554131102047
0.5618997772350798
0.5645525949016975
0.5709494319392212
0.5809248255045316
0.593843628444559
0.6086980059538405
0.6242544247366799
0.639227516951091
0.6524547434546216
0.66304740538798
0.6704988644158884
0.6747379768767116
0.6761232104355396
0.6753798654624074
0.6734891817879513
0.671544021976688
0.6705910082352824
0.6714824879928042
0.6747617646117798
0.6806005144577222
0.6887979384671855
0.6988387395849268
0.7099948403683798
0.7214478811034523
0.7324076069236216
0.74220659184671
0.7503607248119427
0.7565947114151789
0.7608389298995673
0.7632068347342503
0.7639611397177368
0.7634740120827536
0.762183610978172
0.7605480055660356
0.758998225824711
0.7578942502883893
0.7574897328775875
0.7579117673960976
0.7591601208967357
0.7611262448740832
0.7636273873274263
0.7664469474044819
0.769370829363883
0.7722113556227301
0.7748149608365559
0.7770554495774926
0.7788191556629759
0.7799903727254249
0.7804445409256371
0.7800535117691911
0.7787030414347522
0.7763188170862193
0.7728947653783494
0.7685165287466993
0.7633737365126833
0.7577566595876485
0.7520354874176629
0.7466233741426914
0.7419271350478196
0.7382917227186424
0.7359460734634385
0.7349583067213961
0.7352075664988532
0.7363780672242948
0.7379785312962204
0.7393875037018736
0.7399222308135177
0.7389258072752555
0.7358639631165051
0.7304193149265257
0.7225677496082301
0.7126202945529542
0.7012160213766714
0.6892582364890297
0.6777972186754029
0.6678754894962293
0.660362288294148
0.6558088170531006
0.6543523991806284
0.6556872273676075
0.6591048408007827
0.6635938569272635
0.6679791520293472
0.6710775638023291
0.6718491358722232
0.669527501864858
0.6637178656545722
0.6544543873030508
0.6422109205856246
0.6278609581025818
0.6125860313682449
0.5977376229405749
0.5846655806076088
0.5745342959875277
0.5681539831080917
0.5658552534917547
0.5674299556006992
0.5721502880825935
0.5788643547733995
0.5861531024573017
0.5925241931262036
0.5966144231409085
0.5973735255608941
0.5942068936868475
0.5870609222133037
0.5764409306332262
0.5633577970270769
0.5492061936089054
0.535585391558919
0.5240828120435346
0.5160491905185935
0.51239958567393
0.5134736912120929
0.5189806738522442
0.528039187102876
0.5393058951426491
0.5511702793052956
0.5619834101668791
0.5702855962905752
0.5750013049383104
0.5755773571731391
0.5720493608665987
0.5650302974704269
0.555623537031216
0.5452707636085117
0.5355534443718477
0.527973959227274
0.523747364299819
0.5236351321476401
0.5278467307325099
0.5360235380812056
0.5473053069003441
0.5604648906622216
0.5740865218756175
0.5867584835340706
0.59725253459248
0.6046687408892347
0.6085324443562817
0.6088375914703656
0.6060361764990333
0.6009770562698763
0.5947999312971743
0.5887932510170739
0.5842292014615417
0.5821941868575035
0.5834379641739511
0.5882659477115058
0.5964952474705811
0.6074851270233546
0.6202384993871141
0.6335567283332814
0.6462196713810135
0.6571591928456207
0.6655985033378106
0.6711388620561685
0.6737866068352004
0.673923729933798
0.672232392501111
0.669587628530761
0.6669337737864002
0.6651600109578805
0.6649894446980732
0.6668943815696956
0.6710476059357745
0.6773151043793633
0.6852901046666582
0.6943622524088748
0.7038105270412611
0.7129051774440403
0.7210031512370255
0.7276236987478141
0.7324947028322923
0.7355658104543052
0.7369898671269407
0.737079010190204
0.7362451595650894
0.7349361242824123
0.7335779003641811
