0.0
0.000296944475081
0.000843094900254
0.00148242623343
0.00208824504654
0.0025749360993
0.00292422078867
0.00318673879745
0.00346427188132
0.00388508844869
0.00455917299897
0.00550858509834
0.00663624372152
0.00777173525644
0.00875082956078
0.00948157097825
0.00997609226513
0.0103437152182
0.0107529829041
0.0113747956823
0.0123169847122
0.0135704247472
0.015001568302
0.0164050436101
0.0175870906269
0.0184372498949
0.0189617785617
0.0192739841098
0.0195523893744
0.0199824112912
0.0206939494783
0.0217104476798
0.0229361347925
0.0241986680459
0.0253276112447
0.0262252503786
0.026897198641
0.0274381475794
0.027990091564
0.0286945209139
0.0296485759854
0.0308680138946
0.0322704091193
0.0336982009844
0.0349789036891
0.035991029131
0.0367030211938
0.0371753986895
0.037536469857
0.037944126249
0.0385379641693
0.0393881739461
0.0404642228395
0.0416494512952
0.0427981053099
0.0437989876684
0.0446118535916
0.045270867525
0.0458696232108
0.0465371773051
0.0473987296558
0.0485184348221
0.0498512383579
0.0512459507604
0.052509406936
0.053493411285
0.0541557682746
0.0545736647068
0.0549147643905
0.0553789091306
0.0561231157275
0.0571932246094
0.0584990350439
0.0598549850808
0.0610649308346
0.0620011494704
0.0626416004361
0.0630637714136
0.0634137404974
0.0638639189396
0.0645594509562
0.0655578961781
0.0667905578267
0.0680805632899
0.0692187952655
0.0700559536999
0.0705623127237
0.0708337503718
0.0710509892806
0.0714105311023
0.0720483699671
0.0729832803195
0.0741087887198
0.0752433941163
0.07621291252
0.0769195833234
0.077367760352
0.0776477664214
0.0778990768915
0.0782693901047
0.0788712540993
0.0797372040807
0.0807919371582
0.0818682465923
0.082770116586
0.083352175959
0.0835757636442
0.083521518577
0.0833609327133
0.0832978745559
0.0834936206303
0.0839998626231
0.0847353016551
0.0855266352634
0.0861934022705
0.0866273358867
0.08682836085
0.0868940307395
0.0869815785771
0.0872580355572
0.0878415332588
0.0887424314808
0.0898340246849
0.090884212133
0.0916440778288
0.0919502517829
0.0917934603907
0.0913302159755
0.0908371422519
0.0906167964712
0.0908762841473
0.0916273408549
0.0926699269642
0.0936811429924
0.094360450726
0.0945511763779
0.094288235974
0.0937713352335
0.093289805677
0.0931246553643
0.0934473874021
0.0942444083924
0.0953073161866
0.0963087411434
0.0969334105429
0.0970023699081
0.0965411516433
0.0957759035619
0.0950628066265
0.0947634918031
0.0950961698195
0.0960258437232
0.0972649071066
0.0983962819914
0.0990495961899
0.0990381167334
0.0984077053272
0.0974030934684
0.0963814242907
0.0956988355334
0.0955899288017
0.0960738685563
0.0969366579263
0.0978140817049
0.0983394482535
0.0982845529863
0.0976406548304
0.0966245773965
0.0956144518143
0.0950210617465
0.0951182711869
0.0959032039378
0.0970790203286
0.0981864857769
0.0988058597661
0.0987187121424
0.0979718967321
0.0968482926015
0.0957722553003
0.0951705995252
0.0953122410403
0.0961826246308
0.0974701550414
0.0986905480361
0.0993850195186
0.0992948162533
0.0984532282208
0.0971836485099
0.096006210622
0.0954553735501
0.0958468803754
0.0971076548065
0.0987940938929
0.10030117495
0.101128860002
0.101068478129
0.100257888886
0.0991213200481
0.0982247282999
0.0980743794973
0.0989091084291
0.100580436082
0.102602544113
0.104353229099
0.105315545995
0.1052561347
0.104298326481
0.102890181025
0.101671143659
0.101244558499
0.101915837886
0.103535097621
0.105563589486
0.107327545901
0.10829956208
0.108276787193
0.107422563864
0.106196808144
0.105205532986
0.104992890981
0.10582407944
0.107556315214
0.109685943296
0.111555550767
0.112608012947
0.112578360175
0.111577809798
0.110066796639
0.108717792609
0.108174762807
0.108774695117
0.110379192829
0.112440683612
0.114262929806
0.115289154578
0.115285130739
0.114387658745
0.113046149487
0.111883341504
0.111487338374
0.112175328852
0.113834590894
0.115952282316
0.117832414437
0.11887790715
0.118809420264
0.117762330829
0.116252689914
0.115011753699
0.114705579617
0.115631587183
0.117565269726
0.11987245953
0.121810206289
0.12282787966
0.122741008801
0.121759604213
0.120403720474
0.119335424853
0.119129844556
0.120042520676
0.121883410547
0.124087018558
0.125949325161
0.126904543341
0.126726418908
0.125605066258
0.124092171742
0.122917137665
0.12270246335
0.123681738457
0.12558388236
0.127770022176
0.129531707566
0.130373247358
0.130165572475
0.129157859885
0.127879785885
0.12696668776
0.126937697793
0.127986589568
0.129883041321
0.13205366422
0.133808771696
0.134601734184
0.134219468591
0.132858438221
0.131075680694
0.129612130173
0.129110650369
0.129827800926
0.131505602802
0.133500539599
0.135086344196
0.135749488438
0.135355518598
0.134166792851
0.132742317545
0.131750808419
0.131729015118
0.132855231219
0.134849864377
0.137075974202
0.138793145318
0.1394372183
0.138819682355
0.137202436437
0.135235623103
0.133750597954
0.13343303513
0.134500023838
0.136580171139
0.138894054389
0.140613722896
0.141189266415
0.140517994425
0.138946250841
0.137140048379
0.135859497248
0.135680520641
0.136755187389
0.138735623944
0.140919018992
0.142535544683
0.14303591848
0.142278645769
0.140584343989
0.138650853126
0.137324271012
0.137259249809
0.138604899599
0.140914945669
0.143358192602
0.145089028649
0.145567630845
0.144717166177
0.142915409181
0.140858715904
0.139332623054
0.138931602169
0.139818380568
0.141647701238
0.14371236447
0.145233423722
0.145650256909
0.144810315664
0.143026278914
0.140994312015
0.139566495378
0.139408267838
0.140677245085
0.142927254859
0.145319049147
0.146997309688
0.147418812972
0.146515922172
0.144691168803
0.142677865783
0.141296289787
0.141149752734
0.142366213086
0.144528853681
0.146852114213
0.148503993171
0.148913833541
0.147964261864
0.14603901545
0.143920229878
0.142527180481
0.142537955835
0.144057130382
0.1465501068
0.149104666479
0.150842547049
0.1512532633
0.150343573607
0.148607219786
0.146851512927
0.145915513808
0.146343940232
0.148147269024
0.150787805698
0.153409142998
0.155177356841
0.155576262035
0.154573673074
0.152640387537
0.150616715109
0.149425107958
0.149688608843
0.151431328543
0.154061455622
0.156658445523
0.158374819552
0.158744296486
0.157809550558
0.156080875654
0.154361056615
0.15346970365
0.153929342455
0.155737675604
0.158357074959
0.160937943343
0.162652896372
0.162990772361
0.161925807853
0.159937838072
0.157874602521
0.156657415947
0.156898279683
0.158608630428
0.161192112039
0.163732223919
0.165385853306
0.16568274405
0.164651152621
0.162782838597
0.160869966921
0.159739981504
0.159942216843
0.161507379263
0.163919825489
0.166333682544
0.167914835093
0.168149224292
0.167021223302
0.165030551774
0.163038437448
0.161952955089
0.162339625065
0.164149601372
0.166745836266
0.169211530119
0.170741252919
0.17092339091
0.169844675517
0.168033730302
0.166279291185
0.165358084222
0.165738363738
0.167378952112
0.169739224148
0.172004900678
0.17341120778
0.173521927433
0.172381274035
0.170509698332
0.1687363196
0.167887984416
0.168431742959
0.17025276586
0.172713634373
0.174957407256
0.176267772022
0.176319103499
0.175257317594
0.173627615927
0.172184916893
0.171628541952
0.172332694919
0.174183641809
0.17661523057
0.178832450147
0.180112984597
0.18006398523
0.178761068683
0.176740694853
0.174834834473
0.173865185029
0.174291412075
0.175992933388
0.17832871762
0.180439783816
0.18161028771
0.181519870166
0.180325758809
0.178588809966
0.177078166459
0.176497390225
0.177208449739
0.179070681432
0.181487229149
0.183642189035
0.184811037963
0.184619180212
0.183177019373
0.181063482498
0.179146284589
0.178258283992
0.178834235512
0.180699188112
0.183152217077
0.18529429925
0.186402254663
0.186179113099
0.184823778273
0.18293844116
0.181313784204
0.1806438798
0.181257184022
0.182980169138
0.185210114824
0.187162077195
0.188169155751
0.187919742668
0.186569735551
0.184706621022
0.1831586595
0.18267701545
0.183601389831
0.185688979943
0.188223571041
0.190338484164
0.191366398047
0.191064768712
0.189668619337
0.187789689682
0.186201907951
0.185566096792
0.186178585372
0.187851722418
0.189992510334
0.191842371125
0.192764305477
0.192468854509
0.191119649003
0.18929524936
0.187800590947
0.187357263369
0.188281951757
0.190326066383
0.192785646232
0.194816078739
0.195772108369
0.195427825508
0.194028708227
0.192191803419
0.190690460173
0.190175901378
0.190923710958
0.192718061525
0.194939812349
0.196816137849
0.19771240686
0.197356361261
0.195936378233
0.19405232383
0.192515488353
0.192033733382
0.192897958681
0.194840789203
0.197163378193
0.199053775557
0.199917642989
0.199582615428
0.198332652269
0.196790679936
0.195691102415
0.195605034796
0.196713538491
0.198731844369
0.201026305617
0.202865633257
0.20369220419
0.203317673846
0.201993558872
0.200338602771
0.199125961036
0.198978538208
0.20009379734
0.202149728681
0.204455124995
0.206254795983
0.207027424042
0.206659792065
0.205464053655
0.204056154717
0.203134860588
0.203222271209
0.204456537009
0.206530678169
0.208812442368
0.210588663599
0.211327632993
0.210868137385
0.209484813655
0.20780911761
0.206610580987
0.206492514852
0.207627136999
0.209675467989
0.211943445323
0.213680596933
0.214366125694
0.213875965927
0.212502722305
0.210845398345
0.209602151775
0.209318048006
0.210172226819
0.211900904849
0.213902009967
0.215474192955
0.216083156615
0.215556640266
0.214151420056
0.21247150807
0.211248330011
0.21104506719
0.212010378334
0.213815136474
0.215809917834
0.217308418057
0.217851032514
0.217351278186
0.21610087398
0.214653505439
0.213625891524
0.213472406588
0.214310776296
0.215875049386
0.217622729192
0.218949075612
0.2194175028
0.218922582389
0.217735143975
0.216411527109
0.215583532271
0.215696440195
0.216811489657
0.218580398876
0.220406944999
0.22170338135
0.222116264382
0.221640906094
0.220605328028
0.219544397538
0.219005425611
0.219344444975
0.220585994425
0.222407206184
0.22425719105
0.225561897857
0.22593391241
0.225316043107
0.224014448281
0.222603576993
0.221717548895
0.221793089072
0.222878310603
0.224612494438
0.226390518212
0.227619746958
0.22794522078
0.227363311616
0.226205304183
0.225011263404
0.224334934665
0.224538536759
0.225651130293
0.22735243335
0.22909319205
0.230300815896
0.230588597465
0.229897547462
0.2285280498
0.227044921233
0.226071266669
0.226035832312
0.226986467461
0.228572302008
0.230206866795
0.231320205006
0.231576806619
0.230980491097
0.22984983301
0.228688912294
0.227999842447
0.228097872277
0.228995338822
0.230401597279
0.231839239451
0.232827381076
0.233061366576
0.232528535578
0.231523155854
0.230548160286
0.230123337332
0.230565431427
0.231841787865
0.233579520361
0.235228137299
0.236288489608
0.236500700793
0.235924820677
0.234902241642
0.233923475517
0.233448877625
0.233741614361
0.234772795545
0.236236327705
0.237667187484
0.238615219177
0.238810408586
0.238265789439
0.237284616193
0.236360963889
0.235993649873
0.236477118926
0.237765711391
0.239487092762
0.241100720267
0.242118297879
0.242284993713
0.241658713937
0.240575096452
0.239520822248
0.23895814528
0.239157727159
0.240100335567
0.241487625041
0.242857891354
0.24375882612
0.243911949693
0.243314284674
0.242245372736
0.241171627314
0.240570121059
0.240733175648
0.24164262936
0.242981576405
0.244278840766
0.245109802643
0.245259964602
0.244792071069
0.244005892462
0.243315723212
0.243091911976
0.243522262106
0.244543803767
0.245870226527
0.247102516867
0.247878759468
0.248008680872
0.247547637886
0.246783729529
0.246135459989
0.245988481769
0.246533524267
0.247681531229
0.249101747124
0.250364462409
0.251117746312
0.251221180913
0.250790385927
0.250145580981
0.249688129616
0.249749333421
0.250465055754
0.251722908961
0.2532024493
0.254492473068
0.255241074179
0.255285556934
0.254718409979
0.253864083915
0.253166268966
0.253018046541
0.25360045262
0.254804444718
0.256276441932
0.257563768557
0.258289642825
0.258285789384
0.25764160023
0.25666358387
0.255764032428
0.255314759618
0.255513599447
0.256312373521
0.257436629552
0.258491267748
0.259110598722
0.259095432895
0.258487760747
0.257556052887
0.256693336643
0.256262289119
0.256449005159
0.257191065945
0.258213041189
0.259148230432
0.259686291974
0.259684505708
0.259206784415
0.258486571866
0.2578340403
0.257521778898
0.25768750745
0.258286866804
0.259113582688
0.259880795224
0.2603339823
0.260352746336
0.260001456655
0.259506342627
0.259164052237
0.259216506013
0.259746328718
0.26064179939
0.261647234279
0.262472667084
0.262911654671
0.262919128439
0.262623342699
0.262272756938
0.262140515455
0.262421818365
0.263160239478
0.264228287563
0.265368905751
0.266284459033
0.266743727925
0.266670213457
0.266178675084
0.265541469524
0.265090093335
0.265085689518
0.265612531203
0.266544310569
0.267599420129
0.268457512102
0.268883769261
0.268811669619
0.268358803408
0.26777706583
0.267358750235
0.267331547931
0.267777510557
0.268603224519
0.269571808989
0.270386316991
0.270795958146
0.270688069439
0.270132619124
0.269360447659
0.268678616476
0.268351806731
0.268498263657
0.269047672396
0.269780347119
0.270426256505
0.270775403405
0.270752382382
0.270430859746
0.269991342756
0.269645596504
0.269558264917
0.269791847306
0.270290029423
0.270902231318
0.271441184551
0.2717554502
0.271791708291
0.271621765704
0.271419318784
0.271390586331
0.271684795432
0.272324461343
0.273190128477
0.27406863962
0.274742023386
0.275075580169
0.275067605837
0.274843614098
0.274602287613
0.274538314482
0.274772658626
0.275313596611
0.276057870445
0.276828373188
0.277436077951
0.277748105415
0.277740316458
0.27751410603
0.277266089516
0.277215990511
0.277517673733
0.278190984041
0.279107337451
0.28003792508
0.280742991858
0.28106243715
0.280971117704
0.280580909062
0.280094093334
0.279729261502
0.279647315808
0.279901280395
0.280423579981
0.281052747184
0.281590645145
0.281872045503
0.281823354014
0.281489387078
0.281017091764
0.280600217072
0.280404682256
0.280504538978
0.280856595106
0.281325462392
0.281746724826
0.281997644793
0.282043180358
0.28193989187
0.281801877398
0.281748976124
0.281860713562
0.282151172078
0.282568681685
0.283017132842
0.283392355141
0.283623098089
0.28370186877
0.283691460031
0.283701598392
0.283843570739
0.284181579437
0.284702141145
0.285315826431
0.28589224936
0.286314658749
0.286530887142
0.28657768613
0.286566915866
0.286639704543
0.286909363643
0.28741716137
0.288116522123
0.288888222402
0.289579715812
0.290056762703
0.290252120798
0.290194206857
0.290002457873
0.289847450264
0.289888816589
0.29021468442
0.290806721746
0.291544591554
0.292248039641
0.292740595629
0.292911172487
0.292751211888
0.292354906505
0.29188425283
0.291513051602
0.291369585029
0.291496097151
0.291837356735
0.292262510306
0.292613964895
0.292765881128
0.292669183883
0.292365095425
0.291963567545
0.291598302965
0.291378027676
0.291351767032
0.291498143983
0.291739947843
0.291977201594
0.292125315912
0.292142925707
0.292039541078
0.291863816407
0.291681526772
0.291553085793
0.291516081621
0.291575619825
0.291705931699
0.291865334428
0.29201945519
0.292159973471
0.292306909217
0.29249317294
0.292742042682
0.293051552729
0.293393158406
0.293723119116
0.294000634694
0.294206321542
0.294354292989
0.294491335302
0.294680974601
0.294978336173
0.295407405426
0.295950269366
0.296550467018
0.297127185262
