0.0
6.57045848782e-05
0.000116949779437
0.000151638018459
0.000203966578887
0.000258948009379
0.000303613355467
0.000353083115496
0.000404695622147
0.000459631117858
0.000508201887652
0.00055263462679
0.00060707559893
0.000665203955403
0.000708108132527
0.000757404629112
0.000817339588604
0.000856836269322
0.000903149544989
0.000962884234019
0.0010131307443
0.00105197120761
0.0011054555425
0.00115721880197
0.00120515994548
0.00125251592348
0.00130238206405
0.0013610430187
0.00140976215031
0.00145049973563
0.00151853704692
0.00157000420572
0.00160171845053
0.00165744548122
0.00171378072634
0.0017546947483
0.00180411137855
0.0018593349476
0.00190568098119
0.00195377984011
0.00200395094862
0.00205799503502
0.00211049245827
0.00215595811346
0.00220449709909
0.00226552615045
0.00230665192341
0.00235303483283
0.00241416604925
0.00246205550779
0.00249987695409
0.00255946633359
0.00261334998582
0.00265146176373
0.00270161565706
0.00275350132232
0.00280458063325
0.00285316057475
0.00289969720727
0.00296305610225
0.00301464364089
0.00304970388218
0.00310979340048
0.00316560345536
0.00320437969082
0.00325345123959
0.00331226884922
0.00335346268178
0.00340044313049
0.00345555627314
0.00350622389328
0.00355341776301
0.00360218261427
0.00365165465525
0.00370902362857
0.00375355615668
0.00379970182862
0.00386042352474
0.00390641136881
0.00394685855275
0.00401038712476
0.00406588878274
0.00409732972239
0.00415216661965
0.00420661256741
0.00424924719523
0.00429786125233
0.00434852571472
0.00440299187744
0.0044537843438
0.0044962644231
0.00455827433061
0.00461208306829
0.00465009326469
0.00469975228062
0.00476130723753
0.0048029483304
0.00484784613817
0.00490619655887
0.00495142019866
0.00499560988243
0.00504907160454
0.00510040958443
0.00514979586721
0.00519750617047
0.00524457587137
0.00530271202172
0.00534843565511
0.00539216883376
0.00545508566632
0.00551027690234
0.00554185741398
0.00560300355696
0.00566034477753
0.00569400616311
0.00574306085424
0.00579739269504
0.0058442118201
0.00589333148705
0.00594254303823
0.00600063485072
0.00605198888969
0.00609281949998
0.00614450177641
0.00620533412338
0.00624989390027
0.00629298471445
0.00635379305491
0.00639529171629
0.00643785072471
0.00649608383621
0.00654813855888
0.00658969398173
0.00664078963952
0.00669113578332
0.00674259972693
0.00678914447019
0.00683575409861
0.00689468139757
0.00694784589536
0.00698450290413
0.00704935194426
0.00710897582234
0.00713714568086
0.00718842501078
0.00724611381042
0.00728825598085
0.00733555478236
0.00738916204609
0.00743902110883
0.00748756537698
0.00753486577624
0.00758852106215
0.00764464101327
0.00769137447626
0.00773434691313
0.00779657096366
0.00783869191801
0.00787958226372
0.00794092706762
0.00799168174496
0.00802926309151
0.00808446801198
0.00813979437934
0.00818143807189
0.0082293654377
0.00827933710667
0.00833253906518
0.00838328225166
0.00842581457025
0.00848795365737
0.00854758483708
0.0085776634543
0.00863373138387
0.00869339782474
0.00873163552375
0.00877753943759
0.00883505666003
0.00887874405929
0.00892355219719
0.00897750657047
0.00903033523656
0.00908015856804
0.00912868967429
0.00917390796413
0.00923420508377
0.00927982632254
0.00931954772656
0.00938180523979
0.00943052105341
0.00946803230835
0.0095267507506
0.00958606738397
0.00961960492911
0.00967050620739
0.00972549416929
0.00977057065246
0.00981913094466
0.00986668395237
0.00992159909203
0.00997817971391
0.0100158873913
0.0100761618204
0.0101358399678
0.0101708809585
0.0102166398079
0.0102780554237
0.0103215548824
0.0103623532999
0.0104203622614
0.0104689069682
0.0105132677519
0.0105652906583
0.0106143004358
0.0106681331143
0.0107170406791
0.0107578364337
0.0108184535437
0.0108660118198
0.0109053058906
0.0109652789074
0.0110252636464
0.0110563775816
0.0111121430673
0.0111735520648
0.0112085168712
0.0112552702929
0.0113077860237
0.0113558873649
0.011407797959
0.0114533644823
0.0115123518365
0.0115698719267
0.0116059668345
0.0116539095955
0.0117167712733
0.0117632309589
0.0118014061418
0.0118615953629
0.0119058986617
0.0119456941868
0.0120027412674
0.0120548441509
0.0121002754596
0.0121512309338
0.0121966279462
0.0122518871481
0.0122992035118
0.0123409489937
0.0123998002657
0.0124573856387
0.0124912150179
0.0125506794328
0.0126175029145
0.0126449740039
0.0126918948928
0.0127497995027
0.0127929629038
0.0128406277572
0.0128914735546
0.0129435685027
0.0129964210807
0.0130391282959
0.0130908397975
0.0131508543833
0.013198830743
0.0132369084635
0.0132988184598
0.0133430229956
0.0133785943601
0.0134398748351
0.0134926243166
0.0135316144016
0.013584405039
0.0136370314049
0.0136835259663
0.0137309980179
0.0137765467521
0.0138320382769
0.0138859475669
0.0139245869672
0.0139830337593
0.0140510162233
0.0140784126828
0.0141292731145
0.0141922221605
0.0142300520971
0.0142745022794
0.0143297006726
0.0143754145212
0.0144216526181
0.0144724757114
0.0145261038692
0.0145800614908
0.0146282156377
0.0146689608009
0.014730819338
0.014778776223
0.0148115526227
0.0148745219135
0.0149260370322
0.0149619597625
0.0150171103631
0.0150762694564
0.0151141205816
0.0151627521356
0.0152149447451
0.0152636208692
0.0153135404166
0.0153572852084
0.0154108001856
0.0154746402782
0.0155085815844
0.015564842122
0.0156310815049
0.0156634385538
0.0157060113203
0.0157660950113
0.0158110570656
0.0158509110105
0.0159067965375
0.0159580169298
0.0160048154292
0.0160551278036
0.0161007247125
0.0161584116662
0.0162100631428
0.0162435004037
0.0163053970797
0.0163555651305
0.0163907567449
0.0164482542239
0.0165101835743
0.0165433265446
0.0165946379378
0.0166562645415
0.0166949047387
0.0167407715739
0.0167901721559
0.0168386504175
0.0168954618877
0.0169372495212
0.0169946604372
0.01706055485
0.017091924019
0.0171355916459
0.0171993520967
0.017247002477
0.0172829515194
0.0173409587462
0.0173880268245
0.0174273930137
0.0174826901432
0.017533430692
0.0175833725412
0.017636186404
0.0176747572965
0.0177327135531
0.0177821055489
0.0178180727757
0.0178768364
0.0179376108804
0.017970613909
0.0180244070261
0.0180948886776
0.0181248722986
0.0181684214427
0.0182247507498
0.0182689796712
0.0183190819035
0.0183665497971
0.0184189502682
0.0184794708837
0.0185169045042
0.018565124037
0.0186288275539
0.018677244763
0.0187123829985
0.0187722822355
0.0188187477079
0.0188509155216
0.0189111295783
0.0189649011474
0.0190068320101
0.0190593836472
0.0191064280358
0.0191575607331
0.0192063856214
0.0192454602631
0.0193031490608
0.019360490963
0.019396153866
0.0194497239872
0.0195236669492
0.0195516150569
0.0195971978407
0.0196615837273
0.0196998961784
0.0197444912124
0.0197965918373
0.0198430959403
0.019894447504
0.019940910631
0.0199935834447
0.0200529734078
0.0200999034225
0.0201370666726
0.0201986809601
0.0202492800648
0.0202764973848
0.0203386957077
0.0203927472162
0.0204287631272
0.0204820431677
0.0205376523512
0.0205808359302
0.0206293936779
0.0206756236842
0.0207283086504
0.0207808038608
0.0208205318139
0.0208714347584
0.0209416804707
0.0209742034862
0.0210250060798
0.0210967086467
0.0211278958708
0.021168134962
0.0212257842875
0.021271275229
0.0213135981949
0.0213660772446
0.0214187351048
0.0214705237002
0.02151811772
0.0215600814044
0.0216203483614
0.0216754090266
0.0217023440657
0.0217635522292
0.02181667068
0.0218488356826
0.0219046362617
0.0219656119648
0.022002655628
0.0220515753331
0.0221091692582
0.0221530180376
0.0221995975803
0.0222447756595
0.022293020516
0.0223552331647
0.0223943170268
0.0224478745495
0.0225224535104
0.0225507224939
0.0225898662896
0.0226531914209
0.0227010726915
0.0227377549964
0.0227924175931
0.0228416235523
0.0228836144003
0.0229359022496
0.0229843957451
0.0230387955015
0.0230946140631
0.023126521498
0.0231849866762
0.0232373647832
0.0232675751927
0.0233261617724
0.0233884593747
0.0234226553399
0.0234719532194
0.0235413648564
0.0235765667158
0.0236183103246
0.0236711235436
0.0237167340243
0.0237704579579
0.0238146984177
0.0238652436963
0.0239351958264
0.0239683880274
0.0240116971136
0.0240782934288
0.0241262259162
0.0241607536045
0.0242172915702
0.0242655871024
0.0242973788099
0.0243549662215
0.0244089075394
0.0244549386642
0.0245087036916
0.0245492999208
0.0246034330576
0.0246551715499
0.0246867302544
0.0247459329416
0.0248064517842
0.0248405829936
0.0248893728792
0.0249651122504
0.0249968587601
0.0250381167614
0.0251012886447
0.0251415131737
0.025187449781
0.0252361354008
0.0252818939934
0.0253409923075
0.0253832591068
0.0254329711479
0.025498435345
0.0255433034414
0.025578230873
0.0256378491127
0.025690631131
0.0257151158167
0.0257746415227
0.0258307838352
0.0258686631571
0.0259213386508
0.025971565124
0.0260197034855
0.0260703814517
0.0261085671322
0.0261644873068
0.0262204870745
0.0262565984465
0.0263044711318
0.0263783626269
0.0264124027207
0.0264574332087
0.0265318583322
0.0265643611771
0.0266031025847
0.026657512067
0.0267024965547
0.0267500298928
0.026798792189
0.0268511263425
0.0269101575167
0.0269540729617
0.0269925729522
0.0270537564409
0.0271119633209
0.0271349170563
0.0271931134308
0.0272490984267
0.0272799478548
0.0273345370822
0.0273925107141
0.0274343234125
0.0274833776304
0.0275336020286
0.0275826270038
0.0276315921423
0.0276718525109
0.0277195897538
0.0277861332104
0.0278245007554
0.0278726691441
0.0279539976517
0.0279822286151
0.0280169522197
0.0280784538003
0.0281257793114
0.0281656010011
0.0282165362452
0.0282667041062
0.0283145503271
0.0283625808933
0.0284081166558
0.0284663191374
0.0285252768976
0.0285525126244
0.0286087548543
0.0286644432152
0.0286900381004
0.0287478956674
0.0288102709034
0.0288472398707
0.0288942228681
0.028958115072
0.0289997818279
0.0290417053926
0.0290892454904
0.0291365705694
0.0291941857392
0.0292361317659
0.0292829194968
0.0293617366762
0.0293934926593
0.0294308824507
0.0294989503374
0.029545913034
0.0295817327662
0.0296342739839
0.02968346684
0.0297184098741
0.0297718711649
0.0298250445096
0.0298759317456
0.0299313366103
0.0299665623614
0.0300210800436
0.0300767277943
0.0301011373317
0.0301603694323
0.0302235991634
0.0302578229301
0.0303030499814
0.0303759516438
0.0304137518911
0.0304525021401
0.0305115458023
0.030555074022
0.0306032392613
0.0306486874369
0.0306922222443
0.0307597785445
0.0307997289239
0.0308445395692
0.0309156750903
0.0309583848805
0.0309922135013
0.0310485444192
0.0311024382227
0.031127743379
0.031182891477
0.0312404194662
0.0312819269844
0.0313343851564
0.0313791688456
0.0314306505475
0.0314852191985
0.0315149423488
0.0315720183728
0.0316321233547
0.0316656022236
0.0317107468573
0.0317845910815
0.0318227265131
0.0318629231209
0.0319362471796
0.0319727602549
0.03201094275
0.0320616505127
0.0321052552382
0.0321593602971
0.0322054018812
0.0322553281365
0.0323228646004
0.0323631015704
0.0323982113679
0.0324585855429
0.0325188863933
0.0325413137377
0.0325944793096
0.0326528267253
0.0326845393922
0.0327377519729
0.032791911653
0.0328382950734
0.0328898381521
0.0329312292507
0.0329835313823
0.033036437235
0.0330717131922
0.0331188268321
0.0331876195684
0.0332275392791
0.0332699544947
0.0333541702491
0.0333860528126
0.0334169525982
0.0334753450628
0.0335217568043
0.0335660588269
0.0336138410118
0.0336633614597
0.0337196961339
0.0337631751556
0.0338048600142
0.0338657049383
0.0339270958383
0.0339527523402
0.0340042397518
0.0340628985592
0.0340860451151
0.0341420256546
0.0342036339009
0.0342442845292
0.0342914069457
0.0343469792373
0.0343943068532
0.0344385855766
0.0344796546063
0.0345286473762
0.0345897450296
0.0346309184095
0.0346727602751
0.0347575120471
0.0347917309565
0.034822928389
0.0348905463374
0.0349368051825
0.0349749236191
0.0350236893892
0.0350725151201
0.035113849627
0.0351625588379
0.0352136804662
0.0352696845025
0.0353263282003
0.035358509823
0.0354105408972
0.0354702830879
0.0354894075063
0.0355464621875
0.0356119677554
0.0356477592863
0.0356912460533
0.0357576452815
0.0358020263746
0.0358406372654
0.0358930532613
0.0359404962161
0.0359916552255
0.0360345417844
0.0360747321107
0.0361492129242
0.0361901124239
0.0362286101679
0.0363037889047
0.0363453880662
0.0363786309419
0.0364311026169
0.0364847198482
0.0365142187124
0.0365641902186
0.0366219889577
0.0366687341414
0.036720589464
0.0367611492792
0.0368135944675
0.0368730694424
0.0368957579194
0.0369508948089
0.0370153295808
0.0370475875835
0.0370907309492
0.0371611161933
0.0372047708336
0.0372421111203
0.037310390163
0.0373527717872
0.0373916510095
0.0374385569057
0.0374802027066
0.0375405208537
0.0375861037957
0.0376315903406
0.0377073143007
0.0377454182084
0.0377768600991
0.0378349443014
0.0378958462157
0.0379211147404
0.0379682287078
0.0380280188106
0.0380629896047
0.038114091963
0.0381646399636
0.0382145060432
0.038270256445
0.0383035800416
0.0383557010395
0.0384136931616
0.0384446965538
0.0384909522342
0.0385597493758
0.0386030375869
0.0386406351671
0.0387228998411
0.038761567458
0.0387898872932
0.0388441300294
0.0388896962144
0.038938629631
0.0389847555904
0.0390317992422
0.0390978377265
0.0391381784726
0.0391748064612
0.0392367535917
0.0392994289485
0.0393266654975
0.0393718150678
0.039432504527
0.0394560227913
0.0395086316154
0.0395691851176
0.0396137501948
0.039663058454
0.0397099253833
0.0397600821624
0.0398087490592
0.0398430569284
0.0398929215508
0.0399568209161
0.0399989348861
0.0400356701995
0.0401217693362
0.0401622581067
0.0401879586499
0.0402529877372
0.0402994725885
0.0403400094166
0.0403859818044
0.0404330304167
0.0404828979032
0.0405278186467
0.0405751529265
0.0406358872464
0.040693077322
0.0407247796135
0.0407719866358
0.0408351209961
0.0408519861688
0.0409043855163
0.0409718076671
0.041010301326
0.0410538138432
0.0411120865601
0.0411615884495
0.0412025986382
0.0412469253488
0.041297502882
0.0413524412491
0.041393888236
0.041430165367
0.0415081804543
0.0415537299627
0.0415854861625
0.041662013643
0.0417045646362
0.041737117498
0.0417859099095
0.0418378586093
0.0418739301604
0.0419193893047
0.0419758344834
0.0420289967863
0.0420796853309
0.0421176140483
0.0421684972216
0.0422329349534
0.042251583595
0.0423013387087
0.0423699082471
0.0424025395134
0.0424444340788
0.0425092674525
0.0425582996654
0.0425953506877
0.042655587137
0.0427038966336
0.0427451721881
0.0427885814791
0.0428279544513
0.0428925727637
0.0429407111722
0.0429802749018
0.0430620677265
0.0431010654926
0.043128288026
0.0431830716565
0.0432430671039
0.0432735221072
0.0433150396084
0.0433749461506
0.0434154506748
0.043463679927
0.0435111614361
0.0435628471288
0.043623655171
0.0436516196367
0.043699379016
0.0437628945796
0.043791098434
0.0438359215185
0.0439031168676
0.0439505923064
0.0439853599229
0.0440611874236
0.0441080252315
0.0441357419553
0.0441851698172
0.0442301305774
0.0442828775167
0.0443295256719
0.0443723620392
0.0444473286186
0.0444878007802
0.044518050708
0.0445793604788
0.0446421946022
0.0446732299572
0.0447119366845
0.0447732860584
0.0448001118795
0.0448481040807
0.044907449338
0.0449556089069
0.0450083671447
0.0450484722238
0.0450972865099
0.04515181075
0.0451802002377
0.0452292268674
0.0452953901305
0.045339867261
0.0453724227427
0.0454548715229
0.0455040685504
0.0455259840069
0.0455864447695
0.0456342791224
0.045676865161
0.0457215511546
0.0457654467231
0.0458242409243
0.0458682219439
0.0459097746013
0.0459740804839
0.0460314307777
0.0460644796239
0.046105699407
0.0461707787304
0.0461888632016
0.0462346159805
0.0463034798088
0.0463454359137
0.0463901795883
0.0464410400374
0.0464925326209
0.0465382429725
0.0465744681006
0.0466257949933
0.0466853294243
0.0467267470359
0.0467591722722
0.0468364565335
0.0468895610223
0.0469153786608
0.046989994917
0.0470359224775
0.0470674819925
0.047113354771
0.0471624667657
0.0472059574771
0.0472492499402
0.047302290626
0.0473622421283
0.0474118071509
0.0474481661938
0.0474954261539
0.0475639037639
0.0475823416011
0.0476238462278
0.0476958877081
0.0477304274267
0.0477715233262
0.0478305238331
0.0478832806427
0.0479226883646
0.0479736462545
0.0480256586787
0.0480713548236
0.0481120457765
0.0481489561209
0.04821506538
0.0482686220575
0.0483017959682
0.048386037466
0.0484296840206
0.0484522471622
0.0485032765935
0.0485611856482
0.0485976278044
0.0486355691134
0.0486939130682
0.0487416774731
0.0487870454921
0.0488315870246
0.0488832037251
