0.0
0.000413126996769
0.000731072023941
0.000430129391845
0.000426675443709
0.000582043015748
0.000600973505248
0.000820271172307
0.000595678897046
0.000685020254301
0.000639622293509
0.000629663863662
0.000837970034555
0.000965200160824
0.00137137101097
0.0013514210059
0.00107975512595
0.00100948129
0.000937163657241
0.00105581491848
0.00110723282596
0.00110343464805
0.00118692283262
0.00123168012077
0.0012878922147
0.00126725458596
0.00135493817732
0.00144908052873
0.00141273341092
0.00146198799587
0.00161785082568
0.00178420263686
0.00171624729771
0.0017937264902
0.00189610915563
0.0019843128854
0.0021389066226
0.00198873324459
0.00199349027326
0.00199795505161
0.002055418318
0.00219422131937
0.00224097562109
0.00245277148513
0.00243075375914
0.00239068885568
0.0023984000701
0.00237229096225
0.0024714525394
0.00249814005917
0.00253935366307
0.00257519060934
0.00267538694729
0.00273752402283
0.00274797854175
0.0028573325762
0.00288842088442
0.00292296110416
0.00294055077427
0.00299669751166
0.00311765711657
0.00316006778818
0.00329987444393
0.00336751741878
0.00343147244915
0.0035466921054
0.00346387067032
0.00348023644173
0.00347491885474
0.00352046503421
0.0036361594524
0.00365730618236
0.00376984454435
0.00376337726168
0.00381594156373
0.00386095534135
0.00384155684055
0.00392772657131
0.00394532781883
0.00399520137551
0.00400362616027
0.00409241082642
0.00420173076871
0.00427379214145
0.00440600842253
0.00438925007573
0.00443073450781
0.00443191737286
0.00443340606176
0.0045346979179
0.00461201634821
0.00478706965215
0.00482259219583
0.0048429737454
0.00492535120101
0.00492997037651
0.00501609569151
0.00499531261134
0.00498971147842
0.00506252174695
0.00508066651569
0.00515494999936
0.00516276391878
0.00526190857886
0.00533776163177
0.00533764895731
0.00539639193735
0.0053930422517
0.00545105945094
0.00545478089898
0.00551801464148
0.00565016085395
0.00577718831795
0.00593180753012
0.00587982481334
0.00590505124765
0.00592775252933
0.00594745827223
0.00604465900935
0.00607514886598
0.0062149926145
0.00623670055334
0.00625084773459
0.00632481845531
0.00638129966645
0.00653195291533
0.00651185279405
0.00646345678303
0.00647686015214
0.00649359420149
0.00658055063708
0.0066049412878
0.00671398572159
0.00679926166282
0.00683368807664
0.00687320729453
0.00684614810929
0.00691759841381
0.00694548112047
0.00699672353585
0.00709405047603
0.00720764916239
0.00737041117807
0.00734515560976
0.00737905472126
0.0074320880625
0.0074879843716
0.00759350420218
0.00755300320755
0.00760915542075
0.00762629950859
0.00767398872141
0.00777224820194
0.00782769862842
0.00798553319178
0.00798095147106
0.00794112679085
0.00792095819242
0.00792130002969
0.00803298002913
0.00807832988036
0.00816532938862
0.00821867048845
0.008278573155
0.00834433269349
0.00833207365576
0.00841794485124
0.00846009001458
0.00850771443367
0.00855081780022
0.00859238752912
0.00873683487647
0.00878411691244
0.00887702199403
0.00894201824248
0.00898495187646
0.00908799972333
0.00903251377599
0.00904700653054
0.00905173498121
0.00911486508199
0.00923452171056
0.0092663904919
0.00938060682746
0.00938651975236
0.0094041793271
0.00941112419131
0.0093938242596
0.00949586442131
0.00954156370612
0.00960664478232
0.00961787365974
0.00967502861785
0.00979503727611
0.00984373416103
0.00995156108176
0.00996728937804
0.00999860729823
0.0100194380089
0.0100088952373
0.0101226582405
0.0102103407193
0.0103608313626
0.0104242463874
0.0104237053445
0.0105037809884
0.0104952891463
0.0105509050469
0.0105484727425
0.0105681167641
0.0106647271099
0.0106818632572
0.0107616585028
0.0107746702997
0.0108489391581
0.0109158725588
0.010899948772
0.0109625044382
0.0109736742953
0.0110337681632
0.0110423934142
0.0110840842808
0.0112263744999
0.0113268417597
0.0114668822956
0.0114522089212
0.0114583431839
0.0114919900979
0.011492053759
0.0115902193261
0.0116468085576
0.0117849428612
0.0118441132879
0.0118332376384
0.0119019757064
0.0119417257344
0.0120639810153
0.0120741276905
0.0120324827049
0.0120664349939
0.0120718838934
0.0121613510988
0.0121925863053
0.0122861570381
0.0123846913285
0.012390093997
0.0124290337321
0.0124013235233
0.0124654173304
0.0125082107045
0.0125464948228
0.0126559160686
0.0127429669346
0.0129024510419
0.0129089698056
0.0129206522648
0.0129770519148
0.0130075076884
0.0131098902487
0.0131045356656
0.0131684062965
0.0132171456288
0.0132415632798
0.0133361955217
0.0133834980303
0.0135233984499
0.0135507353417
0.0134984030393
0.0134877831946
0.0134717530041
0.0135833892581
0.0136422195091
0.0137231629317
0.0137970680784
0.0138209372698
0.0138842880182
0.0138636919145
0.0139333886419
0.0139975508929
0.0140360865829
0.0140966391652
0.0141199916728
0.0142647477344
0.0143342277131
0.0144030984656
0.014479033469
0.0144992789289
0.0145988238242
0.0145669683064
0.0145795046428
0.0146105503261
0.0146605847922
0.0147874215909
0.0148172539249
0.0149215132848
0.0149523525555
0.014947922276
0.0149576279696
0.014922759632
0.0150204209394
0.0150846072608
0.0151481990896
0.0151807813633
0.0152032501542
0.0153178263565
0.0153554725293
0.0154420255552
0.015486316905
0.0155052627819
0.0155443373155
0.0155221300729
0.0156332434033
0.0157396973582
0.0158715327714
0.0159633756701
0.0159448638254
0.0160192271655
0.0160126903084
0.0160518822237
0.0160767685568
0.016095635423
0.0162075611212
0.0162225994843
0.0162940575718
0.0163239044643
0.016375328447
0.0164485032867
0.0164166985741
0.01646934634
0.0164955521765
0.0165500874639
0.0165802470909
0.0165966242671
0.0167355997818
0.0168235518633
0.0169421578137
0.0169593942324
0.0169482849028
0.0169945440524
0.0169823989199
0.0170740156173
0.0171537874711
0.0172845931793
0.017382253461
0.0173557813193
0.017414059204
0.0174453593864
0.0175449297913
0.0175870714348
0.0175465597411
0.0175949578584
0.0175950998519
0.0176742929518
0.0177205325077
0.0177944598872
0.0179078472654
0.0178967285331
0.0179229937803
0.0179006764052
0.0179494901311
0.0180146314282
0.0180402420884
0.0181547666859
0.018229363968
0.0183699045207
0.0184053041733
0.0183976211234
0.0184604727703
0.0184769891477
0.0185693380394
0.0185928554911
0.0186555383717
0.0187401317518
0.0187511058294
0.0188362738942
0.0188806101776
0.0189981016262
0.0190589546585
0.0189989023225
0.0189976158957
0.0189727430812
0.0190717225543
0.0191479894632
0.0192157836896
0.0193116680632
0.0193153122998
0.0193640281978
0.0193409370428
0.0193868821597
0.0194741985601
0.0195086739325
0.0195815808706
0.0195964021858
0.0197234698259
0.0198162020277
0.0198656603608
0.0199509742289
0.0199606093424
0.0200470583653
0.0200400992423
0.0200450561335
0.0201056770473
0.0201483370519
0.0202756656559
0.0203111736139
0.0203943955358
0.0204523943457
0.020431697557
0.0204477406065
0.0204040512752
0.0204859498558
0.0205690168686
0.0206249921188
0.0206822541082
0.0206835284415
0.0207807689539
0.0208138334095
0.0208720932976
0.0209415257447
0.0209559352458
0.0210079923649
0.0209827976399
0.0210761494077
0.0212033745014
0.0213179472509
0.0214319578187
0.0214084926625
0.0214673565111
0.0214707395459
0.0214902517183
0.0215423940102
0.0215639306998
0.021685580589
0.021708741746
0.0217595604474
0.0218080537844
0.0218405099106
0.0219208803009
0.0218848360728
0.0219178455016
0.0219604349924
0.02200466674
0.0220585909468
0.0220593997279
0.02218373075
0.022268785254
0.0223568940007
0.0224007041526
0.0223790096119
0.0224336014894
0.0224206213537
0.0224950999947
0.0225976005232
0.0227167566593
0.0228472051704
0.0228196014497
0.0228602399278
0.0228897874871
0.0229625783899
0.0230333683708
0.0230012369529
0.0230596470791
0.0230657465391
0.0231234150975
0.0231857477762
0.0232418807038
0.0233662588078
0.0233541762853
0.023358675424
0.0233464406041
0.0233748665795
0.0234610247043
0.0234814311125
0.0235920704312
0.0236661399541
0.023775375387
0.0238340883513
0.0238117649798
0.0238779678111
0.023893934013
0.023968768624
0.0240183846992
0.0240742730663
0.0241911289319
0.0242030460732
0.0242720073192
0.0243181614034
0.0244075672982
0.024497195259
0.0244401320858
0.0244441640224
0.0244230394743
0.0244996068252
0.0245936772723
0.0246473303795
0.024759352905
0.0247603422817
0.0247861597682
0.0247664757586
0.0247833308213
0.0248884607538
0.0249268004395
0.0250059573954
0.0250236980135
0.0251198600135
0.0252301293192
0.0252647024458
0.0253536375694
0.0253664723463
0.0254326408144
0.0254504231198
0.0254451601352
0.0255313151612
0.0255781844915
0.0256980322133
0.0257471090243
0.0258027124373
0.0258835167936
0.0258551743897
0.0258739807522
0.0258350970982
0.0258942167504
0.0259949566647
0.0260408312378
0.0261173530538
0.0261140583023
0.0261863853702
0.0262202870142
0.0262460939313
0.0263319338916
0.0263514950381
0.0264108629825
0.0263935037246
0.0264581410518
0.026600995654
0.0267015119286
0.0268269198722
0.026812935602
0.0268492578865
0.0268674534857
0.0268662569543
0.0269390957947
0.0269718158889
0.0270965317927
0.027139424419
0.0271632924263
0.0272257409308
0.0272447145935
0.0273277678483
0.0273017586534
0.0273108775542
0.0273682521741
0.0274008715483
0.0274725983374
0.0274716864186
0.0275729775049
0.0276618369848
0.0277158799894
0.0277759233096
0.0277530100288
0.0278091506408
0.0278072897675
0.0278575702453
0.0279786131031
0.0280856891461
0.0282362146487
0.0282224257056
0.028240638631
0.0282739705565
0.0283183187476
0.0284081181331
0.0283937590426
0.0284579073089
0.0284823537478
0.0285133638387
0.0285863030241
0.02862949828
0.0287571303864
0.0287596137712
0.0287388658189
0.0287377342005
0.0287457462353
0.0288447296897
0.0288702682354
0.0289683897142
0.0290516068594
0.0291249475282
0.0291964235546
0.029166175826
0.0292284982811
0.0292567675367
0.0293109669643
0.0293824454113
0.0294296598345
0.0295673490782
0.0295946013069
0.0296436190514
0.0296947604925
0.0297548045767
0.0298618110914
0.0298198101752
0.0298244354544
0.0298194485875
0.0298700520808
0.0299771844948
0.0300206761184
0.0301380483988
0.0301526709428
0.0301523584473
0.0301398421019
0.0301279258925
0.0302400767227
0.0302903304264
0.0303690909934
0.0304006501533
0.0304608742028
0.0305775906039
0.0306023928897
0.0306860966732
0.0307145195915
0.0307591272252
0.0307983650359
0.0307839191144
0.0308849179864
0.0309482272387
0.0310548670549
0.0311219508291
0.0311502893021
0.0312433570991
0.0312179935295
0.0312327173089
0.0312112769464
0.0312468790612
0.0313615111369
0.0313994608832
0.0314836449067
0.0314910514731
0.0315359581777
0.0315744881939
0.0315694405626
0.0316585502479
0.0316917527486
0.0317530027745
0.0317534124869
0.0317857472206
0.031933256167
0.0320247417383
0.032148305289
0.0321556582817
0.0321679841342
0.0322014915811
0.0321834737811
0.0322653649863
0.0323181377766
0.0324395162474
0.0325106531672
0.0325093554807
0.0325763264109
0.0325883945611
0.0326659763076
0.0326622051778
0.0326500626493
0.0327183437795
0.0327420109408
0.0328198729567
0.0328302384955
0.0329050285021
0.0330009799354
0.033024569102
0.0330865704854
0.0330717546311
0.0331224854087
0.033140957998
0.0331661502434
0.0332970767315
0.033395822376
0.0335497218505
0.0335609881078
0.0335560262672
0.0335960894655
0.0336159936643
0.0337112793185
0.0337221876029
0.0337880039352
0.0338408457172
0.0338481199621
0.0339219240988
0.0339578299204
0.0340789270772
0.0341077713026
0.0340654098441
0.0340726491148
0.0340654102273
0.0341647094148
0.0342050624534
0.0342849050991
0.0343823456522
0.0344241567718
0.034494594628
0.0344639965387
0.0345136235165
0.0345630111386
0.0345991338785
0.0346861378476
0.0347271032968
0.0348692003763
0.0349217780547
0.0349511549735
0.0350083032018
0.0350435693632
0.0351529345394
0.0351355022849
0.0351372113954
0.0351573057234
0.035185908776
0.0352971918209
0.0353374456892
0.0354477700493
0.0354874881603
0.035463714982
0.0354584957331
0.0354245418627
0.0355302342628
0.0355984945431
0.0356709506718
0.0357233668673
0.0357519276323
0.0358615616047
0.0358817230865
0.0359501639326
0.0360017132795
0.0360299001488
0.0360850773665
0.0360659860703
0.0361671292714
0.0362552599771
0.0363471627626
0.0364318841882
0.0364400917142
0.0365313819908
0.0365191705839
0.0365232423612
0.0365269693659
0.036544845432
0.0366671576001
0.0367037747797
0.0367817475351
0.036809889646
0.0368298286593
0.0368742333186
0.0368461879415
0.0369242456642
0.0369760192368
0.0370347309259
0.0370591844374
0.0370639547925
0.0372024031462
0.0372901024527
0.0373989399733
0.0374336604128
0.0374269604515
0.0374721497444
0.0374456172083
0.0375227448165
0.0376015358058
0.0377153967056
0.0378169841716
0.0377999396193
0.0378599124299
0.0378719919131
0.0379349830589
0.0379598185479
0.0379352341613
0.0380095917099
0.0380307129774
0.0381010471329
0.0381306409157
0.0381807983825
0.0382836216611
0.0382867490215
0.0383359361071
0.0383355926528
0.0383758770138
0.0384187948087
0.0384246458914
0.0385537366678
0.0386504844854
0.0387913569817
0.0388322575457
0.0388079066164
0.0388538629892
0.0388589408451
0.0389458568935
0.0389856770335
0.0390498486003
0.0391356216682
0.0391296045469
0.0391936078925
0.0392271257956
0.0393320188452
0.0393922240724
0.0393384928026
0.0393491599826
0.0393355725028
0.0394219934148
0.0394828436202
0.0395432952791
0.0396542794884
0.0396763048959
0.0397318675859
0.0397075350911
0.0397370884028
0.0398099105912
0.0398355257485
0.0399300443621
0.0399709431421
0.0401004736505
0.0401810843481
0.0401946185574
0.0402562274653
0.0402765374962
0.0403739011543
0.0403854103064
0.0403827604592
0.0404313711006
0.0404486412291
0.0405536874204
0.0405977684861
0.0406904586349
0.040759403066
0.0407205806591
0.0407190055853
0.0406746209568
0.0407612905102
0.0408501616282
0.0409127601808
0.0409867566528
0.040995672356
0.0410856656119
0.0411056605837
0.0411501848002
0.0412252595185
0.0412469219904
0.0413117817065
0.041295232463
0.0413817110541
0.0414959947563
0.0415759066226
0.0416734813499
0.0416733833782
0.0417493500319
0.0417571031217
0.0417470922935
0.0417769318209
0.0417880023074
0.0419103713225
0.0419547583549
0.0420147716818
0.0420663308272
0.0420677571935
0.0421159928179
0.0420776808828
0.0421329513668
0.0422037074824
0.042257119609
0.0423061900798
0.04229502894
0.0424117850599
0.0424996062794
0.0425839468238
0.042644439305
0.0426288752709
0.0426797022906
0.0426552441062
0.0427151766527
0.0428205193674
0.0429263907485
0.0430533859699
0.0430348265782
0.0430772455579
0.0430953587846
0.0431369109192
0.0431890244718
0.0431645483233
0.0432403470488
0.0432680247123
0.0433194193053
0.0433689139611
0.0434003339571
0.0435067342886
0.0435033941784
0.0435284769872
0.0435441412571
0.0435721181926
0.0436374925349
0.0436349470244
0.0437502061393
0.0438512427742
0.043967060849
0.0440343361254
0.0439983456313
0.0440455974215
0.0440487202154
0.044116581688
0.0441843894181
0.0442453403258
0.0443611662048
0.0443569566328
0.0444027493005
0.0444373389761
0.0445187743888
0.0446071520333
0.0445562671241
0.0445654831061
0.0445559819246
0.0446195203891
0.0447003095862
0.0447451125087
0.0448639144045
0.0448817541006
0.0449121032947
0.0448977467114
0.0449038600912
0.0449953793813
0.0450210472634
0.0451144706856
0.0451633075621
0.045267368454
0.0453708122731
0.0453744578525
0.0454361976234
0.0454543597204
0.0455299489988
0.0455691133483
0.0455628012488
0.0456369481061
0.0456574999723
0.045747803845
0.0458004586745
0.0458693467732
0.045963484998
0.045922212871
0.0459183294464
0.0458767653017
0.0459362371493
0.0460439128991
0.0460967921778
0.0461863662484
0.0461916149892
0.0462533858999
0.0462763237869
0.0462921922179
0.0463837913493
0.0464105345376
0.0464793279896
0.0464737230583
0.046534653946
0.0466685052098
0.0467418489665
0.0468444642524
0.046849395358
0.0469009738567
0.0469301746253
0.0469071319777
0.0469574374679
0.0469751109097
0.047090335742
0.0471509992636
0.0471870437675
0.047257254092
0.0472492454889
0.0472960371814
0.0472620282596
0.0472885022466
0.0473745775105
0.0474221685648
0.0474901109041
0.0474780586148
0.0475649045668
0.0476545902616
0.0477098170616
0.0477870861654
0.0477750382556
0.0478253750846
0.0478132117707
0.0478481629357
0.0479739806292
0.0480751820562
0.0482168002108
0.04821159888
0.0482297097337
0.0482573808748
0.048275616404
0.0483465429676
0.0483351885706
0.0484087112635
0.048452742372
0.0484796667579
0.0485427482013
0.0485630961765
