0.0
0.00707409105611
0.0100036099774
0.0122511850724
0.0141455584381
0.0158141992207
0.0173225494448
0.0187093270867
0.0199998437679
0.0212116574112
0.0223576793541
0.0234475271145
0.0244885531548
0.0254867971234
0.026447357256
0.0273739138265
0.0282697274121
0.0291380903158
0.0299810178277
0.0308005090408
0.0315986719797
0.0323771504605
0.0331369390546
0.0338795390959
0.0346060883358
0.0353175242209
0.0360147051609
0.0366982934214
0.0373694060281
0.0380286571374
0.0386760000426
0.0393128503991
0.0399397404102
0.0405563351798
0.041163548229
0.041762099443
0.0423518439012
0.0429332317392
0.0435068958794
0.0440729180126
0.0446315837573
0.0451831142545
0.0457279101717
0.0462663188858
0.0467982865955
0.0473238600966
0.0478440268725
0.0483583044075
0.0488667274887
0.0493701020644
0.0498684920786
0.0503613164493
0.0508494064009
0.0513331038502
0.0518118455167
0.0522860800638
0.0527559250012
0.0532215910061
0.053683143354
0.0541401758338
0.0545936628633
0.0550436667901
0.0554892481772
0.0559313320084
0.0563702884346
0.056805397601
0.0572368541545
0.0576654994302
0.0580906406211
0.058512426308
0.0589312053298
0.0593470244499
0.0597598110099
0.0601695908347
0.060576306981
0.0609806127293
0.0613820186112
0.0617803256803
0.0621764687683
0.062570105754
0.0629604896477
0.0633486996914
0.0637351261609
0.0641183765902
0.0644993573257
0.0648783047252
0.0652547592399
0.065628911664
0.0660006888612
0.0663705151104
0.0667383981426
0.067103534119
0.0674669515458
0.06782877388
0.0681881396879
0.0685452154435
0.0689010863356
0.069254719066
0.069606157259
0.0699562075154
0.0703043899381
0.0706505095693
0.0709948940251
0.0713376462091
0.0716787297172
0.0720180405701
0.0723553361517
0.0726914768848
0.0730259691702
0.0733581511393
0.0736891909538
0.0740194017362
0.0743469792778
0.0746733466326
0.0749988922931
0.0753223448272
0.0756442421985
0.0759649451475
0.0762841616069
0.0766019374102
0.0769179858925
0.0772330030428
0.077546951835
0.0778591001562
0.0781697087746
0.0784797072107
0.0787881333901
0.0790947756013
0.079400986993
0.0797057139252
0.080008759266
0.0803108152132
0.0806120683941
0.0809117347123
0.0812102266466
0.0815075100075
0.0818038487664
0.0820989950034
0.0823924814759
0.0826852815449
0.0829774886049
0.0832674227969
0.0835567883258
0.083846056099
0.0841332513061
0.084419349926
0.0847050222847
0.0849893313831
0.085272390699
0.0855546244982
0.0858359408567
0.0861162943094
0.0863953644866
0.0866734918547
0.0869511080783
0.0872275825028
0.0875024667267
0.0877774137575
0.0880511620305
0.088323404605
0.0885952326965
0.0888665958235
0.0891362938364
0.0894052344258
0.0896738158256
0.0899411887552
0.09020767293
0.0904731058825
0.0907379525909
0.0910021760246
0.0912646131752
0.0915267726005
0.0917890857226
0.0920493560209
0.0923089614915
0.0925686290846
0.0928269405292
0.0930840641543
0.0933411273312
0.0935971974257
0.0938522437902
0.0941065836638
0.094360334671
0.0946134374891
0.094865691754
0.0951166940408
0.0953677726104
0.0956179796599
0.0958667652391
0.0961155940175
0.0963639584871
0.0966106364602
0.0968568892305
0.0971035206107
0.0973485073309
0.0975928495528
0.0978368174687
0.0980799940985
0.0983225035495
0.0985638839209
0.0988049667591
0.0990460330917
0.0992852988091
0.0995242972452
0.0997635914429
0.100001518684
0.100238305594
0.100475509521
0.10071173701
0.10094683575
0.101181885958
0.101416368198
0.101649975605
0.101883001893
0.102115358856
0.102347440976
0.102578918398
0.102809112738
0.103039556351
0.103269493929
0.103497857005
0.103726054288
0.103954934836
0.104181843168
0.104408365766
0.104635288502
0.104860971725
0.105085986991
0.105310586106
0.105534696031
0.105758436179
0.105980911811
0.106203287791
0.106425897011
0.106647214936
0.106867598075
0.107088519397
0.107308613094
0.107527428084
0.107746806042
0.107965494278
0.108183093955
0.108400435113
0.108617676234
0.108834150901
0.109050175303
0.109265339234
0.10948055026
0.109695310262
0.109908747339
0.110122189404
0.110336130963
0.110548050495
0.1107598322
0.110972689342
0.111183808903
0.111394321384
0.111605067954
0.111815069167
0.112024392637
0.112233219238
0.112441807385
0.112650283599
0.112857730454
0.113064625385
0.113271890269
0.113478502062
0.1136837083
0.113889813094
0.114095251401
0.114299443956
0.114503779505
0.114708247253
0.114911508661
0.115114430186
0.115317284847
0.115519610072
0.115721556452
0.115922585492
0.116123619236
0.116324768712
0.116524176523
0.116723580119
0.116924285507
0.117122959199
0.117321204918
0.117520234359
0.117718222454
0.117915322704
0.118112703962
0.118309596445
0.118505910984
0.118701698757
0.118897241801
0.119092799702
0.119287848306
0.11948162762
0.119676201828
0.119870332873
0.120063087408
0.120256403183
0.120449747293
0.120641613665
0.120833268121
0.121025733446
0.121216959196
0.121407834817
0.121598433312
0.121788742049
0.121978859685
0.122167802333
0.122356708034
0.122546565045
0.122734461943
0.122922194558
0.123111077068
0.123298649131
0.123485216897
0.123672611242
0.123859383799
0.124045178144
0.12423113769
0.124416868152
0.124602144474
0.124787082939
0.124971276139
0.1251557875
0.125340086941
0.125522964153
0.125706630516
0.125890183443
0.126072192078
0.126254158002
0.12643740092
0.126618844742
0.126799972628
0.126981746452
0.127162625719
0.127343126227
0.127523172438
0.127703017557
0.127883151048
0.128061801092
0.128240447411
0.128420234315
0.128598609869
0.12877605612
0.128954543957
0.12913242485
0.129309021921
0.129486472829
0.129663543635
0.129839684835
0.130015770409
0.130191760202
0.130367435538
0.130542987828
0.130717405118
0.130892415172
0.131067318673
0.131240785029
0.131414409755
0.131589160446
0.131761883156
0.131934359066
0.132108452279
0.132280935635
0.132452930385
0.132625231061
0.132797052705
0.132968554018
0.133139370902
0.133310110257
0.133481506039
0.133651675659
0.133821231689
0.133991748274
0.134161727322
0.13433019507
0.134499931453
0.134669266931
0.134837308361
0.135005708126
0.135174376617
0.135342123782
0.135509741388
0.135677020106
0.135844260642
0.136011437785
0.136177461095
0.136343747944
0.136510675375
0.136675722405
0.136840592668
0.137007586505
0.137172462318
0.137336845845
0.137502313046
0.13766688845
0.137830733041
0.1379947779
0.138158547083
0.138322203955
0.138485149137
0.138647828112
0.138811125578
0.138973965803
0.139135313547
0.139297889344
0.139460268422
0.139621099114
0.139782756061
0.139944668127
0.14010519746
0.14026560963
0.140426740509
0.140587012574
0.140747153125
0.140906727581
0.141066356798
0.141226184291
0.141384604223
0.141542887804
0.141703016296
0.141860945068
0.142018498443
0.142177822155
0.142335792665
0.142492787953
0.14265068656
0.142808167742
0.142964824195
0.143121545202
0.143278118359
0.143434715296
0.143591001408
0.143746242033
0.143902262758
0.144058332627
0.144212696436
0.144368191192
0.144523830352
0.144677847262
0.144831852411
0.144987314575
0.145141206006
0.14529481951
0.14544889016
0.145602404117
0.145755806467
0.145908488759
0.146061015343
0.146214556936
0.146366289689
0.146517779068
0.1466713005
0.146823183763
0.146974037728
0.147126213453
0.147277907013
0.147428284668
0.147579538245
0.14773057756
0.14788090894
0.14803122744
0.148181198481
0.148331293079
0.148481526976
0.148630200039
0.148779882387
0.148929741438
0.149077946266
0.149226359687
0.14937628318
0.149524232928
0.149671780742
0.149821052435
0.149968940956
0.150116459343
0.150264081605
0.150411380022
0.150558818933
0.150705228733
0.150851421567
0.150999204673
0.151145429617
0.151290825043
0.15143769453
0.151584031195
0.151728740061
0.151874866701
0.152020791702
0.15216537573
0.15231041452
0.152455625236
0.152600249091
0.152744957059
0.152888814735
0.153033083307
0.153177606545
0.153320625057
0.153464062082
0.153608576785
0.153751098074
0.153893171324
0.154037867284
0.15418049525
0.154322546294
0.154465681217
0.154608077254
0.154749977878
0.154891797879
0.155033346411
0.155175490668
0.155316572336
0.155457158425
0.155599051166
0.155740394554
0.15588002684
0.156021163776
0.156162301293
0.156301683691
0.156442056357
0.156582755319
0.156722211363
0.156861694193
0.157001468773
0.157140809671
0.157280310156
0.157418773038
0.157557576564
0.157696976359
0.157834711959
0.157972061979
0.158112024349
0.158249657812
0.158386619994
0.158525713991
0.158663478533
0.158800339199
0.158937968423
0.159075277833
0.159212123338
0.159348739469
0.159485084319
0.159622135872
0.159758749421
0.159893973813
0.160030376813
0.160167022886
0.160301670847
0.160437686489
0.160574033872
0.16070867663
0.160843401301
0.160979410289
0.161114182602
0.161248834312
0.161383452117
0.161517876699
0.161652523373
0.161786091151
0.161919400077
0.162054497717
0.16218751269
0.162319870406
0.162455038203
0.162588400264
0.162720639849
0.162854293777
0.162987554766
0.163119590014
0.163252325507
0.163384866725
0.163517155621
0.163649330068
0.16378078078
0.163912831571
0.164045220676
0.164175628873
0.164307366553
0.164439543722
0.164569815392
0.164700378236
0.16483257153
0.16496295763
0.165092911913
0.165224284855
0.165354623133
0.165484809047
0.165614715121
0.165744368944
0.165874755191
0.16600374218
0.166132142597
0.166263155177
0.166392285404
0.166520313149
0.1666502204
0.166779574106
0.166907256256
0.167036326394
0.167165318475
0.167293088303
0.167421285002
0.167549390075
0.167677357527
0.167805600349
0.167932416201
0.168060039825
0.168188248782
0.168314569439
0.168441443462
0.168569707397
0.168695936862
0.168821532501
0.168949832366
0.169076302425
0.169202209922
0.169328923702
0.16945506965
0.169581093073
0.169706649516
0.169831728435
0.169958349464
0.170083502245
0.170207783458
0.170334097953
0.170459702262
0.170583445001
0.170708824887
0.170834363845
0.170958014831
0.171082718275
0.171207675905
0.171331661208
0.171455844559
0.171579702324
0.171703567127
0.171827950179
0.171950759437
0.1720741544
0.172198531398
0.17232101058
0.172442862083
0.17256781193
0.172690493172
0.172812265959
0.172936193157
0.173058930683
0.173180941379
0.173303422207
0.173425547832
0.173547843609
0.173669497509
0.173790555615
0.173913205614
0.174035173095
0.174155443821
0.174277215281
0.174399369322
0.174519286048
0.174640710104
0.174762572689
0.174882725329
0.175003118404
0.175124341639
0.175244747124
0.175365321701
0.175485196012
0.175605234293
0.175725892674
0.175845083618
0.175963851922
0.17608509818
0.176204125292
0.176322055507
0.176443286609
0.176562704339
0.176680972548
0.176800552164
0.176919787771
0.17703809794
0.177156770934
0.177275083692
0.177393902521
0.177512359401
0.177629668388
0.177748081888
0.177866946669
0.177983494173
0.178101588987
0.178220356055
0.1783369814
0.178454047832
0.178572592368
0.178689614315
0.178806349577
0.178923866483
0.179040768629
0.179157859887
0.17927417727
0.179390248559
0.179507707539
0.179623456811
0.179738125308
0.179856322077
0.179972444808
0.180087203372
0.180204061904
0.180320368714
0.18043508871
0.180550999971
0.180666830086
0.180781845371
0.180897103157
0.181011881923
0.181127107789
0.181242715514
0.181356380928
0.181471168716
0.181586862206
0.181700294332
0.181814435774
0.181930105911
0.18204379215
0.182156838526
0.182272232149
0.182386194802
0.182499767456
0.182613639172
0.182727111945
0.182840964727
0.182953933359
0.183066044528
0.183180750248
0.183293645584
0.183405213537
0.183519454438
0.183632843174
0.183744311951
0.183857399936
0.183970739551
0.184082246289
0.184194724132
0.184307240977
0.184419253987
0.184531583689
0.184642923985
0.184754684768
0.184867340235
0.184977908963
0.185089274589
0.185201950086
0.185312536369
0.185422382186
0.185535410643
0.185646437935
0.185756476427
0.185868329288
0.185979235316
0.186089727762
0.186200274888
0.186310285574
0.186421333777
0.186531305094
0.186640183902
0.186751631837
0.186862118016
0.186970668847
0.187080931832
0.187191670556
0.187300042623
0.187409939888
0.187520273733
0.18762906684
0.187738248358
0.187847634477
0.187956669407
0.188066239565
0.18817440612
0.188283047891
0.188392737232
0.188500576938
0.188607868627
0.188718093307
0.188826146004
0.188932772561
0.189042767737
0.189151140636
0.189258449239
0.189366775242
0.189474744093
0.189582328326
0.189689834182
0.189796608021
0.189904911583
0.190012510619
0.190118537891
0.190226153184
0.190334255709
0.190439821993
0.190547037132
0.190655098647
0.190760875181
0.190867266625
0.190974751993
0.191081109299
0.191187463883
0.191293775703
0.191399889898
0.191506638564
0.191612077636
0.191717248411
0.191824413377
0.191929674915
0.192033376811
0.192141199121
0.192246982327
0.192351212895
0.192457515658
0.192563306877
0.192667768365
0.192773078084
0.19287812953
0.192983112965
0.19308800858
0.193191947813
0.19329702788
0.193402484236
0.193505617128
0.19361007833
0.193715729772
0.193818799082
0.193922750435
0.194028174729
0.194131778809
0.194234918572
0.194339693971
0.194443521036
0.194547298484
0.194650723822
0.194753894106
0.194858022412
0.194960881636
0.195062420804
0.195167503193
0.195270613535
0.195371942478
0.195476350963
0.195579863285
0.19568150651
0.195784597538
0.19588792548
0.195989761122
0.196092316421
0.19619455368
0.196296980934
0.196399725462
0.19650088731
0.19660281557
0.196705983467
0.196806632853
0.196908256035
0.197011416347
0.197112361835
0.197212635856
0.197315751832
0.197417303041
0.197517988677
0.197619844018
0.197721045052
0.197822280646
0.197923094531
0.198023071405
0.198125054562
0.198225616955
0.198324488191
0.198426813066
0.198527978934
0.198627048897
0.198727896914
0.198829266952
0.198928319007
0.199028759329
0.199129495659
0.199229122613
0.199329184884
0.199428774768
0.199528488068
0.19962910058
0.199727690387
0.199826989019
0.199927748651
0.200026307907
0.200124309728
0.200225360333
0.200324477596
0.200422042267
0.200522585119
0.200621863203
0.200720308395
0.200819318298
0.20091788016
0.201016797957
0.201115180989
0.201212279187
0.201312051234
0.201410792271
0.201507565052
0.201606315292
0.201705550342
0.201802162756
0.201900392849
0.201999545168
0.202096466296
0.202194110615
0.202292311411
0.202389873073
0.202487768774
0.202584780181
0.202681937833
0.202780234158
0.202876702792
0.202972900466
0.203071535197
0.203168220744
0.203263015267
0.203362041061
0.203459319569
0.203554986127
0.203652430995
0.203749427669
0.203845541181
0.203942060083
0.204037951529
0.204134808331
0.204231180527
0.204326057635
0.204422798731
0.204519832485
0.204614313703
0.204710204022
0.204807506951
0.204902021306
0.204997555361
0.205094327293
0.20518958111
0.205284654923
0.205380460127
0.205475787779
0.205571540565
0.205666251987
0.205760815081
0.205856910066
0.205951429309
0.206044207552
0.206141154339
0.206236231731
0.206329160305
0.20642523176
0.20652049846
0.206614076742
0.206708789881
0.206803582308
0.206897545115
0.206991835795
0.207085315215
0.207179865727
0.207274613582
0.207367320283
0.20746103876
0.207556282335
0.207648690881
0.207742199776
0.207837344654
0.207930257308
0.208022716334
0.208117336632
0.208210916809
0.208303951132
0.208397331323
0.208490330782
0.208583915226
0.208676599648
0.208768095157
0.20886247876
0.208955294638
0.20904582068
0.20914039021
0.209233791634
0.209325020573
0.209417926524
0.209511340176
0.209602724711
0.209695195123
0.209787659518
0.209879743602
0.209972163519
0.21006347665
