0.0
0.00045518022828
0.000809369268919
0.00104704313863
0.00115304050028
0.00111267770995
0.000911883320064
0.000537331942608
-2.34308577548e-05
-0.00078186313574
-0.00174832142047
-0.00293195673301
-0.00434062866054
-0.00598082916558
-0.00785761163358
-0.00997454658449
-0.012333684258
-0.0149355314059
-0.0177790484117
-0.0208616501644
-0.0241792319642
-0.0277262090156
-0.0314955557376
-0.0354788721486
-0.0396664579373
-0.0440473912409
-0.0486096240859
-0.0533400791553
-0.058224758182
-0.0632488569051
-0.0683968784802
-0.0736527564417
-0.0789999689204
-0.0844216617831
-0.0899007764563
-0.0954201555494
-0.100962659544
-0.106511284035
-0.112049255842
-0.117560129324
-0.12302788485
-0.128437011143
-0.133772574623
-0.13902029073
-0.144166586247
-0.149198643732
-0.154104445335
-0.158872807417
-0.163493403306
-0.167956782501
-0.172254376824
-0.176378502014
-0.180322355861
-0.184080001562
-0.187646351552
-0.191017146467
-0.194188923913
-0.19715898845
-0.199925375692
-0.202486812286
-0.204842675463
-0.206992951989
-0.20893819211
-0.21067946418
-0.212218311302
-0.213556700895
-0.214696989247
-0.215641870307
-0.216394337297
-0.216957641458
-0.217335250619
-0.217530817211
-0.217548137977
-0.21739112815
-0.217063788922
-0.216570180608
-0.21591439915
-0.215100553465
-0.214132749
-0.21301506998
-0.211751565786
-0.210346240103
-0.208803042073
-0.207125859408
-0.205318514871
-0.203384761709
-0.201328284792
-0.19915269827
-0.196861547002
-0.194458312152
-0.191946416652
-0.189329230798
-0.186610066709
-0.183792187222
-0.180878815118
-0.177873140888
-0.174778325412
-0.171597496213
-0.168333758385
-0.164990196719
-0.161569878385
-0.158075854002
-0.154511156778
-0.150878803395
-0.147181782067
-0.143423051454
-0.139605549218
-0.135732193009
-0.131805862806
-0.127829368545
-0.123805457899
-0.119736829995
-0.115626118561
-0.111475871876
-0.107288537381
-0.103066461648
-0.098811889783
-0.0945269484129
-0.0902136416501
-0.0858738448382
-0.081509297115
-0.0771215941964
-0.0727121870572
-0.068282404799
-0.0638334495347
-0.0593663855242
-0.0548821388873
-0.0503815187894
-0.0458652498061
-0.041333968413
-0.0367882298284
-0.0322285301952
-0.0276553313195
-0.023069084693
-0.0184702503245
-0.0138593152396
-0.00923682368573
-0.00460339485985
4.02525518949e-05
0.00469326946444
0.00935464261773
0.0140231748237
0.0186974953661
0.023376027327
0.0280569575918
0.0327382165721
0.0374174766642
0.0420921618224
0.0467594246588
0.0514161445565
0.0560589295338
0.0606841258564
0.0652878314639
0.0698659031139
0.0744139710223
0.078927460167
0.0834016086667
0.0878314917969
0.092212054969
0.0965381552489
0.100804588368
0.105006092255
0.109137392779
0.113193250481
0.117168501138
0.12105808023
0.124857038068
0.128560590501
0.132164148008
0.135663346499
0.139054071135
0.142332476972
0.145495018714
0.148538463297
0.15145991102
0.154256812772
0.156926983754
0.159468609505
0.161880243117
0.164160815996
0.16630964676
0.168326436449
0.170211263103
0.171964575894
0.173587190291
0.175080282749
0.17644537689
0.177684338123
0.178799360657
0.179792955164
0.180667937441
0.181427414735
0.182074783075
0.182613710481
0.18304812103
0.183382181684
0.183620296534
0.183767108825
0.183827482985
0.18380649808
0.183709443361
0.183541808589
0.183309275129
0.183017715554
0.18267320364
0.182282004743
0.181850565412
0.181385514675
0.180893669526
0.180382039919
0.179857823686
0.179328394455
0.178801308082
0.178284307594
0.177785323644
0.177312469864
0.176874037061
0.176478496389
0.176134486448
0.175850809883
0.175636427621
0.175500450777
0.175452128225
0.175500826735
0.17565602084
0.175927273487
0.176324216099
0.176856522484
0.177533877379
0.178365951013
0.179362364747
0.180532654865
0.181886228095
0.183432316844
0.185179933785
0.187137821197
0.189314395108
0.191717683805
0.194355266437
0.197234210484
0.20036100503
0.203741486885
0.207380765819
0.211283147735
0.215452061356
0.219889976024
0.224598328555
0.229577459738
0.234826522237
0.240343386393
0.246124565781
0.252165182178
0.258458906434
0.264997873659
0.271772616486
0.278772024836
0.285983336536
0.293392089158
0.30098210167
0.308735471232
0.316632570234
0.32465208151
0.332771012702
0.340964766896
0.349207202054
0.357470700857
0.365726262572
0.373943614978
0.382091372041
0.390137165721
0.398047794596
0.405789398143
0.413327655893
0.420627994423
0.427655803331
0.434376642355
0.44075649034
0.446761979823
0.4523606362
0.457521140114
0.462213529922
0.466409483813
0.470082537917
0.473208332227
0.475764816375
0.477732398173
0.479094192386
0.479836168942
0.479947325184
0.47941976017
0.478248763154
0.476432921849
0.473974150558
0.470877720264
0.467152202351
0.462809440633
0.457864481733
0.45233546648
0.446243497645
0.439612474826
0.432468905803
0.424841713302
0.416761995631
0.408262776712
0.399378762088
0.390146029574
0.380601790826
0.370784058731
0.36073138104
0.350482546756
0.340076270833
0.329550964338
0.31894440165
0.308293515905
0.297634121585
0.287000695578
0.276426191369
0.265941815659
0.255576911246
0.245358781005
0.235312596873
0.225461305681
0.215825558278
0.2064236839
0.197271664106
0.188383144738
0.179769469768
0.171439726383
0.163400817462
0.155657556479
0.148212751501
0.141067348879
0.134220534034
0.12766988886
0.121411532147
0.115440256462
0.10974971128
0.104332521524
0.0991804783451
0.0942846646869
0.0896356127804
0.0852234621009
0.0810380850934
0.077069242082
0.0733066598383
0.0697401697111
0.0663598202643
0.0631559773372
0.0601194079401
0.0572413331926
0.0545135142458
0.0519283020008
0.0494786810785
0.0471583104346
0.0449615566982
0.0428835050852
0.0409199538494
0.0390674179638
0.0373231524591
0.0356851433156
0.0341520710866
0.0327232693467
0.0313987090323
0.0301789980926
0.0290653280587
0.028059431164
0.0271635388182
0.0263803407028
0.0257129498072
0.0251648445603
0.0247398364341
0.0244420201565
0.0242757214114
0.0242454460728
0.0243558343067
0.0246116284884
0.0250176172829
0.0255785876564
0.0262992792379
0.0271843419427
0.0282382960344
0.0294654845752
0.0308700322087
0.0324558035583
0.0342263648846
0.0361849461716
0.0383344003038
0.0406771604111
0.0432152054885
0.0459500318828
0.04888261813
0.0520133897929
0.0553421871211
0.0588682370392
0.0625901230257
0.0665057571619
0.0706123638531
0.0749064595719
0.0793838293281
0.0840395075283
0.0888677671096
0.0938621226962
0.0990153202711
0.104319328946
0.109765338545
0.115343771124
0.121044308881
0.126855898318
0.132766777853
0.138764506758
0.144835995153
0.150967536866
0.157144857521
0.163353185235
0.169577298707
0.175801571508
0.182010034021
0.188186458312
0.19431445384
0.200377534634
0.206359189112
0.212242978662
0.218012625156
0.223652098179
0.229145713062
0.234478222957
0.239634918358
0.244601698536
0.249365166307
0.253912717459
0.258232615924
0.262314078111
0.266147321009
0.269723640687
0.27303546029
0.276076377728
0.278841206817
0.281325990555
0.28352803444
0.285445905284
0.287079434102
0.288429701494
0.289499011751
0.290290864764
0.290809913045
0.291061908986
0.291053647807
0.290792897075
0.29028832309
0.289549415976
0.288586393374
0.287410124572
0.286032024398
0.284463968424
0.282718196087
0.280807207755
0.278743687236
0.276540390323
0.274210075579
0.27176540805
0.26921888401
0.266582763711
0.263868992249
0.26108915518
0.258254412367
0.255375461527
0.252462498261
0.24952518435
0.246572630445
0.243613377289
0.240655390212
0.237706059385
0.234772203707
0.231860083548
0.22897541969
0.226123408933
0.22330875853
0.220535705713
0.217808056266
0.215129215678
0.212502220062
0.209929780605
0.207414306615
0.204957952302
0.202562641738
0.200230104359
0.197961907229
0.195759475727
0.193624127593
0.191557086603
0.189559507226
0.187632487612
0.1857770811
0.183994308069
0.182285160242
0.180650604495
0.179091579236
0.177608990625
0.176203707067
0.174876550328
0.173628281415
0.172459590225
0.171371076154
0.170363231671
0.169436421487
0.1685908623
0.167826605935
0.167143511118
0.166541221277
0.166019138514
0.165576403408
0.165211872039
0.164924089685
0.164711274388
0.164571290295
0.164501620729
0.164499345576
0.164561129511
0.164683213605
0.1648613873
0.165090962756
0.16536676578
0.165683132767
0.166033899679
0.166412388608
0.166811400873
0.16722321505
0.167639589524
0.168051761193
0.168450451521
0.168825874969
0.169167749252
0.169465314574
0.169707348653
0.169882190519
0.169977765656
0.169981619415
0.169880956594
0.169662677246
0.169313424364
0.16881963262
0.168167584349
0.167343468891
0.166333448121
0.165123730899
0.163700644658
0.162050705296
0.160160703027
0.158017802123
0.155609641859
0.15292442175
0.149950971099
0.146678870104
0.143098556306
0.139201427204
0.134979934128
0.130427674627
0.125539506485
0.1203116238
0.114741662137
0.10882878079
0.102573748718
0.0959790095906
0.0890487016491
0.081788745253
0.0742068970614
0.0663127828275
0.0581178812133
0.0496355072179
0.0408808292656
0.031870835383
0.0226242873492
0.0131616375481
0.00350495466528
-0.00632216841719
-0.0162947313585
-0.0263864568832
-0.0365699418841
-0.046816819455
-0.0570979257204
-0.0673834900411
-0.0776433366798
-0.0878470779368
-0.0979643480417
-0.107964993092
-0.117819314204
-0.127498275689
-0.136973716895
-0.146218588877
-0.155207120224
-0.163915056686
-0.172319808443
-0.180400639222
-0.18813882171
-0.195517748164
-0.202523083077
-0.209142816711
-0.215367367855
-0.22118961434
-0.226604917609
-0.231611132946
-0.236208567946
-0.240399947837
-0.244190337311
-0.2475870454
-0.250599514889
-0.253239187887
-0.25551934619
-0.257454964779
-0.259062505526
-0.26035975347
-0.261365602273
-0.262099848913
-0.262583010149
-0.262836075531
-0.262880348662
-0.262737205366
-0.262427924882
-0.261973501215
-0.261394449794
-0.26071068113
-0.259941311649
-0.259104565007
-0.258217634636
-0.257296588308
-0.256356294124
-0.255410339437
-0.254470998619
-0.253549191939
-0.252654474638
-0.251795040341
-0.250977736173
-0.25020809081
-0.249490367204
-0.248827603093
-0.24822169202
-0.247673445864
-0.247182678228
-0.246748301339
-0.246368396308
-0.246040334119
-0.245760846732
-0.245526140126
-0.245331984815
-0.245173801041
-0.245046766993
-0.244945882645
-0.244866072163
-0.244802246209
-0.244749377392
-0.244702567578
-0.244657095884
-0.244608480251
-0.24455251114
-0.244485293374
-0.244403275419
-0.244303271948
-0.244182480113
-0.24403848626
-0.243869269713
-0.243673204538
-0.243449048363
-0.243195932049
-0.242913346039
-0.242601114409
-0.242259376271
-0.24188855235
-0.24148932324
-0.241062595367
-0.240609464488
-0.24013118398
-0.239629123429
-0.239104743693
-0.238559553021
-0.237995073509
-0.237412806046
-0.236814192911
-0.236200589181
-0.235573224451
-0.234933178559
-0.234281349718
-0.233618427748
-0.232944871134
-0.232260882121
-0.231566391775
-0.230861039304
-0.230144158911
-0.229414767582
-0.228671558092
-0.227912899678
-0.227136831949
-0.226341065469
-0.225522987304
-0.224679673113
-0.223807900923
-0.222904164772
-0.221964694546
-0.220985479979
-0.219962298519
-0.21889074573
-0.217766270654
-0.216584215615
-0.215339856172
-0.214028437637
-0.21264522608
-0.211185560812
-0.209644907587
-0.20801890953
-0.206303436025
-0.20449464728
-0.202589044738
-0.200583532467
-0.198475473349
-0.196262746782
-0.193943804522
-0.191517704899
-0.18898417723
-0.186343669381
-0.183597394605
-0.18074736043
-0.177796387668
-0.17474815439
-0.171607209932
-0.168378992931
-0.165069828697
-0.161686929352
-0.15823838549
-0.154733134691
-0.151180943594
-0.147592371904
-0.143978728115
-0.140352009656
-0.136724836418
-0.133110385531
-0.12952231901
-0.125974691228
-0.122481859834
-0.119058384814
-0.115718930199
-0.112478165456
-0.109350645113
-0.106350715997
-0.103492392628
-0.100789256319
-0.0982543427847
-0.0959000359879
-0.093737992653
-0.0917790214081
-0.0900330061664
-0.0885088134463
-0.0872142357864
-0.0861559387807
-0.085339389326
-0.084768821362
-0.0844471963716
-0.0843761961146
-0.0845562082349
-0.0849863287967
-0.0856643852475
-0.0865869557086
-0.0877493999203
-0.089145910074
-0.0907695672859
-0.0926124087537
-0.0946654993739
-0.096919001516
-0.0993622752326
-0.101983955827
-0.104772059521
-0.1077140707
-0.110797033596
-0.114007667736
-0.117332460702
-0.120757779071
-0.124269929617
-0.127855258165
-0.131500250969
-0.135191623236
-0.138916394931
-0.142661925175
-0.146415998599
-0.150166887637
-0.153903404497
-0.157614938551
-0.161291476964
-0.164923645919
-0.168502728098
-0.172020674207
-0.175470111965
-0.178844348452
-0.182137360029
-0.185343774331
-0.188458852302
-0.191478480779
-0.19439914291
-0.197217881978
-0.199932266706
-0.202540354311
-0.205040665964
-0.207432135863
-0.209714076533
-0.2118861383
-0.2139482627
-0.215900642029
-0.217743673255
-0.219477937187
-0.221104153372
-0.222623136901
-0.224035759557
-0.225342919908
-0.226545525623
-0.227644454178
-0.228640527586
-0.229534488899
-0.230326982207
-0.231018536126
-0.231609546069
-0.23210026769
-0.232490805759
-0.232781103818
-0.232970938759
-0.233059922379
-0.233047507177
-0.232932987056
-0.232715500609
-0.232394041682
-0.231967471228
-0.231434530587
-0.230793856746
-0.230043997451
-0.229183432429
-0.228210592387
-0.22712388182
-0.225921702363
-0.224602475165
-0.223164669073
-0.221606824035
-0.219927580205
-0.218125703871
-0.216200115178
-0.214149916185
-0.211974411916
-0.209673141798
-0.207245904098
-0.204692782307
-0.202014165509
-0.1992107667
-0.196283648043
-0.193234237115
-0.190064345115
-0.186776172751
-0.183372321195
-0.179855801734
-0.176230038194
-0.172498869407
-0.168666546129
-0.164737727622
-0.160717465683
-0.156611187913
-0.152424685226
-0.148164094702
-0.143835871264
-0.139446754305
-0.135003736311
-0.130514033411
-0.125985053045
-0.121424347621
-0.116839570052
-0.112238429614
-0.107628647781
-0.103017907579
-0.0984138080184
-0.0938238306975
-0.0892552800345
-0.0847152372375
-0.0802105131482
-0.0757476140831
-0.071332704
-0.0669715589974
-0.062669539407
-0.0584315534555
-0.0542620414618
-0.0501649500302
-0.0461437143374
-0.0422012485705
-0.038339935795
-0.0345616327762
-0.0308676690134
-0.0272588558287
-0.0237354998438
-0.0202974207383
-0.0169439737475
-0.0136740770733
-0.0104862378013
-0.0073785888298
-0.00434892210219
-0.00139472629331
0.00148677007896
0.00429856563129
0.00704383578842
0.00972589947084
0.0123481732762
0.014914132074
0.0174272750884
0.0198910810803
0.0223089830782
0.0246843284463
0.0270203547203
0.0293201624453
0.0315866899761
0.0338226985056
0.0360307511311
0.0382132037329
0.0403721939869
0.0425096353848
0.0446272149059
0.0467263928736
0.0488084047512
0.050874268513
0.0529247895913
0.0549605723275
0.0569820308737
0.0589893996669
0.0609827511644
0.0629620051421
0.0649269485229
0.0668772474193
0.0688124632684
0.0707320697104
0.0726354634949
0.0745219833151
0.0763909192117
0.0782415278746
0.0800730435149
0.0818846878416
0.0836756814968
0.0854452506168
0.0871926359659
0.0889170984528
0.09061792465
0.092294431192
0.0939459677521
0.095571919471
0.0971717098533
0.0987448006013
0.100290690266
0.101808912548
0.103299036296
0.104760668297
0.10619344715
0.107597036889
0.108971124153
0.110315418821
0.111629653216
0.112913573857
0.114166933386
0.115389488702
0.116580999778
0.117741224264
0.118869912214
0.119966802686
0.121031619109
0.122064061298
0.123063801578
0.124030484398
0.124963723221
0.125863093818
0.126728127987
0.127558312346
0.128353087523
0.129111844103
0.129833918129
0.130518587397
0.131165070968
0.13177253161
0.132340072187
0.132866734433
0.133351499283
0.133793288156
0.134190964544
0.134543335159
0.134849154668
0.135107128347
0.135315916099
0.13547413741
0.135580377306
0.13563319319
0.135631121735
0.135572688098
0.135456414775
0.135280829606
0.135044474493
0.134745917143
0.13438376212
0.133956661985
0.133463331538
0.132902561336
0.132273223915
0.131574272957
0.13080476407
