0.0
0.0047864510929
0.00958083325807
0.0143853715339
0.0192005648836
0.0240270933082
0.028865546062
0.0337163445937
0.0385796282547
0.0434551644859
0.0483422896158
0.0532398404072
0.0581460757643
0.0630586587131
0.0679746296643
0.0728903729869
0.0778016248962
0.0827034746878
0.0875904074495
0.0924563154098
0.0972945343764
0.102097921109
0.106858888449
0.111569487332
0.116221464628
0.120806328928
0.125315458401
0.129740150738
0.134071706137
0.138301511465
0.142421109327
0.14642227867
0.150297104061
0.154038040387
0.157637982124
0.161090313672
0.164388975676
0.167528508037
0.170504096191
0.173311608478
0.175947643951
0.178409550905
0.180695455559
0.182804285568
0.184735788099
0.18649054484
0.188069969248
0.189476324048
0.190712718847
0.191783109396
0.192692298474
0.193445910882
0.194050408205
0.194513054343
0.194841911347
0.195045818844
0.19513436589
0.195117878428
0.195007381627
0.194814567036
0.194551754911
0.194231860697
0.193868334138
0.193475112532
0.193066553798
0.192657363197
0.192262526613
0.191897198692
0.191576623856
0.191316015477
0.191130442203
0.191034709745
0.191043223861
0.191169847241
0.191427769013
0.191829365844
0.192386061749
0.193108217213
0.194005014504
0.195084359917
0.196352792203
0.197815432696
0.199475943872
0.201336546891
0.203398012309
0.205659680766
0.208119526738
0.210774222559
0.213619231277
0.216648891835
0.219856542887
0.223234608136
0.226774697932
0.230467699912
0.234303909071
0.238273129643
0.242364740146
0.246567771192
0.250870995946
0.255262981428
0.259732158363
0.264266862783
0.268855414557
0.27348613491
0.278147371911
0.282827535098
0.287515145442
0.292198874141
0.296867542513
0.301510168549
0.306115983511
0.310674454366
0.315175322002
0.319608618481
0.32396470824
0.32823431825
0.332408537309
0.336478895887
0.340437363078
0.344276395913
0.347988971649
0.35156861558
0.355009446996
0.358306196641
0.361454261453
0.364449730765
0.367289431802
0.369970950627
0.372492641191
0.374853659783
0.377054011681
0.379094553054
0.380977029899
0.382704018781
0.384279006069
0.385706351123
0.386991301485
0.388139956949
0.389159245847
0.390056906944
0.390841402802
0.391521901406
0.392108262581
0.392610936265
0.393040867708
0.393409399569
0.393728194928
0.394009159317
0.394264326211
0.394505698326
0.394745141243
0.394994276881
0.395264351985
0.39556610581
0.395909662352
0.396304377713
0.396758747829
0.397280285469
0.397875443217
0.398549583156
0.399306883983
0.40015021946
0.401081158008
0.402100001491
0.403205801113
0.404396334549
0.405668126128
0.407016526877
0.408435806114
0.409919220866
0.411459120951
0.413046984035
0.414673589243
0.416329138054
0.418003370279
0.419685641062
0.421365053969
0.423030567829
0.424671113507
0.426275687272
0.427833478448
0.429333949408
0.430766880717
0.432122431688
0.433391253153
0.434564532827
0.43563407524
0.436592264199
0.437432144322
0.438147436176
0.438732562825
0.439182657311
0.439493575529
0.439661877264
0.43968484261
0.43956042485
0.439287262839
0.438864687501
0.438292657859
0.437571748611
0.436703121559
0.435688500553
0.434530116253
0.43323068642
0.431793389713
0.43022182413
0.428519926174
0.42669197695
0.424742515326
0.422676352686
0.420498481705
0.418214020887
0.415828197272
0.413346273483
0.410773534755
0.408115196371
0.40537641453
0.402562181709
0.399677319753
0.396726383026
0.393713666006
0.390643144364
0.387518414531
0.384342671807
0.381118658468
0.377848630554
0.374534323317
0.371176923656
0.367777068305
0.364334805446
0.360849540809
0.357320060445
0.353744519919
0.35012047764
0.346444882315
0.342714051497
0.3389237186
0.335069077219
0.33114482164
0.327145167323
0.32306394494
0.318894645409
0.314630469502
0.310264424628
0.305789461208
0.301198591428
0.296484981055
0.291642037039
0.286663629994
0.281544222379
0.276279095633
0.270864537862
0.265298099898
0.259578867695
0.253707708878
0.247687670885
0.2415243831
0.235226535633
0.228806399608
0.222280425879
0.215670033448
0.209002418898
0.202311581764
0.195639380135
0.189036780388
0.182565174404
0.176297647336
0.170320149554
0.164732150598
0.159646539052
0.155188152688
0.151490401301
0.148689587676
0.146916813411
0.146287992083
0.146893609012
0.148790104339
0.151995066423
0.156487310983
0.162211478641
0.169086047048
0.177012112619
0.185881802409
0.195584917243
0.206013745468
0.217066177178
0.228646892991
0.240667829247
0.2530479909
0.265713144716
0.278595178827
0.2916312868
0.304763322526
0.317937236881
0.331102687018
0.344212579041
0.357222706549
0.370091470011
0.382779727989
0.395250603457
0.407469403333
0.41940349197
0.431022247685
0.442297050386
0.453201216057
0.463710044351
0.473800745191
0.483452511272
0.4926464637
0.501365688265
0.509595239482
0.517322105217
0.524535250533
0.531225569355
0.537385871544
0.54301089458
0.548097225807
0.552643304269
0.556649358229
0.560117358791
0.563050967785
0.56545546196
0.567337690543
0.56870596469
0.569570004947
0.569940850625
0.56983074795
0.569253086898
0.568222292501
0.566753717878
0.564863564767
0.56256874141
0.559886824519
0.556835885396
0.553434429506
0.549701304147
0.545655569352
0.541316419555
0.536703078412
0.531834748112
0.526730463699
0.52140903957
0.515889006481
0.510188495936
0.504325251699
0.498316510048
0.492178965143
0.485928690003
0.479581121812
0.47315102791
0.466652469462
0.460098776982
0.45350252889
0.446875558673
0.440228913939
0.433572885662
0.426917032539
0.420270177172
0.413640417103
0.407035096899
0.400460906518
0.393923918217
0.387429641165
0.380982953418
0.374588230521
0.368249353555
0.361969801812
0.355752676051
0.349600745897
0.343516516464
0.337502263105
0.33156010744
0.325692045638
0.319900037727
0.31418606199
0.308552139324
0.303000405707
0.297533165848
0.292152929753
0.286862474295
0.281664904244
0.276563682254
0.271562674811
0.266666189324
0.261879013392
0.257206456963
0.252654371556
0.248229192168
0.243937938852
0.239788214155
0.235788206439
0.231946680921
0.228273020306
0.224777158015
0.221469464385
0.218360698857
0.215461989136
0.212784719942
0.210340388607
0.20814046286
0.206196230283
0.204518649646
0.203118147404
0.202004462039
0.201186497661
0.200672106789
0.200467886153
0.200579061328
0.201009427879
0.20176127274
0.202835279818
0.204230499567
0.205944401755
0.20797294734
0.210310657279
0.212950713193
0.215885060027
0.219104567697
0.222599150869
0.22635791053
0.230369266245
0.234621067063
0.23910070005
0.24379515281
0.248691104172
0.253775051219
0.25903330365
0.264452037681
0.270017308181
0.275715098726
0.281531332024
0.287451888329
0.293462593587
0.299549238398
0.305697580087
0.311893367477
0.318122315457
0.324370143572
0.330622566043
0.336865328539
0.343084208526
0.349265049924
0.355393775434
0.361456421491
0.367439171295
0.373328383441
0.37911063925
0.384772763808
0.390301884819
0.395685455113
0.400911326402
0.405967753998
0.410843465687
0.415527700777
0.420010254386
0.424281508113
0.428332475885
0.432154846327
0.435741005092
0.439084087516
0.442177977396
0.445017350047
0.447597711617
0.449915362747
0.451967488796
0.453752084889
0.455268033306
0.456515050922
0.457493720078
0.458205451944
0.458652505998
0.458837928741
0.458765571489
0.458440052708
0.457866707676
0.457051581078
0.456001368078
0.454723390555
0.453225537681
0.451516221647
0.449604347545
0.447499206836
0.445210493317
0.442748187781
0.440122528391
0.437343937943
0.4344229668
0.431370247027
0.428196395045
0.424911990878
0.421527476425
0.418053130032
0.414498988165
0.410874789952
0.407189923638
0.403453362524
0.399673641526
0.395858784798
0.392016268728
0.388153005072
0.384275258519
0.380388667693
0.376498178224
0.372608064206
0.368721874152
0.364842455506
0.360971919364
0.35711167972
0.353262449364
0.349424281539
0.345596554643
0.341778014098
0.337966813444
0.334160576631
0.33035645028
0.326551130946
0.32274093634
0.318921866073
0.315089678723
0.311239966829
0.307368261045
0.30347013357
0.29954124107
0.29557742094
0.291574816594
0.287530013774
0.283440145316
0.279302970982
0.275117012703
0.270881747431
0.266597746695
0.262266832304
0.257892195714
0.253478628819
0.249032661346
0.244562761435
0.240079612709
0.235596404633
0.23112903524
0.226696109424
0.222319270116
0.218023507614
0.213837362384
0.20979294222
0.205925836461
0.202275146381
0.198883237071
0.195795287903
0.193058598317
0.19072168403
0.18883307266
0.187439783488
0.186585724265
0.186310092154
0.186645670025
0.187617259184
0.189240455287
0.191520973106
0.194454560762
0.198027198945
0.202215889519
0.20698973579
0.212311248133
0.218137770584
0.224422735975
0.231116993416
0.23816977666
0.245529624682
0.253145066985
0.260965106149
0.268939665074
0.277019760846
0.285157771637
0.293307514617
0.301424292443
0.309464989124
0.31738805019
0.325153533798
0.332723119572
0.340060118848
0.347129513549
0.353897996343
0.360333986529
0.366407718506
0.372091248572
0.377358558201
0.382185604341
0.386550374413
0.390433001625
0.393815773129
0.396683294461
0.399022474687
0.400822654636
0.402075695772
0.402775977598
0.402920557184
0.402509149531
0.401544266572
0.400031229936
0.397978223098
0.395396400425
0.392299865167
0.388705783766
0.384634400915
0.380109103359
0.375156461231
0.369806299305
0.364091695509
0.358049109072
0.351718332457
0.345142611212
0.338368614846
0.331446436512
0.324429635356
0.31737504796
0.310342777898
0.303395834232
0.296599878297
0.290022681755
0.283733397251
0.277801745826
0.272296743022
0.267285412864
0.262831079837
0.258991607927
0.255817510989
0.25335010042
0.251619868453
0.250645220756
0.250431697635
0.250971856445
0.252245752091
0.254221965055
0.256859257306
0.260108333167
0.263913966884
0.268216970752
0.272956059906
0.278069569296
0.283496709759
0.289178761636
0.295059773903
0.30108717842
0.307212107274
0.313389555438
0.319578467929
0.325741633531
0.331845615771
0.337860558985
0.343760009938
0.349520697689
0.355122333672
0.360547393612
0.365780896599
0.370810221898
0.375624917636
0.380216526137
0.384578413429
0.388705595076
0.392594593767
0.396243331974
0.399650982035
0.402817859152
0.405745322997
0.408435655701
0.410892007019
0.413118286035
0.415119109648
0.416899715258
0.418465911614
0.419824021293
0.420980810634
0.421943492875
0.422719657081
0.423317242052
0.423744514548
0.424010020009
0.424122607036
0.42409135728
0.423925616576
0.423634967018
0.423229211681
0.422718358884
0.422112644147
0.421422515453
0.420658617657
0.41983179618
0.418953084093
0.41803369249
0.417085017783
0.416118627424
0.415146225751
0.414179634845
0.413230782609
0.412311662719
0.411434313421
0.410610742905
0.409852894122
0.409172604243
0.408581518503
0.408091026647
0.407712188152
0.407455627309
0.407331477951
0.407349253268
0.40751779081
0.407845122622
0.408338391515
0.409003765862
0.409846332993
0.410870047234
0.412077621033
0.413470490813
0.415048740299
0.416811081256
0.418754826827
0.42087587307
0.423168724104
0.42562649184
0.428240953039
0.431002588583
0.43390064914
0.436923245812
0.440057418322
0.443289249736
0.446603957743
0.449986012761
0.453419253763
0.456886986633
0.460372153921
0.463857417023
0.467325276559
0.470758203149
0.474138731865
0.477449600495
0.480673839807
0.483794888117
0.486796673614
0.489663694674
0.492381148815
0.494934967667
0.497311900073
0.499499583721
0.501486599819
0.503262527867
0.504817995329
0.506144684492
0.507235402775
0.508084063821
0.50868575175
0.509036688527
0.509134234468
0.508976917482
0.508564385482
0.507897411373
0.506977861618
0.505808665466
0.504393772907
0.502738113582
0.500847532043
0.498728782558
0.496389438139
0.493837836044
0.491083017024
0.488134645504
0.485002962199
0.481698706433
0.478233030541
0.474617425943
0.470863674933
0.466983743387
0.462989727721
0.458893775364
0.45470799167
0.450444421049
0.446114939345
0.441731214685
0.437304610936
0.432846136633
0.428366446238
0.42387576702
0.419383826135
0.414899822041
0.410432381544
0.405989599948
0.401578966057
0.397207341866
0.392880956892
0.388605413745
0.384385701806
0.380226200384
0.376130659754
0.372102265563
0.368143615292
0.364256747799
0.360443206935
0.356704047762
0.353039896909
0.349450944048
0.345937019949
0.342497623758
0.339131978934
0.335839064937
0.332617646708
0.329466341658
0.3263836433
0.323367985324
0.3204177534
0.317531359866
0.314707268399
0.311944010627
0.309240257588
0.30659482842
0.304006748917
0.301475268683
0.298999882223
0.296580381841
0.294216877607
0.291909838852
0.289660096105
0.287468857778
0.285337750265
0.283268853219
0.28126472327
0.279328361899
0.277463257021
0.275673396437
0.273963282556
0.272337904075
0.270802761614
0.269363832541
0.26802756744
0.26680085663
0.265691010965
0.264705715657
0.26385298493
0.26314105907
0.262578347359
0.262173364074
0.261934671998
0.261870734319
0.261989766501
0.262299644889
0.262807816396
0.263521178558
0.26444591485
0.265587371463
0.266949971281
0.268537076603
0.270350904294
0.272392451855
0.274661449805
0.277156258072
0.27987383046
0.282809697959
0.285958039228
0.289311640299
0.2928619413
0.296599061781
0.300511879918
0.304588120512
0.308814405173
0.313176372739
0.317658742987
0.322245419886
0.32691958928
0.331663808978
0.336460144628
0.341290252511
0.346135457191
0.350976869547
0.355795462946
0.3605722066
0.36528811992
0.369924385681
0.374462418979
0.378883958523
0.383171164608
0.3873066928
0.391273759809
0.395056237148
0.398638719181
0.402006592242
0.405146111817
0.408044456534
0.410689795377
0.41307133481
0.415179410139
0.417005483881
0.418542216998
0.419783522173
0.420724575959
0.421361860733
0.421693180445
0.42171770985
0.421435966534
0.420849845325
0.419962627644
0.418778950761
0.417304822905
0.415547602755
0.413515980587
0.411219933537
0.40867073039
0.405880849804
0.402863982477
0.399634933197
0.396209609836
0.392604947836
0.388838813973
0.384929993197
0.380898040506
0.376763258714
0.372546563899
0.368269399807
0.363953635839
0.359621437481
0.355295168681
0.350997222468
0.346749921253
0.342575346632
0.338495186127
0.334530581537
0.330701954427
0.327028836463
0.323529705567
0.320221805527
0.317120991813
0.314241578072
0.311596175081
0.309195596852
0.307048729944
0.305162469826
0.30354167231
0.302189124459
0.301105572973
0.300289746739
0.299738471707
0.299446731476
0.299407833235
0.299613548037
0.300054278214
0.300719238279
0.301596649737
0.302673922535
0.303937833021
0.305374728168
0.306970649279
0.30871151273
0.310583231996
0.312571858877
0.314663685628
0.316845315003
0.31910372539
0.321426335943
0.323801079679
0.326216420073
0.328661356186
0.331125428286
0.333598738497
0.336071930486
0.338536196915
0.34098325727
0.343405354979
0.345795208963
0.348146008044
0.350451375163
0.352705369831
0.354902456276
0.357037455737
0.359105539927
0.361102211289
0.363023308089
0.364864951875
0.366623541848
0.368295738277
0.369878436011
0.37136876315
0.372764066794
0.374061956149
0.37526026003
0.376356981391
0.377350303086
0.378238631013
0.379020595413
0.379695040558
0.380260997284
0.380717710011
0.381064650538
0.381301517456
0.381428244326
0.381445015798
0.381352279595
0.381150706513
0.380841250301
0.380425146809
0.379903960385
0.37927952333
0.37855396014
0.377729693833
