0.0
0.0089159059833
0.0183643539513
0.028302616562
0.0386828283014
0.0494565525191
0.060574589078
0.0719872129802
0.0836444409564
0.0954963479621
0.107493420782
0.119586788314
0.131728466872
0.143871717667
0.155971272288
0.167983517495
0.179866840347
0.191581799397
0.203091260763
0.214360608928
0.225357978404
0.236054300378
0.246423361543
0.256441988212
0.266090098281
0.275350658642
0.284209755596
0.29265656755
0.300683323116
0.308285258241
0.315460523373
0.322210086016
0.328537615399
0.334449342979
0.339953901456
0.345062172056
0.34978708026
0.354143408495
0.35814759978
0.36181754288
0.365172320349
0.368232035127
0.371017553116
0.373550267877
0.375851895335
0.377944263878
0.379849078465
0.381587710691
0.38318105736
0.384649301713
0.38601179857
0.387286899345
0.388491845468
0.389642637206
0.390754002939
0.391839263745
0.392910335309
0.393977704437
0.395050424115
0.396136109248
0.397240998623
0.398370003843
0.399526762272
0.400713701949
0.401932165728
0.403182456949
0.40446396557
0.405775250764
0.407114150557
0.408477864782
0.409863063662
0.411265962717
0.41268240519
0.414107958272
0.415537952125
0.416967560646
0.41839184424
0.419805806715
0.421204426166
0.422582677967
0.423935578389
0.425258165353
0.426545559822
0.42779294296
0.428995549159
0.43014869794
0.431247753678
0.432288151363
0.433265360136
0.434174900384
0.435012317598
0.435773175744
0.436453062028
0.437047556281
0.437552253233
0.437962739718
0.438274595897
0.438483410222
0.438584775087
0.438574291641
0.438447601808
0.438200383307
0.437828382512
0.437327448272
0.436693546088
0.435922802885
0.435011557924
0.43395639513
0.432754206229
0.431402231987
0.429898147203
0.428240117022
0.42642687334
0.424457794269
0.422332994954
0.420053400814
0.417620869629
0.415038266185
0.412309570337
0.409439991134
0.406436044287
0.403305693646
0.400058418988
0.396705346692
0.393259303946
0.389734922484
0.386148675158
0.382518962152
0.378866078842
0.375212243218
0.371581518045
0.367999725176
0.36449429853
0.361094068856
0.357829010919
0.354729844904
0.351827687891
0.349153489893
0.346737525831
0.34460872674
0.342794046653
0.341317712497
0.340200572736
0.3394593727
0.339106157447
0.339147730403
0.339585216761
0.340413792183
0.34162253147
0.343194443948
0.345106647244
0.347330680908
0.349832995559
0.352575410051
0.355515893162
0.358609043817
0.361807011606
0.365059967348
0.368317032232
0.371526705571
0.374637703294
0.377599337085
0.380362223211
0.382878626606
0.385103024221
0.386992386345
0.388506640907
0.389608932313
0.390265968913
0.390448233035
0.39013026579
0.389290857237
0.387913240979
0.385985291771
0.38349965723
0.380453908218
0.376850654674
0.372697684598
0.368008008417
0.362799973679
0.357097308015
0.350929205707
0.344330309158
0.33734076522
0.330006214893
0.322377740343
0.314511818842
0.306470175067
0.298319594403
0.290131627571
0.281982151596
0.273950746595
0.266119875549
0.258573722148
0.251396744975
0.244671797529
0.238477934062
0.232887822021
0.227964917297
0.223760688149
0.220311985191
0.217638942665
0.215743754045
0.214610452071
0.214205815898
0.214481321173
0.215375966251
0.216819590441
0.218736364589
0.221048191352
0.223677697121
0.226550735065
0.229598360431
0.232758212127
0.235975441931
0.239203242941
0.242403046166
0.245544434205
0.248604920467
0.251569566025
0.25443047862
0.257186255815
0.259841384948
0.262405581848
0.264893072181
0.267321904595
0.269713195297
0.272090363461
0.274478373036
0.276902971284
0.279389940479
0.281964366449
0.284649984083
0.287468537848
0.290439252829
0.293578381258
0.296898844301
0.300410000758
0.304117487626
0.308023225127
0.312125474339
0.316419019602
0.320895422431
0.325543319428
0.330348792097
0.335295777931
0.340366448157
0.345541630968
0.35080120031
0.356124455679
0.361490463411
0.36687837576
0.372267712113
0.377638570629
0.382971866117
0.388249481704
0.393454405655
0.398570840561
0.403584259027
0.408481480284
0.413250672161
0.417881378382
0.422364481584
0.426692210064
0.430858076458
0.434856857414
0.438684498683
0.44233808458
0.445815762139
0.449116681721
0.452240871677
0.455189247309
0.457963438858
0.46056579757
0.462999259849
0.465267295765
0.467373833634
0.46932317858
0.471119945973
0.472768979381
0.474275301552
0.47564404953
0.476880376313
0.477989446503
0.478976339035
0.479846010965
0.480603232608
0.48125256431
0.481798279914
0.482244359126
0.482594420001
0.48285170869
0.483019042051
0.483098793561
0.483092874767
0.483002681846
0.482829111408
0.482572518638
0.482232718144
0.481808969444
0.481299956344
0.480703805022
0.480018063892
0.479239716344
0.478365185801
0.477390334804
0.47631049685
0.47512047419
0.473814563312
0.472386573488
0.470829872135
0.469137392247
0.467301677164
0.465314923517
0.463169001343
0.460855541909
0.458365943582
0.455691450146
0.452823200941
0.449752305097
0.446469878776
0.442967158911
0.439235539491
0.435266665029
0.431052520982
0.426585507477
0.42185854284
0.416865139423
0.411599530769
0.406056750202
0.4002327585
0.39412455049
0.387730259809
0.381049325313
0.374082553421
0.366832350376
0.359302738223
0.35149966866
0.343431022267
0.335106944434
0.326539877356
0.317744935969
0.308739987641
0.299546028559
0.290187390188
0.280692097703
0.271092227634
0.261424269851
0.251729640735
0.242055071233
0.232453224785
0.222983095484
0.213710582062
0.204708764367
0.196058069033
0.187846014223
0.180166191083
0.173116669924
0.166796731593
0.161302840364
0.156722521183
0.153127979983
0.150568766806
0.149066101042
0.148608943186
0.149153561593
0.150626617438
0.152930874811
0.155952468774
0.159568561911
0.163654101241
0.168087054146
0.172752150435
0.17754310197
0.182363714991
0.187128231529
0.19176112613
0.196196659866
0.200378258303
0.204257907613
0.207795567272
0.210958597264
0.21372131815
0.216064627092
0.217975614785
0.219447369323
0.220478729261
0.221074097086
0.221243358873
0.221001757102
0.220369789032
0.219373205894
0.218042888719
0.216414807039
0.214529935032
0.212434096077
0.210177778196
0.207815863273
0.205407179143
0.20301397417
0.200701133203
0.198535189445
0.196583102259
0.194910743497
0.193581228807
0.192653029483
0.19217804495
0.192199815547
0.19275190959
0.193856751383
0.195525019682
0.197755560527
0.200535949937
0.203843599839
0.207647177569
0.211908347161
0.216583561244
0.221625767283
0.22698601315
0.232614820857
0.23846328254
0.244483958487
0.25063152537
0.256863220913
0.263139164732
0.269422485006
0.275679411851
0.281879238941
0.287994260392
0.293999681746
0.29987345172
0.305596142499
0.311150784176
0.316522684323
0.321699298364
0.326670037192
0.331426138848
0.335960510834
0.340267575918
0.344343150815
0.348184318724
0.351789288848
0.355157308121
0.358288529682
0.361183922884
0.3638451813
0.366274644468
0.368475180168
0.370450152545
0.372203347036
0.373738875778
0.375061158407
0.376174832158
0.377084745795
0.377795893053
0.378313368834
0.378642345092
0.378788060986
0.378755755805
0.378550670959
0.378178043824
0.377643057616
0.376950852616
0.376106510499
0.375115048503
0.373981411953
0.372710459279
0.371306973835
0.369775666479
0.368121175935
0.366348048882
0.364460779464
0.362463800236
0.360361486431
0.358158159846
0.355858117707
0.353465627003
0.350984946298
0.348420323098
0.345776030893
0.343056355628
0.340265635512
0.337408257797
0.334488687327
0.331511469688
0.328481265174
0.325402838869
0.322281098904
0.31912110363
0.31592808378
0.312707447467
0.309464798583
0.306205941256
0.30293690641
0.299663947399
0.296393550762
0.293132439315
0.289887576713
0.286666148771
0.28347558393
0.2803235069
0.277217742136
0.274166292114
0.271177292374
0.268258980181
0.265419652686
0.26266761895
0.260011128712
0.257458310491
0.255017112455
0.252695187506
0.25049984846
0.248437955337
0.246515825972
0.244739150455
0.243112896093
0.241641221298
0.24032740067
0.239173740775
0.238181536737
0.237351017696
0.236681308667
0.236170445229
0.235815322138
0.235611792421
0.235554616873
0.235637606131
0.235853629322
0.23619471673
0.236652192034
0.237216701756
0.237878409427
0.238627054626
0.239452086025
0.240342786866
0.241288361697
0.242278076359
0.243301323751
0.244347739001
0.245407275337
0.246470260177
0.247527478738
0.248570221094
0.249590302439
0.250580104506
0.251532596135
0.252441332713
0.253300459042
0.254104677773
0.254849269853
0.255530013994
0.256143201802
0.256685557675
0.257154222715
0.257546692724
0.257860782751
0.258094572399
0.258246361572
0.25831464027
0.258298050733
0.25819535191
0.25800541664
0.257727226422
0.257359852359
0.256902508289
0.256354555085
0.25571556674
0.254985379248
0.254164162692
0.253252526118
0.252251602154
0.251163171346
0.249989778645
0.248734866123
0.247402907698
0.245999553
0.24453174131
0.2430078642
0.241437846303
0.239833285207
0.238207501659
0.236575605575
0.234954523906
0.233362941626
0.231821280151
0.230351496961
0.228976952556
0.227722110269
0.226612209231
0.225672869759
0.224929601059
0.2244072952
0.224129641937
0.22411854593
0.22439353377
0.224971204408
0.22586471252
0.22708338076
0.228632361042
0.230512500659
0.232720262185
0.235247831694
0.238083348279
0.241211188269
0.244612439847
0.248265299505
0.252145659876
0.256227566874
0.260483776112
0.26488623553
0.269406520638
0.274016285444
0.278687575113
0.283393194574
0.288106929265
0.292803785453
0.297460158715
0.302053978628
0.306564799929
0.310973878
0.315264212602
0.319420573726
0.323429495145
0.327279245652
0.330959836581
0.334462927171
0.337781808883
0.340911316908
0.343847766226
0.346588878694
0.349133689373
0.351482463743
0.353636610307
0.355598585584
0.357371796212
0.358960513858
0.360369772314
0.361605288703
0.362673348467
0.363580749227
0.364334675725
0.364942658349
0.365412455878
0.365752010283
0.365969351934
0.366072547622
0.366069632153
0.365968545268
0.3657770964
0.365502897923
0.365153337505
0.364735524729
0.364256268658
0.363722048403
0.363138992094
0.362512849963
0.361848979075
0.361152341771
0.36042749179
0.359678562549
0.358909279608
0.358122962308
0.357322506438
0.356510417881
0.355688804945
0.354859393714
0.354023550947
0.353182257834
0.352336186625
0.351485654946
0.35063067439
0.349770963615
0.348905960043
0.348034830973
0.347156500479
0.346269668182
0.34537281419
0.344464223448
0.343542007231
0.342604111779
0.341648345169
0.340672377446
0.33967378557
0.338650055921
0.337598593379
0.336516763741
0.335401898211
0.334251323491
0.333062368238
0.331832414881
0.330558900609
0.329239353177
0.327871423657
0.326452903585
0.324981788635
0.323456278892
0.321874844875
0.32023625156
0.318539620524
0.31678447433
0.314970780471
0.313099028208
0.31117026627
0.309186178415
0.307149168719
0.305062407252
0.302929923735
0.300756686379
0.298548672059
0.296312963657
0.294057831492
0.291792800703
0.289528738613
0.287277941038
0.285054149391
0.28287264143
0.28075025582
0.278705318956
0.276757769783
0.274928917258
0.273241468092
0.271719371077
0.270387447328
0.269271356262
0.268397126875
0.267790715589
0.267477810214
0.267483024431
0.267829608043
0.268538899408
0.26962957263
0.271117439059
0.273014776584
0.275329951589
0.278067270861
0.281226564541
0.284803239428
0.288788263864
0.293168206059
0.297925484291
0.303038653814
0.308482683471
0.314229359394
0.320247637332
0.326504083005
0.332963183747
0.339587822468
0.346339512466
0.353178856629
0.360065719593
0.366959651466
0.373820001059
0.380606305334
0.387278361035
0.39379659442
0.400122073675
0.406216877958
0.412044119104
0.417568237312
0.422755056292
0.427572035516
0.431988369312
0.435975180452
0.43950563391
0.44255512935
0.445101409829
0.44712474215
0.44860800523
0.449536879286
0.449899920205
0.449688766254
0.448898138119
0.447526091342
0.445573960354
0.443046673039
0.43995258729
0.436303847721
0.432116200614
0.42740933636
0.422206692269
0.416535774521
0.410427942553
0.403918724935
0.397047592941
0.389858188616
0.382398151044
0.37471921071
0.36687701963
0.358931083594
0.350944529055
0.342983839722
0.335118413327
0.327420057953
0.319962172698
0.312818915976
0.306063878768
0.299768823827
0.294001863041
0.288825800842
0.284295944108
0.280458425951
0.2773480816
0.274987299594
0.273384622007
0.272534694935
0.272418102632
0.27300262109
0.274244308115
0.276089710894
0.278477753678
0.281342180471
0.284613584046
0.288221480734
0.292095959516
0.296169140353
0.30037622395
0.304656318617
0.308952975871
0.313214533165
0.317394233036
0.321450312645
0.325345843206
0.329048665395
0.332531103431
0.335769844365
0.338745547038
0.341442760036
0.343849466077
0.345957027723
0.347759746673
0.349254801152
0.350441848765
0.351322941749
0.35190221172
0.35218575087
0.352181349615
0.351898361352
0.35134750042
0.350540710637
0.34949096553
0.348212154259
0.34671893457
0.345026573359
0.343150867652
0.341107975557
0.338914330613
0.336586525235
0.334141202934
0.331594967137
0.328964277063
0.326265382205
0.323514198822
0.320726282664
0.317916687944
0.315099970499
0.312290050403
0.309500212305
0.306742991698
0.304030176118
0.301372710494
0.298780703922
0.296263348466
0.293828920748
0.291484746375
0.289237193992
0.287091658088
0.28505259007
0.283123467143
0.281306815428
0.279604248577
0.278016511976
0.276543478545
0.27518423532
0.273937094254
0.272799683196
0.271768983483
0.270841409345
0.270012856654
0.269278766387
0.268634214424
0.268073969379
0.267592551748
0.267184302848
0.266843440252
0.266564138893
0.266340577921
0.266166986622
0.266037695321
0.265947196255
0.265890179085
0.265861574128
0.265856581342
0.265870711505
0.265899816054
0.265940118319
0.265988229628
0.266041177888
0.266096424911
0.266151882028
0.266205948273
0.266257480049
0.266305843829
0.266350893828
0.266393006276
0.266433059596
0.266472443502
0.266513058537
0.266557304485
0.266608071757
0.266668733676
0.266743115188
0.266835472194
0.266950459038
0.267093098534
0.267268734463
0.267482984461
0.267741664697
0.268050760231
0.268416322225
0.268844408839
0.269341004746
0.269911913397
0.270562687152
0.271298518798
0.272124149838
0.273043777416
0.274060946007
0.275178477253
0.276398372294
0.277721738411
0.2791487167
0.280678428568
0.282308917832
0.284037155658
0.285858993038
0.287769164579
0.28976130944
0.291828007142
0.293960813551
0.296150314996
0.298386207342
0.300657390299
0.302952031648
0.305257713203
0.307561494115
0.309850075407
0.312109880851
0.314327225776
0.316488399106
0.318579833605
0.320588216195
0.322500605187
0.324304587985
0.325988370106
0.327540918647
0.3289520621
0.330212613819
0.331314460356
0.332250663813
0.333015560433
0.333604817596
0.334015541021
0.334246294651
0.33429720312
0.334169929299
0.333867781559
0.333395645025
0.332760074637
0.331969195987
0.331032753089
0.329962009875
0.328769723036
0.32747006429
0.326078494968
0.324611680166
0.323087340882
0.321524098816
0.319941295775
0.318358814681
0.316796833091
0.315275650811
0.313815387405
0.312435766024
0.311155853168
0.309993781998
0.30896653514
0.308089653717
0.307377069561
0.306840849366
0.306491079419
0.30633568039
0.306380367745
0.306628546973
0.307081355841
0.307737664088
0.308594174274
0.3096455255
0.3108844642
0.312301994778
0.31388760135
