0.0
0.0407879461049
0.0796976225684
0.118033692052
0.155576890156
0.192112528192
0.227436897638
0.261359913357
0.293706780932
0.324319448153
0.353057387962
0.379798234959
0.404438008323
0.426891005552
0.447089546754
0.464983205422
0.480538307179
0.493736694979
0.504575016893
0.513063350074
0.519224425077
0.523092281516
0.5247114687
0.524136138848
0.52142904955
0.516661220372
0.509911025443
0.50126420656
0.490813007353
0.478656500714
0.464900009899
0.44965537887
0.433040503261
0.415179557159
0.396202587732
0.376245518097
0.355449789738
0.333961791619
0.311932540422
0.289516791983
0.266872876563
0.244161194539
0.221544145328
0.199185147703
0.177249012592
0.155901958891
0.135314372824
0.11566511648
0.0971520781618
0.0800123708369
0.0645639298516
0.0512835885565
0.0409233169572
0.0345172084454
0.0327560474566
0.0349210862547
0.0392545649947
0.0442633237393
0.0490850320268
0.0532907533172
0.056684410235
0.0591962728962
0.0608282279526
0.0616283863938
0.0616757324975
0.0610735197545
0.0599447491164
0.0584298009524
0.0566858838796
0.0548843526388
0.0532111079948
0.0518587446139
0.0510210739549
0.0508758225027
0.0515727172671
0.0532171030883
0.0558689137951
0.0595495630756
0.064257844766
0.0699857028374
0.0767295904297
0.0844953986183
0.0932975792342
0.103156138039
0.114091451076
0.126120131996
0.139250444036
0.153479800216
0.168792501211
0.185159090666
0.2025360197
0.220866120057
0.240079381751
0.260094052398
0.280817981846
0.302149922345
0.323981027191
0.346196228618
0.368675607698
0.391295732284
0.413930811672
0.436453846622
0.45873753909
0.480655235342
0.50208158361
0.522893241618
0.542969359901
0.562192055705
0.580446812578
0.597622740427
0.613613051885
0.628315237518
0.641631495634
0.653469034691
0.663740654
0.672365143049
0.679267960994
0.684381854566
0.687647677191
0.689015221473
0.68844410335
0.685904745216
0.681379281852
0.67486259727
0.666363020759
0.655903410804
0.643521648141
0.629271312943
0.613221913823
0.595459197303
0.576084993162
0.555216840456
0.532987522569
0.509544172454
0.485047349147
0.459669662375
0.433594522756
0.407014530658
0.380130106806
0.353147867824
0.32627936917
0.299740071115
0.27374850144
0.248526157519
0.224297544684
0.201291110742
0.17974008205
0.159882564187
0.141959376553
0.126205101543
0.112827587849
0.101970273096
0.0936590771938
0.0877509340416
0.0839173607491
0.081687657505
0.0805365534502
0.07997796933
0.0796289782177
0.0792415626253
0.0787100607459
0.0780719341238
0.0775045467808
0.0773187592178
0.0779373351599
0.0798443523335
0.0835014521448
0.0892511563557
0.0972543916676
0.10748767201
0.119791392725
0.133929597621
0.149637927965
0.166649586322
0.184707495397
0.203567073916
0.222995990002
0.242772158217
0.262682578497
0.282522252671
0.302093828356
0.321207866274
0.339683282707
0.35734836517
0.374041671865
0.389613252437
0.403925757549
0.41685555621
0.428293486765
0.438145972645
0.446335360273
0.452800585267
0.457497091591
0.460397101892
0.461489227839
0.460778198218
0.458284306984
0.454042582391
0.448102244082
0.440525656456
0.431387586571
0.420774112932
0.408782043043
0.395517801315
0.381096898339
0.365643249163
0.349288902792
0.332173640666
0.314445086136
0.296259176346
0.27778075149
0.259185009722
0.240659289971
0.222405970217
0.204645510393
0.187620948614
0.171601212979
0.156883554699
0.143789227989
0.13264812249
0.123763685978
0.117356841296
0.113499994063
0.112070843023
0.112758471527
0.115121821757
0.118673717132
0.122950428467
0.127553564678
0.132162630583
0.136532866004
0.140484796618
0.14389366474
0.146678429454
0.148793526956
0.150221670549
0.150968344155
0.151057572416
0.150527600858
0.149428916753
0.147820538348
0.145768810429
0.143344893572
0.140624581271
0.137686075636
0.134610796398
0.131483052173
0.128391357661
0.125430084609
0.122701486642
0.120319263411
0.118409586251
0.117114145302
0.11658795539
0.116997210799
0.118509992653
0.121286826063
0.125467442881
0.131159952687
0.138433127984
0.147314850148
0.157795278132
0.169832127647
0.183358136236
0.198286519396
0.214516728791
0.231936912204
0.250426542461
0.269857591387
0.290095698722
0.31100064027
0.33242736495
0.354226643509
0.376246075467
0.39833133623
0.4203270754
0.44207846099
0.463432202647
0.484237997402
0.50434957256
0.523625935831
0.541932258757
0.55914079347
0.575131571322
0.589792936949
0.603021979629
0.614724778115
0.624816550767
0.633221637449
0.639873529999
0.644714688357
0.647696455775
0.648778917583
0.647930798478
0.645129460399
0.640360879023
0.633619895143
0.624910320372
0.614245477494
0.601648588814
0.587153466136
0.570805283543
0.552661455391
0.532792782744
0.511284550354
0.488238180828
0.463772854078
0.438027846462
0.411165440501
0.383375063302
0.354879165773
0.325942133635
0.296883551207
0.26809927603
0.240093254576
0.213525520253
0.189275799873
0.168506064446
0.152649376038
0.143174804231
0.141025644058
0.146035810645
0.156940411129
0.171993161899
0.189564364344
0.208381980936
0.227526010463
0.246345534562
0.264379360415
0.281297079793
0.296860519643
0.310897879257
0.323287494337
0.333946286955
0.342822332838
0.349889093136
0.355141355524
0.358592095864
0.360269756308
0.36021639022
0.358485798493
0.355142454667
0.350260067676
0.343921017531
0.336215595126
0.327241873922
0.317105253949
0.305918715388
0.293803062379
0.280887266745
0.267309308266
0.253216874844
0.238768954804
0.224136681612
0.209505460883
0.195076357854
0.181068026799
0.167716832188
0.155275736889
0.144007857069
0.134173196206
0.126004774508
0.119674423576
0.115254794122
0.112690300094
0.11179381469
0.112272547859
0.113775379808
0.115942041338
0.118441327065
0.120992134009
0.12337221626
0.125417455027
0.12701784939
0.128111791032
0.128680520952
0.128743396671
0.128353590531
0.127594728974
0.126576754011
0.125432812508
0.124313557485
0.123382134436
0.122805355773
0.122744985622
0.123346997556
0.124731673215
0.126985791425
0.130159073088
0.134265505522
0.139288654129
0.145190850372
0.151922292749
0.159430828628
0.167668122506
0.176595414816
0.186185476661
0.196423475697
0.207305541695
0.218836971818
0.231029089812
0.243895742706
0.257449847185
0.271699803145
0.286646756456
0.302281683438
0.318583877317
0.335519378312
0.353040784796
0.371087154984
0.389584685914
0.40844795734
0.427581217056
0.446880204168
0.466233755276
0.485525888469
0.504637314692
0.523447505817
0.541835888923
0.559683621903
0.576874553731
0.593296439295
0.608841715553
0.623408187492
0.636899584218
0.649225794526
0.660303311245
0.67005512442
0.678411085318
0.685307715021
0.690688394506
0.694503239067
0.696709389719
0.697270933865
0.696159276834
0.693353248371
0.688839594129
0.682613307772
0.674678132497
0.665047107549
0.653743149555
0.640799724875
0.626261291829
0.610184111049
0.59263653512
0.573699703744
0.553467740146
0.532048251894
0.509562382846
0.486145081547
0.461945149773
0.437125398221
0.411862888031
0.38634934328
0.360791791626
0.335413768548
0.310457080872
0.286184105386
0.262880821872
0.240859343768
0.220459525866
0.202045064698
0.18599046338
0.172650980114
0.162312172692
0.155123487704
0.151038292316
0.149792729412
0.15094168513
0.153938309316
0.15822111313
0.163278436968
0.16868150243
0.17409267978
0.17925912901
0.184001123096
0.188199249062
0.191783204136
0.194722397809
0.197018632041
0.198700291873
0.19981773868
0.200439724425
0.200650247065
0.200545662793
0.200231752255
0.199820785115
0.199427851277
0.199167065697
0.199147052912
0.199466501542
0.200209132539
0.201439701743
0.203200417702
0.205509069632
0.208358282777
0.211716779367
0.215531885676
0.219733284282
0.224237285888
0.228951487826
0.233779178761
0.238623420202
0.24339065074
0.247993513496
0.252353288631
0.256401695063
0.260082250722
0.263351211579
0.266178119864
0.268546001822
0.270451338083
0.271903713817
0.272925156787
0.27354931498
0.27382021156
0.273790882394
0.273521651756
0.273078142294
0.272529039453
0.271943713659
0.271389606666
0.270929545137
0.270619192906
0.270504663172
0.27062039706
0.270987615628
0.27161328322
0.27248978607
0.273595270762
0.274894620601
0.276341022911
0.277877935494
0.279441351338
0.280962204564
0.282368819539
0.283589213472
0.28455332467
0.285194940317
0.285453380891
0.285274984857
0.284614340653
0.283435186714
0.281711206222
0.279426510248
0.27657603355
0.273165630719
0.269212136031
0.264743206861
0.259797037677
0.254422032513
0.248676265908
0.242626938506
0.236349679187
0.229927750355
0.223451103855
0.217015349721
0.21072041971
0.204669095351
0.198965084776
0.193710905438
0.189005291719
0.184940499219
0.181599344306
0.179052568539
0.177356582187
0.176552221456
0.176664547616
0.177703976694
0.179668560633
0.182547074178
0.186322528516
0.190975522648
0.196487087296
0.202840574111
0.210022694437
0.2180235806
0.226835953938
0.236453682379
0.246869961482
0.258075231156
0.270055130433
0.282788611884
0.296246281213
0.310389220054
0.325168151234
0.340523032298
0.356383053579
0.372667116575
0.389284548315
0.406136098613
0.423115202468
0.440109445355
0.457002035052
0.473673479578
0.490003141683
0.505870891142
0.521158607386
0.535751611744
0.549539997655
0.562419732675
0.57429371088
0.585072469431
0.59467490619
0.603028661427
0.610070369019
0.615745792515
0.620009760622
0.622826049198
0.624167073074
0.624013630068
0.622354477908
0.619186029337
0.614511941829
0.60834286054
0.600696118234
0.591595605547
0.581071652204
0.569161117641
0.555907484285
0.541361148297
0.525579811208
0.508629037705
0.490582869915
0.471524693131
0.45154821682
0.430758741589
0.409274618268
0.38722917239
0.364773079985
0.342077505075
0.319338133412
0.296780439282
0.274666437975
0.253302991518
0.233050771376
0.214331926305
0.197630761911
0.183477700829
0.172402550019
0.164847883856
0.161055880162
0.160976107793
0.164252160802
0.170302033714
0.178445731191
0.18801749194
0.198432131902
0.209208179365
0.219965686092
0.230412733308
0.240329887764
0.249555864557
0.257975939661
0.265512747726
0.272119227849
0.277773272091
0.282473435352
0.286235683626
0.289090824419
0.291082329476
0.292264621557
0.292701581969
0.292465235174
0.291634523103
0.290294082239
0.288533028324
0.286443560061
0.284119395996
0.281654006958
0.279138585703
0.276659821982
0.274297435562
0.272121736853
0.270191164388
0.268550178626
0.267227548672
0.266235381179
0.265568825168
0.265206830921
0.265113589702
0.265240870296
0.265530854323
0.265919394442
0.266339390678
0.266724197271
0.267010694988
0.267142057327
0.267070103224
0.266757074998
0.266177045001
0.265316709451
0.264175765172
0.262766805611
0.261114797939
0.259256142365
0.257237385742
0.255113502752
0.252945945734
0.250800409789
0.248744389956
0.246844696232
0.245164953643
0.243763326687
0.24269056854
0.241988621275
0.241689819487
0.241816897787
0.242383653054
0.243396437187
0.244856139099
0.246760575735
0.249106979033
0.251894562875
0.255126560454
0.258811866186
0.262965963713
0.267611091184
0.272775503332
0.27849199421
0.284795706583
0.291721282236
0.299299800474
0.307555541679
0.316502939148
0.32614400565
0.336466330363
0.347441843059
0.359026430768
0.371160260747
0.383768870586
0.396764675672
0.410049031726
0.423514358915
0.437046538159
0.450527102851
0.463835479782
0.47685094349
0.489454418445
0.501529975669
0.5129661602
0.523656988082
0.533502790903
0.542410787633
0.550295538301
0.557079190158
0.562691639308
0.567070570809
0.57016149907
0.571917702125
0.572300234906
0.571277911664
0.568827379571
0.564933208907
0.559588122935
0.552793260903
0.544558561012
0.534903253853
0.523856404796
0.511457609824
0.497757727775
0.482819762345
0.466719797091
0.449548094955
0.431410329305
0.412429062654
0.392745426498
0.372521289292
0.351941814842
0.331218705445
0.310594240629
0.290345846433
0.270790982153
0.252291079271
0.235252126318
0.220117394795
0.207345920105
0.197370557292
0.190534884422
0.187021846738
0.186801557151
0.189625814359
0.195075599474
0.202639937788
0.211793434834
0.222051151764
0.232996989467
0.24429155562
0.255668438628
0.266925207836
0.277913042836
0.288526978421
0.298697245934
0.308381912947
0.317560766845
0.326230148573
0.334398577285
0.342083093915
0.349306192026
0.356093216671
0.362470264789
0.368462490575
0.374092763703
0.379380800839
0.384342548377
0.388989988362
0.393331169028
0.397370535028
0.401109474396
0.404547035497
0.407680761101
0.410507644174
0.413025058313
0.415231736231
0.417128655731
0.418719841943
0.420013039257
0.421020249688
0.421758063299
0.422247791899
0.422515409509
0.422591254656
0.422509522682
0.422307562875
0.422024932472
0.421702345096
0.421380457031
0.421098514895
0.420893049597
0.420796523013
0.420836050502
0.421032262876
0.421398363501
0.421939406845
0.422651817972
0.423523226326
0.42453256517
0.425650433777
0.426839739436
0.428056485761
0.429250801284
0.430368005958
0.431349845584
0.432135675671
0.43266370937
0.432872202428
0.432700627681
0.432090751144
0.430987680072
0.429340807416
0.427104691593
0.424239869711
0.420713546032
0.41650025982
0.411582417973
0.405950775903
0.399604804794
0.392552994488
0.384813036975
0.376411927919
0.367385985246
0.357780733393
0.347650748031
0.337059373989
0.326078370894
0.314787459746
0.303273803671
0.291631365908
0.279960167262
0.268365415199
0.256956397739
0.245845183377
0.235144872467
0.224967479141
0.215421223142
0.206607225159
0.198615612969
0.191521223699
0.185379229427
0.180221340067
0.176053161777
0.172853312538
0.170574905041
0.169149191107
0.168491052413
0.168505531422
0.16909468461
0.170163783558
0.171626497088
0.173408807028
0.175451623579
0.177712201653
0.180164647714
0.182799507065
0.185622819355
0.188654477433
0.191926123325
0.195478534656
0.199358617647
0.203615984606
0.2082993813
0.213453015935
0.219113103076
0.22530476899
0.232039590333
0.23931395741
0.247108152512
0.255386418135
0.264097657239
0.273176905103
0.282547107589
0.292121335064
0.30180511238
0.311498774438
0.321099776401
0.330504855998
0.339612066984
0.348322585135
0.356542355976
0.364183405676
0.371165080055
0.377414999936
0.382869785514
0.387475580729
0.391188482548
0.393974676727
0.39581054359
0.396682532135
0.396587006292
0.395529955336
0.393526678213
0.390601434698
0.386787052305
0.382124582068
0.376662919656
0.370458515488
0.36357508561
0.356083404702
0.348061057318
0.339592352462
0.330768061969
0.321685359226
0.312447433611
0.303163248658
0.29394688647
0.284916680355
0.276193979543
0.267901330092
0.260160080315
0.253087265875
0.246791906565
0.241370724126
0.236903798601
0.233450366096
0.231045616508
0.229698717423
0.229392833545
0.230086875884
0.231718972018
0.234211091922
0.23747427205
0.241413616937
0.245932829437
0.250937766298
0.256339016269
0.262053512073
0.268005352785
0.274125932317
0.280353633298
0.286633220854
0.292915030689
0.299154150337
0.305309569781
0.311343432501
0.31722036089
0.322906950694
0.328371381864
0.333583159981
0.338513047412
0.343133058282
0.347416661113
0.351339028161
0.354877413749
0.358011633835
0.360724581575
0.363002790986
0.364837045045
0.366222979834
0.367161642488
0.367660007165
0.367731400928
0.367395804919
0.366679995422
0.365617489163
0.364248268778
0.362618243168
0.360778416722
0.358783788813
0.356691920196
0.354561267283
