0.0
0.0314667472552
0.0606437098942
0.0893189709474
0.11730663295
0.144416067232
0.170464011421
0.195277905977
0.218697602644
0.240576811829
0.260783903321
0.279202611627
0.295732423671
0.310288664463
0.322802581097
0.333220878093
0.341505683169
0.347633718995
0.351596186077
0.353397814867
0.353056774773
0.350603845919
0.346082206882
0.339547213707
0.331065903267
0.320717419151
0.308592635705
0.294795169888
0.279441155954
0.262661162294
0.244601112294
0.22542560867
0.205321786904
0.184507563884
0.163245059597
0.141867477352
0.12083059388
0.100817139102
0.0829440044141
0.0690879161904
0.0619314015413
0.0634262255164
0.0725156369687
0.0862290239649
0.102081929901
0.118575793104
0.134849775299
0.15038203205
0.164832403856
0.177965531379
0.189613145592
0.199654162922
0.208004251112
0.21461004874
0.219445075932
0.222507395333
0.223817382886
0.223416488251
0.221365404344
0.217743001835
0.212644837321
0.206182234819
0.198481225809
0.189682274764
0.179939643822
0.169422370039
0.158315294002
0.146822001761
0.135168949645
0.123611724236
0.112443780321
0.102004548802
0.0926851433113
0.0849159041679
0.0791227049271
0.0756317537395
0.0745520401996
0.075705262348
0.0786702015828
0.0829105481744
0.0878994371231
0.093188150034
0.0984237011894
0.103341076306
0.107746944077
0.111505007979
0.114523223808
0.116745194158
0.1181432245
0.118713822346
0.118473888707
0.117458012936
0.115715928162
0.113310575105
0.110316069423
0.106815808746
0.102900561443
0.098666394475
0.0942123656815
0.0896380437164
0.0850404606954
0.080510960938
0.0761312694264
0.0719698638431
0.0680782623987
0.0644888413262
0.0612146663243
0.0582523263923
0.0555901204707
0.0532195188722
0.0511546923753
0.0494531080121
0.0482412637792
0.0477328158819
0.0482321539457
0.0501007900216
0.0536883991604
0.0592551364356
0.0669342852251
0.0767481244139
0.0886515848208
0.102572142624
0.118431048667
0.13615157629
0.15565808276
0.176874226363
0.199718447084
0.224101563994
0.249923875077
0.277074075394
0.30542818394
0.334849108001
0.36518722013
0.396280854589
0.427957647382
0.460035791392
0.492325982165
0.524633226036
0.556759157386
0.588504074526
0.61966937919
0.65005971581
0.679485079913
0.707762957493
0.734719939816
0.760193429561
0.784032864612
0.806100785326
0.826273583124
0.844441986188
0.860511252036
0.874401145329
0.886045757928
0.895393025082
0.902404231925
0.907053419177
0.909326714829
0.909221659911
0.906746560127
0.901920006372
0.894770269611
0.885335058241
0.87366110973
0.8598041521
0.843828801825
0.825808637969
0.805826275773
0.783973492912
0.760351478357
0.735070868086
0.708251939333
0.680024480441
0.650527771664
0.619910269035
0.58832922117
0.555950076556
0.522945889799
0.489496294613
0.455786780483
0.422007667768
0.388353330041
0.355021661235
0.322213957075
0.290135811258
0.258999110412
0.22902668665
0.200460330589
0.173575274635
0.148703191923
0.126270305694
0.106846287525
0.091183691655
0.0801497288492
0.0743921977209
0.0737842797728
0.0772432938776
0.0832538776733
0.0904832967668
0.0980030970359
0.105237136686
0.111852772194
0.117672755962
0.12262072405
0.12668542488
0.129901317277
0.132335218615
0.134079188903
0.135244313361
0.135957446086
0.1363581254
0.136595107839
0.136823218628
0.137198746975
0.137874735633
0.138994122438
0.140684197524
0.143049606901
0.146168470356
0.150089042954
0.154830154612
0.160383330689
0.16671730097
0.173783471068
0.181521087085
0.1898630148
0.198739122473
0.208080179784
0.217819258407
0.227893959465
0.23824643738
0.248824054859
0.25957881876
0.270467423608
0.281450350159
0.292491334889
0.303556591598
0.314613912863
0.325632133643
0.336579796465
0.347425082683
0.358134303784
0.368671774144
0.378998747154
0.389073442819
0.398849981863
0.40827856249
0.417305065742
0.425871129931
0.433914299841
0.441368221721
0.448163449126
0.454227616112
0.459486769208
0.463865898717
0.467290528735
0.46968755712
0.470987070118
0.471123673505
0.470038246158
0.467679530876
0.464006053708
0.45898801073
0.452609016607
0.444868104855
0.435781442292
0.425384575161
0.413734063706
0.400909598842
0.387015999791
0.372185557022
0.356580251458
0.340394555872
0.323858071384
0.307238314084
0.290843187373
0.275021371595
0.260159724945
0.246673992715
0.234989460812
0.225508302134
0.218563633429
0.214367746007
0.212969043864
0.214234904302
0.217869153279
0.22345767489
0.230525526229
0.238588148773
0.247187516919
0.255912538936
0.264406855719
0.272369008809
0.27954873082
0.285741604395
0.290783914343
0.294547703939
0.296937145463
0.297885269289
0.297352206309
0.295323671294
0.291810776314
0.286850348545
0.280506267246
0.272871876334
0.264073169831
0.254273929812
0.243681661798
0.232555749027
0.221216397261
0.210054130326
0.199535819133
0.190202113349
0.182645460008
0.177459656157
0.175156217335
0.176066360957
0.180266170855
0.187564882307
0.197560053388
0.209728353331
0.223511449979
0.238373877636
0.253833104042
0.269468326448
0.284919458798
0.299881120023
0.314096134577
0.32734898592
0.339460973621
0.350285663731
0.359705790777
0.367630317427
0.37399248886
0.378747799371
0.381872484781
0.383362138312
0.383230389774
0.381508020203
0.37824172458
0.37349359544
0.367340207026
0.359872473609
0.351194945087
0.341425922063
0.330697394335
0.319155475127
0.306960533928
0.294287837305
0.281328083267
0.268287453962
0.255387516727
0.2428635908
0.230961953762
0.219933126882
0.210022465807
0.201455350015
0.194419045901
0.189041996288
0.185376352302
0.183387517379
0.182955874862
0.183890537975
0.185952089964
0.188878425745
0.192408302183
0.196299632904
0.200341165689
0.204358835247
0.208217813188
0.211821914042
0.21511106761
0.218058054927
0.220664516611
0.22295661485
0.224980545273
0.226797528573
0.228478935996
0.230101094915
0.231740215472
0.233467242602
0.235343602042
0.237417011327
0.239718910718
0.242262339815
0.245041516254
0.248032351479
0.251194028745
0.254471448226
0.257798185224
0.261099841139
0.264297178661
0.267309506975
0.270057291619
0.272465089381
0.274463244379
0.275990162623
0.276993502843
0.277431490598
0.277273556239
0.276501199854
0.275108319677
0.273101277326
0.270498940454
0.267332221023
0.263643889577
0.259487422728
0.254926363208
0.250032540824
0.244884950346
0.239567403792
0.23416643066
0.228768681635
0.223458064261
0.218312762711
0.213401949788
0.20878321811
0.204499400279
0.200577421124
0.19702595618
0.193836528015
0.19098323337
0.1884254147
0.186109984859
0.18397527283
0.181954574141
0.179980305235
0.177988377891
0.175921744359
0.173735072009
0.171398186001
0.168900866078
0.166256512672
0.163508156402
0.160732659787
0.158047104608
0.15561244077
0.15363708212
0.152374743432
0.152116204391
0.15317157105
0.155843368583
0.160394185329
0.167015734653
0.175809995346
0.186784545542
0.199864261302
0.214910081777
0.231740486968
0.250148787901
0.269916113627
0.290819262158
0.31263530406
0.335143908774
0.358128481562
0.381376763683
0.404681420456
0.427840677768
0.450659083317
0.472948542204
0.494529258492
0.515231068516
0.534894428297
0.553371526344
0.570527286352
0.586240159306
0.600402785223
0.61292232895
0.623720771388
0.632734832413
0.639915809141
0.64522916204
0.648653934766
0.65018208889
0.649817731012
0.64757628555
0.643483624966
0.637575255169
0.629895462311
0.620496661702
0.609438666484
0.596788213499
0.582618472261
0.567008785481
0.5500444624
0.531816712795
0.512422677032
0.491965609301
0.470555141985
0.448307687589
0.425346980342
0.401804952378
0.377822619418
0.353551634947
0.329156255799
0.304816336273
0.280731362698
0.257126441286
0.234260502112
0.212437510891
0.192020196703
0.173444223712
0.157224890762
0.14393977111
0.13416124802
0.1283219457
0.126549017202
0.12857003967
0.133775258465
0.14139677535
0.150684928194
0.161007977165
0.171879158822
0.182944085926
0.19395535703
0.204747650746
0.21521710642
0.225305752478
0.234989799483
0.244270889488
0.253169475124
0.261719730045
0.269965473447
0.277956815202
0.285747544012
0.293392909055
0.300947761081
0.308465102115
0.315994927287
0.323583296475
0.33127174943
0.33909680464
0.347089767466
0.355276604893
0.363677950098
0.372309201013
0.381180655126
0.390297644323
0.399660721377
0.409265767834
0.419104125057
0.429162680631
0.439423954229
0.449866179906
0.460463384597
0.471185501578
0.481998512297
0.492864667499
0.50374270914
0.514588215041
0.525353960256
0.535990353383
0.546445896413
0.556667684726
0.566601915243
0.576194376623
0.585390919742
0.594137885522
0.602382476951
0.610073059179
0.61715938007
0.623592755985
0.629326151166
0.634314187316
0.638513172358
0.641881036921
0.644377272886
0.645962914066
0.646600492386
0.646254123563
0.6448895636
0.642474432064
0.638978504247
0.634374078098
0.628636515071
0.62174482588
0.61368240633
0.604437870536
0.594005932022
0.582388380223
0.569595137853
0.555645288003
0.540568179397
0.524404518108
0.507207438599
0.489043587274
0.469994255679
0.450156444833
0.429644064993
0.40858928463
0.387144050918
0.365481904625
0.343800109726
0.322322384809
0.301301667144
0.281023096692
0.261805748167
0.24400165458
0.227988787454
0.214153518425
0.202858463673
0.194394372581
0.188924293784
0.186437160341
0.186733169272
0.189450159887
0.194121503515
0.200242444326
0.207324189816
0.214927289763
0.222676024614
0.230260098703
0.237429383889
0.243986290708
0.24977771978
0.254687959288
0.25863273481
0.261554612662
0.263419420524
0.264213769649
0.263943303593
0.262631723059
0.260320376319
0.25706845404
0.252953445088
0.248072095723
0.242541558306
0.236500613044
0.23011068412
0.22355634649
0.217044618054
0.210802360212
0.205070712191
0.200095553987
0.19611360882
0.193334552123
0.191921020431
0.191970566663
0.193503619573
0.196461045968
0.200711915737
0.206069123274
0.212308852312
0.219189743294
0.226468927341
0.233913975592
0.241310768127
0.248467964506
0.255219351801
0.261424376816
0.266968067037
0.271760189127
0.275734326945
0.278846719688
0.28107516651
0.282417885111
0.282892372162
0.282534405991
0.281396845948
0.279548540883
0.27707315263
0.274067750102
0.270641278774
0.266912665465
0.263008550781
0.259060476325
0.255201464707
0.251562060134
0.248265723302
0.245423876557
0.243130887972
0.241459494912
0.240457174355
0.240143893247
0.240511809271
0.241526779119
0.243131713223
0.245251300581
0.2477976151
0.250675829071
0.2537898739
0.257047326829
0.260363468192
0.263664443706
0.266889388109
0.269991745842
0.272939740746
0.275716105513
0.278317192007
0.280751536865
0.28303790215
0.285203072749
0.287279162458
0.289300910611
0.291302867067
0.293316646575
0.295368471943
0.297477012705
0.299651699149
0.301891601513
0.304184961125
0.306509207149
0.308831672726
0.311110634079
0.313296852934
0.315335347148
0.317167304595
0.318732094538
0.319969258885
0.320820399497
0.321231040343
0.321152285775
0.320542384992
0.319368097129
0.317606069698
0.315243951124
0.312281460839
0.308731338538
0.30462018496
0.299989086583
0.294894157057
0.289406766083
0.283613443324
0.277615387364
0.271527375005
0.26547589626
0.259596417177
0.254029497584
0.248915689655
0.24438940797
0.240571761502
0.237563215338
0.235436502733
0.234231164362
0.233950187281
0.234559691282
0.235991466889
0.238148222306
0.240910386929
0.244143774565
0.247706942053
0.251457771719
0.255258732515
0.258980911722
0.262506710421
0.265731605648
0.268565041424
0.270930795765
0.27276693983
0.274025686289
0.274673055724
0.274688687939
0.274065646239
0.272810483432
0.270943404677
0.268498690654
0.265525273245
0.262087451742
0.258265757773
0.254157653734
0.249878143215
0.245559750028
0.241351771597
0.237418129899
0.233933545799
0.231077596164
0.229026411411
0.227942366827
0.227962719384
0.229188486007
0.231675563426
0.235429726714
0.240406236508
0.246514182934
0.253624307589
0.261578874343
0.270201819699
0.279308097316
0.288711489026
0.298230583858
0.307693185708
0.316939303875
0.325823059904
0.334213676231
0.341996038857
0.34907071807
0.355353711226
0.360776003225
0.365282896997
0.36883330958
0.371398918652
0.372963291683
0.373521025498
0.373076841552
0.371644740827
0.36924721667
0.365914598851
0.3616843969
0.356600867278
0.350714665808
0.34408270936
0.336768129709
0.328840473219
0.320375998422
0.311458154415
0.302178190604
0.292635884843
0.282940247566
0.273210197484
0.263575017375
0.254174397016
0.245157700348
0.236682232761
0.22890993972
0.222002323972
0.216113264301
0.211380100111
0.207913629218
0.205788647836
0.20503671798
0.205642920745
0.207547546663
0.210652504205
0.214831041021
0.219938986225
0.225825610202
0.232342811618
0.23935205317
0.246729070845
0.25436646897
0.262174813621
0.270082568847
0.278035296652
0.28599427206
0.293934905342
0.301844836896
0.309722103876
0.317573177868
0.325411093204
0.333253597818
0.341121482229
0.349036959401
0.357022317003
0.365098678669
0.373285045442
0.381597537519
0.390048856185
0.398647967341
0.407399995283
0.416306276986
0.425364559098
0.434569304405
0.443912076438
0.453381928531
0.462965792176
0.472648875225
0.482414929262
0.492246493969
0.502125010349
0.512030871842
0.521943346948
0.531840439761
0.541698673192
0.551492813968
0.561195584033
0.570777367304
0.580205932272
0.589446214513
0.598460184613
0.607206766594
0.615641889541
0.623718663441
0.631387610395
0.638597014648
0.64529338069
0.651421899306
0.656927059859
0.661753179611
0.665845014028
0.669148305561
0.671610366307
0.673180574728
0.673810824214
0.673455938557
0.672074096665
0.669627107931
0.666080733396
0.661405000097
0.655574456595
0.648568500776
0.64037168996
0.630974108219
0.620371782538
0.608567168796
0.595569672627
0.581396289217
0.566072268689
0.549631890267
0.532119305387
0.513589482929
0.494109212779
0.473758317819
0.452630942621
0.430837141433
0.408504726853
0.385781592088
0.36283873439
0.339873916953
0.317116552868
0.294833591122
0.273336565677
0.252988570805
0.23420910342
0.217471680224
0.203285838629
0.192153268825
0.184492651178
0.18054552272
0.180299432331
0.183472165826
0.189570360485
0.197992693321
0.208129266477
0.219427655469
0.231422709473
0.243741309384
0.256093825826
0.268261172849
0.280081513572
0.291438540683
0.30225163049
0.312467903801
0.322055737698
0.3309995295
0.339295429407
0.346947742409
0.353966096514
0.360363027844
0.366152102756
0.371346320769
0.375957087764
0.379993323499
0.383461095265
0.386363358262
0.388700150936
0.390468881151
0.391664923108
0.392282369582
0.392314878519
0.391756700398
0.390603684721
0.388854383081
0.386511057768
0.383580725581
0.380076017571
0.376015981717
0.371426661058
0.366341590012
0.360801981405
0.354856742262
0.348562225709
0.341981734142
0.335184759909
0.328245889061
0.321243545334
0.314258345866
0.307371315565
0.300661795851
0.294205257105
0.288071013798
0.282319956982
0.277002463118
0.272156588004
0.267806689693
0.263962667019
0.26061980532
0.257759369528
0.255349802372
0.253348588822
0.251704473995
0.2503600038
0.249254186673
0.248325054872
0.247512137219
0.246758654024
0.246013492119
0.245232819924
0.244381538494
0.243434404672
0.242376953237
0.241206197431
0.239931093095
0.238572760751
0.237164371894
0.235750715154
0.234387252466
0.233138668771
0.232076821422
0.231277998422
0.230819547808
0.230776012298
