1.00000001476
0.999948248239
0.999915506716
0.999906491957
0.999855755846
0.999820100023
0.999812799441
0.999763439289
0.999724755016
0.999718905709
0.999671257418
0.999629484437
0.999624812199
0.999579224667
0.999534319427
0.999530503057
0.999487312702
0.999439281608
0.999435961205
0.999395496742
0.999344411208
0.999341197052
0.999303760432
0.999249721245
0.999246212722
0.999212059873
0.999155243948
0.99915100874
0.999120393606
0.999060985535
0.999055592588
0.999028727333
0.998966989683
0.998959979615
0.998937004023
0.998873260809
0.998864174339
0.998845215219
0.998779814319
0.998768200484
0.998753315962
0.998686661868
0.998672084903
0.998661275572
0.998593817105
0.998575836123
0.998569066728
0.99850129359
0.99847951563
0.998476645079
0.998409070186
0.998383135221
0.998383983795
0.998317165317
0.998286727795
0.998291057244
0.998225563156
0.998190341059
0.99819782866
0.998134239514
0.998094018895
0.998104278124
0.998043191112
0.997997791498
0.998010382038
0.997952397711
0.997901711297
0.997916118755
0.997861819459
0.997805817882
0.997821491168
0.997771422356
0.997710152929
0.997726474121
0.997681187782
0.997614766008
0.997631066809
0.99759105474
0.997519700663
0.997535279059
0.997500981279
0.997424996023
0.997439109255
0.997410930134
0.997330675237
0.997342582031
0.99732083777
0.997236799345
0.997245715352
0.997230179884
0.997143542554
0.997150087054
0.997137935395
0.997050599945
0.997054579722
0.997045613189
0.996957790756
0.996959066676
0.996953203075
0.996865088035
0.996863551741
0.996860713213
0.996772504781
0.996768032209
0.996768124548
0.996680033846
0.996672538757
0.996675446206
0.996587661501
0.996577051393
0.996582660658
0.996495401435
0.996481597779
0.996489779113
0.996403225359
0.996386166447
0.996396796519
0.996311166561
0.996290775358
0.996303706027
0.996219181368
0.996195431627
0.99621051191
0.996127275892
0.996100132896
0.996117202389
0.996035466699
0.996004912512
0.996023784436
0.995943710856
0.995909734178
0.995930261009
0.995852040759
0.995814642997
0.995836622901
0.995760416502
0.995719628099
0.995742882499
0.995668858868
0.995624692034
0.995649031172
0.99557733951
0.995529844488
0.995555069976
0.995485866221
0.995435090346
0.995461006449
0.995394427738
0.995340433639
0.995366840447
0.995303015944
0.995245880382
0.995272569675
0.995211620312
0.995151433456
0.995178196142
0.9951202395
0.995057097283
0.995083736946
0.99502887154
0.994962877962
0.994989184517
0.994937491753
0.994868773747
0.994894555645
0.994846109742
0.994774791928
0.994799823521
0.994754712683
0.994680935168
0.994705029822
0.994663292675
0.994587197329
0.994610158766
0.994571844289
0.99449359832
0.994515218811
0.994480357055
0.994400120571
0.994420217439
0.99438883478
0.994306766646
0.994325161642
0.994297252902
0.994213543209
0.994230050436
0.994205620834
0.994120450745
0.994134902902
0.994113928181
0.994027491669
0.994039714621
0.994022163209
0.993934653969
0.993944497215
0.993930337439
0.993841939211
0.993849256928
0.993838422347
0.993749352476
0.993753995729
0.993746434082
0.993656894211
0.993658738834
0.993654351633
0.993564554518
0.993563467005
0.993562177417
0.993472320304
0.993468193689
0.993469915568
0.993380216262
0.993372944702
0.99337754388
0.993288213671
0.993277710558
0.993285079788
0.99319631206
0.993182510605
0.993192506561
0.99310450848
0.993087345901
0.993099824955
0.993012811787
0.992992203728
0.993007032531
0.992921206514
0.992897123706
0.992914132008
0.992829682519
0.992802100759
0.992821112135
0.992738229483
0.992707134252
0.992727984858
0.992646856563
0.992612232311
0.99263473985
0.992555555786
0.992517409619
0.992541388764
0.992464313212
0.992422655517
0.992447916574
0.992373123193
0.992328002873
0.99235434278
0.992281980397
0.992233442471
0.99226065292
0.992190878412
0.992138965356
0.992166853966
0.992099820319
0.992044597269
0.992072946196
0.992008772229
0.99195034175
0.99197894466
0.991917758559
0.991856186068
0.991884832673
0.991826752966
0.99176215271
0.991790631694
0.991735745211
0.991668244159
0.991696331383
0.991644738063
0.99157444328
0.991601946707
0.991553721643
0.991480778946
0.991507470348
0.991462685968
0.991387231377
0.991412918207
0.991371626507
0.991293813049
0.991318300407
0.991280536803
0.991200535559
0.991223601721
0.991189403553
0.991107383195
0.991128845549
0.991098232335
0.99101435448
0.991034032535
0.991007008017
0.990921479217
0.990939162922
0.990915716464
0.990828716386
0.990844254052
0.990824366885
0.990736107796
0.990749307937
0.990732944488
0.990643617455
0.990654342419
0.990641451187
0.990551249271
0.990559335789
0.99054987623
0.990459021874
0.990464332298
0.990458209769
0.990366914272
0.99036930277
0.990366452099
0.990274921306
0.990274276619
0.990274602362
0.990183061703
0.990179260959
0.990182658451
0.990091311624
0.990084246453
0.990090600319
0.989999675691
0.989989272934
0.989998441268
0.989908136594
0.989894318323
0.989906173504
0.989816711239
0.989799404162
0.989813799054
0.989725382706
0.989704524335
0.989721293108
0.989634141625
0.989609704701
0.989628689786
0.989542993412
0.989514940383
0.989535965244
0.989451918761
0.989420227811
0.98944312978
0.989360919187
0.989325600057
0.98935016536
0.9892699983
0.989231039385
0.989257089659
0.989179124268
0.989136571192
0.989163892129
0.989088316022
0.989042190888
0.989070577784
0.988997548767
0.988947906855
0.988977168674
0.988906829045
0.988853717536
0.988883634296
0.988816136709
0.988759642481
0.988789982385
0.988725474292
0.988665669838
0.988696239072
0.988634825269
0.98857181368
0.988602384922
0.988544184916
0.988478073316
0.988508426838
0.988453553277
0.98838446313
0.988414385789
0.988362906683
0.988290974202
0.988320245573
0.988272257527
0.988197622856
0.988226013351
0.988181584735
0.988104395033
0.988131712981
0.98809089216
0.988011296813
0.988037332403
0.988000160865
0.987918335702
0.98794287813
0.987909383155
0.987825508322
0.98784835573
0.987818568037
0.987732835911
0.987753788677
0.98772768811
0.987640275179
0.987659166738
0.987636746988
0.987547865514
0.987564484425
0.98754574212
0.987455583018
0.987469784913
0.987454654918
0.987363444822
0.987375047658
0.987363504052
0.987271435161
0.987280297778
0.987272253731
0.987179546757
0.987185514823
0.987180914268
0.987087796018
0.987090736736
0.987089485063
0.986996165912
0.986995954175
0.986997957878
0.986904664521
0.986901178797
0.986906324933
0.986813279896
0.986806414811
0.986814578065
0.986722010334
0.986711683973
0.986722733736
0.986630840715
0.98661698115
0.986630765888
0.986539789855
0.986522306948
0.98653868408
0.986448823237
0.986427694856
0.986446484448
0.986357961728
0.986333119558
0.986354166147
0.986267182054
0.986238615547
0.986261727256
0.986176491829
0.986144165863
0.986169165192
0.986085868567
0.986049804942
0.986076487432
0.985995323503
0.985955513027
0.985983692019
0.985904828434
0.98586132008
0.985890764015
0.985814392092
0.985767216791
0.985797721814
0.985723996531
0.985673201927
0.985704569525
0.985633655345
0.985579301517
0.985611292501
0.985543335297
0.985485504513
0.985517908757
0.985453053919
0.985391832013
0.985424413514
0.985362775552
0.985298272705
0.985330815222
0.985272509746
0.985204832453
0.985237108639
0.985182242077
0.98511151974
0.985143311803
0.98509197862
0.985018347778
0.985049414221
0.985001695532
0.984925293509
0.984955431959
0.984911385499
0.98483238605
0.984861363924
0.984821054774
0.984739614112
0.984767221454
0.984730679848
0.984646981871
0.984673010301
0.984640254578
0.984554481271
0.984578730548
0.984549784804
0.984462130748
0.984484393302
0.984459254156
0.984369914977
0.98439000743
0.984368674853
0.984277843619
0.984295570114
0.984278004762
0.984185908714
0.98420109462
0.984187263043
0.984094102023
0.984106605445
0.984096439409
0.984002448291
0.98401208086
0.984005526043
0.983910917592
0.983917537247
0.983914517863
0.983819520842
0.98382299749
0.983823401259
0.983728256114
0.983728452235
0.983732187944
0.983637114574
0.983633921911
0.983640875292
0.983546086648
0.983539399955
0.98354944229
0.983455187126
0.983444909178
0.983457896774
0.983364394964
0.983350453754
0.983366229112
0.983273708109
0.983256034999
0.983274443094
0.983183125973
0.983161669994
0.983182540241
0.983092626355
0.983067350694
0.983090507095
0.983002228765
0.982973096678
0.98299835991
0.982911909412
0.982878914547
0.982906076094
0.982821675129
0.982784817528
0.982813665262
0.982731498534
0.982690796805
0.982721137753
0.982641378012
0.982596867906
0.982628493448
0.98255132602
0.982503035116
0.982535717845
0.982461318423
0.982409301953
0.982442822497
0.982371349005
0.982315681447
0.982349802099
0.982281405327
0.982222176041
0.982256676825
0.982191490874
0.982128786808
0.982163427607
0.982101591822
0.982035521357
0.982070073682
0.98201170035
0.981942382076
0.981976619112
0.981921808471
0.981849375076
0.981883065697
0.981831905043
0.981756506295
0.981789409887
0.981741986912
0.981663760447
0.981695671777
0.981652044331
0.981571172983
0.981601847434
0.981562068848
0.98147871444
0.981507942308
0.98147205421
0.981386412481
0.981413957355
0.98138200136
0.981294246257
0.981319910503
0.981291876993
0.98120221758
0.981225807905
0.98120169573
0.981110332402
0.981131652616
0.981111456596
0.981018611802
0.98103745561
0.981021126435
0.980927021122
0.980943216031
0.980930723185
0.98083557031
0.980848946613
0.980840223354
0.980744265932
0.980754662728
0.980749651
0.980653088997
0.980660351973
0.980658966082
0.980562048018
0.980566041731
0.980568172092
0.980471145269
0.980471744195
0.980477284403
0.980380369705
0.980377448945
0.980386279873
0.980289710873
0.980283174107
0.980295152765
0.980199173391
0.980188915025
0.980203907089
0.980108755482
0.980094705358
0.980112544163
0.980018432269
0.980000527176
0.980021051947
0.979928231098
0.979906408996
0.979929439069
0.979838112528
0.979812343592
0.979837688979
0.979748082899
0.979718351126
0.979745827424
0.979658141282
0.979624432569
0.979653824202
0.979568273237
0.97953059149
0.979561681802
0.979478495709
0.979436830957
0.979469430498
0.97938875663
0.979343167975
0.979377048056
0.979299084639
0.979249602504
0.97928453309
0.979209443712
0.979156162205
0.97919189361
0.979119865453
0.979062827559
0.979099138451
0.979030294651
0.978969592419
0.97900625535
0.978940760048
0.978876501616
0.978913266432
0.978851230849
0.978783524978
0.978820147215
0.978761710463
0.978690691852
0.978726943554
0.978672193969
0.978597992582
0.97863362146
0.978582661686
0.978505428203
0.97854021161
0.978493108128
0.97841299611
0.97844670467
0.978403532939
0.978320716152
0.978353107433
0.978313914502
0.978228584195
0.978259435941
0.978224265342
0.978136593903
0.978165693615
0.978134560223
0.97804476133
0.978071879391
0.978044788006
0.977953068107
0.977978007771
0.977954968487
0.97786153242
0.97788407415
0.977865062314
0.977770137168
0.977790109656
0.977775077858
0.977678892368
0.977696095007
0.977685009837
0.977587792184
0.977602059115
0.977594851458
0.977496837423
0.977508002767
0.97750460034
0.977406021689
0.977413930207
0.977414237227
0.977315341024
0.977319855324
0.977323770045
0.977224794368
0.977225780253
0.977233185988
0.97713438558
0.977131719513
0.977142490899
0.97704408938
0.97703767918
0.977051679613
0.976953930271
0.976943669374
0.976960738726
0.976863873629
0.976849699337
0.976869669281
0.976773936782
0.976755773779
0.976778468675
0.976684101721
0.976661897504
0.976687145609
0.976594370288
0.976568082004
0.976595674819
0.976504723737
0.976474337835
0.976504089435
0.976415160827
0.97638067206
0.976412365396
0.976325679373
0.976287087658
0.97632050077
0.976236255525
0.976193599932
0.976228510443
0.976146916166
0.976100205302
0.976136384381
0.976057621257
0.976006915019
0.976044131063
0.975968366878
0.975913740307
0.975951753344
0.975879161141
0.975820678383
0.975859232946
0.97578997616
0.975727747296
0.975766616575
0.975700808313
0.97563492967
0.975673861922
0.975611661924
0.975542256902
0.975581001388
0.97552252213
0.975449715428
0.975488030098
0.975433361846
0.975357311051
0.97539494477
0.975344209394
0.975265053439
0.97530176728
0.975255011895
0.975172949542
0.975208487913
0.975165807877
0.975080976138
0.975115122187
0.975076555039
0.974989163209
0.97502168465
0.974987261504
0.974897510629
0.974928176817
0.974897913564
0.974806001728
0.974834583095
0.974808501064
0.974714643278
0.974740938215
0.974719016413
0.974623438801
0.974647237954
0.974629462399
0.974532385757
0.97455348787
0.974539811682
0.974441488101
0.974459705151
0.97445008842
0.974350737249
0.974365895502
0.974360256924
0.974260132612
0.974272066022
0.974270331597
0.974169678829
0.97417821737
0.974180289984
0.974079364106
0.974084378837
0.974090140397
0.9739891784
0.97399053028
0.973999883634
0.973899126208
0.973896705053
0.973909488486
0.973809211523
0.973802894035
0.973818983021
0.973719420836
0.973709124637
0.973728346382
0.973629739931
0.973615389454
0.973637567819
0.97354017465
0.973521700501
0.973546657589
0.973450719005
0.973428073934
0.973455620141
0.97336136467
0.973334509078
0.973364437544
0.973272096215
0.973241019933
0.973273123308
0.973182924183
0.973147601357
0.973181664462
0.973093817775
0.973054274883
0.973090081015
0.973004777262
0.972961053203
0.972998349236
0.972915807438
0.972867926722
0.972906475673
0.972826899546
0.972774907622
0.972814493101
0.972738031376
0.972682006609
0.972722357836
0.972649203892
0.972589230832
0.972630097029
0.972560399618
0.97249657478
0.972537717266
0.972471616429
0.972404056416
0.972445206092
0.972382846815
0.972311667219
0.972352580676
0.972294079517
0.972219431933
0.972259840324
0.972205304595
0.97212732606
0.97216699889
0.972116515038
0.972035373244
0.97207405414
0.972027688616
0.971943580744
0.971981005629
0.971938839781
0.971851935075
0.971887867967
0.971849945106
0.971760436169
0.971794655008
0.971761014767
0.971669098711
0.97170135634
0.971672023225
0.971577921092
0.971607993509
0.971582962998
0.971486906621
0.971514574176
0.971493831753
0.971396036247
0.971421095872
0.971404609633
0.971305327766
0.971327575997
0.9713153091
0.971214778227
0.971234012804
0.971225915164
0.971124382495
0.971140422176
0.971136417751
0.971034127589
0.971046819321
0.971046821134
0.9709440307
0.970953185496
0.97095710468
0.970854067563
0.970859578241
0.970867268458
0.970764261369
0.970765964258
0.97077731515
0.970674581012
0.970672366486
0.97068723906
0.970585026753
0.970578788917
0.970597029578
0.970495610408
0.970485253531
0.970506686367
0.970406313165
0.970391752866
0.970416212337
0.970317123564
0.970298303713
0.970325590565
0.970228046906
0.970204915411
0.970234836301
0.970139059391
0.970111593722
0.970143930112
0.970050186467
0.970018358118
0.970052887825
0.969961391895
0.969925199638
0.969961710526
0.969872671565
0.969832134423
0.9698703825
0.969784018468
0.969739159559
0.969778903925
0.969695433557
0.969646299523
0.969687304934
0.969606908169
0.969553548177
0.96959555488
0.969518420197
0.969460924234
0.969503672509
0.969429965848
0.969368425827
0.969411666094
0.969341548352
0.969276057899
0.969319512636
0.969253140566
0.96918382416
0.969227244404
0.969164745368
0.969091726398
0.969134859656
0.969076357146
0.968999777923
0.969042355763
0.968987947472
0.968907986817
0.968949737799
0.968899531063
0.968816339213
0.96885702172
0.968811085042
0.968724852022
0.968764201376
0.968722605068
0.968633521435
0.968671290397
0.968634075166
0.968542348643
0.968578297224
0.968545499552
0.968451340521
0.968485218096
0.968456862375
0.968360498603
0.968392071574
0.968368149957
0.968269811476
0.968298870398
0.968279362116
0.968179282742
0.968205612027
0.968190494804
0.968088912601
0.96811230197
0.968101530164
0.967998716383
0.968018974247
0.968012474328
0.967908677173
0.967925600886
0.967923305101
0.96781877534
0.96783221251
0.967834026589
0.967729034089
0.967738815791
0.967744630987
0.967639448914
0.967645412132
0.967655114116
0.967549999045
0.967552031163
0.967565470292
0.967460682889
0.967458648988
0.967475701329
0.967371513913
0.967365314876
0.967385791802
0.967282462332
0.967272001296
0.967295739825
0.967193542601
0.967178745248
0.967205551481
0.967104731859
0.967085526116
0.96711522622
0.967016035915
0.966992381212
0.967024748965
0.966927445501
0.966899307296
0.966934116709
0.966838937717
0.966806309853
0.966843350011
0.966750526998
0.966713411988
0.966752434444
0.966662196057
0.966620595795
0.96666136757
0.966573927888
0.966527890542
0.966570153622
0.966485733544
0.966435288463
0.966478799411
0.966397589251
0.966342809256
0.966387308138
0.966309483496
0.966250457471
0.966295672814
0.966221420086
0.96615823094
0.966203897911
0.966133375874
0.966066145352
0.966111994841
0.966045355675
0.965974199665
0.966019960784
0.965957337935
0.965882399622
0.965927803292
0.965869325499
0.965790750971
0.965835521674
0.965781296105
0.96569925027
0.965743135915
0.965693248494
0.96560791187
0.965650636163
0.965605168261
0.965516738928
0.965558043257
0.965517049632
0.965425730399
0.965465355855
0.965428887007
0.965334871541
0.965372576018
0.965340668887
0.965244198756
0.965279720392
0.965252386515
0.96515368599
0.965186794032
0.965164024982
0.96506333251
0.965093809708
0.965075580284
0.964973148413
0.965000760654
0.964987060024
0.964883125907
0.964907669292
0.964898426379
0.964793277845
0.964814556782
0.964809709258
0.964703580962
0.964721402564
0.964720876426
0.964614052603
0.964628228872
0.964631909057
0.964524668239
0.96453504634
0.964542840783
0.964435434616
0.964441874527
0.964453636979
0.964346357411
0.964348707386
0.964364312892
0.964257421673
0.964255558263
0.964274835136
0.964168619695
0.964162433692
0.964185222231
0.964079950481
0.964069360997
0.964095473897
0.963991407891
0.963976323942
0.964005577343
0.963902975042
0.963883348276
0.963915526033
0.963814659839
0.963790440342
0.963825323607
0.963726447474
0.963697605181
0.963734970348
0.963638341836
0.96360485129
0.963644470305
0.963550299112
0.963512197845
0.963553819843
0.963462361948
0.963419629756
0.963463009955
0.96337449017
0.963327192735
0.963372058344
0.963286671958
0.9632348521
0.963280954433
0.963198910466
0.96314264082
0.963189704618
0.963111199218
0.963050560045
0.963098309795
0.963023519985
0.962958607811
0.963006776582
0.962935863338
0.962866803118
0.962915102999
0.962848219144
0.962775141811
0.962823294595
0.962760579094
0.962683636506
0.962731364968
0.962672945655
0.962592282585
0.962639317543
0.962585288733
0.962501093736
0.962547153562
0.962497618153
0.962410057913
0.962454873385
0.962409905417
0.962319204488
0.962362497721
0.962322159962
0.962228508697
0.962270022809
0.962234353198
0.962137980886
0.962177457895
0.962146490553
0.962047630803
0.962084824777
0.962058566332
0.961957438818
0.961992104206
0.96197055177
0.961867433248
0.961899323961
0.961882467311
0.961777591928
0.961806493277
0.961794275511
0.961687926081
0.961713623956
0.961705996285
0.961598413168
0.961620708046
0.961617594865
0.961509076258
0.961527763335
0.961529087776
0.961419895593
0.961434813811
0.961440455695
0.961330880221
0.96134185058
0.961351697413
0.961242022322
0.961248886942
0.961262809773
0.96115331108
0.961155940001
0.961173786386
0.961064747239
0.96106301675
0.961084615415
0.960976322647
0.960970117698
0.960995306894
0.960888031344
0.960877263375
0.960905843792
0.96079986962
0.960784458007
0.960816226085
0.960711819632
0.960691714397
0.960726461725
0.960623893408
0.960599042768
0.960636537385
0.960536062348
0.960506454317
0.96054646105
0.960448333357
0.960413938091
0.960456220089
0.960360694427
0.96032154103
0.960365825805
0.960273133693
0.9602292198
0.960275276328
0.960185649545
0.96013703006
0.960184576431
0.960098217311
0.960044963656
0.960093714288
0.960010856399
0.959953019818
0.960002709967
0.959923526685
0.959861195209
0.959911552961
0.959836231201
0.959769536597
0.959820245023
0.959748953486
0.959678007797
0.959728812723
0.959661703202
0.959586639959
0.959637237485
0.959574446207
0.959495420624
0.959545538196
0.959487185417
0.959404366122
0.959453705138
0.959399900879
0.959313468063
0.959361759498
0.959312600625
0.959222748908
0.95926969431
0.959225263168
0.959132200295
0.959177529801
0.959137879381
0.959041825579
0.959085265764
0.959050444444
0.958951617938
0.958992917231
0.958962940669
0.958861599127
0.958900476727
0.958875372209
0.958771746535
0.958807983215
0.958787709561
0.958682065669
0.958715405988
0.958699966829
0.95859257891
0.95862278986
0.958612123863
0.958503256311
0.958530118165
0.958524176911
0.958414098669
0.958437414462
0.958436106254
0.95832512307
0.958344684371
0.958347926458
0.958236306469
0.958251947556
0.958259619533
0.958147651412
0.958159195208
0.958171175761
0.958059157793
0.958066443873
0.958082597865
0.9579708217
0.957973711839
0.957993885844
0.957882630719
0.957881001851
0.9579050093
0.957794588645
0.957788322883
0.957815991263
0.957706674461
0.957695690825
0.957726817653
0.957618888279
0.957603120299
0.957637494528
0.957531226725
0.957510608782
0.957547993749
0.957443685581
0.95741816551
0.957458351143
0.957356246771
0.957325818416
0.957368533319
0.957268909589
0.957233541863
0.957278566415
0.957181655245
0.957141386081
0.957188417251
0.95709449355
0.957049331854
0.957098126824
0.957007388404
0.956957394137
0.957007675143
0.956920349869
0.956865576733
0.956917064001
0.956833374452
0.956773899621
0.956826288905
0.956746434863
0.956682354633
0.9567353633
0.956659524992
0.956590957344
0.956644301988
0.956572638903
0.956499713308
0.956553084989
0.956485766187
0.956408626503
0.956461739768
0.956398887029
0.956317699664
0.956370249364
0.956312004103
0.956226941315
0.956278629633
0.956225109518
0.956136355749
0.956186907527
0.956138181705
0.956045939785
0.956095061881
0.956051215303
0.955955708418
0.956003108068
0.95596419141
0.955865643584
0.955911048115
0.955877129905
0.9557757578
0.955818896679
0.95578997788
0.955686070085
0.955726679967
0.955702764928
0.955596561992
0.955634386106
0.955615450674
0.955507220485
0.955542016949
0.955528059473
0.955418070944
0.955449597477
0.955440548602
0.955329089499
0.955357133719
0.955352939743
0.955240293225
0.955264640377
0.955265205445
0.955151681895
0.955172121061
0.955177349367
0.955063222414
0.955079579517
0.955089358615
0.95497492883
0.954987024981
0.955001236775
0.95488681773
0.954894497762
0.954912970446
0.954798845122
0.954801981682
0.954824554628
0.954711025439
0.95470948757
0.954735982697
0.954623360896
0.954617020778
0.954647258173
0.954535834871
0.954524614251
0.954558360025
0.954448438236
0.954432264218
0.954469324122
0.954361163387
0.954339983772
0.954380108009
0.954274004269
0.954247771464
0.954290724752
0.954186957257
0.954155643912
0.954201175726
0.954100010085
0.954063620471
0.954111468554
0.954013152572
0.953971698161
0.954021584033
0.953926378095
0.953879897676
0.953931536716
0.953839671693
0.953788212565
0.953841319532
0.953753027082
0.95369666067
0.953750946019
0.953666433214
0.953605236688
0.953660411832
0.953579890624
0.953513971201
0.953569725982
0.953493364701
0.953422853827
0.953478878553
0.953406867864
0.953331881816
0.953387888647
0.95332037724
0.953241077308
0.953296763641
0.953233889058
0.953150447984
0.953205494984
0.953147388946
0.953059984711
0.953114094941
0.953060868786
0.952969695901
0.953022567303
0.952974314106
0.952879591588
0.952930929824
0.952887712679
0.952789672149
0.952839185445
0.952801073661
0.952699928247
0.952747339136
0.95271435715
0.952610384654
0.952655399601
0.952627566247
0.952521019821
0.952563371364
0.952540709368
0.95243183
0.952471269003
0.952453759147
0.952342840488
0.952379106308
0.952366704461
0.952254033156
0.952286891987
0.952279533642
0.952165409571
0.95219461878
0.952192253263
0.952076969574
0.952102333135
0.952104852824
0.951988700941
0.952010012527
0.952017323831
0.951900616267
0.951917678307
0.95192965693
0.951812700899
0.95182534029
0.951841839062
0.951724941112
0.951733011574
0.951753870932
0.951637354935
0.951640693396
0.951665763241
0.951549924861
0.951548411804
0.951577490282
0.951462643904
0.951456171626
0.951489057441
0.951375492894
0.951363980335
0.951400453634
0.951288484845
0.951271852417
0.951311686001
0.951201598926
0.951179789193
0.951222738656
0.95111483179
0.9510878093
0.951133623208
0.951028179823
0.95099591917
0.95104434697
0.950941626183
0.950904135234
0.950954884777
0.950855155284
0.950812463305
0.950865255998
0.950768767808
0.950720897824
0.950775450472
0.950682460367
0.950629468286
0.950685486797
0.950596208086
0.950538168493
0.950595350148
0.950510013465
0.950447021992
0.950505048309
0.950423852734
0.950356007589
0.950414581558
0.950337726006
0.950265164627
0.950323958979
0.95025161375
0.9501744842
0.950233189012
0.950165510804
0.950083961839
0.95014227228
0.95007940768
0.949993625533
0.950051218051
0.949993291531
0.949903464256
0.949960026567
0.949907148234
0.949813479187
0.949868711184
0.949820970683
0.949723677664
0.949777285944
0.949734741797
0.949634076263
0.949685732583
0.949648465105
0.949544657857
0.949594085927
0.949562118368
0.949455420872
0.94950234641
0.949475691838
0.949366389386
0.949410517501
0.949389181582
0.949277549723
0.949318617156
0.949302572722
0.949188899782
0.949226648931
0.94921586585
0.949100438067
0.949134621029
0.949129039953
0.949012172844
0.949042562032
0.949042093889
0.948924087323
0.948950465341
0.948955022538
0.948836183857
0.948858344468
0.948867815532
0.948748465649
0.948766209275
0.948780467028
0.948660911185
0.948674075641
0.948692964668
0.948573535189
0.948581940184
0.948605306792
0.948486320625
0.948489840539
0.948517497691
0.9483992683
0.948397768566
0.948429503764
0.948312361938
0.948305737605
0.948341360428
0.948225610789
0.948213758782
0.948253048216
0.94813898591
0.948121846022
0.948164553488
0.948052488423
0.948030008665
0.948075888695
0.947966115209
0.947938256593
0.947987033562
0.947879853265
0.947846597011
0.94789800991
0.947793692586
0.947755047839
0.947808798945
0.947707621049
0.947663616151
0.947719416138
0.94762163618
0.947572298935
0.947629854359
0.94753571458
0.947481122127
0.947540129226
0.947449860416
0.947390083598
0.947450220005
0.947364061625
0.947299189623
0.947360140369
0.947278305072
0.947208451655
0.947269902684
0.947192565113
0.947117872424
0.947179502303
0.947106846313
0.947027462107
0.947088948803
0.947021126449
0.946937245718
0.94699824336
0.946935409324
0.946847195158
0.946907398649
0.946849675257
0.946757327404
0.946816417118
0.946763902719
0.946667643547
0.946725302
0.946678103364
0.946578159443
0.946634067925
0.946592258182
0.94648887045
0.946542715118
0.946506348748
0.946399767221
0.946451261138
0.946420363347
0.946310867727
0.946359718212
0.946334299296
0.946222163683
0.946268081623
0.946248143501
0.946133653875
0.946176376081
0.946161883711
0.946045357054
0.946084603711
0.946075527095
0.945957243768
0.945992777945
0.945989035874
0.945869332512
0.94590090502
0.945902424663
0.945781597859
0.945808998684
0.945815683262
0.94569406393
0.945717069088
0.945728792893
0.945606708314
0.94562513456
0.9456417514
0.945519526456
0.945533202057
0.945554570341
0.945432536582
0.945441271151
0.945467217036
0.945345700494
0.945349365671
0.945379696389
0.945259028771
0.945257505892
0.945292019719
0.94517251716
0.945165682035
0.94520414705
0.945086141411
0.945073917257
0.945116112462
0.944999910779
0.944982215644
0.945027886088
0.944913815623
0.944890599238
0.944939490809
0.944827824746
0.944799071315
0.944850900461
0.944741973177
0.944707649292
0.944762124263
0.944656201569
0.944616324902
0.944673167125
0.944570538732
0.944525127239
0.944584033525
0.944484944029
0.944434067809
0.944494710894
0.944399427025
0.944343133664
0.944405211431
0.944313978456
0.944252349246
0.944315535619
0.944228567644
0.94416172165
0.944225685464
0.944143189197
0.944071247109
0.94413566383
0.944057850114
0.943980944398
0.944045480802
0.943972525935
0.943890822769
0.943955136303
0.943887198447
0.943800872311
0.943864642133
0.943801865211
0.943711110827
0.943773990408
0.94371651501
0.943621550531
0.94368321089
0.943631128012
0.94353216783
0.94359229507
0.943545706153
0.943442991527
0.943501251953
0.943460227789
0.943354014974
0.943410099616
0.943374688213
0.943265245859
0.943318838447
0.943289062595
0.94317667343
0.943227481065
0.943203354999
0.943088306475
0.943136040742
0.943117557552
0.943000138293
0.94304452716
0.943031649716
0.942912184299
0.942952934622
0.942945628987
0.942824423293
0.942861298825
0.942859491012
0.942736855429
0.942769615874
0.942773211953
0.94264948745
0.942677900054
0.942686791642
0.942562323153
0.942586163651
0.942600224793
0.942475332189
0.942494416556
0.942513510088
0.942388532172
0.942402671479
0.942426625163
0.942301908958
0.942310946069
0.942339575308
0.942215460281
0.942219239621
0.942252353252
0.942129180985
0.94212758115
0.942164952468
0.942043048887
0.942035965281
0.942077377702
0.941957072028
0.941944414569
0.941989606272
0.941871229326
0.94185292605
0.941901661749
0.941785532361
0.941761524194
0.941813515471
0.941699947955
0.941670224651
0.94172518774
0.941614480108
0.94157902252
0.941636675027
0.94152911354
0.941487937194
0.941547963401
0.941443848269
0.941396980702
0.941459062093
0.941358657586
0.941306157338
0.941369977013
0.941273549316
0.941215465199
0.941280708414
0.941188489085
0.94112493739
0.941191259243
0.941103481275
0.941034573296
0.941101629568
0.941018497178
0.940944364929
0.941011818487
0.940933558377
0.94085434061
0.940921844243
0.940848624027
0.940764494865
0.940831706671
0.940763691438
0.940674832747
0.940741419836
0.940678747878
0.940585367924
0.940650967045
0.940593771677
0.940496087947
0.94056038562
0.940508780568
0.940407025889
0.940469659156
0.940423724351
0.940318156456
0.940378819011
0.940338619911
0.940229494293
0.94028784775
0.940253443577
0.940141044413
0.940196774649
0.940168194524
0.940052806615
0.940105601029
0.940082844291
0.939964770708
0.940014351707
0.939997406248
0.93987694592
0.939923014491
0.939911842731
0.939789332772
0.939831611681
0.939826161911
0.939701928472
0.93974016485
0.939740363393
0.939614721377
0.939648661403
0.939654418522
0.939527726662
0.939557126245
0.939568319769
0.939440914012
0.939465583459
0.939482076058
0.939354305451
0.939374027759
