0.0
0.000183620197376
-0.000308613113764
-0.00153963417177
-0.00357012854454
-0.00645755837239
-0.0102550818658
-0.0150105075661
-0.020765281452
-0.0275536001756
-0.0354015730684
-0.0443265317534
-0.0543364554162
-0.0654294676481
-0.0775934961187
-0.0908061875782
-0.105034812977
-0.120236367993
-0.136357885108
-0.153336847375
-0.171101699204
-0.189572482137
-0.208661694931
-0.228275127491
-0.248312809857
-0.268670049912
-0.289238536746
-0.309907488457
-0.330564766229
-0.351097983073
-0.371395660525
-0.391348408525
-0.410849837933
-0.429797634743
-0.448094552952
-0.465649108864
-0.482376450338
-0.498199046578
-0.513047111991
-0.526859186433
-0.539582479549
-0.551173012349
-0.561595866382
-0.570825193223
-0.578844100716
-0.585644569632
-0.591227197746
-0.595600870365
-0.598782373448
-0.600795982334
-0.601672960474
-0.601450964032
-0.600173532749
-0.597889480446
-0.594652255166
-0.590519321092
-0.585551550109
-0.57981260703
-0.573368309169
-0.566286071285
-0.558634339729
-0.550482046351
-0.54189810802
-0.532950957428
-0.52370812339
-0.514235819851
-0.504598596728
-0.494859031221
-0.485077449878
-0.475311687367
-0.465616885331
-0.456045342361
-0.446646372351
-0.43746620619
-0.428547933804
-0.419931459731
-0.41165348853
-0.40374752664
-0.396243907361
-0.389169855211
-0.382549499925
-0.376404013122
-0.370751609641
-0.365607710167
-0.360984968085
-0.356893414963
-0.353340527564
-0.350331338606
-0.347868532401
-0.345952533834
-0.344581606044
-0.343751934459
-0.343457703894
-0.343691191166
-0.344442816176
-0.345701237281
-0.347453379405
-0.349684524825
-0.352378337725
-0.355516935641
-0.359080919957
-0.363049426257
-0.367400167214
-0.3721094679
-0.377152315955
-0.382502396619
-0.388132142299
-0.394012785553
-0.400114400911
-0.406405984918
-0.412855495824
-0.419429957941
-0.42609551422
-0.432817543628
-0.439560746592
-0.446289258457
-0.452966784867
-0.459556705228
-0.466022269325
-0.472326684867
-0.478433344062
-0.484305931494
-0.489908666035
-0.495206435175
-0.50016501939
-0.504751266188
-0.50893328869
-0.512680664118
-0.515964610536
-0.518758177399
-0.521036420697
-0.522776543015
-0.523958083204
-0.524562977961
-0.524575758135
-0.523983533431
-0.522776159588
-0.52094617382
-0.518488880156
-0.515402277657
-0.511687010127
-0.50734632754
-0.50238586672
-0.496813654286
-0.490639746508
-0.483876227328
-0.476536797551
-0.468636642353
-0.460192111813
-0.451220465735
-0.44173958309
-0.431767658736
-0.421322925383
-0.410423363789
-0.399086441307
-0.38732885502
-0.375166312995
-0.362613344071
-0.349683122422
-0.336387374871
-0.32273628529
-0.308738467764
-0.294401009169
-0.279729505019
-0.26472821403
-0.249400217988
-0.233747624732
-0.21777186964
-0.201473987328
-0.184854968139
-0.167916138657
-0.15065953477
-0.133088336503
-0.115207270236
-0.0970230324448
-0.0785446967897
-0.0597840998616
-0.0407562100995
-0.0214794356854
-0.00197593066237
0.0177282005554
0.0376027240582
0.0576131467222
0.0777207207963
0.0978824301385
0.118051110838
0.138175646874
0.158201168854
0.178069427697
0.197719145741
0.217086453526
0.236105430241
0.254708605916
0.272827576756
0.290393622289
0.307338328369
0.323594264424
0.339095618146
0.353778855138
0.367583340973
0.380451949328
0.392331631708
0.403173926934
0.41293546466
0.421578347544
0.429070526177
0.43538610026
0.440505497076
0.444415670054
0.447110146529
0.448589030202
0.448858979593
0.447933024159
0.445830413792
0.44257636634
0.438201734056
0.432742695907
0.426240333769
0.418740213901
0.410291945864
0.400948679735
0.390766636256
0.379804596633
0.368123400122
0.355785450309
0.34285422105
0.329393784444
0.31546835177
0.301141885161
0.2864776368
0.271537755355
0.25638304505
0.241072589379
0.22566344838
0.210210492316
0.194766173352
0.179380338989
0.164100117604
0.148969834591
0.134030928439
0.119321905786
0.104878369914
0.0907330127753
0.0769156533119
0.0634533337915
0.0503703740533
0.0376884754052
0.0254268586303
0.0136023738819
0.00222963957664
-0.00867880953841
-0.0191123718025
-0.0290622165633
-0.0385211364204
-0.0474833897313
-0.0559445366914
-0.0639012878122
-0.0713513586123
-0.078293320957
-0.084726460825
-0.0906506514639
-0.0960662218079
-0.100973847375
-0.105374441545
-0.109269053285
-0.112658776118
-0.1155446671
-0.117927699383
-0.119808696521
-0.12118828586
-0.122066865573
-0.122444584946
-0.122321348956
-0.121696814455
-0.120570414686
-0.118941392534
-0.116808846451
-0.114171798765
-0.111029265734
-0.10738035276
-0.103224358087
-0.0985608950906
-0.0933900334275
-0.0877124449847
-0.0815295676593
-0.0748437866637
-0.0676586244557
-0.0599789453278
-0.0518111756211
-0.043163524074
-0.0340462302417
-0.0244717831318
-0.0144551741579
-0.00401415613501
0.0068305260606
0.0180548582941
0.0296313697129
0.0415288697976
0.0537122463792
0.0661423037258
0.0787755346439
0.091564055657
0.104455428435
0.117392639883
0.130314080027
0.1431535129
0.155840247417
0.168299171551
0.180451031487
0.192212662805
0.203497305996
0.214215081683
0.224273389325
0.233577536234
0.242031334914
0.249537815668
0.256000027804
0.261321876355
0.265409028514
0.268169923599
0.269516753417
0.269366548383
0.267642314524
0.2642740299
0.25919993943
0.252367490324
0.243734535567
0.23327039259
0.220956669359
0.206788462605
0.190774865918
0.172939944693
0.153323217223
0.131980029573
0.108982092542
0.084417279431
0.0583898849135
0.0310201915648
0.00244407078359
-0.0271875505641
-0.0577097048665
-0.0889442511652
-0.120701191445
-0.152780079057
-0.184971579583
-0.217059206673
-0.248821313116
-0.280032898571
-0.310467951902
-0.339901466545
-0.368111649075
-0.394882405526
-0.420005106312
-0.443281296768
-0.464524369223
-0.483561740425
-0.5002368653
-0.514410470732
-0.525962683616
-0.534793772729
-0.54082556954
-0.544002243759
-0.544290649441
-0.541681001365
-0.536186544141
-0.527843558092
-0.516710778734
-0.502868596486
-0.486418107603
-0.467479898329
-0.446192477107
-0.42271080626
-0.397204383441
-0.369855412063
-0.340856662362
-0.31040947171
-0.278721457909
-0.246004480833
-0.212472342944
-0.178338804987
-0.143815417424
-0.109109681797
-0.0744230977912
-0.0399494798708
-0.00587346185446
0.0276307933697
0.0604009364232
0.0922874730476
0.123154449704
0.152880110292
0.181357367864
0.208494033227
0.234212890911
0.258451562949
0.281162162234
0.30231092227
0.321877821811
0.339855753758
0.356249692426
0.371075982726
0.384361462334
0.396142360428
0.406463250444
0.41537619887
0.422939684091
0.429217568376
0.434278082874
0.438192909446
0.441036210195
0.442883841706
0.443812478426
0.443898873168
0.443219179566
0.441848370589
0.439859665402
0.437324062743
0.434309942826
0.430882734004
0.427104642209
0.423034451021
0.418727356325
0.414234885597
0.409604848083
0.40488134865
0.400104814056
0.395312083413
0.390536489856
0.385808009715
0.381153408652
0.376596407834
0.372157864269
0.367855959341
0.363706399104
0.359722594711
0.355915866332
0.352295626372
0.348869573022
0.345643856674
0.342623256943
0.339811327649
0.337210551702
0.334822472253
0.332647814882
0.330686593596
0.32893820766
0.327401522537
0.326074943664
0.324956474479
0.324043758352
0.323334113027
0.322824562648
0.322511848083
0.322392429473
0.322462483398
0.32271789707
0.32315424558
0.32376676907
0.324550343117
0.325499445733
0.326608119118
0.327869928789
0.329277923326
0.330824589464
0.332501809755
0.334300817169
0.336212158322
0.338225650939
0.340330351896
0.342514522206
0.344765602067
0.347070190674
0.349414039799
0.351782040806
0.354158224885
0.356525782601
0.3588670873
0.361163724693
0.363396537015
0.365545683394
0.367590706531
0.369510618155
0.371283991508
0.372889066758
0.374303873811
0.37550637323
0.376474594291
0.377186785006
0.377621587368
0.377758217117
0.377576642726
0.377057779371
0.376183677939
0.374937725472
0.373304843744
0.371271689356
0.368826824256
0.365960913293
0.362666904139
0.358940184215
0.35477869505
0.350183078462
0.345156776573
0.339706101769
0.333840283155
0.327571484767
0.320914792283
0.313888171647
0.306512393002
0.298810890852
0.290809618547
0.282536873502
0.274023073592
0.265300514323
0.256403073822
0.247365868061
0.238224949324
0.229016987507
0.219778853023
0.210547222395
0.201358242807
0.192247145061
0.183247833115
0.174392504037
0.165711343467
0.15723217414
0.148980216445
0.140977801236
0.133244127475
0.125795104179
0.118643277123
0.111797712831
0.105263985895
0.0990442258455
0.0931372140082
0.0875385146383
0.0822406732953
0.0772334704464
0.0725042200199
0.0680380945566
0.0638185056243
0.0598274489243
0.0560459515204
0.0524545082849
0.0490335182378
0.0457636874481
0.0426264810633
0.0396045149582
0.036681958776
0.0338449012168
0.0310816134059
0.0283828180583
0.0257419761593
0.0231554691172
0.0206226240474
0.0181458165534
0.0157305134229
0.0133851989504
0.0111212332972
0.0089527277419
0.00689636419487
0.00497110994117
0.00319790726597
0.001599356431
0.000199341684908
-0.000977291103254
-0.00190512222246
-0.0025586422822
-0.00291266156277
-0.00294253740912
-0.00262463128767
-0.0019368032745
-0.000858693726457
0.00062810034156
0.00253963795418
0.00488938264038
0.00768800510987
0.0109431910636
0.0146596158126
0.0188389361521
0.0234795434783
0.0285765450382
0.0341220643527
0.0401052892283
0.0465123974418
0.053326797757
0.0605293845532
0.068098709096
0.0760112200294
0.0842414809032
0.0927623087336
0.101545196319
0.110560695133
0.119778481801
0.129167583639
0.138696795169
0.148334917571
0.158050910642
0.167814152564
0.177594667702
0.187363313933
0.197091944061
0.206753557443
0.216322381595
0.225774033294
0.235085674585
0.24423597925
0.253205114971
0.261974887847
0.270528766458
0.278851792508
0.286930564847
0.294753229639
0.302309410913
0.309590164867
0.31658789214
0.323296213508
0.329709903815
0.335824860082
0.341637934823
0.347146785083
0.352349826812
0.357246147113
0.361835361597
0.366117514296
0.370092962605
0.373762264739
0.377126123302
0.380185281878
0.382940410374
0.385392035426
0.387540479646
0.38938577738
0.390927604271
0.392165228687
0.39309746907
0.393722643395
0.394038533837
0.394042361778
0.393730766605
0.393099794252
0.392144892766
0.390860917217
0.389242140904
0.38728227133
0.384974477421
0.382311423482
0.379285314739
0.37588795904
0.372110808732
0.367945006638
0.363381490323
0.358411088072
0.353024571373
0.347212747183
0.340966582274
0.334277306869
0.327136521071
0.31953631877
0.311469404315
0.30292922835
0.293910140346
0.284407510246
0.274417837941
0.263938929084
0.252970060628
0.241512090435
0.229567592441
0.217141008482
0.204238779483
0.190869482584
0.177043960707
0.162775414175
0.148079520892
0.132974556082
0.117481463443
0.10162387286
0.0854281933101
0.0689236828342
0.0521424364207
0.0351193773695
0.0178922461138
0.000501546946852
-0.0170095067998
-0.0345950801847
-0.0522068685524
-0.069794233844
-0.0873043096196
-0.104682207428
-0.121871306272
-0.138813465265
-0.15544927953
-0.171718371673
-0.187559646528
-0.202911679584
-0.217713114885
-0.231902952589
-0.245420915117
-0.258207887866
-0.270206314942
-0.28136053706
-0.291617207217
-0.300925742403
-0.309238705178
-0.316512109587
-0.322705833081
-0.327783970809
-0.331715151834
-0.334472830735
-0.336035569341
-0.336387268455
-0.33551737764
-0.333421063793
-0.330099325492
-0.325559080475
-0.319813219997
-0.312880609429
-0.304786010197
-0.295559997072
-0.28523882364
-0.273864235027
-0.261483250346
-0.248147876335
-0.233914767938
-0.218844914575
-0.203003278383
-0.186458343891
-0.169281668816
-0.151547452356
-0.133332039945
-0.114713423133
-0.0957707222397
-0.0765837007084
-0.0572322311648
-0.0377958035513
-0.0183530093575
0.0010189307677
0.0202446406733
0.0392510076457
0.0579676328581
0.0763272339258
0.0942659617388
0.111723712545
0.128644463661
0.14497652573
0.160672693118
0.175690428181
0.189992012834
0.203544619753
0.21632033847
0.228296192177
0.23945411111
0.249780853846
0.259267901365
0.267911315508
0.275711563198
0.28267334235
0.288805367569
0.29412011606
0.298633567165
0.302364961049
0.305336501936
0.307573066554
0.309101905333
0.309952371732
0.310155612007
0.309744291154
0.308752296406
0.307214457526
0.305166295859
0.302643783298
0.299683085742
0.296320337429
0.292591448454
0.288531909967
0.284176626403
0.279559757347
0.27471455997
0.269673279081
0.264467087582
0.259125969838
0.253678610219
0.248152383761
0.24257334089
0.236966144922
0.231354053961
0.225758939564
0.22020129629
0.214700261983
0.209273652029
0.203937963804
0.198708429161
0.19359910246
0.188622896402
0.183791596583
0.179115947765
0.174605717861
0.170269757949
0.166116078904
0.162151881021
0.158383591037
0.154816966539
0.151457155693
0.148308710256
0.145375644065
0.142661495815
0.140169363777
0.137901931381
0.135861507498
0.134050059898
0.13246923951
0.131120406615
0.130004639818
0.129122737375
0.128475244918
0.128062467527
0.12788444983
0.127940972357
0.128231560384
0.128755470349
0.129511671276
0.13049883195
0.131715306821
0.133159112787
0.13482790522
0.136718957296
0.138829141318
0.141154897742
0.14369220728
0.14643657153
0.149382989383
0.152525932016
0.155859321089
0.159376506803
0.163070249523
0.16693272016
0.170955483712
0.17512947575
0.179445008299
0.183891788224
0.188458910452
0.193134866051
0.197907566337
0.202764366757
0.207692096112
0.21267709394
0.21770524249
0.222762011511
0.227832526839
0.232901626401
0.237953906154
0.242973793653
0.247945621656
0.252853701405
0.257682406335
0.262416244746
0.267039926591
0.271538456619
0.275897217195
0.280102027516
0.284139213097
0.287995695421
0.291659059687
0.295117585114
0.29836030309
0.301377043723
0.304158467736
0.306696096083
0.308982323702
0.31101041042
0.312774492663
0.314269581193
0.315491513472
0.316436903692
0.317103131937
0.31748829878
0.317591154869
0.317411043166
0.316947834709
0.316201855784
0.315173835178
0.313864827261
0.312276147374
0.310409314806
0.30826601928
0.305848052353
0.303157253503
0.300195513836
0.296964779889
0.293467029818
0.289704287247
0.285678614276
0.281392140362
0.276847238821
0.272046569246
0.266992969048
0.261689620258
0.256140289035
0.250349323427
0.244321687393
0.238063148808
0.231580398897
0.224881119947
0.217974080455
0.210869230671
0.203577779237
0.196112277377
0.188486678527
0.180716306059
0.172817887496
0.164809607151
0.156711051807
0.14854310263
0.14032790495
0.132088790223
0.123850137794
0.115637234633
0.107476124224
0.0993934264556
0.0914161816567
0.0835716584035
0.0758870765534
0.0683893820414
0.0611051257495
0.0540602114861
0.0472796642913
0.0407874190674
0.0346060625593
0.0287566770482
0.023258763268
0.0181299823733
0.0133859765589
0.00904031862319
0.0051044205193
0.00158740961249
-0.00150392525386
-0.00416512454841
-0.00639407133328
-0.00819101365935
-0.00955851468987
-0.0105013677806
-0.0110265215088
-0.0111429614741
-0.0108616206531
-0.0101953275584
-0.00915856118227
-0.00776721493173
-0.00603857333128
-0.00399118203422
-0.00164456046365
0.000980969735255
0.00386439973325
0.00698422833306
0.010318609144
0.0138455267359
0.0175430326744
0.0213893500949
0.0253628758329
0.0294424178434
0.0336074011358
0.037837869887
0.0421145530998
0.0464190089577
0.0507336923504
0.0550420025917
0.0593283367495
0.0635780833896
0.0677776465695
0.0719145504682
0.0759774145345
0.0799558649432
0.0838405715109
0.0876232737306
0.0912967107172
0.0948545816344
0.0982915257163
0.101603082284
0.10478565015
0.107836447081
0.110753424938
0.113535209845
0.116181125892
0.118691131068
0.121065682122
0.123305713984
0.125412649298
0.127388308628
0.129234843837
0.130954711151
0.132550625518
0.13402551734
0.135382499093
0.136624813458
0.137755791995
0.138778840282
0.139697406198
0.140514932619
0.141234834557
0.141860485465
0.142395188842
0.1428421529
