0.0
0.00701531185041
0.014036373037
0.0210683856942
0.0281148118533
0.0351791964645
0.0422649725783
0.0493753082708
0.0565129572472
0.0636801606101
0.0708785361932
0.0781089580778
0.0853715019569
0.0926653807728
0.0999888857395
0.107339347736
0.114713152442
0.122105726454
0.129511541542
0.136924173342
0.144336333638
0.151739940666
0.159126165644
0.166485528912
0.173807990602
0.181083025996
0.188299726668
0.19544688817
0.202513126598
0.2094869623
0.216356923342
0.223111630892
0.229739906495
0.236230837296
0.242573866033
0.248758873828
0.254776240186
0.260616903307
0.266272428776
0.271735054018
0.276997723407
0.282054132076
0.286898750867
0.291526864082
0.295934555231
0.300118727324
0.304077134784
0.307808336907
0.311311719765
0.314587466802
0.31763656202
0.320460745341
0.323062494339
0.325445002114
0.327612142753
0.329568439456
0.331319007842
0.332869552228
0.334226306335
0.335395983226
0.336385756967
0.337203220935
0.337856315802
0.338353325691
0.338702822841
0.33891362578
0.338994774195
0.338955468646
0.338805066405
0.338553026437
0.338208885098
0.337782214001
0.337282630463
0.33671971209
0.336103018584
0.335442052163
0.334746232571
0.334024889524
0.333287224594
0.332542309282
0.331799073011
0.331066268866
0.330352465348
0.329666049523
0.329015193265
0.328407844344
0.327851723376
0.327354283339
0.326922736362
0.32656399919
0.326284705342
0.326091172648
0.325989397099
0.325985024271
0.326083347507
0.326289277284
0.326607310455
0.327041544686
0.327595621073
0.328272725328
0.329075560942
0.330006322424
0.331066690785
0.332257797766
0.333580223871
0.335033967542
0.336618439683
0.338332438959
0.340174164357
0.34214117185
0.344230401285
0.346438142367
0.348760067036
0.351191191202
0.353725912352
0.356357995333
0.35908059281
0.36188625197
0.364766921632
0.367713978009
0.370718243096
0.373770010359
0.376859060108
0.379974684604
0.383105728316
0.386240605201
0.389367333733
0.392473579839
0.395546679734
0.398573700264
0.401541441968
0.404436530959
0.407245412031
0.409954445134
0.412549900322
0.415018070775
0.417345255553
0.419517881539
0.421522510645
0.423345930737
0.424975198912
0.426397707359
0.427601265157
0.428574137215
0.429305154556
0.429783746385
0.43000004214
0.429944943749
0.429610194115
0.42898847772
0.42807349852
0.426860047564
0.42534412412
0.423523004869
0.421395349291
0.418961296329
0.41622254862
0.413182497143
0.409846309857
0.406221050619
0.402315758824
0.39814159938
0.393711941114
0.38904248728
0.384151378457
0.379059290836
0.373789547835
0.368368211354
0.362824150989
0.357189115977
0.35149774943
0.345787595695
0.34009904349
0.334475200327
0.328961720275
0.323606500193
0.318459278855
0.3135711321
0.308993779673
0.304778793232
0.300976628246
0.297635554388
0.294800450086
0.292511608996
0.290803518287
0.289703734351
0.289231963145
0.289399338028
0.290208055643
0.291651313202
0.293713577699
0.29637123748
0.299593431134
0.30334311271
0.307578261043
0.312253038396
0.317319034636
0.322726310664
0.32842442764
0.334363278364
0.340493802032
0.346768529045
0.35314205938
0.359571342828
0.366015952083
0.372438186351
0.378803200415
0.385078996742
0.391236438734
0.397249204934
0.403093738795
0.408749144896
0.414197120815
0.419421859475
0.42440993861
0.429150205719
0.433633698062
0.437853494626
0.441804634919
0.445484005057
0.448890202788
0.452023471378
0.454885555799
0.457479604439
0.459810076316
0.461882626156
0.463703988513
0.465281901122
0.466624986976
0.467742654884
0.468645001135
0.469342717656
0.469847003915
0.470169442829
0.470321954071
0.47031666456
0.470165863296
0.469881866587
0.469476981707
0.46896340155
0.468353154875
0.46765800589
0.466889399995
0.466058401022
0.465175625393
0.464251199234
0.463294683431
0.462315030108
0.461320559955
0.46031890699
0.459316991024
0.458320970805
0.45733625593
0.456367454068
0.455418378681
0.454492026486
0.453590587328
0.452715429934
0.451867124672
0.451045430227
0.450249331458
0.449477046492
0.448726032279
0.447993035686
0.447274099162
0.446564604846
0.445859294489
0.445152317016
0.444437230292
0.443707079225
0.442954394141
0.442171268331
0.441349351588
0.440479928369
0.439553932769
0.438561981083
0.437494434473
0.436341416875
0.435092883957
0.433738624769
0.432268317189
0.430671559335
0.42893794249
0.42705705173
0.425018525213
0.42281210335
0.420427658883
0.417855243024
0.415085135422
0.412107898259
0.408914438351
0.405496014711
0.401844336195
0.397951584141
0.393810506492
0.389414487164
0.38475756415
0.379834551632
0.37464108717
0.369173724668
0.363430027394
0.357408649709
0.351109459658
0.344533643259
0.337683812119
0.330564189339
0.323180696472
0.315541194554
0.307655633473
0.299536300756
0.2911980823
0.28265873963
0.273939283594
0.265064372506
0.256062784111
0.246967986607
0.237818779264
0.228660044689
0.219543619313
0.210529199111
0.201685377678
0.193090611566
0.184833996573
0.177015786591
0.169746961989
0.16314785885
0.157344848968
0.152464880358
0.148627730167
0.145935991442
0.144464794353
0.144252558035
0.145295649156
0.147548227093
0.150927129177
0.155320934717
0.160600227764
0.16662760745
0.17326567205
0.180382569536
0.187855432947
0.195571922843
0.203430629684
0.21134072954
0.219221228611
0.227000033877
0.23461312445
0.242003588434
0.249120990178
0.255920670869
0.262363204265
0.268414089849
0.274043210425
0.279224786518
0.283936990445
0.288161876422
0.291885292826
0.295096661003
0.297789106218
0.299959251563
0.301607296024
0.302737005043
0.303355630759
0.303474041358
0.303106643169
0.302271449608
0.300990091997
0.299287847591
0.297193627549
0.294740053599
0.291963378592
0.288903532732
0.285604036796
0.282111961077
0.278477744171
0.274755033752
0.27100035852
0.267272764697
0.263633248048
0.260144125588
0.256868132585
0.253867435754
0.251202407778
0.248930290337
0.247103788236
0.245769642782
0.244967193852
0.244727144211
0.245070684555
0.246008910862
0.247542631702
0.249662677093
0.252350558842
0.25557950665
0.259315795134
0.263520101967
0.268148889839
0.27315588186
0.278493366687
0.284113259256
0.289968025174
0.296011491264
0.302199427804
0.308489936926
0.314843754545
0.321224418479
0.327598395309
0.333935057674
0.340206705837
0.346388434514
0.352458085295
0.358396107594
0.364185429975
0.369811326122
0.375261286496
0.380524860899
0.38559351872
0.390460533038
0.395120840552
0.399570903037
0.403808596816
0.40783309935
0.411644762153
0.415245010258
0.418636245895
0.42182172556
0.424805504429
0.427592315419
0.430187518219
0.432596978721
0.434827027195
0.436884364866
0.438776018024
0.440509263663
0.442091570585
0.443530543584
0.444833875477
0.44600929275
0.447064515903
0.448007211984
0.448844970336
0.449585250237
0.450235351677
0.450802384396
0.451293245017
0.451714599854
0.452072851948
0.45237409692
0.452624146086
0.452828491817
0.452992289965
0.453120345483
0.453217119951
0.453286678188
0.453332734053
0.453358609738
0.453367241607
0.453361166565
0.453342541122
0.45331311471
0.453274242172
0.453226875831
0.453171605283
0.453108594487
0.453037656216
0.452958203785
0.452869286044
0.452769599811
0.452657479132
0.452530940302
0.452387638896
0.452224953845
0.452039958575
0.451829435733
0.45158992681
0.451317732615
0.45100893217
0.450659433387
0.450264956094
0.449821100205
0.449323359037
0.448767153087
0.448147861631
0.447460857557
0.446701538529
0.445865379258
0.444947968923
0.443945040504
0.44285251887
0.441666560097
0.440383621254
0.439000457875
0.437514219787
0.435922454212
0.434223175753
0.432414901654
0.430496690721
0.428468200215
0.426329696235
0.424082117181
0.421727098373
0.419266982792
0.416704867796
0.414044609481
0.411290843032
0.408448970443
0.405525180067
0.402526411038
0.399460354964
0.396335390694
0.393160567772
0.389945536201
0.38670049464
0.38343608173
0.380163301837
0.376893407481
0.373637793284
0.370407860369
0.36721486724
0.364069789464
0.360983181684
0.357964985908
0.355024381216
0.352169646307
0.349408013315
0.346745505215
0.344186822628
0.34173526331
0.339392607956
0.337159086966
0.335033354125
0.333012478415
0.331091989644
0.329265962559
0.327527077931
0.325866772491
0.324275407046
0.322742461215
0.321256678886
0.319806329743
0.318379415351
0.316963927525
0.315548054393
0.314120444346
0.312670421197
0.311188231437
0.309665228332
0.308094088012
0.306468998046
0.304785814789
0.303042213449
0.301237811737
0.299374286423
0.297455439215
0.295487252722
0.293477928461
0.291437882964
0.289379689554
0.28731805216
0.285269698284
0.283253212171
0.281288842212
0.279398299782
0.277604480391
0.275931142059
0.274402542777
0.273043040407
0.271876620239
0.270926548382
0.270214841904
0.269761711264
0.269585151738
0.269700634361
0.270120643432
0.270854367863
0.271907501398
0.273282135757
0.274976739796
0.276986220448
0.279302031757
0.281912381617
0.284802658692
0.287955776155
0.291352397074
0.294971405831
0.298790373533
0.302785886204
0.306933912698
0.311210123708
0.315590198818
0.320050121366
0.324566429769
0.329116346883
0.333677927635
0.338230236306
0.342753445856
0.347228860677
0.351638985154
0.355967583565
0.360199660162
0.364321459308
0.368320453223
0.372185327672
0.375905941018
0.379473343402
0.382879686338
0.386118114899
0.389182837266
0.392069047955
0.394772844841
0.3972911925
0.399621888233
0.401763488529
0.403715305332
0.405477325034
0.407050141833
0.408434967277
0.409633579026
0.410648289358
0.41148184136
0.412137442811
0.412618733809
0.412929754784
0.41307491387
0.413058955687
0.412886925392
0.412564200873
0.412096473981
0.411489703461
0.410750112508
0.409884217646
0.408898803349
0.407800916955
0.406597876961
0.405297258951
0.403906936202
0.402435073174
0.40089012286
0.39928080903
0.3976161717
0.395905584552
0.394158735663
0.392385630292
0.390596586819
0.388802223037
0.387013533466
0.385241809498
0.383498588288
0.381795665183
0.380145112907
0.378559184595
0.377050263771
0.375630830982
0.37431337032
0.37311031818
0.372033954414
0.37109630245
0.370309003559
0.369683244928
0.36922963166
0.368958001243
0.368877329614
0.368995599581
0.369319678051
0.369855198573
0.370606419481
0.37157610301
0.372765483119
0.374174191374
0.375800155465
0.377639591519
0.379686994578
0.381935154943
0.384375180906
0.386996532647
0.38978713211
0.392733424731
0.395820479217
0.399032123634
0.40235106464
0.40575900913
0.409236827956
0.412764711479
0.416322290157
0.419888809638
0.423443289019
0.426964638725
0.430431821415
0.433824040295
0.437120836313
0.440302222313
0.443348813826
0.44624200482
0.448964049727
0.451498173599
0.453828694187
0.455941144123
0.457822338331
0.459460497004
0.460845293228
0.461967938411
0.462821305382
0.463399946025
0.463700130516
0.463719874921
0.463459052648
0.462919355679
0.462104325381
0.461019335195
0.459671610542
0.45807017944
0.456225843477
0.454151115392
0.451860192593
0.449368799929
0.44669413961
0.443854792721
0.440870530686
0.437762206524
0.4345515528
0.431261036802
0.427913614444
0.424532543847
0.421141144962
0.417762532042
0.414419394587
0.411133723599
0.407926528513
0.404817615759
0.401825314201
0.398966242111
0.396255097832
0.393704461982
0.391324621559
0.389123460396
0.387106393335
0.385276294596
0.383633503742
0.38217586177
0.380898844803
0.379795664373
0.378857445197
0.378073406632
0.377431093878
0.376916630806
0.376514992123
0.376210231767
0.375985749651
0.375824562081
0.375709537398
0.375623606492
0.375549986696
0.37547239031
0.375375168786
0.375243455357
0.375063294002
0.37482174183
0.374506954654
0.374108257144
0.373616166071
0.373022420617
0.372320016061
0.371503208391
0.370567460475
0.369509466486
0.368327091559
0.367019356753
0.365586401778
0.364029419036
0.36235057812
0.360553012375
0.358640761076
0.35661868867
0.354492419942
0.352268284835
0.349953258602
0.34755489886
0.345081258479
0.342540820447
0.339942450656
0.33729534871
0.33460895093
0.331892825524
0.3291566593
0.326410203769
0.323663162659
0.320925141811
0.318205569835
0.315513668295
0.312858351225
0.310248184006
0.307691295077
0.305195336047
0.302767440957
0.300414168219
0.298141395908
0.295954350693
0.293857530277
0.291854700918
0.289948844699
0.288142154974
0.286436017713
0.284831020049
0.283326951366
0.281922822003
0.280616863303
0.279406597185
0.278288840631
0.27725977569
0.276314972257
0.275449460364
0.274657795425
0.273934115834
0.273272227172
0.272665655923
0.272107709479
0.27159157098
0.271110378684
0.270657300311
0.270225577282
0.269808612328
0.269400053429
0.26899385293
0.268584326429
0.268166220984
0.267734761176
0.267285745249
0.266815604137
0.266321429963
0.265800991132
0.265252853026
0.264676416227
0.264071913329
0.263440472413
0.262784150235
0.26210595686
0.261409879733
0.26070090578
0.259984979315
0.259269018456
0.258560915837
0.257869490938
0.257204407814
0.256576145752
0.255995895352
0.255475457948
0.255027103141
0.254663426484
0.254397182949
0.254241105962
0.254207686646
0.254308949545
0.254556211099
0.254959887836
0.255529219395
0.256272045924
0.257194597862
0.258301310657
0.259594638306
0.2610749477
0.262740387699
0.26458686617
0.266608012347
0.268795217359
0.271137706418
0.273622621017
0.276235203625
0.278958921577
0.281775687113
0.284666054989
0.287609456918
0.290584423423
0.293568815784
0.296540072089
0.299475460378
0.302352278591
0.305148076536
0.307840878242
0.310409400121
0.312833225347
0.315092996468
0.317170588007
0.319049291373
0.320713935299
0.322151058658
0.323349038828
0.324298227845
0.32499104185
0.325422089329
0.32558825871
0.325488805843
0.325125429055
0.324502304648
0.323626120545
0.322506146854
0.321154226106
0.31958473181
0.317814565714
0.315863084072
0.313752008401
0.311505303255
0.309149017674
0.306711113081
0.304221184056
0.301710135334
0.299209941066
0.296753222699
0.294372780873
0.292101079641
0.289969843337
0.288009421774
0.286248246105
0.284712265582
0.283424414857
0.282404094781
0.281666781878
0.281223650611
0.281081352721
0.281241903839
0.281702689423
0.282456578604
0.28349217028
0.284794204578
0.28634400392
0.288119872735
0.290097700081
0.292251569532
0.294554270863
0.296977772799
0.299493797593
0.302074236681
0.304691552535
0.307319121391
0.309931501757
0.312504709535
0.315016347021
0.317445808705
0.319774298594
0.321984938265
0.324062786244
0.325994849353
0.327770038949
0.329379147437
0.330814766644
0.332071260028
0.333144658116
0.33403257994
0.334734116048
0.33524975686
0.33558129034
0.335731686273
0.335704983605
0.335506226178
0.335141311573
0.334616936412
0.333940461683
0.333119813877
0.332163397823
0.331080035994
0.329878855572
0.328569187314
0.327160515495
0.32566241196
0.324084449666
0.322436112937
0.32072678759
0.31896567153
0.317161746335
0.315323751213
0.313460094302
0.311578845207
0.309687726594
0.307794066714
0.305904790873
0.304026402662
0.302164988665
0.300326212769
0.298515327179
0.296737148535
0.294996061693
0.293296085158
0.291640881942
0.290033721927
0.28847752202
0.286974901501
0.285528204754
0.28413947986
0.28281055944
0.281543039784
0.28033835511
0.279197790364
0.278122492183
0.277113496907
0.276171766691
0.275298209326
0.27449370065
0.273759123207
0.273095319486
0.272503149737
0.271983529532
