0.0
2.33848050712e-05
0.000797910155621
0.000969110820002
0.000570738085885
0.00385948230179
0.00196509691235
0.00354505172994
0.00235230250461
0.00239339193345
0.00248542153469
0.00254801964345
0.00325237661383
0.00358881342999
0.00516339549106
0.0053768562948
0.00561029423317
0.00570683143823
0.0057503715187
0.00571000783486
0.00545316667618
0.00564540815648
0.00613430162003
0.00778784387227
0.00817470198013
0.00844383123375
0.00831027449634
0.00825694301817
0.00821046213105
0.00778967187062
0.00870584269883
0.00855381651703
0.0116151981563
0.0102567284701
0.0118186347127
0.0105841458801
0.0105876516095
0.0107352779997
0.010852449279
0.0121576769557
0.0118218154182
0.0144310727555
0.0136065803262
0.0140187083509
0.0140090963592
0.0140784576219
0.0139444708534
0.0143050446136
0.012862263855
0.0155923637084
0.0152613836252
0.0170122079846
0.0169928909436
0.0170128242704
0.0169568330008
0.0167727170996
0.016809725229
0.0168922451668
0.0178630476779
0.0188252745021
0.0193590978823
0.0195549965901
0.0192072141838
0.0191758271293
0.0192120684972
0.019201467111
0.0201751042805
0.0202911998963
0.0227025180028
0.0220337833266
0.022523875145
0.0223964925643
0.0224519637276
0.0223946902425
0.0227246492306
0.0213204727611
0.0241330529795
0.0232535114741
0.0254682113702
0.0255022961209
0.0256671912259
0.0256491929751
0.0252033794563
0.0257868654677
0.0248965472136
0.027385455519
0.0271177140979
0.0290124461016
0.0280430756663
0.0281856979311
0.0280749970893
0.0280966155124
0.0282079942205
0.0283804417756
0.0299997633485
0.0303541438957
0.0310842664677
0.0309677487846
0.0309745112025
0.031055937762
0.0311071880912
0.0311554267624
0.031166219568
0.0324220346754
0.0328030451894
0.0339940071126
0.0340365874063
0.0340879837215
0.0340886193135
0.0336861013112
0.0342270599366
0.0331866694815
0.0357710292628
0.0355109041958
0.037359695059
0.0365114158306
0.0366846000618
0.0365681130782
0.0366028554897
0.0370017049609
0.0369322993673
0.0399206507768
0.0385720654896
0.0405767870357
0.039365998183
0.0394744335674
0.0395944305956
0.0396680762143
0.039622131118
0.0402877756985
0.0404453703886
0.0420039785393
0.04223574971
0.0425405666057
0.0425443586758
0.0425876121614
0.042526207874
0.0423643275223
0.0427169742541
0.0437065540408
0.0443257800523
0.0449387380165
0.0448056257917
0.0448011067876
0.0447684924043
0.0447295343388
0.0449525392978
0.0449900838723
0.0473917400754
0.0465872190511
0.0485043916821
0.0472860523748
0.0473862117774
0.047511213874
0.0475934798049
0.0477919224703
0.0482650642611
0.0487414092706
0.049979268205
0.0500582067767
0.0504191376462
0.0504913949316
0.0505916734773
0.050673838587
0.0496264727863
0.0514322013178
0.0509231047807
0.0528158854395
0.052759055609
0.0530125007064
0.0528499088225
0.0528677287339
0.0528709273111
0.0528655545224
0.0534098561552
0.0540112815337
0.0549485330884
0.0552082566919
0.0550697932495
0.0550477305813
0.0551466574725
0.0551828976293
0.0554269220293
0.0557391475536
0.0567247154413
0.0573177685119
0.057643686374
0.057797908648
0.0578398306037
0.0579511994073
0.0580277424916
0.0570025599964
0.0588366813205
0.0579920899756
0.0601451401236
0.0600557927854
0.0603389993727
0.0602069227776
0.0602278181871
0.0603180718946
0.0601570016809
0.0614787884208
0.0612692182435
0.063414795459
0.0622329828049
0.0627007962961
0.0623902677361
0.0624874350842
0.0625705324784
0.0626936245288
0.0634719445428
0.06387652926
0.0645567080896
0.0647692334695
0.0648671071281
0.0649478782978
0.0650319913009
0.0650130215556
0.0649119180543
0.0654868206463
0.0657976341587
0.0668805951436
0.0669977189389
0.0670788010598
0.0670430362239
0.0670560675537
0.0671158538634
0.0669068526879
0.0680619001625
0.0679975525833
0.0698816801381
0.0688796610479
0.0693448457466
0.0689872606011
0.0690932132958
0.0692660792519
0.0693968517251
0.0709124189176
0.0705604228228
0.0718837826357
0.0712654169475
0.0713758067093
0.0714814067711
0.0715292436927
0.0714344149349
0.0718914794043
0.0715444581396
0.0730448130708
0.0731003432053
0.0735760808575
0.0735524694802
0.0736308274691
0.0736192040806
0.0735776391993
0.0737347824611
0.0740523650396
0.0745806760112
0.0751751516686
0.0752225905856
0.07529822593
0.0752308263867
0.0753070398099
0.0753747012959
0.0754723668669
0.0765817228755
0.0764920318502
0.0778061968494
0.0771686612287
0.0772980619073
0.0773890208072
0.0774332432353
0.0774125889794
0.0778548299065
0.0776827721125
0.0791119726115
0.0789567230179
0.0793597632393
0.079348334143
0.0795295202569
0.0794534160863
0.0792631643475
0.0799716471048
0.0798173161502
0.0811684098654
0.0810540808616
0.081543773609
0.0811470952509
0.081259216085
0.0812718552403
0.0813958831986
0.0816331242708
0.0818913438642
0.0826684951343
0.0828587036089
0.0830020521677
0.0830237752772
0.0831304847745
0.0831971688555
0.0832456535054
0.0833840059408
0.0836497941369
0.0843730024499
0.0845570465392
0.084873215086
0.0848622769808
0.0850154871282
0.0849552730277
0.0847817137367
0.0854395226525
0.085232004844
0.0866595681178
0.0865391289153
0.0869369227699
0.0864778103729
0.0866279034
0.0866014620995
0.0867951073066
0.0875441637108
0.0875986875744
0.0894785369013
0.0884951887514
0.0890204144708
0.0885689636966
0.0886361311783
0.0887436779633
0.0888456310356
0.0891820784546
0.0895926716498
0.089940181768
0.0903852390772
0.090486935773
0.090606725086
0.0906205689117
0.0906580829987
0.0906515802125
0.0907679580108
0.0910145846737
0.0916305187548
0.0918200339997
0.0920046281545
0.0918995215299
0.0919930205091
0.0919943761615
0.0921328353119
0.0925907208518
0.0927265996664
0.0943362160088
0.0936025957708
0.0941592962653
0.0936226810482
0.093682125176
0.0938117533455
0.0939397362152
0.0948268422412
0.0951314096814
0.0961545826299
0.0960005990857
0.0959516523462
0.0960208196081
0.0959041173801
0.0960316046493
0.0961141623719
0.096116614383
0.0973051779618
0.0973398587931
0.0979200865464
0.0978485364127
0.0979539951371
0.0978771637551
0.098022195514
0.0980516299337
0.0981844044945
0.0985457124442
0.0989461567523
0.0991842866253
0.099312741106
0.0992847298471
0.0993678644837
0.0994627125429
0.09952563902
0.099985117141
0.100171718474
0.101075389403
0.101045538125
0.101078646152
0.1011832003
0.101069703377
0.101192083036
0.101261965331
0.101415532977
0.102826454033
0.102825101448
0.103530864551
0.103363371999
0.103465402942
0.103251653971
0.103462119649
0.103598834949
0.103771693436
0.105438049401
0.105391759265
0.106418446605
0.105664927723
0.105749943252
0.105800795276
0.105924207953
0.106037992289
0.106172843961
0.106911671972
0.107110810073
0.107372067191
0.10751496064
0.107598668719
0.107653576379
0.107682139801
0.107687307733
0.107827886631
0.108344802044
0.10853652876
0.109090890639
0.109065788866
0.109160551241
0.109017914987
0.109182161672
0.109253937707
0.109383221385
0.111071552534
0.111088793375
0.112330718192
0.111379211836
0.111441693042
0.111455078089
0.111592376854
0.111970858141
0.112187240209
0.114788212523
0.114282144497
0.115153094937
0.114625558296
0.114476393368
0.114749792505
0.114605574325
0.114820039769
0.11522491108
0.115551712151
0.116620413338
0.116695780825
0.116893127049
0.116801008147
0.116889423981
0.116867394109
0.116950509771
0.117148722101
0.117539926281
0.117816154592
0.118237092799
0.118134587041
0.118183033785
0.118247578868
0.118373461746
0.118508448755
0.118657427001
0.120595006751
0.120289315013
0.121290836059
0.120719342256
0.120569966155
0.120880396441
0.120702684079
0.121061024684
0.121669773378
0.122709325945
0.124251523736
0.124224689622
0.124433609514
0.124164886696
0.124450071037
0.124208013634
0.124220497066
0.12542685463
0.125577832912
0.127305896532
0.127188627953
0.127408246847
0.127174562029
0.12728480176
0.127292543844
0.127404676924
0.127786974477
0.128104552837
0.128681275173
0.128867527013
0.12891497656
0.128977578709
0.129111552851
0.129060265632
0.129217109594
0.129386781393
0.130088597976
0.130996414966
0.131068205393
0.131323660765
0.131105417475
0.131349449098
0.131100050167
0.13100768553
0.13246842594
0.132508909566
0.135195439168
0.134976904048
0.135303094454
0.134826952799
0.134947936276
0.134909251891
0.135037346916
0.136955837488
0.137010973505
0.140025561942
0.13886840347
0.139032893071
0.139017659229
0.138889580423
0.139008541796
0.138974957662
0.13972643095
0.140260848675
0.140671796142
0.141226291968
0.141276993189
0.141334621967
0.141298272058
0.141260451288
0.141267930452
0.141627167918
0.141916475024
0.142879489785
0.142965007732
0.143069127756
0.142881670359
0.142980754233
0.142913618825
0.143028482081
0.144535225207
0.144657416087
0.14789185278
0.146599818728
0.146883572385
0.146716920324
0.146530708678
0.146696501515
0.146697089515
0.148776256809
0.14952455606
0.151043453405
0.151563408622
0.151389343415
0.151701317837
0.151342502522
0.151283953009
0.151491445922
0.151387778452
0.153622777021
0.153797047986
0.154501255321
0.154398987349
0.154391205375
0.154354237088
0.154404226492
0.154458654863
0.154713165662
0.155215163376
0.15593149627
0.155923126094
0.155968032774
0.155973884898
0.15595999474
0.156034831354
0.156013949081
0.157416301579
0.157699589307
0.159143016618
0.15930672421
0.159174896253
0.159499607088
0.159122120935
0.158946383198
0.159306565539
0.159047345567
0.162721709868
0.162780195865
0.16435187629
0.164148498283
0.164224652408
0.164034344387
0.163882968541
0.164337087132
0.164439001385
0.167548670496
0.167345012201
0.168620868259
0.167877156233
0.167744255528
0.167948185897
0.16789766868
0.168127009221
0.168315099332
0.169350230654
0.169667645327
0.169842009333
0.16992630686
0.170012961923
0.16995951702
0.169903850307
0.169939133083
0.170051910453
0.171500138014
0.171692759655
0.17238568543
0.172293063808
0.172371972121
0.172151930201
0.171921781252
0.172430784392
0.172396261852
0.176121310165
0.175926498738
0.17776360368
0.176612123507
0.176386610085
0.176663987762
0.176588148102
0.177303534927
0.17740972486
0.181329080626
0.180838770889
0.181723287373
0.181464741201
0.181212312856
0.181530285907
0.181287163779
0.181076337024
0.182026529098
0.182331815896
0.183763698909
0.183883078754
0.183902455306
0.183847341528
0.18376121029
0.183647312103
0.183711726889
0.183993068349
0.184883222414
0.185115454448
0.185507967042
0.185148648075
0.18503883374
0.185130863695
0.185143911281
0.185640682784
0.185729728316
0.189200104626
0.188450329691
0.18956666416
0.188963088755
0.188665816496
0.189063069918
0.188794982843
0.188429697672
0.190166382601
0.190865523545
0.193630862813
0.1937506188
0.194021355126
0.19384532057
0.19374100852
0.193622384956
0.192928771396
0.19485856082
0.195083534822
0.196828083354
0.196693878852
0.196610060448
0.196508289095
0.196406227026
0.196359769057
0.196415963354
0.196982421991
0.197579296311
0.197904065468
0.19795417803
0.197733052139
0.197717605272
0.197898938111
0.197806241575
0.197868105149
0.198493372891
0.199278082116
0.200409795686
0.200504764728
0.20064320864
0.20046535302
0.200330698728
0.200266004245
0.199113971779
0.201937358733
0.201928323335
0.204878683351
0.204745876077
0.204784541348
0.204580614032
0.204363612217
0.204272458867
0.204283853103
0.206470466627
0.206313822904
0.209046309993
0.20780008589
0.207732401364
0.207919375234
0.207771808821
0.207715763189
0.207745053102
0.208255297643
0.20889664529
0.209240541913
0.20940561943
0.209440867622
0.209463426687
0.209379439728
0.209182353838
0.208881139205
0.2097685312
0.21002084982
0.210775599096
0.21077585338
0.210663815723
0.210468894894
0.210293159503
0.210205807801
0.210246729588
0.212260036107
0.212149036982
0.215115045487
0.213520146187
0.213508287762
0.213633713605
0.21347007642
0.213258677986
0.213419173856
0.214715792006
0.215779792404
0.217086865522
0.217075841513
0.217090271033
0.217446269922
0.217223165926
0.21614798618
0.216866402026
0.216625651242
0.218319281834
0.218567779974
0.218639681891
0.218613707455
0.218398336579
0.218286809881
0.218117200409
0.218105495954
0.218529158914
0.218884757673
0.219334194878
0.218784038
0.218632186138
0.218607763279
0.218633926139
0.218625004082
0.218719161976
0.219872994349
0.2200441885
0.221351970775
0.220654835788
0.220656952643
0.221076326231
0.220873594926
0.219302571205
0.220649366175
0.219943989693
0.22282526355
0.22308398342
0.223534818468
0.22366629789
0.22350614402
0.223378644058
0.222844026954
0.223092551508
0.223231558319
0.224971101402
0.224779207581
0.225138859915
0.224554800314
0.224310616043
0.224480381237
0.224426867196
0.224481670104
0.224689034836
0.225224157993
0.2251714737
0.224818325822
0.224830336085
0.225041840641
0.225055365704
0.224423877389
0.224841421121
0.224712714419
0.225521389759
0.225693015313
0.225569727684
0.225642291422
0.225578494463
0.225390987329
0.224700650359
0.225222121095
0.225256880325
0.226995882016
0.226903971973
0.227486031426
0.226681174296
0.226381328468
0.226568791227
0.226662604626
0.226528440612
0.226733599622
0.228803936126
0.227802102629
0.228277925805
0.227955679276
0.227984649495
0.227939531531
0.227929800902
0.227057854163
0.227779784144
0.228072953598
0.228245970819
0.228299423036
0.228253221175
0.228226463248
0.227873218903
0.227483696862
0.227566649687
0.227682298931
0.227840359428
0.227789861397
0.227634019676
0.227133425623
0.226967221199
0.226951061979
0.227130984756
0.227102966743
0.227213728047
0.228727960764
0.227360529872
0.227985802043
0.227329855238
0.227399700658
0.227258715033
0.227531012844
0.225871837609
0.22734197044
0.228070534106
0.22791485728
0.228235100926
0.228369280685
0.228342396788
0.227424184955
0.227589274804
0.227172318396
0.22753429491
0.227792323521
0.22782669273
0.227748923468
0.227409905657
0.227278153051
0.227089344427
0.226879170679
0.226912599548
0.227080481188
0.227073143519
0.226582516531
0.226393918807
0.225995885404
0.226230965115
0.226241200285
0.226414082648
0.225465325366
0.225942258265
0.226534914035
0.225388050541
0.225617315318
0.225754599171
0.225774232009
0.224679735336
0.225237824513
0.224642577643
0.224791548927
0.224960918119
0.224583882085
0.224843198491
0.224712007074
0.224470958378
0.224396284708
0.223925003911
0.22411273349
0.223916067694
0.223926153158
0.224599428564
0.223316720151
0.223190012398
0.223473610845
0.22357065722
0.223005505034
0.223023549769
0.223024152109
0.222805069157
0.222494681703
0.222372605148
0.222539956561
0.222670645047
0.222121573977
0.222070963566
0.221626774684
0.221345463102
0.221420635027
0.220616679614
0.220660300142
0.220603186754
0.220256657442
0.220157528802
0.219855737805
0.220121859287
0.219111146037
0.219147965338
0.219439693826
0.217949599973
0.217940758746
0.218092138352
0.218458805634
0.21735502664
0.218026404164
0.217776967962
0.216861148513
0.217601316993
0.216540799901
0.21680916417
0.216956596041
0.216963705024
0.215616669118
0.215822973885
0.215920562928
0.215493551898
0.215573923234
0.215322083391
0.215267888661
0.214907140774
0.214613410884
0.214383990213
0.214194304292
0.213742074891
0.213622167008
0.213191913591
0.212340844745
0.212301479902
0.212234848955
0.212632989405
0.211994518796
0.212416307404
0.211639334283
0.210347332632
0.211021641629
0.209500099088
0.209836222743
0.209949083207
0.210254899784
0.208526909617
0.209185070669
0.209683007969
0.207477874605
0.207743297367
0.207347707281
0.207372390204
0.207000695006
0.206881673526
0.207030335385
0.206071292414
0.206296747117
0.205418821003
0.205307223019
0.205074047362
0.204633077628
0.20460029809
0.204570551137
0.20454491237
0.20408604546
0.203693004958
0.203349201799
0.202953684735
0.202344199094
0.202673938524
0.202799566711
0.202966110538
0.201746799632
0.201942160037
0.202047912583
0.199898440212
0.199999676175
0.199632215072
0.199653624138
0.199300230596
0.199333415584
0.199732521238
0.198340299043
0.198544497044
0.196003217776
0.196186560244
0.196127355559
0.195400511791
0.195625528586
0.195502379584
0.195999934936
0.194492790319
0.194857849313
0.194933171826
0.192990682825
0.193109293584
0.193165807288
0.193447149246
0.192903424585
0.192942919827
0.192422652624
0.191840214246
0.191638176035
0.191258270694
0.19132457723
0.191410347945
0.191139848418
0.190845881788
0.19049430616
0.189822329219
0.189757503346
0.188311380218
0.188172560208
0.188057161808
0.187456333558
0.187653026832
0.187500412064
0.188025145772
0.186323286609
0.186564518316
0.185846940826
0.183680459221
0.183931024891
0.183707122962
0.184210349264
0.183586325807
0.184425191487
0.184145703942
0.182529196132
0.183173912638
0.18098533862
0.181141395
0.181449767129
0.181255928209
0.18075405794
0.180550279555
0.180852266535
0.179721474906
0.179804212728
0.179241474744
0.179056321267
0.178819431482
0.178688227419
0.178649759672
0.178385707169
0.17785103206
0.17758240979
0.176955003991
0.17612097752
0.176132021391
0.175996232337
0.176481761463
0.176081655276
0.17650727714
0.175807010455
0.174464700908
0.174888663068
0.172679544997
0.17281180309
0.173114130802
0.173050996096
0.17272285071
0.172914177695
0.174116467303
0.171243009548
0.17135340995
0.169990152683
0.169822008899
0.169927406342
0.169588711948
0.170207346273
0.169761568025
0.170168662183
0.169014490903
0.16885302946
0.168750126707
0.168007041412
0.168110719901
0.168287032475
0.168381367611
0.167794530128
0.167473421874
0.167260267353
0.166741575948
0.166359527233
0.166525736509
0.166674168184
0.166673965522
0.166245578922
0.166087839045
0.166302700477
0.164717036542
0.164691697786
0.163890170723
0.163679565528
0.163802683708
0.163468185038
0.164167414604
0.163857224742
0.16429450247
0.162761320023
0.162511725086
0.162378351737
0.161328286475
0.161575360959
0.161607910248
0.162075933796
0.161956933986
0.162363469117
0.163458034208
0.161219564987
0.161303106509
0.161228978451
0.161205018177
0.161130636682
0.160965176858
0.16124625622
0.160634517415
0.160699170616
0.160408419406
0.160401426426
0.160335746134
0.16020301818
0.160094075691
0.160078099794
0.159842589431
0.159793566555
0.159064059195
0.158903363703
0.158800847461
0.158312831197
0.15855022691
0.158523952294
0.158911583418
0.15883031849
0.159068173369
0.160203652068
0.158073913978
0.158173824115
0.158043198986
0.157976900119
0.157905434606
0.157974109461
0.159524414548
0.158918402246
0.159893795999
0.15900862192
0.158945424091
0.159090242436
0.158694867091
0.158939307987
0.158569490237
0.159147833376
0.159388222705
0.159591361821
0.159631875218
0.159352412793
0.159256908575
0.159409257793
0.159545669952
0.159514753721
0.159310710279
0.159230665531
0.159199942923
0.158841626811
0.158901898278
0.15905163976
0.159116282006
0.159038838102
0.158913353095
0.159834220171
0.159277736057
0.159952952694
0.159621307982
0.15951616909
0.159706889566
0.159294156983
0.159622657233
0.159272569093
0.160075980856
0.16141927091
0.161763505921
0.162918720669
0.162191924044
0.162116527109
0.162286346714
0.162471305418
0.162325080594
0.162562861274
0.164602166733
0.164198468754
0.165355822241
0.164918094618
0.164841534672
0.165223705375
0.164951812706
0.16501152611
0.164714913429
0.165312574677
0.165282238727
0.165444896665
0.165582391507
0.165607672248
0.165387732954
0.165526095018
0.165371024429
0.165799809453
0.166205930637
0.166373040443
0.16683684854
0.166510975023
0.166477310489
0.166612258047
0.166859644813
0.166770142393
0.166977735419
0.170108543117
0.169660586331
0.171933727304
0.171057601529
0.170778572715
0.171382334125
0.170861242604
0.17103253414
0.170810333
0.173998095503
0.174614784669
0.175120081699
0.175978427065
0.175712503555
0.17574879812
0.175299861941
0.175914098929
0.175636222396
0.176104883093
0.17732715627
0.177440698348
0.177412011363
0.177436608284
0.177425838566
0.177717984805
0.177807426741
0.177951075085
0.178389491273
0.178363625202
0.179012839837
0.178809387302
0.178811646019
0.179214160912
0.178929343073
0.179220364739
0.178862520956
0.182157198964
0.182334617728
0.182931609986
0.183864452553
0.183475004132
0.183599683358
0.182890914828
0.183416652504
0.183680930397
0.184192865089
0.189007038631
0.189394457318
0.190120550968
0.189976296007
0.189811706455
0.189675267578
0.189593745981
0.190340083101
0.190518635989
0.193553876406
0.19308878876
0.193192533561
0.193724291727
0.193538421275
0.193662449102
0.193375792127
0.193942835459
0.194146694287
0.194341465513
0.194635115879
0.194986557389
0.194820602377
0.194812953372
0.194427922617
0.195257079459
0.195035650704
0.195726726809
0.198025338985
0.198278973895
0.198643611068
0.198459611118
0.198404383745
0.198096352262
0.19787433696
0.199454343229
0.199864929201
0.20602412527
0.20516921503
0.205613405374
0.206226134369
0.20562679178
0.205282602424
0.204609921231
0.206499268369
0.206387560978
0.209796342895
0.210767615097
0.21088578499
0.211415433794
0.210876922708
0.210756480795
0.210101405927
0.210988030506
0.211455560064
0.211933563091
0.212422318624
0.212496363751
0.212120119879
0.212260669217
0.212249088994
0.212604709656
0.213086835454
0.21332080121
0.21482952191
0.214467571787
0.214553395659
0.214937304239
0.214724865226
0.214574819062
0.214137619894
0.216337952155
0.216127907487
0.22072568809
0.221105782924
0.221158477137
0.222049891404
0.221201554083
0.220332567582
0.219271373662
0.220207288745
0.223120669722
0.224187767122
0.227719953066
0.228074842613
0.227634804848
0.22769366089
0.227492457962
0.226453753339
0.226744380812
0.228755613816
0.228968405094
0.229785016205
0.229803869975
0.229427663076
0.230023736739
0.229898095427
0.229963394709
0.230139224395
0.230385898283
0.231165865349
0.230751295586
0.230847012311
0.231305196476
0.230933392548
0.230703052305
0.230050583958
0.231747677787
0.232443781231
0.233451829606
0.235718684481
0.235942648056
0.235729305907
0.235525333303
0.235019747484
0.23369679016
0.233309391602
0.238573238032
0.239483394826
0.242843205783
0.242611624817
0.24163735766
0.242597630188
0.241912293616
0.240462267149
0.240248959692
0.244166281779
0.244001381918
0.24523958177
0.245621195393
0.245320308259
0.245745963884
0.245117576848
0.245178860298
0.244862465097
0.24543665411
0.245750900347
0.245915642047
0.245833758352
0.24580345659
0.245491646735
0.245607175654
0.245218733472
0.245651751727
0.246879175535
0.247246113703
0.248212404692
0.24808254171
0.247461020135
0.248026095455
0.247661969428
0.24634390197
0.246342146577
0.251367222293
0.25144439327
0.253994977607
0.254033665805
0.253359083519
0.25383906688
0.252729385258
0.250701014138
0.250667365661
0.25370211496
0.256331151788
0.257294278812
0.257940380108
0.257914222281
0.257385946493
0.256656748829
0.256705036762
0.256217558002
0.256828818191
0.257774365966
0.257932798824
0.25733243373
0.257488821989
0.25728111433
0.257453671259
0.25742552564
0.257507680969
0.257939950206
0.257402526557
0.257934034193
0.257653996112
0.257505391076
0.257874155563
0.257341632054
0.256321817289
0.255929603831
0.259141287865
0.260086474398
0.261077101258
0.261847984342
0.261725673573
0.260851731552
0.259837366427
0.258470535823
0.25871752328
0.259561042512
0.264565056181
0.265668914727
0.265268598538
0.265774893564
0.264973223881
0.263846972884
0.26366128073
0.263612036402
0.263860935021
0.265887035967
0.265618514302
0.265019837061
0.265794965244
0.265438970308
0.265382400216
0.264883027863
0.265123677667
0.265116574174
0.264249709585
0.2643596561
0.264497705608
0.264568624345
0.26417504413
0.263772287234
0.263774377173
0.262740665774
0.263534075637
0.264964842432
0.265695022558
0.265406222002
0.26563238452
0.264931104978
0.26353913872
0.263175792291
0.262901315216
0.263937023147
0.26833771325
0.26827863053
0.267658776362
0.268780343062
0.268029862726
0.265831844202
0.265289946715
0.265487926503
0.266147141479
0.268682265296
0.268739360076
0.268874722278
0.269471248721
0.268932931383
0.267918767694
0.267023278345
0.267579086848
0.267349079956
0.267272001281
0.26708522944
0.267140462349
0.266773656996
0.26651821026
0.266236529284
0.266299854431
0.265389106281
0.265444392591
0.265677777487
0.265352084702
0.264932122988
0.265427675494
0.265212040182
0.263575729202
0.263275805105
0.262549495445
0.263241323376
0.266635358781
0.266164699818
0.266299672252
0.267081339825
0.266459014039
0.262824984663
0.262212859013
0.2629316797
0.264426221653
0.265945905115
0.266982471005
0.267669155713
0.266910294897
0.266675499619
0.266133572645
0.263999426221
0.264527334127
0.265075871052
0.265245142708
0.264611248628
0.26462441866
0.264042864554
0.264391934618
0.264206363836
0.264020318226
0.262845201445
0.262205041859
0.262417460398
0.261186583254
0.261458309226
0.261843670073
0.261831820967
0.259773404433
0.259237902036
0.259909731502
0.258632869291
0.259904645093
0.260353028062
0.261022282768
0.260324167983
0.260087659564
0.258984885854
0.25583145432
0.256334163165
0.258049368033
0.259642520839
0.26013703238
0.260309120695
0.25918133293
0.259283949145
0.25897016962
0.256077198021
0.256474193038
0.257853180828
0.257658742842
0.257518089741
0.25775938584
0.257529575562
0.257718122711
0.256965263404
0.256457478272
0.255694522747
0.254688715674
0.254384614812
0.254112422573
0.254429935301
0.254105776882
0.253933741406
0.253360373665
0.251506314842
0.251867592623
0.250281056365
0.250904446445
0.250705564494
0.250749357376
0.249935239813
0.249848726843
0.249897555431
0.245693344443
0.246506934179
0.247250110493
0.247979135057
0.24872429618
0.248628930358
0.248328014444
0.247458357856
0.247059802414
0.243311182889
0.24403626853
0.246390571597
0.245804193179
0.246487523709
0.246834030327
0.246749587679
0.245557215227
0.244537303586
0.2447794192
0.243401373762
0.243324270283
0.24284310039
0.242906258679
0.242356106285
0.242085804079
0.241896260141
0.241652626022
0.24022250356
0.239963510044
0.238208977599
0.237666770064
0.237731712976
0.237335489086
0.23750696307
0.237052343241
0.236992288184
0.232874335905
0.23303427269
0.234862660621
0.233324258089
0.234156093635
0.234490219917
0.234636963953
0.232324118123
0.231699003102
0.23156023628
0.229346642142
0.230616143823
0.230892139947
0.23192039801
0.231274874177
0.231323538482
0.230840433037
0.228788067621
0.22914576661
0.228050839247
0.228439057709
0.22789002969
0.227526544977
0.226817073115
0.227408494411
0.227307386363
0.226957541748
0.225372834828
0.224726701181
0.224175632838
0.22239554895
0.222711242042
0.222774402352
0.223264230642
0.22190470171
0.221680171728
0.221307996007
0.217817698219
0.218586852929
0.217595714523
0.21843564281
0.218043055781
0.218078978507
0.21769155438
0.215196419499
0.215690741326
0.212591388431
0.214156490626
0.214180593841
0.214133852838
0.213444908151
0.214014224587
0.213988165568
0.211227311579
0.211806468024
0.210715257267
0.210931464807
0.21130016086
0.210606575536
0.210650806407
0.211156232149
0.210701903498
0.209726102352
0.208878674042
0.208247312208
0.20744857239
0.206982152327
0.207069151248
0.206926011937
0.206827156364
0.20624551818
0.205331644659
0.205257741228
0.202386755027
0.202564912336
0.201700567461
0.20167211594
0.201306471074
0.201485252404
0.201717594751
0.199012759121
0.199502035008
0.196480555761
0.197283762447
0.198088147421
0.197091407436
0.197291630959
0.197460704527
0.197501085147
0.194633782987
0.194868767013
0.19588164205
0.194204751699
0.194749381143
0.194594356979
0.194741584338
0.194306586159
0.193849106069
0.193959096622
0.192591225473
0.192651058504
0.191886713178
0.19195279886
0.191507906253
0.191320353194
0.191176862208
0.191051273481
0.190523513232
0.190252744258
0.188307876309
0.18797872817
0.187905865856
0.187289775495
0.187614446548
0.187673487991
0.187919078885
0.185681945261
0.18559611428
0.18559669215
0.183730036969
0.18416139514
0.183963711652
0.184269536442
0.183778864392
0.183782769768
0.183902668342
0.182024412487
0.182486105267
0.181199958391
0.181821451377
0.18160113036
0.181493864658
0.181341403175
0.181053470018
0.181279960054
0.180321708226
0.180800006811
0.180052103689
0.179972621201
0.179707456682
0.179832109894
0.179872235889
0.17986105607
0.179463038197
0.17914013161
0.178820140156
0.178229649429
0.178217423162
0.178124657514
0.178431310023
0.178228142747
0.178335784632
0.177991967765
0.177051959487
0.177087665127
0.176354556324
0.176590830153
0.176549265766
0.17659621693
0.176476774906
0.176469713752
0.176567234245
0.17566796707
0.175909041531
0.174955585668
0.17548248581
0.175458230782
0.175352538231
0.175426174389
0.175551966659
0.17574264559
0.175122030053
0.175650488642
0.175319553246
0.175218007743
0.175181490203
0.175253053738
0.175342512251
0.175386914045
0.175654797413
0.175559441579
0.175649542989
0.175688913956
0.175792287602
0.175835779024
0.176027305711
0.175979390255
0.176106142113
0.17606147394
0.176399275834
0.176455262728
0.176666357139
0.177154624214
0.177174307645
0.177143392056
0.177025241558
0.177515986971
0.177407732908
0.177694329308
0.178317838156
0.177478094429
0.178580113547
0.178482620997
0.178283751984
0.178434036404
0.179126668643
0.17957373354
0.178509453681
0.179896396929
0.179537268357
0.179865854093
0.17985163487
0.180089080095
0.180360346339
0.180134796357
0.181167422007
0.18101391757
0.181690449624
0.181746310131
0.182206911025
0.182470632384
0.1826421759
0.182465745864
0.182672672129
0.183031613021
0.184337328407
0.185068475511
0.185255918851
0.18634734824
0.186049777267
0.185914408264
0.185805429133
0.186953986352
0.187431507552
0.186522125292
0.189916173608
0.189498089426
0.190422969864
0.190285341342
0.190541972251
0.190902321442
0.190110164427
0.192274838353
0.191496549704
0.193994899109
0.192994364465
0.193556848811
0.194301082934
0.194488037069
0.194556319456
0.19412317269
0.195995372321
0.195140944311
0.195586544288
0.196927055432
0.197275202711
0.197261272033
0.197264716898
0.197263885042
0.19802342233
0.198649938197
0.199713304873
0.20131265679
0.201853092567
0.202187798755
0.201944739022
0.202376302801
0.202633019198
0.202769777232
0.205062005077
0.204897076344
0.208629525744
0.208128868151
0.208939830801
0.209608162471
0.20973126404
0.209931077418
0.209170797249
0.212558402075
0.210950978184
0.213040134838
0.214507888421
0.214403821711
0.215179489391
0.214975820184
0.21559177947
0.214990950877
0.215925373284
0.216505517315
0.214803049692
0.218617673142
0.218592093557
0.218070393621
0.218705566887
0.219166784632
0.220231687849
0.219807524512
0.221576794872
0.221967297959
0.223369742367
0.223619347528
0.224085318851
0.224557175674
0.224582634668
0.224857719113
0.227204204215
0.227665372439
0.230923127653
0.231728317908
0.231825145176
0.232498604974
0.231914500254
0.232498219096
0.231896825764
0.234887879379
0.235702288341
0.233985829041
0.239532165478
0.239344680081
0.238861826004
0.239269580828
0.24031309709
0.240357664712
0.23729065282
0.241182936185
0.240214658478
0.24397505461
0.243672635422
0.243720238985
0.244710339435
0.244029673373
0.245074714469
0.244076564537
0.246405126996
0.245637020568
0.247482917099
0.248653807221
0.249168068241
0.248619042947
0.248513864579
0.249183084248
0.251526889349
0.253008988523
0.254029012732
0.256366370971
0.2559901407
0.255863325321
0.255486236997
0.256831289134
0.257329061582
0.256401461812
0.261755191014
0.261166533681
0.264859826694
0.264384121292
0.264321706449
0.265279090891
0.264458722289
0.265537533753
0.263931922615
0.267936322827
0.265782644606
0.268558301727
0.270420027034
0.27075335711
0.270485136512
0.269641148663
0.27079385993
0.26853280272
0.269075668618
0.271119068612
0.271812002397
0.273396282968
0.273775543086
0.272882162322
0.273738570165
0.27416377455
0.275258036729
0.276985742966
0.278515709136
0.279150594852
0.278969177012
0.279494068026
0.279664637883
0.280242778252
0.28175808922
0.281834554864
0.286404113935
0.285647269645
0.288068953371
0.288660469334
0.288870933045
0.288875188522
0.288011544289
0.290010141586
0.287726884897
0.289950334678
0.291546570832
0.291561598964
0.294708693132
0.294989470281
0.294206758453
0.294068661416
0.293893772542
0.292479852428
0.289391464521
0.295144384977
0.295407418509
0.296174398372
0.297201392626
0.296772459365
0.2979487288
0.296711677385
0.297451992565
0.29727953533
0.300267149972
0.300268693037
0.300863922362
0.301582292668
0.301350209969
0.301605459058
0.302879037925
0.30375645838
0.307244396263
0.307779556173
0.30826968905
0.309377925326
0.309018391078
0.308697695748
0.308465100535
0.310432178787
0.310168288755
0.308119017854
0.313900905412
0.313918695084
0.314846704014
0.315547194182
0.315425102065
0.31577511658
0.313021317751
0.312499475012
0.310952882515
0.316102692954
0.315563474692
0.316561064244
0.317889966356
0.317240481427
0.317358096356
0.315665155918
0.315938811626
0.314009290226
0.316829332542
0.318709357057
0.31968083661
0.319114728709
0.31899815176
0.319037491599
0.320252472798
0.32162428252
0.322705854681
0.324755412687
0.324812589246
0.325025878611
0.324530141213
0.325112006889
0.325559212239
0.325308737243
0.327935787389
0.327304691448
0.331018581354
0.330104863299
0.330804367735
0.331722621336
0.331413394028
0.331412942347
0.329756369617
0.329383899626
0.326458063734
0.329503398383
0.332087954483
0.333230261285
0.333030693759
0.332859611503
0.33237982903
0.329867049397
0.327939565013
0.327845167814
0.328360964604
0.33226290262
0.333332085393
0.331667890402
0.332876342211
0.332412995404
0.332437775808
0.333156844523
0.334570189993
0.334899265576
0.335372788035
0.335938356022
0.335681807979
0.33653132412
0.33680033112
0.33704201479
0.339535676386
0.338903916661
0.341513081953
0.341064521511
0.341772789609
0.341658678933
0.34151710021
0.341817647738
0.340086887811
0.339986659787
0.338519058442
0.338054114601
0.342791619843
0.343878362295
0.342162011057
0.343249344636
0.342898867473
0.339353829322
0.335763828531
0.336739440099
0.336827422113
0.340312999468
0.341160259545
0.339986168245
0.341599302513
0.340132295854
0.338577126679
0.337466975322
0.340089434855
0.339394545184
0.340719459008
0.341455678312
0.341384185894
0.341630456351
0.341578760027
0.342261872311
0.344192321334
0.344468278372
0.345125173908
0.345751705058
0.345725461568
0.345048645608
0.34530059917
0.346266900648
0.345464439551
0.344017338002
0.344578369128
0.344249701519
0.346674935481
0.34706546571
0.346157888427
0.347371137762
0.346255409685
0.341824583601
0.339806469518
0.339693992539
0.33892832136
0.342008121626
0.343169821508
0.343240419181
0.34314332228
0.341754705922
0.338661802939
0.335606243016
0.337297308228
0.338765750456
0.340407918356
0.340357253809
0.340928214997
0.340069888923
0.340389939051
0.34086124523
0.340815577208
0.342209142478
0.342745628492
0.343024268009
0.342174160431
0.342513745083
0.342623838074
0.342948870341
0.34360954393
0.343051645697
0.343436041974
0.34177380351
0.343651560795
0.343666455744
0.344139006437
0.343999925142
0.343201411924
0.339864986357
0.336106607073
0.335909994035
0.336465659452
0.338320533467
0.339011524279
0.340122677538
0.338752712312
0.337535219778
0.334905252863
0.329529645107
0.328983483204
0.332755249315
0.334063649307
0.332903926678
0.334352122526
0.333324235436
0.33301513866
0.332582992229
0.332041284195
0.331726675815
0.333284586652
0.333441068289
0.332774290577
0.333860582298
0.333400264345
0.333795648068
0.334325704554
0.334250039868
0.335495351277
0.333252915012
0.334298905106
0.334164556505
0.334956812059
0.33418073593
0.333951138829
0.333882390469
0.328126646772
0.326921032561
0.328482319431
0.329571346913
0.328777172594
0.330156982356
0.329965958582
0.327539569901
0.325417084434
0.318047316584
0.317403753055
0.32076507251
0.321109132681
0.320784079169
0.322093075823
0.321280971633
0.319194676734
0.317591104779
0.316793472201
0.315218491874
0.317601360227
0.318089196267
0.318601702999
0.318716882138
0.318233868104
0.318061771781
0.318421870357
0.318825367192
0.319169493604
0.318747141204
0.318594190856
0.318399285037
0.318437999227
0.318698225422
0.318663180373
0.318409814563
0.314397311009
0.313380341291
0.313983189435
0.313515234207
0.313595966565
0.314246812065
0.314457832251
0.311356301283
0.309654996781
0.302790550549
0.300418628079
0.303254640536
0.303964367672
0.305391695102
0.304766683926
0.304744226984
0.301541488812
0.297972023262
0.297464805063
0.295456283527
0.297150314324
0.298190521751
0.299320000632
0.297819505918
0.298223879142
0.297923302939
0.296377049945
0.297256085802
0.297888736052
0.297684371264
0.29665366582
0.297201877606
0.296682590877
0.297486628127
0.297713556991
0.297542251745
0.29542065026
0.293199792765
0.294608339007
0.293197900148
0.294666428149
0.293908170042
0.294526382095
0.292776857667
0.289474919959
0.287943163175
0.28192442269
0.28280591054
0.284295884597
0.285869097362
0.283939234682
0.28454965685
0.28477632351
0.276744166342
0.275422733839
0.27379467485
0.274400819466
0.275188646519
0.275847919968
0.274896984488
0.275418569638
0.27464751346
0.272149010511
0.271338926876
0.273081559208
0.272491440868
0.27223160482
0.273085610879
0.272688879384
0.273207351966
0.272806151028
0.273112366645
0.273521753723
0.270536548986
0.271163921008
0.270953080317
0.271686999937
0.270488288525
0.271157186175
0.272939977803
0.267732022187
0.266858930617
0.262038827867
0.261895350801
0.262660535119
0.26283308599
0.262663702738
0.262717719701
0.26270620964
0.254612817675
0.253273444057
0.251638707067
0.250662803008
0.252218083046
0.252371622841
0.252846790956
0.25193422426
0.251026253577
0.248496983514
0.24565277707
0.247678910589
0.247584010012
0.248616456205
0.248354430071
0.248343252323
0.247697194662
0.247474317117
0.248046105757
0.247765609909
0.24747000847
0.247184122008
0.247489302779
0.246700205268
0.247033843041
0.247252220508
0.247796373448
0.245839695593
0.244845930493
0.242560026646
0.240498352812
0.241869302473
0.241316563627
0.242548988243
0.242058580568
0.241810976913
0.238866164155
0.233732066318
0.233823530168
0.23190330063
0.233332745024
0.232663313034
0.233553628441
0.23338518104
0.231386627625
0.231926735979
0.226489608142
0.226617561
0.227679568037
0.228080646376
0.227019834709
0.22764291503
0.227650424474
0.226807260526
0.227051673583
0.227205047212
0.226822531131
0.226903444178
0.227290472047
0.226812533774
0.227913617109
0.227740223751
0.228073453962
0.228274501959
0.227065021613
0.227634362907
0.225350489592
0.22626017403
0.225692350728
0.226494261249
0.227526299769
0.226700922532
0.229632645152
0.222600695499
0.221458917612
0.220907487111
0.220755849177
0.220131986536
0.220525517543
0.222932740766
0.221104551359
0.220355009395
0.217008070105
0.215893479074
0.217022430975
0.216314335078
0.216830358974
0.217069439345
0.217059560314
0.216663500567
0.215987248144
0.217120018506
0.216070404453
0.217068687867
0.217524815398
0.21781241997
0.217597173036
0.217600354438
0.21791934753
0.219141673622
0.219395756971
0.219532925684
0.219834895788
0.219034343552
0.219083840038
0.218797663647
0.221179752382
0.221917161251
0.221943636808
0.221442921495
0.219992500522
0.220150681786
0.218726730298
0.219971570237
0.219617182607
0.220309199085
0.223159011932
0.222179763125
0.223789830316
0.219463134643
0.219636463382
0.219934103792
0.22074258066
0.220103837385
0.220311625104
0.223578566236
0.221267857212
0.221246614665
0.221817615583
0.222058192579
0.221946651914
0.222110866036
0.221955404085
0.222766968683
0.22312837423
0.223760475176
0.225241543011
0.225860892032
0.226218477591
0.2255698157
0.226684019154
0.226272327996
0.227223754849
0.230158331311
0.230492099649
0.234179521827
0.231847994251
0.231843110251
0.231899604464
0.232488951932
0.232132356266
0.232575239023
0.241225074979
0.238620214277
0.239685794383
0.238679865947
0.237354280415
0.237567626706
0.236991865875
0.238665059394
0.238903898975
0.24083121495
0.243233593895
0.241728024834
0.242956675627
0.241754371838
0.242283750427
0.242542767296
0.243190423649
0.244504725226
0.244147329952
0.245365429676
0.245601070617
0.247598340835
0.247919790219
0.248825643137
0.248798063056
0.248499244016
0.248653749745
0.252590156284
0.253574746345
0.255490564943
0.25728662301
0.256244934114
0.256804181256
0.255515897139
0.257399129067
0.257563192746
0.261476697916
0.26732616444
0.265928266373
0.267819166621
0.265751101462
0.266388146848
0.265775473215
0.267260179756
0.269993632645
0.269364522833
0.276933697461
0.274717598188
0.276509350488
0.275295666586
0.276251972444
0.275822907072
0.275876572669
0.278020691916
0.277590068515
0.280505408664
0.280105215493
0.28082451666
0.282471224571
0.282905464944
0.281509873722
0.282321930245
0.28284471774
0.284800911794
0.287781548636
0.288463320461
0.290653453622
0.289742737033
0.290595854597
0.289733871018
0.291589318807
0.293321466467
0.293589291445
0.303066663473
0.302374185649
0.304873083013
0.303018048353
0.303760392315
0.303349472401
0.303297478822
0.308577762507
0.308223365265
0.319059971568
0.315890373447
0.314337568642
0.316521780087
0.315973712088
0.315251047712
0.315143640075
0.319833057435
0.320032994792
0.318380934005
0.323068405978
0.322383104696
0.323337218999
0.323342262071
0.323297061445
0.324702091932
0.324353418667
0.326465645248
0.327785205151
0.329494838699
0.330183107523
0.330989835865
0.331863266453
0.331757831368
0.332308153564
0.334232203197
0.335066706562
0.343875539511
0.343952144146
0.343607028728
0.34505118198
0.343930356164
0.343828693805
0.343193338872
0.350432663974
0.351526919514
0.352674468965
0.359563427253
0.357643483682
0.3585749623
0.357306465609
0.358475814589
0.358690826064
0.358187338761
0.364926758017
0.363219965451
0.368114056007
0.366428188635
0.367618576109
0.36827301228
0.368713974842
0.36946558774
0.368582688805
0.370690693055
0.37054555102
0.373244734672
0.374164177168
0.375700756763
0.375200324142
0.375169719566
0.374743036411
0.377846173977
0.379255963757
0.381446355104
0.386487529794
0.385545267896
0.386383762967
0.384527581677
0.386132887094
0.385700906661
0.386878753136
0.395514827887
0.394549481294
0.401761452349
0.399788528387
0.400287564094
0.400136901803
0.401097918493
0.401811516225
0.400829924216
0.409759845479
0.407503027044
0.412131488992
0.411519089243
0.411659518687
0.412132502833
0.411784333843
0.412777025576
0.412129711055
0.414483887219
0.414849609456
0.414491357198
0.418267064944
0.418777312973
0.417291246534
0.418365629886
0.418442242615
0.420232963109
0.422020382875
0.423232078711
0.425838327363
0.426139459351
0.426818588238
0.426268305111
0.427874266301
0.427780516133
0.428242868667
0.436503115634
0.436558812569
0.441968209834
0.440445721933
0.440111544463
0.440527721129
0.440060363655
0.442005801112
0.441577041073
0.450240952583
0.449850088198
0.447945114817
0.452806870463
0.452143772551
0.451464252114
0.451491283758
0.453467199119
0.453993332048
0.450558910848
0.456215894497
0.45535441536
0.458313662112
0.458489441312
0.458087116328
0.459615820092
0.45858783523
0.460157374596
0.460192647839
0.462220164798
0.462721807436
0.464564352279
0.465298825852
0.465486382534
0.46553375714
0.465685074991
0.466384305793
0.473264838441
0.474760291029
0.474884339467
0.476935041296
0.475593201188
0.475642476449
0.474825616062
0.478013123016
0.479350639112
0.478462779542
0.486820728534
0.485212502537
0.487657052644
0.486695961545
0.486972328094
0.487497907559
0.48651821215
0.489799349298
0.487889533069
0.492353443569
0.490429781851
0.492887720271
0.49405564504
0.494259941547
0.494385507225
0.493215069765
0.494015696832
0.492955450474
0.494802924144
0.496186276084
0.497818240498
0.49805930201
0.498468903778
0.497555340675
0.499170567617
0.499923986269
0.501354052901
0.506036218462
0.505818760929
0.506567362463
0.50510111124
0.506336392801
0.505784302037
0.506485054651
0.511164431112
0.510544066966
0.516852056525
0.515081596255
0.516226496057
0.516021485498
0.516698065847
0.516445440606
0.515801471914
0.519859064309
0.517630629594
0.520156576684
0.520289969862
0.520335542992
0.522126579786
0.522299736189
0.52187549502
0.521662046607
0.521136718538
0.520715512043
0.518833008046
0.523571746822
0.524378423862
0.523737843549
0.525193558242
0.524362390726
0.525922167148
0.525799434014
0.52645260176
0.528218493285
0.529696283812
0.530110242082
0.529547298217
0.530944291987
0.529980017457
0.530705142342
0.534859714205
0.535340520358
0.539596199769
0.538105954265
0.537660312646
0.53805207978
0.537973819011
0.53797818575
0.538076664087
0.541677849452
0.54126190668
0.53796343784
0.542223213209
0.541931693267
0.541967100698
0.542646863357
0.542800940427
0.543449379761
0.539926074806
0.54060082805
0.539205943208
0.542741781967
0.542857675886
0.542916286636
0.544373603785
0.543183071914
0.543923279698
0.542745560966
0.543295177832
0.542985938363
0.545597524721
0.546445701455
0.546694754835
0.546597940455
0.546050317014
0.546552962074
0.549971961607
0.551836956536
0.55184997853
0.552788251836
0.551768951417
0.551847293441
0.551348960309
0.552424361663
0.553560125316
0.552730102606
0.556041926055
0.55434941608
0.555122805727
0.554189231529
0.554621296825
0.555083586318
0.554894450169
0.555698579071
0.55409670091
0.552386266337
0.550011091037
0.551847964574
0.553393902259
0.554253636737
0.5539101838
0.55344766403
0.552823183745
0.551352167604
0.549980928348
0.550549652967
0.552154756265
0.553680436674
0.55477746208
0.553381968339
0.55445324027
0.554007331807
0.554481415267
0.557519520737
0.557667866591
0.557720284945
0.556538288996
0.557741368915
0.556781293101
0.557854635766
0.559478813895
0.559399747494
0.561385548738
0.559549109694
0.559391890091
0.5582751153
0.559354954833
0.558426621125
0.558888104652
0.560174332458
0.55859876397
0.555990097991
0.553644542271
0.552714652848
0.555249847137
0.55646108276
0.554879583856
0.555931010499
0.554467340259
0.552394000147
0.549140718836
0.550215332317
0.550823700821
0.552048497238
0.553531602511
0.551973960334
0.553647887342
0.552221977844
0.551513868299
0.552058743054
0.554119781865
0.553856771328
0.553267233188
0.55447471966
0.553202072473
0.554393961794
0.55556638975
0.556610078503
0.558042780777
0.555904254326
0.555130655206
0.554211078601
0.554745649299
0.553673153252
0.554789533672
0.556488808133
0.555497915203
0.552330192516
0.548864715179
0.548035787627
0.54874377238
0.549445877142
0.548640208473
0.54988108127
0.548586091167
0.544371283449
0.542359950732
0.540590375854
0.540311594446
0.542030228921
0.542812707462
0.5422480552
0.542786558284
0.541345088501
0.539055403037
0.53789922853
0.5401548024
0.540909267697
0.541452881862
0.541319682888
0.541129601615
0.541249907613
0.542178145038
0.543695206441
0.543395248969
0.542606770276
0.541705880053
0.5415369339
0.540746720931
0.541101863777
0.541742017007
0.542335943311
0.542382766269
0.540784063912
0.535020076055
0.533348596608
0.534343840282
0.533854059628
0.534676286606
0.534873343814
0.534556861113
0.529157751329
0.525981651254
0.522798757702
0.522591755358
0.524421707258
0.523931170734
0.525007391493
0.523871045322
0.523210023993
0.519470284674
0.516797599342
0.517629699764
0.519523845289
0.520973960017
0.519451391354
0.520718606291
0.519349768332
0.51924021992
0.520553151622
0.520281499223
0.519560860924
0.518891866099
0.519867286352
0.518084999572
0.519745701032
0.519389669659
0.520172207306
0.520144700929
0.5188017373
0.515290666552
0.511394539709
0.512775459411
0.511346978559
0.513263126533
0.513325227697
0.513727198998
0.511393819598
0.503552581709
0.500891386071
0.499126374356
0.500339658855
0.499075518449
0.500676068094
0.500146933856
0.49854775248
0.496227948684
0.489847554538
0.489408955545
0.491060914735
0.491785132235
0.490605918686
0.492009222616
0.490643780078
0.489448776955
0.488872698608
0.489648417945
0.488727000118
0.488884904563
0.489627881371
0.488596691452
0.490143763404
0.489495928097
0.490728341585
0.490975525959
0.489009627958
0.48784751943
0.48383018112
0.483960588858
0.483259616366
0.484339838489
0.485475101766
0.485970237529
0.485858032559
0.474726058682
0.472738659539
0.469599187467
0.469430037457
0.46957044534
0.469807440557
0.470771706446
0.467941327504
0.466373604602
0.456968605412
0.455277791827
0.456893124201
0.456628574094
0.457548943083
0.457375433818
0.457110094114
0.453875194423
0.452254627594
0.452541573129
0.451851431203
0.45301387698
0.45309073717
0.453782233826
0.453258726797
0.453222386194
0.453675214652
0.45285024597
0.452221048714
0.451507822788
0.450164356816
0.448314842629
0.449407795898
0.44847812762
0.450112927357
0.451036038646
0.450380651725
0.440938306761
0.43774315011
0.436575164365
0.434475977753
0.436809243867
0.435453110912
0.437124683547
0.435619153166
0.432632442983
0.427230927744
0.419555293973
0.420347176043
0.420061056312
0.421896493547
0.420287473028
0.421103234894
0.419859464642
0.414354671416
0.413961414919
0.412973417907
0.413773723499
0.413282125695
0.414262421838
0.412820999241
0.413139935407
0.413044984805
0.411871326374
0.411032168593
0.411544581849
0.411577194969
0.409279546425
0.41135473789
0.409697638543
0.411564949153
0.412024432034
0.412261680067
0.408894051411
0.401259047344
0.401347275244
0.399541951413
0.401563212139
0.400272290184
0.40236152032
0.406151495776
0.397877944641
0.396294197573
0.384809563763
0.384168721873
0.384274546693
0.384359674173
0.384601410547
0.384960837474
0.385684885797
0.377944247674
0.376591832427
0.374358642313
0.373534267376
0.374188352892
0.374335229871
0.374293429079
0.373867180892
0.373033545262
0.371590771837
0.370341871135
0.371758849682
0.371947429299
0.37178649217
0.372669199755
0.371720213135
0.3722324548
0.372945997114
0.372846321144
0.372048405677
0.366618719682
0.365309427772
0.365732608643
0.364906188444
0.365860090669
0.36709731246
0.369978196813
0.363801921237
0.361767252081
0.352413219208
0.349903602023
0.351612749173
0.34979078753
0.3521864974
0.352943334639
0.353361111087
0.348583578514
0.344053226422
0.343133730724
0.339756606111
0.341360553786
0.340561975407
0.341515463767
0.340567137232
0.3394467949
0.339627811603
0.33630999097
0.337433203849
0.338160774978
0.339007897138
0.337768320074
0.338142007745
0.3376993115
0.336866046701
0.337961745666
0.337738436979
0.335792139676
0.333634888515
0.33539641595
0.333152202061
0.335775756044
0.336708650582
0.337959025891
0.336527764467
0.333196262326
0.330210128222
0.324411193475
0.326274971175
0.32456285879
0.32685807305
0.330426738797
0.330249900415
0.335050281322
0.322475757663
0.320960559693
0.318181675607
0.318029887363
0.317405327965
0.317719740037
0.320757357485
0.318633663422
0.318480509476
0.315799915586
0.315259731022
0.316042753076
0.31576794414
0.315300938771
0.316118533054
0.315707533165
0.314810010902
0.314378632035
0.315898180154
0.315343229518
0.314395167767
0.315682680697
0.314693903084
0.316362259914
0.31715001243
0.318483084391
0.321544577109
0.316493445542
0.315063521688
0.31228520067
0.31130494368
0.311346545137
0.311445014495
0.31824214774
0.318779326804
0.321085092049
0.313781018849
0.311426943869
0.309788055639
0.30742040812
0.309274334149
0.308665764348
0.310816160314
0.313959510914
0.313515748345
0.313404588197
0.309902242715
0.310883736249
0.310544250049
0.311356324196
0.311066013078
0.310787304947
0.311011990467
0.309628565182
0.311449762161
0.311871395221
0.312874743609
0.312460722302
0.312663163604
0.311930421956
0.313580458462
0.314832333453
0.314797828344
0.315172536657
0.313718518553
0.313659837349
0.31081019434
0.313227876486
0.311884353521
0.315054821818
0.321852621299
0.322288286091
0.322313897398
0.317158450235
0.316726642947
0.314892743621
0.316855017398
0.316843036897
0.318404138847
0.329595099996
0.326357936262
0.329716729253
0.324516867573
0.32369866668
0.324084070143
0.323594080772
0.324516663137
0.324150460253
0.32681866796
0.326491363458
0.326622037382
0.328529626319
0.32866520157
0.32774687942
0.328694428838
0.328243345726
0.328910908907
0.33001354594
0.330210560389
0.330214839543
0.330566683409
0.331074156823
0.329868658038
0.331920564176
0.330965715733
0.332890287691
0.341498446491
0.341605619625
0.344631622441
0.339307179624
0.337544300332
0.33800067079
0.337055008837
0.339900928559
0.340878112032
0.352357546966
0.353904480583
0.353535219126
0.352199623512
0.349942544864
0.350875743056
0.34943061015
0.351768954773
0.353448565711
0.353767816788
0.359280874754
0.358721912991
0.360858012694
0.360140680097
0.360337691498
0.361042327151
0.360570320324
0.360762272356
0.360402043165
0.362243666178
0.362003178455
0.363433475876
0.363984330993
0.364572565926
0.36400082631
0.364708995023
0.365051511174
0.370663783564
0.373602368149
0.37277743161
0.372261962816
0.369370589265
0.371217879085
0.368679405036
0.372323740454
0.375805202004
0.378224988172
0.389691039042
0.388810148638
0.388757074949
0.385581965092
0.386865427477
0.385948393924
0.386539952452
0.392346168696
0.392967966992
0.403812803481
0.401011191848
0.401666411406
0.402347926974
0.40189722303
0.401872075695
0.401103894975
0.402877150173
0.402023358988
0.403131821669
0.405552445789
0.406689450672
0.406616581664
0.407520192716
0.406200476006
0.408063551633
0.408316467079
0.408693235815
0.41280231826
0.412845002011
0.412378135771
0.410474929015
0.412584271179
0.410757967727
0.412791740058
0.418513888988
0.420443241189
0.432629209734
0.429697887956
0.428942040552
0.427444372426
0.426734825707
0.4269084412
0.426649854426
0.436171624101
0.437189930167
0.444127532707
0.446799899444
0.445504794119
0.446309872752
0.444821244541
0.445742364953
0.445016281424
0.445575980885
0.448953406368
0.448854648738
0.453506541303
0.453817689685
0.453743647769
0.45500532304
0.45422128895
0.455434929948
0.455053412144
0.455149738545
0.455807671715
0.457998279816
0.457783982197
0.457767105319
0.458192958721
0.457444475648
0.458191320648
0.464419022085
0.466202616623
0.471601103909
0.471991625205
0.469647967882
0.469793195035
0.467231788976
0.469211402317
0.468407521233
0.473120603991
0.482574184574
0.483247733482
0.489524729362
0.488074020421
0.488143141075
0.487329847737
0.488148648527
0.488348915501
0.487763497699
0.495206734395
0.49522175163
0.500726191528
0.500817148115
0.500565438659
0.501690458422
0.50052527071
0.500687548445
0.499718405268
0.500855549205
0.500783838124
0.502620827516
0.503967735846
0.504807954903
0.503426080574
0.504249479531
0.503824453325
0.506756805902
0.510807016176
0.51040016114
0.511843075331
0.510015376073
0.510820338915
0.508659620713
0.510879573609
0.51115968806
0.51237981282
0.524896648174
0.525364229453
0.529767743128
0.527098639523
0.526515649518
0.526741800298
0.52629997268
0.527932657787
0.528039099809
0.537480969343
0.538204783634
0.540055046967
0.542723630393
0.541925453434
0.542314211489
0.541309462933
0.541367602936
0.540614576037
0.539873497755
0.543722015997
0.544838113297
0.546251971779
0.547607623084
0.546045525077
0.547855498132
0.54685914293
0.547037510227
0.549570227732
0.550201234688
0.549561221948
0.548927196952
0.549847223469
0.548640955482
0.549999936188
0.55128373362
0.552903268151
0.562736086527
0.56259431755
0.562818820266
0.561365469408
0.55976936621
0.560516325686
0.559433403511
0.562401630787
0.56398260135
0.566740667441
0.574438853123
0.574238415724
0.57597605609
0.575344045427
0.575686263313
0.575418420813
0.57391748677
0.575216572687
0.574772058069
0.580306049716
0.581059297845
0.582347237703
0.583914416719
0.582453386517
0.583873595836
0.582330069303
0.581741586314
0.5814855473
0.583875712269
0.583679471424
0.583698287777
0.583729714885
0.583391184882
0.583691848949
0.586002371983
0.587614186331
0.590224592769
0.592358359634
0.590722399193
0.58951092521
0.587565930025
0.589202070671
0.588045029595
0.588969209548
0.594669762241
0.595078421506
0.601679176828
0.601152405743
0.601176643989
0.600914668849
0.600881516468
0.600870011255
0.600041745784
0.602064135851
0.602051770977
0.606978009086
0.608901402725
0.609250824881
0.610428974881
0.609235341528
0.609652030932
0.608300219853
0.606712722648
0.606626342359
0.607982320464
0.610425354141
0.611288860653
0.610111101289
0.611256599304
0.610397641279
0.611444335627
0.613660451266
0.612892204353
0.613330062852
0.612429579073
0.611939708784
0.61026552664
0.612020042559
0.610859154006
0.612015002791
0.61772724186
0.61837335899
0.620751182256
0.619165613015
0.61829375277
0.617978151644
0.617550361877
0.617967483854
0.617814754943
0.619257367408
0.621365457364
0.621854688681
0.625910555078
0.626086116147
0.626222805299
0.626132116265
0.625274063185
0.624557276141
0.621792651457
0.62349481491
0.624586917683
0.627670890966
0.629390045845
0.627673120735
0.629576804899
0.627625418775
0.627549107505
0.628118806012
0.628581016531
0.626986133293
0.626988624555
0.627260865015
0.625736894636
0.627007708393
0.62640000425
0.627951835515
0.631591178442
0.632475954857
0.631307218954
0.62852070055
0.627443729056
0.62733461277
0.626981080796
0.627541714839
0.628652418831
0.628014425195
0.631344335345
0.631281950012
0.632182993801
0.632448808159
0.632230739609
0.63260843076
0.631261607561
0.630438285736
0.629663074683
0.630591202248
0.631508751344
0.63396654266
0.635755196186
0.634205989609
0.635712508237
0.633822578197
0.632665015393
0.631550439199
0.632498321692
0.632602848058
0.632477311628
0.632683249312
0.632545371784
0.633008019711
0.633278211639
0.634383770272
0.634411529652
0.635188019281
0.63370862652
0.630120781416
0.62871501994
0.629876761481
0.628820188108
0.62932986939
0.631342832102
0.631876994488
0.631114740902
0.63065771401
0.628785896331
0.628731213183
0.628681990829
0.62854379957
0.628405742578
0.627228041382
0.627079480641
0.625014784795
0.627926448669
0.62901392947
0.629888760124
0.629707682868
0.630225494197
0.629467614922
0.625627124195
0.624997509873
0.625201118836
0.627432575194
0.628532543626
0.627892654227
0.629527899348
0.628228616513
0.628657438281
0.629051270234
0.627525989443
0.626637723064
0.626258661314
0.624062353615
0.6221738174
0.623852507625
0.621811352456
0.623422842406
0.62515837489
0.626002233394
0.621938473477
0.62009897308
0.618500892169
0.61648033875
0.617029589789
0.616831768313
0.617644131539
0.615569054505
0.616486637521
0.614438269215
0.613800273871
0.614436660957
0.614337605493
0.615176002742
0.614252010733
0.614259627935
0.611682530316
0.60920732735
0.609782568345
0.612062826983
0.613782840418
0.612613789066
0.61415322828
0.611869899214
0.612338466644
0.611595598501
0.61113978447
0.608848308162
0.609313777895
0.609179354681
0.606849915412
0.608300897724
0.606878737315
0.608905734238
0.608896989726
0.610257895591
0.607435546662
0.600663348417
0.599668580344
0.598196340327
0.598531910092
0.598357069766
0.599554914307
0.599633297491
0.596927992601
0.596600843196
0.590133042806
0.590592941823
0.590410714845
0.590339125577
0.589716385552
0.589410735058
0.589193216319
0.584309134066
0.58510810608
0.584982033953
0.586901481709
0.586425974775
0.587047762003
0.585967265399
0.585228415264
0.583968924311
0.582058677329
0.58228746055
0.582476663884
0.582867652542
0.583016344795
0.583360960776
0.583089778987
0.583399243057
0.582197356299
0.582308853284
0.580604264295
0.574146330341
0.572466198262
0.573231870789
0.571673857263
0.572458072046
0.573058690501
0.574162742021
0.568546445105
0.567688243507
0.559203005638
0.558519633126
0.559269934649
0.557793880579
0.559000629317
0.558365783024
0.558966680124
0.551843462658
0.552040075726
0.552070092571
0.550709594667
0.551524554751
0.551642964724
0.551909580136
0.548625006623
0.547649311889
0.546957348407
0.546418737362
0.547598997893
0.547641517051
0.549306640305
0.547657750634
0.548219918937
0.547346561155
0.545429664599
0.544405606439
0.544524022757
0.540521705692
0.538106758742
0.53973216788
0.536905476334
0.539396662376
0.539438490999
0.541232924442
0.534351902018
0.530961785822
0.52751000043
0.521544850176
0.522679331494
0.521764844245
0.523610169678
0.522425771234
0.523197964739
0.522339626773
0.511963708297
0.511799604979
0.508970364704
0.50982569827
0.509378388748
0.509447802767
0.50883141992
0.505404770917
0.505613685752
0.503227290793
0.504754773698
0.504327916585
0.504792211067
0.503008603067
0.504189890566
0.503143847786
0.501595496119
0.499561110836
0.500072186008
0.499863038675
0.497100009024
0.498230769631
0.496917522819
0.49920241397
0.497789213585
0.499581494592
0.496958137416
0.487541440928
0.485942111371
0.481883958918
0.481758061585
0.48190050309
0.482151222461
0.483597175433
0.481155672513
0.481223254104
0.4659015567
0.465630149093
0.463164661014
0.462268716779
0.462898253984
0.462533124464
0.463712176919
0.459056282088
0.459754030081
0.454771331229
0.454496897463
0.454998171849
0.454188165072
0.454295338776
0.45430277351
0.453616361254
0.450372974713
0.449877453647
0.45047466347
0.450594694381
0.450993830665
0.450736944565
0.450792583715
0.450350648074
0.448937025319
0.449362914339
0.447438697756
0.440471173049
0.43855778637
0.437905888805
0.435578545237
0.437249050091
0.436096559913
0.438085477724
0.434589530889
0.434174096646
0.421017730646
0.416572128457
0.416691364281
0.413934963736
0.416262343596
0.415677515983
0.417764110741
0.414462133503
0.411031805152
0.410665215993
0.402243125816
0.402617063179
0.402611552056
0.402816876165
0.401443027401
0.400945497225
0.401226269754
0.398034081618
0.398887511287
0.398443446913
0.39951402227
0.397965581025
0.398468596861
0.397343413612
0.396181174987
0.395475010888
0.395573100998
0.391406334992
0.389132660458
0.390083473565
0.387181702789
0.390168702946
0.388807054156
0.391405630173
0.387414295652
0.384287438647
0.380911640973
0.36917564293
0.369176655646
0.368587290427
0.369708753529
0.369346476059
0.371156740448
0.374457805025
0.36179518646
0.361031446535
0.351147577334
0.351121394363
0.351789786385
0.350401444752
0.351491388572
0.350622048924
0.35155516582
0.347004628146
0.347983608775
0.347018065116
0.34577862862
0.345012250747
0.346061945645
0.345591290753
0.344051536748
0.342708216616
0.342870790014
0.342551060099
0.34062173024
0.341063898595
0.340647392199
0.342129559821
0.340648581365
0.341915565138
0.340579287043
0.334340084269
0.332507204072
0.325553350358
0.323973641984
0.325356702711
0.323539834433
0.325529691599
0.326167591081
0.327449208906
0.315566363405
0.314089873342
0.307437009151
0.304248265335
0.305830394333
0.304398903695
0.306642527504
0.306693638224
0.308118750264
0.306594164733
0.301304026871
0.301591211522
0.298833070038
0.298865091225
0.29937636448
0.298795978303
0.297727488542
0.296473218976
0.297597932014
0.297260036746
0.297791450776
0.297076535224
0.297440015449
0.296486573187
0.296093949706
0.296397710972
0.294815213053
0.290879889202
0.289949969552
0.287484379562
0.284465171179
0.286658913719
0.284347639991
0.287194375515
0.287493253027
0.288876198954
0.283721524461
0.275421713058
0.273996118903
0.269157541213
0.270081688514
0.269648314393
0.271087476418
0.274721439479
0.27343464287
0.277132155609
0.266310128179
0.265470572748
0.264283987769
0.263088647077
0.263520866985
0.262587171219
0.264564398394
0.26386558575
0.26479952115
0.264673791676
0.264996623425
0.264087732429
0.264335817756
0.263562000166
0.263827780905
0.263161701419
0.262692385482
0.260327924866
0.259787004901
0.259858271077
0.258063328831
0.259572199207
0.258440336901
0.259896278058
0.260638338589
0.260485896086
0.260849766231
0.251245934085
0.249488177675
0.248468841022
0.246858105873
0.247886608135
0.247687152844
0.252502495268
0.252937644778
0.253643187225
0.24788930494
0.245935860669
0.245629724968
0.243826123997
0.245202258215
0.244946480631
0.246400748798
0.249611744918
0.25025193082
0.252935509597
0.250179405531
0.249649502291
0.250794196857
0.249985174751
0.249429267293
0.248081384472
0.249189972715
0.248284487917
0.248539539493
0.249214546994
0.24986447009
0.249077613719
0.249194986331
0.248764761593
0.249262590179
0.249692049774
0.248934048629
0.244723557941
0.242843576676
0.243476363716
0.24106070256
0.243429983233
0.243229168375
0.245618822687
0.251103355903
0.250950464362
0.252171824637
0.245508634573
0.244710816907
0.245105097198
0.244975901083
0.245929420103
0.247005879293
0.256094614266
0.255230974928
0.257397484028
0.256584506511
0.255633728383
0.256550601408
0.25508293395
0.255715996195
0.253955801899
0.255544035649
0.25796430116
0.258896379125
0.259501628266
0.260337252963
0.258754484069
0.260262535211
0.259517732904
0.259208158861
0.258822640812
0.259552507563
0.257801208795
0.255921640488
0.256419499636
0.255937767752
0.257147507859
0.257902647707
0.259336167274
0.267158815746
0.265049372316
0.265767553903
0.261836819231
0.259716516818
0.261482399758
0.259285161194
0.262178857612
0.263879319018
0.268800980171
0.276271668184
0.276836841775
0.277669043617
0.276274742301
0.276411048932
0.275940091815
0.276314349533
0.276927440902
0.277950564203
0.284701342629
0.285411339568
0.286436078662
0.287417503694
0.286110077797
0.287538512932
0.286018910183
0.285360090362
0.284031824508
0.285570711031
0.285519896162
0.285464540686
0.284922626234
0.285683666338
0.284712038326
0.286831481657
0.2876428624
0.289941495324
0.29134884919
0.290450972671
0.288774836472
0.286412200495
0.2881971639
0.286216167984
0.288315113711
0.293874775955
0.295965356332
0.307485116679
0.306347421864
0.306991528743
0.305708783884
0.304665668721
0.305302671822
0.304455062768
0.307692489858
0.309282415352
0.318013461362
0.320688282529
0.320909506375
0.322469397531
0.32105573267
0.321280297568
0.319290091739
0.319598046246
0.318565818289
0.320177671848
0.322726215822
0.323932435288
0.322179461276
0.323765683702
0.322169411713
0.323561284827
0.324834217803
0.324818721067
0.32448884171
0.324329319355
0.323300683976
0.321752115036
0.322788339501
0.32206426807
0.323387066734
0.330258544833
0.331945707952
0.340846824908
0.338299640024
0.337151435795
0.337728797802
0.33545493558
0.336227857048
0.334754933837
0.338546997408
0.344794052308
0.348420619413
0.356401806233
0.35681124701
0.356899053748
0.356490366943
0.355994339627
0.353791056819
0.353933431608
0.356993573947
0.358450715792
0.362744507944
0.364406414113
0.362340522944
0.364721755375
0.362744960758
0.363106272117
0.362476001153
0.363401980435
0.361905421362
0.361395594283
0.361088555448
0.361089957149
0.360843708893
0.361203225216
0.36136096612
0.366656281472
0.368639638394
0.37033438461
0.369537224129
0.368029582144
0.368885582366
0.366768162937
0.367689199298
0.367087373062
0.368623568684
0.380160457488
0.38211146627
0.389083437736
0.38876031861
0.387289939176
0.388664189047
0.387256405352
0.385451035009
0.385328447234
0.391790591213
0.394860495967
0.399034170332
0.401361467548
0.399680197072
0.401840899841
0.3995897353
0.398400246755
0.396452268976
0.39798334914
0.398493418881
0.39859119483
0.398254637662
0.399548945771
0.398192452429
0.399418299956
0.399420604714
0.400336979607
0.402314197364
0.402070794568
0.399895986739
0.398574486597
0.399172592457
0.398001157615
0.398949982202
0.400066381419
0.401580723039
0.411136585007
0.412545674912
0.415866210064
0.414690988974
0.412692519519
0.414841104814
0.412787726263
0.410721131513
0.411957300388
0.416789828189
0.425698815706
0.427949461864
0.430465505569
0.430121764445
0.43064543696
0.429057315797
0.427060702691
0.424940430165
0.426742152383
0.431062643952
0.432698332117
0.431427164988
0.433603667088
0.431251778192
0.432791366409
0.432552721806
0.432236790809
0.430871536978
0.431310792124
0.429321722392
0.427532938845
0.427949692243
0.427464825296
0.42828923664
0.430132308382
0.431564434831
0.435766442678
0.436035545104
0.436200937364
0.435218659091
0.433813833368
0.435211329348
0.433464026241
0.431723409498
0.435359968279
0.43769083625
0.448640003786
0.450492740438
0.451013614246
0.451739406361
0.450278249727
0.449524722745
0.448417056513
0.447756964522
0.449300718574
0.456067810479
0.459132245122
0.457405264855
0.459616387634
0.456839202477
0.458195128468
0.456513585998
0.456669436594
0.454574201408
0.454366571274
0.454314019657
0.453268168511
0.453265879233
0.453375774602
0.453634052579
0.454589294245
0.455845375581
0.456223679207
0.453520381826
0.452904649674
0.452113905364
0.451212603278
0.451623001256
0.45071234854
0.451248048585
0.45453857073
0.45629962267
0.462397697015
0.46409510453
0.463124162702
0.463962764753
0.461929262462
0.461326661083
0.460236926368
0.459250641403
0.464544846389
0.469661453594
0.474338851808
0.473566287585
0.475284157229
0.473409655484
0.472408717591
0.470017943603
0.470111986088
0.470954593302
0.471279407375
0.471820652254
0.473332225055
0.472009469748
0.472774507608
0.472143560536
0.471703915294
0.471687519305
0.471166612102
0.466490167801
0.465629922297
0.465531795591
0.464168366804
0.464845285425
0.46474177421
0.465713378396
0.465875704186
0.468099177068
0.469059717587
0.468650436091
0.467847961057
0.468824210698
0.467556358716
0.465231853658
0.465445519089
0.463398191758
0.471901720413
0.475083197967
0.47890435041
0.479946106238
0.479958175599
0.479531068968
0.476904974259
0.473916104389
0.475246011968
0.4794110351
0.481524856087
0.481366470754
0.483757070082
0.480737856935
0.482675711344
0.481265001058
0.480863844607
0.478416961872
0.478995794689
0.475896094465
0.473249119447
0.473835095812
0.472576372266
0.474104579544
0.473793906868
0.475175620103
0.473192611392
0.47155577013
0.47161395935
0.468322362268
0.468333859827
0.469052458419
0.468446890885
0.466291142914
0.466364815257
0.467487734134
0.471616717838
0.473808618369
0.474757125974
0.476144680986
0.474189973089
0.475020684316
0.473701627989
0.470605355451
0.471852337151
0.476110799022
0.481502131164
0.481142509553
0.482199986666
0.479443989061
0.482111830775
0.47996588178
0.478878535126
0.477072391001
0.4771294917
0.477695237946
0.475679229456
0.47586727455
0.475789780948
0.476605121306
0.475411804792
0.476299631345
0.475133395751
0.468476710504
0.467690955675
0.464920828643
0.464963440844
0.465096095379
0.464434013933
0.46487679496
0.463239896773
0.464143063115
0.460877851487
0.464633153827
0.464213768314
0.463607132066
0.462122383802
0.463407486538
0.462514442056
0.456479450917
0.46183837328
0.463821266722
0.469698738027
0.470365027603
0.470571909325
0.469804148141
0.470062418348
0.467917170649
0.466507605817
0.466983581914
0.468015133154
0.469558798674
0.471224954122
0.469513890002
0.47023994408
0.46904054525
0.468002278956
0.46768168331
0.466985808296
0.459984411149
0.458914168089
0.458102006564
0.456247792883
0.457327648508
0.456746595204
0.458048745451
0.45339930712
0.454870963296
0.449880312193
0.448302281189
0.44869879539
0.447521337318
0.44785376081
0.44719118579
0.447418727905
0.442902817483
0.445922555789
0.448397370396
0.45006594568
0.45170845878
0.450965483718
0.451118373287
0.449259074696
0.447326665285
0.448158599804
0.450286489065
0.452813494454
0.453133632857
0.455659622996
0.452473506691
0.454159828302
0.452233313912
0.452523120597
0.450349680123
0.450834420884
0.447906637198
0.444582736309
0.445133865058
0.443132456754
0.44561812987
0.444415259699
0.446337108612
0.441764352412
0.438014095434
0.4369664619
0.429928526723
0.430501591166
0.430352658093
0.430621379208
0.429106917561
0.429013833992
0.429781423126
0.425136010633
0.426690861608
0.423523199758
0.42624095971
0.424864758163
0.424980196704
0.424153888855
0.422577754973
0.423658250173
0.422253275768
0.429324362519
0.429551211541
0.429058723056
0.426998330299
0.429787984503
0.42801547506
0.426718262943
0.425860084937
0.426011555273
0.427451163187
0.42540137386
0.425099737249
0.42510086382
0.42636070574
0.424353853026
0.425472950733
0.423209694498
0.415883968275
0.414575698047
0.409282504832
0.410040647384
0.410441177969
0.409147982806
0.409453864925
0.408254866721
0.408626269792
0.396825777053
0.400591611024
0.397706683795
0.396641749245
0.396506875613
0.397174283596
0.397462105442
0.392559637849
0.396568422663
0.394717750092
0.39792514097
0.399039981643
0.397020115005
0.397007168109
0.39828826556
0.396664511693
0.395205211154
0.395697645369
0.397168512996
0.398969889612
0.400702117287
0.398236348382
0.398695674655
0.397425795159
0.396569639944
0.396729050857
0.396332712552
0.39001169519
0.388703159277
0.387163129372
0.385363307121
0.386919011138
0.385343713621
0.387433206361
0.383160019356
0.384186170057
0.375510485731
0.371118726827
0.371359789927
0.368694013788
0.370100309474
0.369954742225
0.370702900663
0.367350479744
0.36704781453
0.368370872651
0.363739778711
0.365062016456
0.362803264309
0.363055378012
0.362324765854
0.361628076475
0.362505106782
0.363684570637
0.366295491463
0.364730433766
0.367455108723
0.364646339286
0.364652217153
0.36305189549
0.364306747754
0.36325787794
0.36339048385
0.362515396231
0.359518772275
0.359772261107
0.357764364581
0.360398499119
0.358755594369
0.361035411928
0.356529810963
0.353709387024
0.351817788417
0.342871643551
0.343158738521
0.342388065044
0.343487863969
0.342371239284
0.342773683443
0.343025409213
0.336409459997
0.336865969844
0.326623827727
0.330677466741
0.329631054938
0.328241872403
0.328284552827
0.328780838086
0.33013280938
0.326278231993
0.332507389129
0.33120309792
0.328619330802
0.32720048784
0.328358165874
0.327319264857
0.327327226201
0.327453696546
0.327432612086
0.329747805475
0.328487183239
0.327249555609
0.327266165653
0.328672636819
0.326577451906
0.327760730908
0.325268147296
0.321015045635
0.319760257101
0.314218634125
0.315332886443
0.315804138917
0.31462765955
0.314926079704
0.314819112631
0.315208330257
0.303252440021
0.305462870113
0.299094907167
0.298494279275
0.299133683044
0.2981782715
0.299493538351
0.297760618517
0.300597820636
0.29751947518
0.296894546721
0.297121090467
0.291776448746
0.291754318496
0.293018284796
0.291548829149
0.291181624028
0.292637468017
0.293968803305
0.29497927429
0.296459668031
0.292864703843
0.292704152857
0.292120944506
0.291162861486
0.291890827766
0.292016165058
0.289216619902
0.287987445632
0.287073705303
0.286289548115
0.287455318549
0.28569628969
0.287927892499
0.2856266921
0.286669066611
0.278929084406
0.274927193483
0.274451399192
0.272141800853
0.273678727047
0.273354930319
0.274268335974
0.272177086604
0.272449695946
0.272587002305
0.264501574237
0.264763833937
0.259672792477
0.260851642693
0.261250515433
0.259990972042
0.261073817382
0.263220520255
0.265127238019
0.261001584037
0.262760844922
0.260117491896
0.258119785483
0.257372758159
0.258368376261
0.258677693516
0.258883507639
0.260465165199
0.258488688804
0.258475516056
0.257368974968
0.259066217093
0.257566778203
0.25971813156
0.256613849244
0.255950024878
0.254292731427
0.249297142256
0.249308629067
0.24892116734
0.251103909425
0.250425779279
0.250506578255
0.24990992112
0.246968705852
0.246493258088
0.235486026788
0.239188624347
0.237150473342
0.236752560615
0.237431988759
0.237376996962
0.238886940839
0.237128939272
0.240199803766
0.23672745871
0.232577137442
0.231351041199
0.230367862773
0.230048138728
0.230966015343
0.231646726119
0.231405066039
0.233941562258
0.233228185156
0.23099923139
0.230748768932
0.231945018635
0.230187560103
0.231430322371
0.229662408445
0.228992743724
0.228427741271
0.227191039799
0.228417372374
0.228632112026
0.229239609498
0.229124904604
0.229172822137
0.229280748403
0.223812899276
0.22477553925
0.218894561414
0.221129286748
0.221561355335
0.220865460097
0.22221700312
0.221871303169
0.223487572375
0.22071649318
0.219334769134
0.218253201831
0.212479219419
0.212203155511
0.2125354842
0.212020513861
0.212359337094
0.213617410819
0.213946036373
0.213525084782
0.213555159889
0.209612086577
0.209198804953
0.209766287988
0.208193588975
0.209323258482
0.209386477816
0.210177508933
0.209303551522
0.209945199775
0.211083998631
0.211180272633
0.210623174413
0.211502735926
0.211149173389
0.211578679113
0.208217383398
0.208465025884
0.208123685895
0.210040341998
0.210993397496
0.210737392708
0.211954409352
0.21076480878
0.211378758286
0.210275753231
0.206050795311
0.205187054845
0.201642378219
0.204070051185
0.204716949869
0.203652239549
0.204191179534
0.205355628526
0.205359165021
0.201107523841
0.200322331908
0.198079714916
0.197341809527
0.197797991767
0.19687892633
