0.0
1.73218870108e-05
5.33626398823e-05
0.000111256907905
0.00019279270556
0.000297518543371
0.000423671285626
0.000573242760501
0.000744038717887
0.000937443019828
0.00115349034595
0.0013920568502
0.00165296651032
0.00193612995844
0.00224143621733
0.00256869507862
0.00291779956413
0.00328862418962
0.00368099171033
0.00409478253229
0.00452984672157
0.00498598292144
0.00546304285171
0.00596085534234
0.00647920577125
0.00701789612635
0.00757672235525
0.00815547490714
0.00875393554752
0.00937186923838
0.010009041675
0.0106652139742
0.0113401420204
0.0120335741774
0.0127452305129
0.0134748330606
0.0142221011617
0.0149867484097
0.0157684818338
0.0165669981338
0.0173819891842
0.0182131412086
0.0190601357439
0.0199226488336
0.0208003446799
0.0216928766333
0.0225998969297
0.0235210503697
0.0244559769825
0.0254043091443
0.0263656737194
0.027339691158
0.0283259753706
0.0293241350372
0.0303337726383
0.0313544936782
0.0323858944549
0.0334275659627
0.034479093659
0.0355400576174
0.0366100315851
0.0376885827696
0.0387752739481
0.0398696609942
0.040971294804
0.0420797279367
0.0431945155056
0.0443152009757
0.0454413255432
0.0465724234406
0.0477080288706
0.0488476746831
0.0499908892504
0.0511371945934
0.0522861094466
0.0534371503225
0.0545898322127
0.0557436662928
0.056898159382
0.0580528123833
0.05920712395
0.0603606044896
0.0615127619879
0.062663098455
0.0638111135648
0.0649563063233
0.0660981717726
0.0672362032685
0.0683698920888
0.0694987262335
0.0706221904831
0.0717397733398
0.0728509728896
0.0739552808442
0.075052184857
0.0761411740529
0.0772217372371
0.0782933719741
0.0793555729756
0.0804078349086
0.0814496521664
0.0824805208797
0.0834999329755
0.0845073812947
0.0855023594556
0.0864843596932
0.0874528730433
0.0884074034081
0.0893474682979
0.0902725778688
0.0911822449387
0.0920759855236
0.0929533183017
0.0938137552338
0.0946568163433
0.0954820211728
0.0962888921963
0.0970769547193
0.0978457479133
0.0985948072992
0.0993236741382
0.100031891652
0.100719004927
0.101384572158
0.102028150485
0.10264930383
0.103247600782
0.103822612046
0.104373915994
0.104901090685
0.105403719624
0.105881391586
0.106333700855
0.106760247332
0.107160645113
0.107534505914
0.107881453563
0.108201115014
0.108493124928
0.108757119512
0.108992743227
0.109199648527
0.109377494003
0.109525945736
0.109644671077
0.109733349115
0.10979166409
0.109819307693
0.109815976949
0.109781381594
0.109715239828
0.109617277409
0.109487228887
0.109324838755
0.109129858185
0.108902033074
0.108641122865
0.108346900318
0.108019137619
0.107657624596
0.10726215615
0.106832538239
0.106368588709
0.105870133569
0.10533700879
0.104769052337
0.104166111428
0.10352804883
0.10285473525
0.102146051843
0.10140188452
0.10062211926
0.0998066591663
0.0989554175727
0.0980683126634
0.097145277758
0.0961862616871
0.0951912227952
0.0941601311887
0.0930929733497
0.0919897439247
0.0908504217795
0.0896750039997
0.0884635054338
0.0872159420562
0.0859323465159
0.0846127630253
0.083257248323
0.0818658696255
0.0804387076473
0.0789758571134
0.0774774187095
0.0759435004962
0.0743742304499
0.0727697517965
0.0711302248934
0.0694558115905
0.0677466621051
0.0660029509
0.0642248633474
0.0624125974503
0.0605663646192
0.0586864208355
0.0567730351146
0.0548265001817
0.0528471407706
0.0508353153443
0.0487913508823
0.0467156084398
0.0446084962092
0.0424704602847
0.040301993344
0.0381036674981
0.035876151141
0.033620218751
0.031336804908
0.0290270675944
0.0266924765746
0.024334947664
0.021957145798
0.0195629309983
0.0171582132176
0.0147526318186
0.0123630761946
0.0100223893931
0.00780203027812
0.00587662957449
0.00467457919776
0.00482037894133
0.00625266557327
0.00835659393384
0.0107630220503
0.0133235097332
0.0159759311717
0.0186910032381
0.0214533685123
0.0242541230946
0.0270876683543
0.0299502661765
0.0328393032943
0.0357527653881
0.0386890548775
0.0416468515947
0.0446250255832
0.0476225888015
0.0506386392774
0.0536723418308
0.0567229083689
0.0597895857148
0.0628715982474
0.0659681961144
0.0690786486899
0.072202228692
0.0753382087782
0.0784859173529
0.0816446985642
0.0848138779168
0.0879927784785
0.0911807315291
0.0943770535562
0.0975810397
0.100791995971
0.104009223517
0.107232018175
0.110459676834
0.1136915105
0.116926819121
0.120164897301
0.123405033527
0.126646516077
0.129888641921
0.133130704032
0.136371990786
0.139611786316
0.14284937404
0.146084025031
0.149315009106
0.15254158877
0.155763024011
0.158978570548
0.162187494949
0.165389082514
0.168582605713
0.171767333087
0.174942537787
0.178107484973
0.181261435931
0.184403643744
0.187533371063
0.190649872008
0.193752402524
0.196840228434
0.199912618357
0.202968834875
0.20600813907
0.209029796322
0.212033076683
0.215017253588
0.217981597535
0.22092538638
0.22384789103
0.226748388635
0.229626157064
0.232480465002
0.23531059564
0.238115822318
0.240895429682
0.243648718624
0.246374995219
0.249073554044
0.251743706374
0.254384761222
0.256996025713
0.259576811166
0.262126433015
0.264644210063
0.267129464544
0.269581526983
0.271999740951
0.274383450423
0.276731991221
0.279044731559
0.28132101803
0.28356022886
0.28576173124
0.287924904163
0.290049140156
0.292133829206
0.294178359406
0.296182135435
0.298144562688
0.300065049744
0.301943021841
0.303777910623
0.30556916878
0.307316244531
0.30901859468
0.310675697485
0.312287018799
0.313852035439
0.315370234653
0.316841115108
0.318264180388
0.319638938995
0.32096492915
0.322241674348
0.323468728913
0.324645641998
0.325771974801
0.326847304794
0.327871210267
0.328843286155
0.32976314416
0.330630389764
0.331444650213
0.332205551276
0.332912740174
0.333565872687
0.334164610757
0.334708633149
0.335197628551
0.335631297039
0.336009351336
0.336331515012
0.3365975219
0.336807116279
0.336960052488
0.337056096174
0.337095037313
0.337076659599
0.337000767123
0.336867176741
0.336675714558
0.33642622371
0.336118557092
0.335752577409
0.335328166165
0.334845209426
0.334303617065
0.333703307906
0.333044204917
0.33232624837
0.331549390731
0.330713592276
0.329818833909
0.328865105562
0.32785241633
0.326780780693
0.325650239552
0.324460837479
0.323212631204
0.32190568866
0.32054009362
0.319115941225
0.31763334265
0.316092423168
0.314493315864
0.312836160606
0.311121130918
0.309348396652
0.307518149481
0.305630584525
0.303685930578
0.301684409752
0.299626269355
0.297511776109
0.295341196652
0.293114804137
0.290832889217
0.28849576
0.286103729289
0.283657131844
0.281156318579
0.278601647636
0.275993495376
0.273332253486
0.270618330742
0.267852126536
0.265034072938
0.262164603513
0.259244173538
0.256273245395
0.253252297726
0.250181808773
0.247062284331
0.243894233082
0.24067817994
0.23741466191
0.234104235991
0.230747466842
0.227344932466
0.223897230492
0.220404965687
0.216868743817
0.213289189396
0.209666936639
0.206002637352
0.202296948583
0.198550551399
0.194764136151
0.190938403929
0.187074073412
0.18317187741
0.179232553893
0.17525685768
0.171245556749
0.167199433352
0.163119285927
0.159005929549
0.154860192125
0.150682921413
0.146474980721
0.142237252738
0.137970646114
0.133676088143
0.129354538009
0.125006979333
0.120634430422
0.116237942557
0.111818607973
0.107377567536
0.102916014542
0.0984352126729
0.0939365043358
0.0894213592551
0.0848913839809
0.0803483472522
0.0757942356425
0.071231324482
0.0666622708033
0.0620902515186
0.0575191649948
0.0529539404638
0.0484010075239
0.0438690740679
0.0393704404104
0.0349231255261
0.0305548393149
0.0263104271637
0.0222664779381
0.0185604640761
0.0154435770948
0.0133408734776
0.0127679674439
0.0139175484677
0.0164328722301
0.0197998616998
0.0236566051128
0.0277984193446
0.0321131975444
0.0365375090523
0.0410335698229
0.0455775441861
0.0501536584357
0.0547509831942
0.0593616259904
0.0639796655691
0.0686004893757
0.0732203871747
0.0778362853862
0.0824455700168
0.0870459926062
0.0916355459425
0.0962124028201
0.100774885052
0.105321430102
0.109850610215
0.11436107128
0.118851505151
0.123320650752
0.127767293401
0.132190235343
0.136588303163
0.140960349527
0.14530524302
0.149621868829
0.153909139107
0.158166021825
0.162391471642
0.166584455567
0.170743954098
0.174868957968
0.178958467205
0.183011486191
0.187027034711
0.191004137266
0.194941823655
0.198839142162
0.202695147489
0.206508896403
0.210279454157
0.214005895323
0.217687308359
0.221322804524
0.224911495281
0.228452498032
0.231944943108
0.235387967672
0.238780707901
0.242122317069
0.245411951952
0.248648777782
0.251831970003
0.254960725769
0.258034248478
0.261051743014
0.2640124349
0.266915546827
0.269760328686
0.27254603262
0.275271922687
0.277937274676
0.280541373776
0.283083519967
0.285563015574
0.287979180536
0.290331344106
0.292618848527
0.294841045362
0.296997305237
0.299087013611
0.301109553028
0.303064341053
0.304950794421
0.306768333618
0.308516399009
0.310194445106
0.311801936129
0.313338351125
0.314803190368
0.316195958216
0.317516184754
0.318763402365
0.319937172208
0.321037055263
0.322062628543
0.323013483308
0.323889231812
0.324689498434
0.32541391532
0.32606212981
0.326633808499
0.327128627776
0.32754627747
0.327886473784
0.328148943468
0.32833342625
0.328439678609
0.32846748417
0.328416637404
0.328286935225
0.328078189177
0.327790233902
0.327422924149
0.326976120342
0.326449709152
0.325843575957
0.325157646921
0.324391842048
0.323546115788
0.322620427216
0.32161475427
0.320529086603
0.319363443687
0.318117855531
0.316792370165
0.315387035297
0.31390192489
0.312337122815
0.310692740817
0.308968901504
0.307165740856
0.305283427453
0.30332213391
0.301282058992
0.299163426271
0.296966451966
0.29469136608
0.292338427569
0.289907902073
0.287400083206
0.284815275086
0.282153798672
0.279415993094
0.276602219451
0.27371285263
0.270748288421
0.26770892564
0.264595192356
0.261407527437
0.258146394246
0.254812270983
0.251405645967
0.247927019358
0.244376915018
0.240755873881
0.237064452937
0.233303230874
0.229472804156
0.225573787818
0.221606822385
0.217572567137
0.213471696148
0.209304883611
0.205072846096
0.200776313223
0.19641603156
0.191992783012
0.187507360592
0.182960593652
0.178353334815
0.173686466796
0.168960907383
0.164177604244
0.159337543536
0.15444175881
0.149491335691
0.144487413646
0.139431183641
0.134323906419
0.129166926295
0.123961693244
0.118709773325
0.113412897043
0.108073009142
0.102692283826
0.0972732100131
0.0918186842998
0.0863321388889
0.0808176875095
0.0752804392869
0.0697268790947
0.0641654644119
0.0586075653473
0.0530690286733
0.0475726735264
0.0421526620537
0.0368623580412
0.0317887812691
0.0270794084191
0.0229883036221
0.01993263009
0.0184681154437
0.0189982504847
0.0214017851819
0.0251688945878
0.0298041109704
0.0349780072832
0.0404961415096
0.0462449752594
0.0521562605101
0.058187168376
0.0643096415654
0.0705045185968
0.0767581994668
0.0830607175589
0.0894044848084
0.0957835412802
0.10219307997
0.108629110467
0.115088263155
0.121567619125
0.128064582848
0.134576817949
0.141102187075
0.147638712701
0.154184567722
0.160738003873
0.167297351558
0.173861002363
0.180427407269
0.186995081363
0.193562555115
0.200128403297
0.206691209888
0.21324958742
0.219802180117
0.226347647082
0.232884654562
0.239411880891
0.245928007518
0.252431751401
0.258921837371
0.265396987525
0.271855936131
0.278297423472
0.2847201953
0.291123013523
0.297504634994
0.303863828393
0.310199360301
0.316510008681
0.322794574631
0.32905185602
0.335280649031
0.341479770659
0.347648028818
0.353784246328
0.359887249632
0.365955878876
0.371988964016
0.377985356705
0.383943909986
0.389863490986
0.39574297808
0.401581246301
0.407377184595
0.41312968199
0.418837644692
0.424499982229
0.430115611901
0.43568345875
0.441202454937
0.446671552802
0.452089719834
0.457455907829
0.462769093229
0.468028266253
0.473232416169
0.478380555373
0.483471702947
0.488504874829
0.493479115831
0.498393470474
0.50324699748
0.508038767787
0.512767856342
0.517433358699
0.522034373196
0.526570033614
0.531039462953
0.53544181019
0.539776224686
0.544041880809
0.548237958791
0.552363658193
0.556418176379
0.560400734734
0.56431057708
0.568146938951
0.571909096048
0.575596316525
0.579207890396
0.58274312073
0.586201333005
0.589581854743
0.592884045728
0.596107259887
0.59925088221
0.602314301757
0.605296933805
0.608198196699
0.611017531383
0.613754396816
0.616408264425
0.618978625535
0.621464969066
0.623866839755
0.62618375797
0.628415282292
0.63056097758
0.632620439025
0.634593249479
0.636479043171
0.638277463767
0.63998814327
0.641610757452
0.643144991948
0.644590555829
0.645947167869
0.647214572549
0.648392514486
0.6494807686
0.65047912934
0.651387399038
0.652205408397
0.652933006919
0.653570025086
0.654116375955
0.654571932968
0.654936623008
0.655210371503
0.655393120638
0.655484839998
0.655485510588
0.655395139059
0.655213738464
0.654941352361
0.654578029814
0.654123852165
0.653578897971
0.652943291061
0.652217146787
0.651400603145
0.650493830309
0.649496996327
0.648410301136
0.647233954492
0.645968197228
0.644613268589
0.643169444788
0.641637016246
0.640016269251
0.638307534853
0.63651112873
0.634627423851
0.63265677768
0.630599579567
0.628456230699
0.626227151401
0.623912783826
0.62151357056
0.619030006434
0.616462551853
0.613811729393
0.611078052506
0.608262068295
0.605364324828
0.602385392464
0.599325852707
0.596186304867
0.592967355398
0.589669650729
0.58629382314
0.5828405436
0.579310486749
0.575704358442
0.57202285527
0.568266709246
0.564436653533
0.56053342653
0.556557822839
0.552510594402
0.548392553997
0.544204514564
0.539947281569
0.535621707429
0.531228633255
0.526768931804
0.522243476936
0.517653153229
0.512998869048
0.508281530623
0.503502080149
0.498661449574
0.493760590558
0.488800470838
0.483782065519
0.478706364234
0.473574364723
0.468387074977
0.463145524486
0.457850734014
0.452503755087
0.447105635363
0.441657446374
0.436160259625
0.430615166549
0.425023258395
0.41938564517
0.413703436537
0.407977764768
0.402209750422
0.396400531461
0.390551259541
0.384663100377
0.378737222868
0.372774806058
0.366777031704
0.360745103638
0.354680218659
0.348583585435
0.342456421874
0.33629995159
0.330115394731
0.323903999546
0.317667022782
0.311405717281
0.305121352334
0.298815195197
0.292488535519
0.286142661048
0.27977887446
0.27339848405
0.267002804924
0.26059316172
0.254170897223
0.247737362283
0.24129391575
0.23484192334
0.228382767986
0.22191786109
0.215448638741
0.208976551327
0.202503065025
0.196029679275
0.189557922619
0.183089359793
0.176625599467
0.17016828587
0.163719120432
0.157279879192
0.150852451392
0.144438810803
0.138041051135
0.13166141949
0.125302351258
0.118966552817
0.112657023099
0.106377151365
0.100130831911
0.0939226201012
0.0877579910363
0.081643622817
0.0755878465471
0.0696013140989
0.0636980013089
0.057896816416
0.052224032022
0.0467170945422
0.0414309632144
0.0364483066047
0.0318953442624
0.0279631654142
0.0249241763359
0.0231073182059
0.0227792953323
0.0239743247278
0.0264619964189
0.029898612347
0.0339767003955
0.0384738955801
0.0432422835366
0.0481854424304
0.0532398799827
0.0583628283843
0.0635246940457
0.0687044129519
0.0738866088554
0.0790597544958
0.0842149650814
0.0893452456954
0.0944449658847
0.0995095086692
0.104535017383
0.109518204894
0.114456225889
0.119346582383
0.12418705612
0.128975674956
0.133710634282
0.138390279027
0.143013080786
0.147577612176
0.152082534376
0.156526581323
0.160908559529
0.165227326784
0.169481797273
0.173670935649
