0.0
0.0308049547551
0.0592770004104
0.0872556109853
0.114564666125
0.141022559881
0.166454984507
0.190698308332
0.2136012035
0.235025981397
0.254849211144
0.272962298377
0.289271607886
0.30369841647
0.316178720951
0.326662636418
0.335114094211
0.341509939293
0.345839603814
0.348104090539
0.34831584667
0.34649787215
0.342683713452
0.336917073258
0.329251897266
0.319752627616
0.308494563881
0.295564823965
0.281063145106
0.265104059394
0.247818596624
0.229358614254
0.209901942798
0.189662593086
0.168906305463
0.14798084148
0.127371735049
0.107809986477
0.0904649351302
0.0772009799387
0.0704945539887
0.0720708221383
0.0811176583371
0.0950726358533
0.111583985833
0.129112851738
0.146724559688
0.163832598529
0.180045856103
0.195088155217
0.208757990543
0.220905998976
0.231423400844
0.240234838398
0.247294078902
0.252581036982
0.256099515937
0.257875127064
0.257953461438
0.256398157568
0.253289148632
0.248720818989
0.24280003603
0.23564468227
0.227381701976
0.218145752877
0.20807792889
0.197324775176
0.186037406107
0.174371336601
0.162486570084
0.150548150865
0.138727755734
0.127205076351
0.116170420344
0.105826119035
0.0963869047443
0.0880743190904
0.0811032336133
0.0756530535139
0.0718284202599
0.0696188774891
0.0688819842037
0.0693638634418
0.070750459652
0.0727233676861
0.074998157107
0.0773429829628
0.0795807208429
0.0815836934083
0.0832647861611
0.084569833283
0.0854699708299
0.085956080207
0.0860336047061
0.0857189679267
0.0850360548782
0.0840137768992
0.0826838008856
0.0810790115538
0.0792321982872
0.0771755767908
0.0749406243173
0.0725589807148
0.0700638811461
0.0674931234264
0.0648930451946
0.0623246157009
0.0598712209929
0.0576481414075
0.0558127628845
0.0545707457715
0.0541744456585
0.054901904464
0.0570193432825
0.0607352093751
0.0661726226893
0.0733695472524
0.0823061268331
0.0929338334644
0.105198430452
0.119050368244
0.134447570623
0.151353547367
0.169733851934
0.189552305945
0.210767195942
0.233328650816
0.257175966678
0.282236252135
0.308422898929
0.335635380634
0.363758896881
0.39266483321
0.422211644422
0.452245976661
0.482604380243
0.513115034701
0.543599964883
0.573877227107
0.603763410953
0.633075926452
0.661635516651
0.689268360499
0.71580831902
0.741098643997
0.764993618028
0.787359823659
0.808076963409
0.827038646191
0.844152396208
0.859339828244
0.87253606811
0.883689395703
0.892760293707
0.899720648057
0.904552681532
0.907248010229
0.907806496888
0.90623548918
0.902548911698
0.896766661279
0.888914070123
0.879021714829
0.867125267113
0.853265653214
0.837489361991
0.819848858648
0.800403259757
0.77921894546
0.75637035653
0.731940665675
0.706022511256
0.67871858478
0.650142172932
0.620417289839
0.589678986565
0.55807318293
0.525756445168
0.492895476973
0.459666773606
0.426255814517
0.392856971284
0.359673215733
0.326917016935
0.294812006811
0.263596977761
0.233532873187
0.204915216668
0.178094029848
0.153505312743
0.131713842603
0.113453561483
0.0996062682598
0.0909939060656
0.0879201774062
0.0897788803131
0.0952380213805
0.102830221034
0.111370895707
0.120042174601
0.128322981916
0.135896289551
0.142580100276
0.148280792453
0.152964774075
0.156640711826
0.159348398157
0.161151876945
0.16213476336
0.162398314163
0.162058929836
0.161247844043
0.160109417416
0.158800398604
0.15748687853
0.156340871921
0.155534531905
0.155232641958
0.15558355484
0.156708868673
0.158695394666
0.1615877593
0.165386825979
0.170050749693
0.175501339289
0.181631362093
0.188314309245
0.195412494424
0.202785066416
0.210293631767
0.217807204606
0.225205470574
0.232381162345
0.239241754305
0.245710283882
0.251726565312
0.257246835637
0.262244720421
0.266709851941
0.270648526691
0.274081954668
0.277045828672
0.279588113962
0.281767855479
0.283652209235
0.285314216399
0.286829586625
0.288273276577
0.289716093859
0.291220988446
0.29284013638
0.29461126726
0.296555994514
0.298677564391
0.300960807251
0.303371598328
0.305858762706
0.308355365853
0.310781863003
0.31304896969
0.315061226685
0.316720577326
0.317929977689
0.318597319202
0.318638397589
0.317980641794
0.316565745657
0.314353133504
0.311321923172
0.307474001814
0.302835765726
0.297460326429
0.29142887029
0.284852054252
0.277870437619
0.270653919779
0.2634001702
0.256330673798
0.249684512604
0.243708313197
0.238643103837
0.234707323686
0.232078403215
0.230875147503
0.231144532652
0.232856110547
0.235905234392
0.240124414091
0.245299916534
0.251189962116
0.257541683868
0.264104849257
0.270641741458
0.27693375335
0.282785018144
0.288024188321
0.292504948249
0.296105756705
0.298729503812
0.300302901233
0.300776386781
0.300123950729
0.298343819784
0.295459169154
0.291519708436
0.286603550373
0.280819739616
0.274311181399
0.267257682459
0.259879090366
0.252437008598
0.245234771408
0.238612818117
0.232938056783
0.228584342854
0.225903697683
0.225190841584
0.226647117017
0.230353894226
0.236262886909
0.244206768196
0.253925115854
0.265097500945
0.277375049855
0.290405642957
0.303851298062
0.317398398472
0.330763020722
0.343692645417
0.355966187568
0.367392633374
0.37780960418
0.387081343609
0.395097035731
0.40176886721
0.4070304609
0.41083519284
0.413154732707
0.413977705739
0.413308435237
0.411165916487
0.407582889286
0.402605257097
0.396291507688
0.388712625254
0.379952019771
0.370106063835
0.359284451046
0.347611434807
0.335226745101
0.322287320138
0.308968670687
0.295466672113
0.281998756457
0.268804482369
0.256144239937
0.24429517206
0.233542982021
0.224167784817
0.216423732949
0.210513269389
0.206560810346
0.204591399897
0.204522295653
0.20617010098
0.20927292357
0.213519659923
0.218580422325
0.224131396572
0.229872685884
0.235538485254
0.240901869767
0.245775754331
0.25001172799
0.253497458733
0.256153887962
0.257931914954
0.258809496401
0.2587885997
0.257892492734
0.25616303785
0.253658332857
0.250450238422
0.246622292615
0.242267700176
0.237487279411
0.232387727243
0.227079707876
0.221676134961
0.216290286454
0.211033747402
0.206014298534
0.201333380556
0.197083590148
0.193345572265
0.190185543142
0.187652295653
0.185775480296
0.184563926559
0.184005894687
0.184069518181
0.18470513156
0.185847863877
0.187421174174
0.189340256987
0.191515600767
0.193856101591
0.196271678947
0.198675596498
0.200986199543
0.203128520302
0.205035130798
0.206647459397
0.207916144379
0.208802124498
0.20927673642
0.209322725597
0.208934306959
0.208117699195
0.206891460349
0.205286829761
0.203347814808
0.20113105894
0.198706223046
0.196154839174
0.19357043321
0.191056654535
0.188726352349
0.186698454079
0.185095579722
0.184039590465
0.183647760483
0.184027698463
0.18527321428
0.1874604782
0.190645930781
0.19486574129
0.20013678807
0.206459633934
0.213821686401
0.22220137135
0.231571197526
0.241901231217
0.253160584609
0.265318760426
0.278345408735
0.292210206248
0.306881443165
0.322324705628
0.338501307492
0.355366749745
0.372869309188
0.390948841724
0.409536043867
0.428551888462
0.447907737172
0.467505449121
0.487238323901
0.506992040329
0.526646063159
0.54607516751
0.565151254048
0.58374518625
0.601728639181
0.618976011546
0.63536611178
0.650783866965
0.665121643382
0.678280521709
0.690171181742
0.700714640183
0.709842622906
0.717497719173
0.723633329287
0.728213343159
0.73121169391
0.732611685305
0.732405344446
0.730592570942
0.727180402906
0.722182197296
0.715616948016
0.707508613433
0.697885643996
0.686780546014
0.674229702197
0.66027318424
0.644954871292
0.628322585069
0.610428421868
0.59132914117
0.571086693051
0.549768786925
0.527449558268
0.504210247605
0.480139979042
0.455336645481
0.429907914243
0.403972498179
0.377661811223
0.351122346133
0.324519035827
0.298040372589
0.271906085829
0.246378826622
0.221781476424
0.198522427555
0.177128655847
0.158281048951
0.142826091671
0.131706578495
0.1257375273
0.125257086479
0.129896353093
0.138710564071
0.150551760935
0.164376977901
0.179369838708
0.194936901967
0.210660928352
0.226251874236
0.241509220033
0.256294618406
0.270513582907
0.284102521954
0.297020252778
0.309241619221
0.320753292157
0.331550561745
0.341635176049
0.351013627585
0.359696030164
0.367695391721
0.375026962154
0.381708058768
0.387757717203
0.393196783321
0.398047655525
0.402334446535
0.406082744195
0.409319628732
0.412073365173
0.414373188661
0.416248907704
0.417730381278
0.418847048549
0.41962721565
0.420097547282
0.420282308091
0.420203024216
0.419877760728
0.419321099822
0.418543817223
0.417553122191
0.416352757783
0.414943734018
0.413324897381
0.411493749906
0.409447576997
0.407184338729
0.404703757966
0.402008240895
0.399103847466
0.396000806464
0.392714176963
0.389263882664
0.385674987435
0.381977019143
0.37820365782
0.374391746013
0.370580295042
0.366808976284
0.363116833673
0.359540560603
0.356112905335
0.352861132671
0.349805489995
0.346958084175
0.344321794852
0.34188999775
0.339646144247
0.337564333435
0.335609840655
0.333740578745
0.331908357355
0.330060882547
0.328143645394
0.326102173399
0.323884057799
0.321441211425
0.318731778696
0.315722013268
0.312387989876
0.308716879949
0.304708147202
0.300374273418
0.295741280902
0.290848688965
0.285749260037
0.280508000325
0.275200871778
0.269912774855
0.264735042439
0.25976216761
0.25508804555
0.250801745382
0.246983051997
0.243697950707
0.240994630367
0.238900279788
0.237419137811
0.236531948973
0.236197026677
0.236352670967
0.236920703325
0.237810728645
0.238924596392
0.240160770313
0.241418331466
0.242600351274
0.243616786579
0.244386727167
0.244840227563
0.244919758881
0.244581497975
0.243796379182
0.242551230126
0.240849822397
0.238714082706
0.236185222668
0.233324980944
0.230216609384
0.226965577457
0.223699566548
0.220567372873
0.217736176834
0.215386650782
0.213705482807
0.212875248039
0.213062157958
0.214403070708
0.216993629522
0.220879664224
0.2260535989
0.232456301161
0.239983662264
0.248496350388
0.257830659118
0.267808988499
0.278248798825
0.288969676011
0.299798530026
0.310573044757
0.321143931704
0.33137618969
0.341149616961
0.350358844967
0.35891313291
0.366735777253
0.373763545973
0.37994582225
0.385243886259
0.389629991783
0.393086587364
0.39560544707
0.397186949457
0.397839297185
0.397577901274
0.396424798637
0.394408193579
0.39156203323
0.38792572264
0.383543913587
0.378466327807
0.372747690384
0.366447660967
0.359630804001
0.352366555221
0.344729140346
0.336797402317
0.328654575876
0.320387840332
0.312087744895
0.303847328701
0.295761025893
0.287923178093
0.280426261085
0.273358744906
0.266802684699
0.260831094008
0.255505284609
0.250872397118
0.246963301244
0.243791171057
0.241350936444
0.239619645988
0.238557806869
0.23811157222
0.238215513504
0.238795660623
0.239772656637
0.241064633743
0.242589755721
0.24426827245
0.246024127422
0.247786072742
0.249488475321
0.251071748648
0.252482635031
0.25367431912
0.254606486784
0.25524533171
0.255563582558
0.255540557052
0.25516223241
0.254421363387
0.253317588142
0.25185759332
0.25005516225
0.247931249072
0.245513905091
0.242838094755
0.239945308702
0.236882979898
0.23370361445
0.230463636207
0.227221919412
0.224038017819
0.22097012133
0.21807288384
0.21539514107
0.212977767141
0.21085189718
0.209037580059
0.207543192695
0.206365616021
0.205491280694
0.204897992772
0.20455742795
0.204438040141
0.204508218869
0.204739433913
0.205109103704
0.20560303007
0.206217331539
0.206959653159
0.207849649801
0.208918725751
0.210208927007
0.211771117926
0.213662444236
0.215943228679
0.218673484724
0.221909303494
0.225699369953
0.2300819446
0.235082557834
0.240712549792
0.246968611016
0.253833202987
0.26127580959
0.26925471316
0.277719195576
0.286611804369
0.295870672075
0.305431602669
0.31522997052
0.325202268917
0.335287449605
0.345427889789
0.355570133875
0.365665394502
0.375669790658
0.385544423954
0.395255247242
0.404772777102
0.414071673013
0.423130181029
0.431929494348
0.440453029244
0.448685666065
0.456612975381
0.464220479527
0.471492972544
0.478413897918
0.484964868604
0.491125312342
0.496872239525
0.502180223287
0.507021434768
0.511365884974
0.515181738334
0.518435728235
0.521093676514
0.523120950797
0.524483054694
0.525146117646
0.525077400174
0.524245755489
0.522622032888
0.520179457047
0.516893935889
0.512744388025
0.50771300356
0.501785562382
0.494951711718
0.487205369664
0.478545119788
0.468974768737
0.458503955332
0.447148940365
0.434933590764
0.421890496802
0.408062416507
0.393503975189
0.378283746348
0.362486847695
0.34621804687
0.329605681597
0.312806389802
0.296010897226
0.279450747057
0.263405580107
0.248209879949
0.234256572949
0.221993013231
0.211902660783
0.204465700696
0.200097068029
0.199073191437
0.201473053142
0.207161063218
0.215820895507
0.227022831786
0.240295661929
0.255181485553
0.271267497807
0.288198590952
0.30567797084
0.323461867772
0.341352121838
0.359188551261
0.376842088442
0.394208826774
0.411205024908
0.427762920805
0.443827239174
0.459352261915
0.474299378982
0.488635021345
0.502328967333
0.515352969505
0.527679674877
0.539281826293
0.550131720139
0.560200957752
0.569460382684
0.577880278626
0.585430770164
0.592082390721
0.59780683158
0.602577811649
0.606372026873
0.60917018115
0.610958035217
0.611727421887
0.611477224676
0.610214203581
0.607953739108
0.604720329107
0.600547892089
0.595479848913
0.589568845305
0.582876257143
0.575471416038
0.567430483959
0.558835097695
0.549770776503
0.540325122219
0.530585863407
0.52063888994
0.510566227246
0.500444094069
0.490341153388
0.480317022476
0.470421052613
0.460691535304
0.451155284872
0.441827689853
0.432713204655
0.423806176348
0.415092128806
0.406549175596
0.398149798591
0.389862642909
0.381654382445
0.373491560887
0.365342437023
0.3571786076
0.34897663324
0.340719404686
0.332397490822
0.324010268605
0.315566949194
0.307087457491
0.298603155608
0.290157317619
0.281805381167
0.273614767822
0.265664243412
0.258042578896
0.250846408419
0.244177020899
0.238136173175
0.23282074662
0.228316594976
0.224692080415
0.221991925802
0.220232395856
0.219398373139
0.219443197359
0.220291086272
0.221841944027
0.223977691983
0.226569401068
0.229484138322
0.23259122626
0.235767307247
0.2389001935
0.241891547217
0.244658685779
0.247135377699
0.249272065469
0.251035581395
0.252408475353
0.2533880274
0.253985017449
0.254222267048
0.254133057258
0.25375930738
0.253149635191
0.252357271101
0.251437810483
0.250446900982
0.249437930193
0.248459677388
0.247554164518
0.246754730253
0.246084489716
0.245555297624
0.24516728316
0.24490904388
0.244758520727
0.244684486297
0.244648624398
0.244608062912
0.244518242987
0.244336002867
0.244022712416
0.243547424769
0.242889814056
0.242042840226
0.241015105479
0.239832689903
0.238540362161
0.237202002505
0.235900026051
0.234733619847
0.233815640709
0.23326793415
0.233215263977
0.233778002682
0.235064148507
0.237161447576
0.240130655384
0.244000535597
0.248765775807
0.254387416984
0.26079600748
0.267896597536
0.275574779552
0.283703032878
0.292146615686
0.300768810109
0.309435125935
0.318016513693
0.326391751753
0.334449085437
0.342087214568
0.349215929858
0.355756353407
0.361641047737
0.366813953273
0.371230261017
0.374856281855
0.377669333656
0.379657622825
0.380820180634
0.381166783324
