1.0
0.999930130207
0.999902818064
0.999919232917
0.999803165239
0.999712508729
0.999669681871
0.999669655694
0.999523409052
0.999376419158
0.999396325102
0.99910365726
0.998865797105
0.998782384865
0.998743636248
0.99851211745
0.998169810296
0.99823011134
0.997841707769
0.997400629576
0.997274986387
0.997196558728
0.996889966453
0.996282304591
0.996343097117
0.995953805961
0.995304868753
0.995126492386
0.995001133997
0.994689922486
0.993814256609
0.993774320854
0.993473561015
0.992653864653
0.992365541358
0.992164026351
0.991934993584
0.990821864933
0.990554764373
0.990381062465
0.989417556185
0.988954476331
0.988606350476
0.988519520924
0.987290199274
0.986696841826
0.986666410579
0.985636447541
0.984960665475
0.984375854209
0.984432327861
0.983235797817
0.982249993778
0.982327635242
0.98132475313
0.980450326973
0.97952241263
0.97962446245
0.978584952152
0.977158260708
0.9772526824
0.976377314763
0.975416683808
0.974118143277
0.974113233199
0.973340497601
0.971469812326
0.971418424424
0.970755310141
0.969880402599
0.968268293534
0.968008224521
0.9675437914
0.965248136302
0.964845739007
0.964355112728
0.963702450758
0.961948099634
0.961314731239
0.961159945927
0.958574054441
0.957650046793
0.957183437618
0.956812128773
0.955137653826
0.95405955538
0.954180497493
0.951563640993
0.950055773385
0.949395983668
0.949232454847
0.947779840994
0.946185903198
0.946472535306
0.944123482247
0.94215845678
0.941154687488
0.941011057333
0.93984737546
0.937685239613
0.937905748685
0.936116407331
0.934014864287
0.932651517205
0.932354463432
0.931482379385
0.928691136592
0.92848935921
0.927386676719
0.925502198843
0.923895775132
0.923347300163
0.922757102024
0.91934716391
0.918342378358
0.917831991353
0.916395173015
0.914746305135
0.913956503102
0.913665633521
0.909847965024
0.9078006501
0.907587919148
0.906619541987
0.905062304281
0.904030661713
0.904023603006
0.900205982225
0.897150699951
0.896861161826
0.896170200596
0.894725029195
0.893343070101
0.893468160734
0.890214324428
0.886517087377
0.885886832124
0.885271229105
0.883866117368
0.881896487302
0.881809399898
0.879595370344
0.875821393762
0.874794261992
0.874158078156
0.872713513624
0.869910960542
0.869086242865
0.86805026943
0.864740582348
0.863455601649
0.86284453339
0.861403419672
0.857771434414
0.855678952579
0.855561636857
0.853054806396
0.851649062467
0.851162603741
0.849917710206
0.84578978053
0.84215161155
0.842420489128
0.840702240082
0.839143514
0.83876743943
0.837880998792
0.833898687226
0.828929157126
0.829059365856
0.827872148835
0.825962232928
0.825474788305
0.824877754776
0.821769366076
0.81618165027
0.815879176521
0.814963920837
0.812485149423
0.811447427081
0.810705805293
0.808951197303
0.803655594587
0.802913951342
0.802197732161
0.799118612649
0.79712894087
0.795551230089
0.7951629389
0.79089617901
0.789846820658
0.78949162123
0.786109633929
0.783073419022
0.780036093814
0.780544338791
0.777557466565
0.776211362954
0.776377491971
0.773206513065
0.769534213639
0.764823900109
0.765515191907
0.763586943422
0.761683935282
0.762266318135
0.759770191494
0.75630139817
0.750321860628
0.750626304347
0.749358930733
0.746440223912
0.746932624384
0.745227389496
0.742821569646
0.736459749361
0.736201057688
0.735307547499
0.731011499949
0.730707275559
0.729347773931
0.728435729986
0.722745676374
0.722081790036
0.721561972284
0.716006710832
0.714384854344
0.712527193827
0.71290264789
0.708634093678
0.707727887676
0.707767820206
0.701683786154
0.698741263067
0.695569477945
0.696528123449
0.69382530018
0.692513554183
0.693201179927
0.687638263589
0.684020332717
0.679285915193
0.68004237659
0.678509460515
0.676250781419
0.677295021585
0.673132633902
0.669876148097
0.664101388346
0.66422960105
0.663278719614
0.659405302996
0.660066831713
0.657507930867
0.655537434216
0.649794670855
0.649371911849
0.648652111492
0.64283028698
0.642220713465
0.640694394217
0.640336181335
0.635679261819
0.635097947173
0.634673176891
0.627259608177
0.624829201769
0.62331442148
0.624136013975
0.621046614944
0.620552364045
0.620676686178
0.612736411707
0.608709206806
0.606306532941
0.607380900416
0.605639316858
0.60495141602
0.60564745111
0.598597196872
0.593978075048
0.590411649492
0.590949895608
0.589884228464
0.588153768372
0.588913564501
0.583894529279
0.579996546507
0.575739479781
0.575549474668
0.57452413484
0.570795986022
0.570656562369
0.567952042801
0.565724968761
0.561727164346
0.561244671608
0.560056468856
0.553939266346
0.551922760787
0.550848528298
0.550431264693
0.547479543733
0.547322974731
0.546248266624
0.538345833392
0.534035110812
0.533360085105
0.534078064459
0.5323239965
0.532709903195
0.532150849839
0.52393620091
0.517861492075
0.51656525162
0.517403043049
0.516277000434
0.516713951784
0.516704436839
0.509872217548
0.503404948804
0.501223438386
0.501476320235
0.500110728548
0.499555951323
0.49943934673
0.495097119191
0.489856405326
0.487318656176
0.486976201605
0.484827108701
0.482287826869
0.480903404753
0.479107295269
0.476151029034
0.474049436847
0.473750279609
0.470971747143
0.466101319731
0.46241826258
0.462263290297
0.461589560535
0.460322386112
0.460802740328
0.458085642939
0.451576674553
0.445398506578
0.445608356478
0.446249820436
0.445471232448
0.446921312555
0.444942598811
0.438311944669
0.430563660336
0.430226535049
0.430980539826
0.429754070845
0.431475464326
0.430330041958
0.425230319677
0.417600210671
0.416604211509
0.416771374561
0.414164701043
0.414906366767
0.413858690457
0.411242076088
0.405409876025
0.404322627573
0.404067053917
0.399791542521
0.398471888647
0.396271513845
0.395948169739
0.392791234215
0.392227731018
0.392286951846
0.386994191617
0.38343637587
0.379011907487
0.379881870215
0.37916802292
0.379140687485
0.380167410618
0.375094494991
0.370232778269
0.363430666341
0.364243589842
0.364885472834
0.364579364248
0.366555586334
0.362807201329
0.358233964654
0.350082028323
0.350194778273
0.350972023965
0.349165618675
0.351262034228
0.349040585731
0.34618789205
0.338525042868
0.338157378552
0.338403734895
0.334252001114
0.33525133321
0.333695392706
0.333113013408
0.327632829941
0.327494748485
0.327393757991
0.321041069168
0.320026571722
0.317720648172
0.318872060808
0.316298554641
0.316875839175
0.317129485068
0.309746528689
0.306767470917
0.302638303899
0.304303991119
0.304098823585
0.305088654257
0.306226025595
0.299448118841
0.295596143656
0.289606830167
0.290704984175
0.291567063594
0.291828905923
0.293630454544
0.28873921277
0.285617800245
0.278833772872
0.279063116677
0.279758173947
0.277901504713
0.279398845071
0.276645056093
0.275470822657
0.26951358055
0.269454560184
0.269485714441
0.264691183907
0.264706428621
0.263232304928
0.264173783244
0.260318060116
0.260864488472
0.260546588248
0.253233894424
0.251160578951
0.249528144758
0.251693050238
0.250266229366
0.251810467283
0.251809540691
0.243525574396
0.239792706009
0.236883888367
0.238967622281
0.239218972417
0.241178410481
0.241848907979
0.234576664717
0.230517750606
0.226214881347
0.227346972477
0.227996708647
0.229014023717
0.229963692396
0.225060606088
0.222259961976
0.217526564674
0.217752131294
0.217767214582
0.216480879412
0.216682680472
0.214282484995
0.213722002474
0.209913389718
0.210066812589
0.20922157737
0.205054249223
0.203451323957
0.202548314699
0.204125663297
0.202142865477
0.203183446952
0.202016316642
0.195602201523
0.191873191434
0.191064922878
0.193667786644
0.193382952518
0.195651867805
0.194894158308
0.187802905791
0.182744213867
0.181094254816
0.183374992065
0.183784993783
0.186607508757
0.186502184485
0.180527627952
0.17574979826
0.17326704259
0.174430836346
0.174315452859
0.176309594646
0.176308305162
0.17259791473
0.16969629397
0.167195185714
0.167468815507
0.166132580254
0.16592604905
0.164967727893
0.163539103827
0.163242397867
0.161671711545
0.162006229597
0.159641267387
0.156774961219
0.153958518545
0.153848493486
0.155700895223
0.155448383344
0.156772174192
0.154218763202
0.149416234807
0.144656182111
0.144624853826
0.14734291887
0.147882758534
0.150398763966
0.148536623533
0.143394402593
0.13762335218
0.136948840058
0.139214644473
0.13940485922
0.142387786883
0.141442205484
0.137532320756
0.132372702813
0.131227520351
0.132395865057
0.131191558636
0.133405351892
0.132735706906
0.130854323032
0.127770182587
0.12691915789
0.127272499913
0.124394353084
0.124780371869
0.12324041575
0.123114168736
0.122731378178
0.122852577632
0.123271691852
0.119368667963
0.117696120569
0.114406574673
0.115056608694
0.116796151738
0.117867956153
0.119155328302
0.115386319508
0.112381848798
0.107398433602
0.107849601725
0.110412285372
0.111598896304
0.113865473295
0.111168762868
0.108163369585
0.102557468741
0.102439434234
0.104518461549
0.104627819186
0.107182749187
0.105723019807
0.103923907728
0.0992623128175
0.098966605092
0.099999531894
0.0981462942255
0.0998724893827
0.0989712153976
0.0988296027292
0.0963281426844
0.0966105086915
0.0968908276018
0.0930957728976
0.0932071871977
0.091781290374
0.092835135018
0.0927810732615
0.094102570447
0.0944024267651
0.089569961817
0.0880865544006
0.0853421588123
0.0866350425797
0.088307345573
0.0903657643646
0.0912860311166
0.0867987796456
0.0845912496343
0.0805317834801
0.0812998923578
0.0834535217197
0.0852209615174
0.0867380399455
0.0836205810568
0.0818940951185
0.0774257121379
0.0775991572773
0.0791582684727
0.079447461946
0.0809145633091
0.079339978248
0.0789624703634
0.075348715614
0.0755252963927
0.0760913777439
0.0742413537855
0.074793325747
0.074026615407
0.0750969981797
0.0733248014098
0.074280604323
0.074199012182
0.0704725123733
0.069618543087
0.0685734726764
0.0704257309168
0.0705815190311
0.0726727500845
0.0726233125457
0.0680787481009
0.0660829274438
0.0640379802182
0.0657544145555
0.0671080993818
0.0698993055121
0.070321316241
0.0662457702489
0.0640617743411
0.0610958922196
0.0620717595584
0.063494019608
0.0659523959345
0.0666927306432
0.0639777176077
0.0627415829672
0.0596615288182
0.0600099009839
0.0606737357887
0.061624553497
0.0620165980321
0.0607499121715
0.0611326972488
0.058932692107
0.0593473769862
0.0590868921218
0.0579525520709
0.0572963429142
0.0568462240861
0.0586810177386
0.0579468436049
0.0591971561112
0.058459997675
0.0555004751082
0.0535838897256
0.0530517334847
0.0554976091918
0.0560581333978
0.0584240972828
0.0578438619878
0.0541324764848
0.0514531925638
0.0502535023919
0.0523210093319
0.0533740081501
0.0563814467789
0.0562665251363
0.0530204921233
0.0506206976232
0.0488507972128
0.050022392877
0.0506286151817
0.0532870394753
0.0533758876944
0.0514010825791
0.0502803246972
0.0485792726217
0.0490506296949
0.0486706964632
0.0499996505656
0.0496016356813
0.0488941395189
0.0495460502948
0.0486646904359
0.0491684212349
0.0479283137309
0.0474909323174
0.0459621577865
0.0458984456565
0.0479723406015
0.0482009883982
0.0494932168153
0.048016376229
0.0461441281163
0.0433975137828
0.0432201878928
0.0458263871957
0.046799696321
0.0491245536505
0.048042365137
0.0456259235902
0.0423140294876
0.0416516744699
0.0438019907594
0.0446890040209
0.0476192442499
0.0471327843204
0.0451660009878
0.0424178945315
0.0415002569109
0.0427238986438
0.0427146272501
0.0453028441983
0.0450210053103
0.0440669872998
0.042900412065
0.0423452451812
0.0428436335982
0.0416428026612
0.0430353371453
0.042235053629
0.042219786001
0.0429849503255
0.0433249425508
0.0437810857579
0.0417251767424
0.041571885137
0.0396994459422
0.0400632765979
0.0422969674424
0.0435526192743
0.0446205763169
0.0424906040734
0.0412152441746
0.0382762085351
0.0384327141297
0.0411052200981
0.0426827696307
0.0445407939581
0.0430175630836
0.0414927127957
0.038211732847
0.0379914853613
0.0401282184996
0.0411236416429
0.0433507749131
0.0426158396335
0.0417001840909
0.0391138986074
0.0388803209758
0.0400153731206
0.0397335928203
0.0415561511127
0.0411459417695
0.0411934844607
0.0402067049435
0.0405999671612
0.0409771580689
0.0393169519707
0.0400820142373
0.0392055659149
0.0399510611088
0.0407443764574
0.0422031039509
0.04248078956
0.0400152497713
0.0396086964099
0.0376810152062
0.0385177399823
0.0405641609552
0.0429218779635
0.0436763656781
0.0412720589704
0.04020228659
0.0372761475219
0.0377254859289
0.0400134621326
0.0425197199431
0.0438442631556
0.0422055946798
0.0413305688948
0.0381497082755
0.0382481904189
0.0399141831597
0.0415242901538
0.0429399661796
0.0421673590073
0.0421815546744
0.0398081173655
0.0401047735274
0.0408067687935
0.0408220164752
0.0416379875314
0.0412322998021
0.0422670027988
0.0414793039834
0.0426694093027
0.0426979777129
0.0410723872646
0.0408462071428
0.0400394833686
0.0416377640418
0.0425159441174
0.0449310272069
0.0448884452761
0.0423424015367
0.0412476988131
0.0395235284511
0.040964443333
0.0428199356262
0.0461149861414
0.0464482436235
0.0439764221713
0.0427681828866
0.0402745284643
0.0411198681874
0.0429420884918
0.0461782210442
0.0468438100761
0.0452150109082
0.0448033696504
0.0422648653789
0.0426696428145
0.0436618317547
0.0457773906005
0.0462595030664
0.0455635194836
0.0465075243073
0.0448737698189
0.0455446736439
0.0455528121576
0.0458785933134
0.0455626850162
0.0452626806857
0.0473856135542
0.0471890796096
0.0489368009286
0.0484007013511
0.0470536508249
0.0457213273405
0.0450555106323
0.0476027362224
0.0486941114833
0.0518396153497
0.051389849822
0.0491410343682
0.047247006853
0.04578796397
0.0478703763313
0.0494518337453
0.0535542474851
0.0535244994984
0.0514252387319
0.0499362626094
0.0479198918599
0.049130410258
0.0502493184312
0.0541788900242
0.0543378841414
0.0530760364014
0.0529796682932
0.0512025572815
0.0518548299376
0.0519263186877
0.054525263837
0.0542409930342
0.0538438039314
0.0555428239322
0.054847338662
0.0557812757011
0.0548838769706
0.0555022716751
0.0542169566102
0.054111517657
0.0572137545167
0.0579272421071
0.0599428384308
0.0586998141342
0.0576172850952
0.0553258658101
0.0548442988743
0.058304972298
0.0599616852633
0.0632791256904
0.0623694391765
0.0605199311382
0.0579969446261
0.0569224427805
0.0596989374879
0.0612908485223
0.0653317875059
0.064995707172
0.063458858891
0.0618984312396
0.0606676897792
0.062264626677
0.0628332038992
0.06650981424
0.0663415433586
0.0657049089726
0.0661434753
0.0656114632873
0.0663940251229
0.0655749284574
0.0678390842933
0.0670697959089
0.067196594791
0.0698143459991
0.0706593235563
0.0715534459792
0.0697710831886
0.0702346288808
0.0683107984067
0.0685661454665
0.0726060531348
0.0748306448782
0.0766834225345
0.0747938470517
0.0739056441404
0.0710026969173
0.0708239133878
0.07493531766
0.0777490614048
0.0807407169682
0.0794957725851
0.078295157374
0.0753657597063
0.0747823167651
0.0778218616851
0.0799939729303
0.0834492942284
0.0829628905766
0.0824092232281
0.0807865656363
0.0805150652123
0.0821007275952
0.0826542338009
0.0855002093424
0.0851882436303
0.0856194043957
0.0862490184971
0.0872548014141
0.0878811749213
0.0866177645733
0.0880170700144
0.0869826767507
0.0879930156252
0.0909346219876
0.0937358386437
0.0943365563778
0.091974180075
0.0919056674827
0.089598994195
0.090450670456
0.0947276135644
0.0989236131994
0.100225131184
0.0979011331179
0.0971465047015
0.0939041169338
0.0941893160842
0.0983467827768
0.102688051922
0.104728399055
0.103302884276
0.102984608484
0.0999606649352
0.100006293592
0.102834093043
0.105876238167
0.108013809724
0.107516106182
0.108400260095
0.107016613968
0.107796499361
0.108977852907
0.109793893756
0.111155020818
