0.0
0.00458925961235
0.00604348070903
0.00597790120634
0.0122305698228
0.0142500482727
0.0151247880164
0.0174942991458
0.0211728693753
0.0238158626504
0.0234911991492
0.0293497209527
0.0324151362593
0.0330477626157
0.0350299538817
0.0385042535117
0.042251714737
0.0416092717225
0.0464066361854
0.0504554916416
0.0511404094874
0.0526520279107
0.055675408501
0.0604403289248
0.0599723957985
0.0634582523896
0.068162576046
0.0691758190757
0.0703928547616
0.0727089459317
0.0782158767357
0.0784424171082
0.0805923539543
0.0855229272693
0.0870626632543
0.0882512307503
0.0897067171756
0.0955592455295
0.0968863523431
0.0978603385776
0.102607943725
0.104749051123
0.106179834507
0.106807797276
0.112545564247
0.115176685824
0.115293880246
0.119537316666
0.1221970323
0.124106335585
0.124147558254
0.129292694278
0.133214158329
0.132914361233
0.136428640299
0.139379059775
0.14194094291
0.141790729234
0.145916881908
0.150929359172
0.150696684981
0.153367169437
0.156305147787
0.159580047851
0.159695694144
0.162533602455
0.168291258688
0.168558541387
0.170410802637
0.173041173255
0.17692295539
0.177737804208
0.179247140614
0.185285005433
0.186358682954
0.187575626393
0.189679430351
0.193887832533
0.195736796607
0.196114331853
0.201919087327
0.203936698595
0.204815663485
0.206309241796
0.210464412605
0.213509612338
0.213134771606
0.218245605959
0.221152789979
0.22201687605
0.22299135618
0.226701679269
0.230878643231
0.230245586913
0.23434411261
0.237890836468
0.239012943493
0.239733751156
0.242671914544
0.2477136359
0.247357534653
0.250302868089
0.254104008609
0.255676787077
0.256495163768
0.258449323468
0.263979510236
0.26438250086
0.266183388764
0.269833218324
0.271942830383
0.273171834482
0.274098401819
0.279723718208
0.281202382372
0.282006681701
0.285215410106
0.287805037049
0.289633213304
0.289704272853
0.295059929966
0.297694630682
0.297793185063
0.300437019447
0.303287002616
0.305778040966
0.305367648593
0.310090826143
0.313730805159
0.313543014805
0.315638377216
0.318405454827
0.321539730267
0.321140266824
0.324891809622
0.329235338799
0.329228191591
0.330871196281
0.33320852498
0.336911884058
0.337007832869
0.339541785786
0.344213810105
0.34477826988
0.346101216646
0.347771985389
0.351885385793
0.352851883893
0.354111716238
0.358725556996
0.360063619125
0.361225271528
0.362180747358
0.366451677521
0.368489269754
0.368660159313
0.372879873521
0.374967851057
0.376130100919
0.376513375947
0.380615563675
0.383715688962
0.383197131866
0.386780476537
0.389382333803
0.390682783027
0.390800879663
0.394377374696
0.398326024375
0.397654036505
0.400493667423
0.403238835335
0.404787938205
0.405029766003
0.407758858116
0.412216685116
0.411948010165
0.414028880727
0.416527795008
0.418422024721
0.419135308576
0.42078697479
0.425394750044
0.425960838538
0.427312821485
0.429304842448
0.431598746642
0.432973403388
0.433511156791
0.437998575776
0.439570789422
0.440262197987
0.441713617489
0.444360662789
0.446392627162
0.446045236097
0.450216410016
0.452657591714
0.4528464738
0.453922939125
0.456691266931
0.459250058649
0.458502425143
0.462167365255
0.465115108627
0.465093071478
0.466043276221
0.468549402744
0.471499984923
0.470953077305
0.473890550327
0.476937694284
0.477092117689
0.478096019437
0.479937692374
0.483192185213
0.483363173495
0.485354842983
0.488194359755
0.48886818092
0.489986150007
0.490924061553
0.494405672474
0.495563632659
0.496516389072
0.499020326276
0.500372392286
0.501574096426
0.50165137166
0.505239511291
0.507352757685
0.507379645725
0.5095527682
0.511482905949
0.512715361264
0.512258505996
0.515728705674
0.518509156707
0.517945138153
0.519864105747
0.522033427071
0.523279043781
0.522798900215
0.525856667112
0.528899690135
0.528235036086
0.529958614619
0.531912553413
0.533237934601
0.533243860684
0.535564892521
0.538507060655
0.538259772782
0.539749419183
0.541086430788
0.542626493262
0.543431780082
0.544760037992
0.547430441225
0.547966888555
0.5490837245
0.549651802759
0.551554688978
0.553146211471
0.553420593005
0.55587478999
0.557261107727
0.557847971284
0.55782221777
0.560105942922
0.562176654633
0.56162699398
0.564005714855
0.565956045874
0.565994328471
0.565809242013
0.568250775293
0.570397270061
0.569530979824
0.571882823851
0.573900867286
0.573619826698
0.573731778285
0.575904320436
0.577873606665
0.577305458074
0.579445518991
0.581060224852
0.580884703521
0.58153606441
0.582978175788
0.584768974048
0.584970280201
0.586556163722
0.587550594032
0.587894774587
0.589015330001
0.589481812454
0.591298902928
0.592406571439
0.593137105119
0.593613529261
0.594670091483
0.595954237817
0.595551927402
0.597593712725
0.599373037841
0.599186987956
0.599468250842
0.601077345744
0.602169333512
0.6013427366
0.603634859322
0.605605195354
0.604763644661
0.605215739747
0.606935181017
0.60763176364
0.606981664438
0.60930595055
0.6109644529
0.609982874249
0.610797478717
0.612081212101
0.612439071963
0.61247317448
0.614412266097
0.615455195828
0.614899510677
0.615982730715
0.616438089612
0.616766458694
0.61766406748
0.618790581729
0.619278253949
0.619521645902
0.620506306045
0.620096497207
0.620807530625
0.622323413221
0.622416584383
0.622712594812
0.62373415288
0.624172274667
0.623267761684
0.624597303586
0.626173658078
0.62539743186
0.625960175988
0.627325728346
0.626972139655
0.626186753479
0.628015071143
0.629095840028
0.627985132097
0.629047488796
0.630123033277
0.629141029013
0.629000859521
0.630837684
0.631170258601
0.630400292966
0.631784524907
0.632069576322
0.630976405572
0.631633733838
0.632875876131
0.632660339552
0.632700558487
0.633904176458
0.633316327054
0.632728038889
0.633873682864
0.634143413125
0.633897112693
0.634768505023
0.635241712012
0.634141429316
0.634416476906
0.63545209071
0.634820593209
0.635060333993
0.636316500086
0.635782534253
0.634790451056
0.635833491862
0.636189673
0.635158581952
0.636128914108
0.637094273683
0.63571763045
0.635371981675
0.63668245428
0.636112023896
0.635363969533
0.636873699894
0.636970785386
0.635296454369
0.635771117406
0.636686083216
0.635388377404
0.635435154165
0.636950782912
0.636015651778
0.634718075023
0.635701577882
0.635747577081
0.634321143663
0.635213298389
0.636100195495
0.634485808438
0.634043461723
0.634852518701
0.633998389223
0.63314215984
0.63439156846
0.634239756838
0.632670539496
0.633087316281
0.63299912799
0.631713146195
0.631879599913
0.632680865515
0.63155003592
0.63075449783
0.63154293454
0.630203690054
0.629209297156
0.630330851322
0.62998862185
0.628416272238
0.628688922246
0.629110880726
0.626764824017
0.626629670006
0.628123697836
0.62645768104
0.625178039167
0.626192949259
0.625692045625
0.623102039274
0.62386968832
0.62496699587
0.62246693024
0.622000394288
0.622954270873
0.621481670422
0.619543722577
0.620657413889
0.620821749548
0.618391575089
0.618728787583
0.618774435386
0.616839776076
0.616104298896
0.616670767481
0.615896414105
0.614416228908
0.615012582589
0.613707439798
0.612105385473
0.612531389317
0.611787045256
0.610577203909
0.610446172078
0.61051182212
0.608044022584
0.607411353603
0.608405994994
0.606102133348
0.6051702928
0.606123730114
0.605049509634
0.602131834416
0.602582350976
0.603349478564
0.599928913744
0.599774695151
0.601025445082
0.598738557073
0.596273210872
0.597265274706
0.597220946141
0.593651336529
0.594237856471
0.594849844113
0.591895593287
0.590515737945
0.591058090027
0.590140282917
0.587492738781
0.588189561201
0.587543469729
0.584877225454
0.58463437336
0.583757125638
0.582455038839
0.581412713434
0.581290341592
0.579398871563
0.577886224434
0.578226255996
0.575500286376
0.574563140328
0.575057573419
0.573381020626
0.570879420967
0.57081014864
0.57088900927
0.566707197013
0.566663817896
0.567936613418
0.56463787649
0.562427254874
0.56329167739
0.562480780441
0.557937325939
0.558700224581
0.559712696977
0.555497546853
0.554224779827
0.554933185616
0.55319056297
0.549538133435
0.550353778256
0.5503524696
0.546405447655
0.546077128745
0.545515884792
0.543425464882
0.541484674781
0.541289550084
0.540177272834
0.537588243379
0.537582689101
0.535187354763
0.533604643599
0.533393948133
0.531361879952
0.529680004423
0.528899265012
0.528324209797
0.524351445497
0.523893004941
0.524701701108
0.520698319786
0.519250172656
0.519890864075
0.518111942346
0.513519828861
0.514145078106
0.514967671392
0.509692891877
0.509037184861
0.51005471386
0.507067541945
0.503056601008
0.503984477237
0.504044848941
0.498767488785
0.498836833891
0.499031290561
0.495529870248
0.49297387811
0.492987735742
0.492121724128
0.488170923647
0.488245283218
0.48683022002
0.483884601661
0.482942098426
0.480970731689
0.479653527761
0.477802735648
0.476861582877
0.473842685387
0.472328919828
0.472396837103
0.468081952208
0.467091041422
0.467202799211
0.464509252785
0.460666506529
0.460735097007
0.460837619142
0.454821131685
0.454684853892
0.45579536144
0.451384624242
0.447853761475
0.448738860749
0.448096669402
0.441787152959
0.442347970576
0.443175464395
0.437941020157
0.435574931147
0.435922512398
0.434401562189
0.429345198543
0.429723479718
0.42933470149
0.424654646358
0.423572926108
0.42211458182
0.42026547046
0.417439377575
0.416459590298
0.414700128748
0.411744088633
0.411311229223
0.407506652432
0.406185053923
0.405582868303
0.402404012832
0.399879192863
0.399025547067
0.398271195291
0.392583226489
0.392367580849
0.393125433712
0.38774880677
0.385396832738
0.386028300768
0.384235401222
0.377929659353
0.378668664924
0.379569164947
0.372923312996
0.371429040434
0.37222300899
0.369348926788
0.363910098283
0.364659792687
0.364757937533
0.358369420351
0.357735890165
0.357286655451
0.354019561565
0.350508340007
0.349916306742
0.348956416865
0.344304435117
0.343824263854
0.341297743683
0.338691666081
0.337293007267
0.334251609739
0.332698471462
0.330545520453
0.329184536902
0.324705068556
0.323575681605
0.323598881271
0.317866040828
0.316531854682
0.31657288529
0.313591676543
0.308183276579
0.30854413358
0.30886348616
0.301311546196
0.300768348942
0.301782899847
0.297224789865
0.292289331847
0.293193592053
0.292885885971
0.285198387537
0.285306368374
0.285789681664
0.2805723572
0.277169904639
0.27709992727
0.275927404992
0.269879103568
0.269756614843
0.268665793678
0.264162106432
0.262496227339
0.260116765831
0.258570997215
0.255214901359
0.253688540407
0.250905047654
0.248238759815
0.247637792348
0.242483915851
0.241387206837
0.240636873358
0.236914974899
0.233195492665
0.23262476355
0.232025256366
0.224774392139
0.22466611947
0.22545643467
0.219619235588
0.216101840485
0.216831804847
0.215418989321
0.207607924978
0.208280751938
0.209181896968
0.20224394161
0.199781675444
0.200318254843
0.197976402836
0.191345590468
0.191805927418
0.191728218662
0.185258048683
0.183952231269
0.18279536412
0.180139908238
0.175892025302
0.174789806266
0.173428543688
0.168871395791
0.168038307278
0.164374520177
0.162378626989
0.160699744918
0.157007892046
0.15486092329
0.152879457096
0.151477860009
0.145562860158
0.144941633295
0.145031906385
0.138633964106
0.136605644519
0.136741414748
0.134005479085
0.127065559848
0.127731041421
0.128306625087
0.120173940726
0.118954689472
0.119842794266
0.115763817639
0.109434846969
0.110361568538
0.110354325771
0.102219964585
0.101779624696
0.101823703139
0.0972114951176
0.0927668514293
0.0924184038139
0.09147135711
0.0850958630618
0.0846244423827
0.0827568800198
0.0788425353508
0.0766027307693
0.0736942654798
0.0722164212065
0.0686055674889
0.0669704294632
0.0630755286271
0.0608651301705
0.0601621392839
0.0542756272099
0.0530735730621
0.0520703874161
0.0484639944397
0.0432535508846
0.0429878498692
0.0426697146715
0.0342493307112
0.034000086058
0.0345087590652
0.0286871478016
0.0229096396114
0.0240978416809
0.0231277736682
0.0111668053887
0.0126448412406
0.0135234299478
0.0
0.0
0.0
0.0
0.0
0.0
0.0
0.0
0.0
0.0
0.0
0.0
0.0
0.00944909876579
0.0129307457912
0.0139828737215
0.02222865052
0.0235042903687
0.0235664244768
0.0295929805866
0.0331930242425
0.0336247382327
0.0348845626424
0.0429875180739
0.0431324257625
0.0419319998641
0.0494760997375
0.0525051325462
0.0516424910897
0.0539342469998
0.0619059371466
0.0613161727605
0.0601591932518
0.0684139006569
0.0704078317608
0.0697454155509
0.072996422522
0.0794801789347
0.0792063729038
0.0790912000057
0.0864260866225
0.08747887585
0.0884930177003
0.0918944263621
0.0959104905771
0.0973394753689
0.0984569775327
0.103426032467
0.104317837523
0.107722278442
0.110217226469
0.111719862024
0.115846645257
0.11761035646
0.119667712549
0.121457055009
0.126848726899
0.12777842622
0.127647766488
0.134450654613
0.135986490673
0.135737470725
0.139103613412
0.145212142299
0.144765773107
0.144292703709
0.152617893552
0.15337448547
0.152274105368
0.15704712667
0.162392642821
0.161628509562
0.161813477499
0.169853211598
0.169992122973
0.169637455248
0.174822263962
0.178409012069
0.178819548245
0.179899670787
0.185960590295
0.186335218694
0.187723348246
0.191990366311
0.193696173415
0.196506914574
0.197976339132
0.201162380899
0.202890265648
0.206024423993
0.208389784385
0.208925141124
0.214467980156
0.215524069292
0.216052617974
0.219882218995
0.223899161418
0.224244482593
0.224700843764
0.232175357853
0.232316730104
0.231341861732
0.237135255584
0.240841316371
0.240049167027
0.241266869668
0.249037445475
0.248487623486
0.247517754126
0.254181520475
0.25671488943
0.256310572294
0.258406391838
0.264715604105
0.264439706777
0.264595123447
0.270524918321
0.271802353683
0.273231055263
0.27557457535
0.279300528503
0.280558029964
0.282079165737
0.285927490455
0.286642670458
0.290535346897
0.292201785793
0.293313679827
0.296966770165
0.299243921485
0.300575626481
0.301751836618
0.307603813197
0.308010127322
0.307457449089
0.313412660147
0.315492498208
0.314979886627
0.317319069845
0.32375202685
0.323100610332
0.322237258993
0.329386517172
0.330613580726
0.329687223958
0.333130288467
0.338590666155
0.337861234736
0.33772818125
0.344421388129
0.34485207969
0.344986928744
0.348725467162
0.352191526007
0.352696674716
0.353563367959
0.358328104107
0.358698614541
0.360725833111
0.363664272522
0.365031169508
0.367767044752
0.369155909569
0.371327544815
0.372639081576
0.376415219166
0.377781810229
0.377790254158
0.382908482847
0.384026401261
0.38396955956
0.38689225248
0.391452693456
0.391258747912
0.391021322037
0.397666367764
0.397977870213
0.396873353375
0.40130667906
0.405392332117
0.404509377563
0.404909747743
0.411553472161
0.411186353568
0.410449074666
0.415472758621
0.418176125405
0.417966388255
0.419209646712
0.424293921882
0.42405367911
0.424657064758
0.428944487183
0.430125445117
0.43177541798
0.433364215832
0.435993115289
0.436955170911
0.439006750447
0.441509938438
0.441808395597
0.445707026343
0.446836053751
0.447141101427
0.450024593721
0.452826419843
0.4533222462
0.453723255123
0.459224017349
0.459362619205
0.458342654394
0.463023942994
0.465558619319
0.464784677925
0.466020945907
0.4717533349
0.471047263245
0.470007972933
0.475508979406
0.477060641599
