0.0
0.0148513105043
0.0252436885592
0.0354549785907
0.0456665791365
0.0559123805959
0.0661920458068
0.0764933889293
0.0867990688872
0.0970891590785
0.107342357808
0.11753662111
0.12764954155
0.137658628581
0.147541504364
0.157276099748
0.16684075875
0.176214381881
0.185376552388
0.194307616105
0.202988758001
0.211402100749
0.219530792916
0.227359036009
0.234872133442
0.242056541263
0.248899938166
0.255391184606
0.261520371327
0.267278875782
0.272659268822
0.277655381997
0.282262289418
0.286476255115
0.290294736861
0.293716354194
0.296740853517
0.299369058771
0.301602849937
0.303445094231
0.304899625109
0.30597116497
0.306665295221
0.306988395905
0.306947583535
0.306550662095
0.305806079514
0.304722851395
0.303310527397
0.301579130462
0.299539111181
0.29720128077
0.294576794524
0.291677084315
0.288513817207
0.285098872428
0.281444280772
0.277562221228
0.273464952921
0.269164819924
0.264674217357
0.260005557819
0.255171273548
0.250183794395
0.245055543502
0.239798925889
0.234426336433
0.228950162484
0.223382781507
0.217736600004
0.212024053945
0.206257638855
0.20044994932
0.194613713454
0.188761847404
0.182907498536
0.17706412647
0.171245566665
0.165466117486
0.159740638081
0.154084651895
0.148514458145
0.143047248044
0.137701244477
0.132495803582
0.127451529837
0.122590365143
0.11793561506
0.113511926426
0.109345147028
0.105462064049
0.10188996286
0.0986559981485
0.0957863022926
0.0933049185574
0.0912325633262
0.0895853197971
0.088373411681
0.0876002224187
0.0872617237004
0.0873463969569
0.0878357227745
0.0887051067794
0.0899251794035
0.0914632183355
0.0932845939845
0.0953540405676
0.0976367254862
0.100099033337
0.102709115633
0.105437212787
0.108255803097
0.111139627102
0.114065608599
0.11701272595
0.119961844869
0.122895554597
0.125797982419
0.128654628495
0.131452199083
0.134178477225
0.13682221201
0.139372969503
0.141821046496
0.14415738686
0.146373540263
0.148461566687
0.150414013952
0.152223863171
0.15388452552
0.155389799096
0.15673388623
0.157911375349
0.158917268548
0.159746977634
0.160396382858
0.160861844541
0.161140274264
0.161229182584
0.161126761103
0.160831974906
0.160344657068
0.159665656747
0.15879695841
0.157741880803
0.156505248895
0.155093640407
0.153515645992
0.15178216059
0.149906745077
0.147905980141
0.145799931184
0.143612561164
0.141372293677
0.139112417765
0.136871672279
0.134694534374
0.132631602915
0.130739501355
0.129080673176
0.127722496888
0.126735968575
0.126193642683
0.126166939742
0.126723058029
0.127921470433
0.12981094886
0.132426807293
0.135789646226
0.139904756186
0.144763220257
0.150343395865
0.156613441574
0.163533593567
0.171058668339
0.179139994748
0.187727083333
0.196768829297
0.206214331506
0.216013444317
0.226117088087
0.236477377206
0.247047680581
0.257782588738
0.268637842965
0.279570297686
0.29053782808
0.301499276824
0.312414433613
0.323243998731
0.333949566192
0.344493670218
0.354839788711
0.364952392175
0.374797010459
0.384340288609
0.393550068164
0.402395465592
0.41084696044
0.418876489421
0.426457513556
0.433565138249
0.440176171708
0.446269223161
0.451824779346
0.456825268637
0.461255116398
0.465100846918
0.46835106767
0.470996548004
0.473030246963
0.474447310524
0.475245086695
0.47542314904
0.474983239364
0.473929257329
0.472267257945
0.470005354867
0.46715368849
0.463724387622
0.459731431525
0.455190629896
0.450119501934
0.444537185047
0.438464342551
0.431923045086
0.424936667589
0.417529785452
0.409728041737
0.401558058865
0.393047310528
0.384224011768
0.37511703632
0.365755782555
0.356170109068
0.346390246603
0.336446705618
0.326370241358
0.316191785265
0.305942407285
0.295653327821
0.285355880877
0.275081545063
0.264862012522
0.254729213544
0.244715424947
0.234853378135
0.22517637941
0.215718455851
0.206514517415
0.197600486895
0.189013438336
0.180791658668
0.172974639107
0.165602928264
0.158717788613
0.152360597157
0.146571918317
0.141390275458
0.136850554143
0.132982080175
0.129806619694
0.127336494289
0.125573071602
0.124505908467
0.12411280317
0.124360778178
0.125207813679
0.126605154332
0.128499835456
0.130837134717
0.133562698086
0.136624165208
0.139972397302
0.143562220152
0.147352730871
0.151307406004
0.155393957276
0.159584072985
0.16385307675
0.168179547336
0.172544976045
0.17693339326
0.181331029106
0.185726027496
0.190108168839
0.194468639564
0.198799813953
0.203095078489
0.207348685512
0.211555598872
0.215711397596
0.219812165747
0.223854424536
0.227835033995
0.231751158336
0.235600205478
0.239379778489
0.243087651804
0.246721720424
0.250279992385
0.253760546334
0.257161555554
0.260481226578
0.263717802155
0.266869552925
0.269934762503
0.272911741462
0.275798814291
0.278594279607
0.281296449177
0.283903635064
0.286414127714
0.288826239446
0.291138269303
0.293348509869
0.295455244709
0.297456748336
0.299351325692
0.301137296494
0.302812980041
0.304376695584
0.305826804454
0.307161698551
0.308379811111
0.30947963453
0.310459727297
0.311318689109
0.312055181573
0.312667984059
0.31315600307
0.313518254379
0.313753871036
0.313862118715
0.313842451146
0.313694508171
0.313418107987
0.313013295497
0.312480351768
0.311819783999
0.311032383742
0.310119237797
0.309081742876
0.307921609623
0.306640886561
0.305241987555
0.303727701272
0.302101220465
0.30036612608
0.298526432061
0.296586567216
0.294551401634
0.292426253145
0.290216886519
0.287929516519
0.285570782992
0.283147770436
0.280667969395
0.278139279488
0.275569973529
0.272968675532
0.270344314815
0.267706084395
0.265063386424
0.262425791475
0.259802963308
0.257204580629
0.254640255442
0.252119453068
0.249651416985
0.247245042005
0.244908797987
0.242650609231
0.240477769151
0.238396836712
0.236413543102
0.234532694593
0.232758108568
0.231092537881
0.229537629328
0.228093887752
0.226760642294
0.2255360729
0.224417216385
0.223400020364
0.222479383062
0.221649261639
0.220902734241
0.22023213736
0.219629170234
0.219085027526
0.218590531669
0.218136284799
0.217712794393
0.217310626001
0.216920539463
0.216533612258
0.216141374953
0.215735942085
0.215310096282
0.214857433277
0.214372409424
0.213850478712
0.213288128835
0.212682972655
0.212033805613
0.211340638981
0.210604763976
0.20982875287
0.209016499181
0.208173205959
0.207305390645
0.206420851359
0.205528638478
0.2046389941
0.203763286096
0.202913900232
0.202104141761
0.201348085518
0.200660424532
0.200056274288
0.199550977813
0.199159880093
0.198898070421
0.198780158975
0.198819980925
0.199030370127
0.199422888993
0.200007606699
0.200792902331
0.201785270185
0.20298922856
0.204407194775
0.206039485734
0.207884304668
0.209937814253
0.212194245272
0.21464601984
0.217283934125
0.220097343534
0.223074377648
0.226202142698
0.229466942901
0.232854484136
0.236350078429
0.239938820416
0.243605770297
0.24733608697
0.251115180797
0.254928812235
0.258763219293
0.262605167417
0.266442041891
0.270261900406
0.274053502295
0.277806363965
0.281510759731
0.285157751341
0.288739186327
0.292247700882
0.295676717418
0.299020434133
0.302273804958
0.305432530379
0.308493033368
0.31145244234
0.314308554959
0.317059820108
0.319705305771
0.322244675593
0.324678149972
0.327006491934
0.329230952126
0.331353249016
0.333375535163
0.33530036866
0.337130661162
0.338869680463
0.340520981541
0.34208839512
0.343575984131
0.344988015031
0.346328943436
0.347603349848
0.348815932391
0.349971450296
0.351074716769
0.352130561927
0.353143808057
0.354119225361
0.355061526033
0.355975284082
0.356864951828
0.357734836266
0.358589070151
0.359431565538
0.360265970955
0.361095677971
0.361923798004
0.362753142289
0.363586169678
0.364424992375
0.365271350197
0.36612657495
0.366991599962
0.367866945486
0.368752685176
0.369648436308
0.370553349059
0.37146611071
0.372384956294
0.373307637593
0.374231406635
0.375153039063
0.376068841294
0.376974657635
0.37786586458
0.37873738554
0.379583720006
0.380398911876
0.381176622995
0.381910126176
0.382592329787
0.383215800678
0.383772779514
0.384255253991
0.384654958564
0.38496342476
0.385171992246
0.385271884637
0.385254224038
0.385110089277
0.38483058557
0.384406872792
0.383830239069
0.383092121201
0.382184208908
0.381098483185
0.379827314432
0.378363499632
0.376700355719
0.374831786831
0.372752385054
0.370457507437
0.367943363063
0.3652071333
0.362247020417
0.359062401074
0.355653912789
0.352023577507
0.348174918902
0.344113077313
0.339844950809
0.335379329171
0.330727050715
0.325901117357
0.320916827402
0.315791957351
0.310546893348
0.305204761248
0.299791550146
0.294336203569
0.288870716891
0.28343015353
0.278052603736
0.272779088385
0.267653307785
0.262721408621
0.258031421041
0.253632610591
0.249574593212
0.245906377069
0.242675166875
0.239924913608
0.237694875197
0.23601809439
0.23492017497
0.234418020751
0.23451898334
0.235220388554
0.236509497171
0.238364007078
0.240752743099
0.243636849441
0.246971053811
0.250705141929
0.254785385181
0.259155862827
0.263759714137
0.268540179986
0.273441484224
0.278409554193
0.283392552534
0.288341321509
0.2932096749
0.297954578448
0.30253636511
0.30691871023
0.311068783366
0.314957172377
0.318557923818
0.321848494477
0.324809697837
0.327425708038
0.329683927775
0.331575005819
0.333092698459
0.334233861126
0.334998325694
0.335388839361
0.335410967879
0.33507300396
0.334385863036
0.333362959352
0.332020095237
0.330375324451
0.328448809969
0.326262655222
0.32384077803
0.321208637513
0.318393153213
0.315422386323
0.312325379754
0.309131861158
0.305872012386
0.302576176107
0.299274525485
0.295996835285
0.292772049039
0.289628048294
0.286591269683
0.283686385107
0.280936026904
0.278360452132
0.275977332378
0.273801520954
0.271844885834
0.270116228832
0.268621223084
0.267362449088
0.266339509952
0.265549137089
0.264985475648
0.264640275574
0.264503264769
0.264562421773
0.264804359384
0.265214674191
0.265778243932
0.266479621514
0.267303271469
0.268233881098
0.26925657731
0.270357136311
0.271522136902
0.272739098607
0.273996585183
0.275284245585
0.276592869142
0.27791439539
0.279241892588
0.280569545888
0.281892600007
0.283207318294
0.28451090107
0.285801434383
0.28707779375
0.288339572521
0.289587006569
0.290820888671
0.292042476477
0.293253443862
0.294455772687
0.295651713648
0.296843695925
0.298034275265
0.299226094784
0.300421810754
0.301624048458
0.302835379471
0.304058282134
0.305295124188
0.30654811377
0.307819301211
0.309110550079
0.310423557755
0.311759831123
0.313120676896
0.314507219655
0.315920398547
0.317360970512
0.318829532736
0.320326510442
0.321852182402
0.323406685361
0.324990040719
0.326602130222
0.32824273801
0.329911546362
0.331608141808
0.333332041853
0.335082666226
0.33685938554
0.338661475935
0.340488149979
0.342338558463
0.344211782144
0.346106832546
0.348022635555
0.349958036545
0.351911797093
0.353882594166
0.355868982617
0.357869405853
0.359882179282
0.361905497671
0.363937415118
0.36597581934
0.368018440042
0.370062827266
0.372106357122
0.374146205618
0.376179355564
0.378202591767
0.380212470827
0.382205326791
0.384177285978
0.386124275959
0.38804199777
0.389925929061
0.391771339506
0.393573313611
0.395326748473
0.397026356336
0.398666711207
0.400242226926
0.401747206306
0.403175861327
0.404522354646
0.405780791311
0.406945300897
0.408010022606
0.408969195928
0.40981717315
0.410548468053
0.411157818012
0.41164022242
0.411991007013
0.412205877662
0.412280979699
0.412212966431
0.411999052969
0.411637097252
0.411125659919
0.410464071017
0.409652521832
0.40869210148
0.407584911809
0.406334098945
0.404943942166
0.403419913433
0.401768741527
0.399998480441
0.398118523532
0.396139690264
0.394074210958
0.391935782402
0.389739536979
0.387502045594
0.385241273954
0.382976501256
0.380728247999
0.378518154221
0.376368800543
0.374303530033
0.372346219432
0.370521012456
0.368851995806
0.367362887924
0.366076666345
0.365015160136
0.364198674939
0.363645555068
0.363371815871
0.363390763007
0.363712632303
0.364344337714
0.365289195023
0.366546809804
0.368112949544
0.369979570068
0.372134875455
0.374563443258
0.377246485617
0.380162062338
0.383285449441
0.386589452244
0.390044808193
0.393620557663
0.397284443225
0.401003290969
0.404743374793
0.408470772455
0.412151697244
0.415752801685
0.419241445977
0.422585965837
0.425755882906
0.428722132656
0.431457213033
0.433935367936
0.436132710085
0.438027342001
0.439599483949
0.440831492405
0.441708028984
0.442216045698
0.442344847523
0.442086148869
0.441434075955
0.440385199481
0.438938519444
0.437095477037
0.434859929277
0.432238139631
0.429238745753
0.42587271982
0.42215332034
0.418096054955
0.413718596415
0.409040745798
0.404084326051
0.398873126142
0.393432781118
0.387790695864
0.381975903015
0.376018935683
0.369951727769
0.363807365102
0.357620011119
0.351424598052
0.345256675522
0.339152107798
0.333146785104
0.327276341022
0.321575736915
0.316078930769
0.310818420559
0.305824834302
0.301126467441
0.296748826494
0.292714209778
0.289041286152
0.28574474796
0.282835044498
0.280318162626
0.278195566855
0.276464210224
0.275116668904
0.27414141841
0.273523144653
0.273243240183
0.273280245305
0.273610432816
0.274208350911
0.275047364045
0.276100215655
0.27733946863
0.278737996584
0.280269317006
0.281907947342
0.28362963781
0.285411588153
0.287232597033
0.289073167097
0.290915569808
0.292743852633
0.294543842185
0.296303125862
0.29801098071
0.299658341782
0.301237720536
0.302743122643
0.304169962216
0.305514965469
0.306776105637
0.307952503036
0.309044324943
0.31005269793
0.310979629608
0.311827934739
0.312601149551
0.313303456479
0.3139396282
0.314514933854
0.315035073283
0.315506141413
0.315934555232
0.316327007873
0.31669038897
0.317031743022
0.317358249757
0.317677172365
0.317995804197
0.318321416932
0.318661256727
0.319022479231
0.319412135167
0.319837135663
0.320304219431
0.320819932618
0.321390582996
0.322022247999
0.322720726616
0.323491534101
0.324339854159
0.325270544856
0.32628810745
0.32739669088
0.32860007394
0.329901598127
0.33130420018
0.332810401106
0.334422289115
0.336141496094
0.337969191965
0.339906080801
0.341952369771
0.344107775238
0.346371528294
0.348742359664
0.351218460895
0.353797515135
0.356476677653
0.359252581965
0.362121311786
0.365078415511
0.36811887706
0.371237140987
0.374427109226
0.377682138943
0.380995018225
0.384357993652
0.38776276699
0.391200503152
0.394661832464
0.398136862115
0.401615194187
0.405085913563
0.408537625226
0.411958496101
0.415336231793
0.418658134515
0.421911124236
0.425081758522
0.428156291571
0.43112070729
0.433960762096
0.436662035211
0.439209984016
0.441590016838
0.44378751931
0.445787958102
0.447576941137
0.449140295236
0.450464175835
0.45153509963
0.452340064434
0.452866652691
0.453103134748
0.453038543794
0.452662808901
0.451966841348
0.450942698463
0.449583662772
0.447884358855
0.445840885951
0.443450942821
0.440713970819
0.437631260282
0.434206068346
0.430443786009
0.426352035563
0.421940799061
0.417222561908
0.412212401192
0.406928123563
0.401390359291
0.395622659172
0.38965156467
0.383506679158
0.377220676203
0.370829315589
0.3643713847
0.357888603451
0.351425425851
0.345028837217
0.338747933043
0.33263352615
0.326737462424
