0.0
0.0137536923378
0.0223260744116
0.0302590356223
0.0377887462476
0.044975675649
0.051839678799
0.058387893236
0.0646232893402
0.0705479313783
0.0761644117606
0.0814765633817
0.0864898134927
0.0912114215237
0.095650546059
0.0998182198082
0.103727391043
0.107392840575
0.110831062724
0.114060117837
0.117099543244
0.119970120864
0.122693595152
0.125292499498
0.127789867126
0.130208930483
0.132572738666
0.134903921213
0.137224315322
0.139554599979
0.14191406166
0.144320253183
0.146788748357
0.149332984664
0.151964057419
0.154690655193
0.157519024153
0.16045299022
0.163494032255
0.166641414546
0.169892346211
0.173242190349
0.176684675189
0.18021211521
0.18381568101
0.187485603756
0.19121141086
0.194982141507
0.198786545977
0.202613250743
0.206450919365
0.210288402449
0.214114837177
0.217919747896
0.221693133415
0.225425535986
0.229108073201
0.23273248516
0.23629116589
0.239777163286
0.243184195054
0.246506647687
0.249739566675
0.252878638278
0.255920182187
0.258861122296
0.261698969805
0.264431787509
0.267058171742
0.269577224857
0.271988504609
0.274292015862
0.276488182067
0.278577785825
0.280561964224
0.282442179303
0.284220166056
0.285897925787
0.287477681134
0.288961869922
0.290353089445
0.291654097525
0.292867765167
0.293997083187
0.295045105316
0.296014946453
0.296909760993
0.297732721975
0.298486999527
0.299175746301
0.299802081178
0.300369077159
0.30087973762
0.301336996243
0.301743689851
0.302102571731
0.302416267759
0.30268729137
0.302918029
0.303110731159
0.303267506212
0.303390309719
0.303480953953
0.303541083337
0.303572193335
0.303575605887
0.303552482324
0.303503822677
0.303430470574
0.303333087354
0.303212191367
0.303068140571
0.302901140712
0.302711258124
0.302498417704
0.302262412708
0.302002915148
0.301719494248
0.301411612141
0.301078656248
0.30071993199
0.300334703925
0.299922196588
0.29948160958
0.299012137162
0.298513020835
0.297983513331
0.297422962017
0.296830778376
0.296206502244
0.295549805177
0.294860518491
0.294138661866
0.293384457876
0.29259836611
0.291781096057
0.290933629453
0.290057235796
0.289153484954
0.288224263666
0.287271780275
0.286298558399
0.285307437718
0.284301571733
0.283284391518
0.282259608375
0.281231150116
0.280203155407
0.279179879172
0.278165691554
0.277164944753
0.276181971493
0.275220926153
0.274285754474
0.273380061748
0.272507035657
0.271669321654
0.270868926872
0.270107141264
0.269384393339
0.268700201055
0.268053069528
0.267440426333
0.266858569523
0.26630261741
0.265766515398
0.265243000281
0.264723664909
0.264198945245
0.263658269451
0.263090035283
0.262481844607
0.261820496558
0.261092270625
0.260282957081
0.259378153241
0.258363353595
0.257224225967
0.255946780801
0.254517613343
0.252924115703
0.251154707415
0.24919908172
0.247048437725
0.244695746351
0.24213598016
0.239366386285
0.236386757752
0.233199694346
0.229810894062
0.226229455378
0.222468162392
0.218543819031
0.214477559292
0.210295164944
0.206027393626
0.201710263562
0.197385265224
0.193099560868
0.18890596593
0.184862780056
0.181033337443
0.17748518371
0.174288802121
0.171515846628
0.169236820711
0.167518297933
0.166419806238
0.165990694443
0.166267271191
0.167270598093
0.169005302463
0.171459493073
0.174605778917
0.178403303386
0.182800287396
0.187736876597
0.193147994163
0.198965798734
0.205121804914
0.211548558466
0.21818080588
0.224956344582
0.23181655118
0.238706668995
0.245575915814
0.252377517064
0.259068604167
0.26561011177
0.27196663033
0.278106252167
0.28400040934
0.289623705132
0.294953799312
0.299971214917
0.304659244272
0.309003786585
0.31299323761
0.316618361454
0.319872181195
0.322749849617
0.325248548035
0.32736738456
0.329107254658
0.330470758139
0.331462099653
0.332086946376
0.332352348576
0.332266642807
0.331839320106
0.331080948419
0.330003054036
0.328618030865
0.326939047736
0.324979946578
0.322755137382
0.320279531262
0.317568458456
0.314637553868
0.311502695736
0.308179921398
0.304685367849
0.301035199333
0.297245515061
0.293332319354
0.289311460002
0.285198550027
0.281008948431
0.276757679593
0.272459430862
0.2681284754
0.263778640888
0.259423310275
0.255075342623
0.25074707613
0.246450292578
0.242196193846
0.23799538536
0.233857855339
0.229792952758
0.225809385728
0.221915204787
0.218117781192
0.21442382095
0.210839341573
0.207369685308
0.204019505176
0.200792778323
0.197692812695
0.194722251463
0.191883094012
0.189176705744
0.186603848793
0.184164697378
0.181858873838
0.179685480235
0.177643130718
0.175729994701
0.173943830162
0.172282038627
0.170741705858
0.169319645359
0.168012444529
0.166816515888
0.165728135128
0.164743488433
0.163858711454
0.163069933611
0.162373315149
0.161765058905
0.161241455832
0.160798904879
0.160433941532
0.160143235872
0.159923635036
0.159772129077
0.15968587018
0.159662170819
0.159698541046
0.159792651665
0.159942300252
0.160145403158
0.160400010051
0.160704286916
0.161056490132
0.161454957663
0.161898092382
0.162384278924
0.162911881953
0.163479303265
0.164084967493
0.164727252093
0.165404419847
0.166114656685
0.166856114106
0.167626856722
0.168424841187
0.169247926537
0.170093872132
0.170960350437
0.171844953291
0.172745253267
0.173658795118
0.174583030631
0.175515348936
0.176453209406
0.177394231058
0.178336133053
0.179276677287
0.180213795902
0.181145702224
0.182070896078
0.182988204634
0.183896829447
0.184796407782
0.185687006824
0.186569217603
0.18744429371
0.188314180541
0.189181443694
0.190049317899
0.190921800402
0.191803736292
0.192700770554
0.193619294118
0.194566504062
0.195550379633
0.196579659851
0.197663764069
0.198812703896
0.200037012327
0.201347658222
0.202755900375
0.20427313225
0.205910728364
0.207679882626
0.209591429493
0.211655648323
0.213882081015
0.216279343638
0.218854971443
0.221615249602
0.224565079687
0.227707863762
0.231045413515
0.23457790075
0.238303813535
0.242219970727
0.246321522548
0.250602027465
0.255053505218
0.259666545731
0.264430413613
0.269333155919
0.274361748732
0.27950222702
0.284739818341
0.290059083545
0.295444049956
0.300878351535
0.306345346238
0.311828232858
0.317310172191
0.322774403089
0.328204319853
0.33358358149
0.338896184387
0.344126550156
0.349259581685
0.35428075205
0.359176129133
0.363932442322
0.368537141512
0.37297840213
0.377245193962
0.381327282223
0.385215259211
0.388900587584
0.392375564458
0.395633371143
0.398668061007
0.401474581149
0.404048726946
0.406387190296
0.408487502926
0.410348050386
0.411968059827
0.413347549641
0.414487345827
0.41538903349
0.416054940558
0.416488116693
0.416692264965
0.416671771466
0.416431613556
0.415977354866
0.415315111437
0.414451489503
0.413393570412
0.412148860153
0.410725257283
0.409130995371
0.407374621098
0.405464954361
0.403411013619
0.401222030255
0.398907360205
0.396476469995
0.393938889824
0.391304168758
0.388581861713
0.385781462688
0.382912390304
0.379983950536
0.377005300225
0.373985421876
0.370933088573
0.367856852826
0.364765005544
0.361665566508
0.358566247488
0.355474464365
0.352397293055
0.349341471907
0.346313383886
0.343319064972
0.340364178745
0.337454025421
0.334593541663
0.331787302545
0.329039521277
0.326354069704
0.323734469634
0.321183925128
0.318705314076
0.316301218862
0.313973940244
0.311725512822
0.309557724813
0.307472139019
0.305470112842
0.30355282553
0.30172128775
0.299976379953
0.298318867112
0.296749399115
0.295268571941
0.293876917888
0.292574933902
0.291363110362
0.290241942308
0.289211918778
0.288273564634
0.287427457657
0.286674251708
0.286014651101
0.285449421278
0.284979407608
0.284605554587
0.284328895502
0.28415054242
0.284071690441
0.284093613428
0.284217670507
0.284445270494
0.284777903837
0.285217103715
0.285764419323
0.286421408289
0.287189633753
0.288070668179
0.289066018213
0.290177105511
0.291405279658
0.292751763538
0.294217653179
0.29580385986
0.297511107535
0.299339884428
0.301290415754
0.303362631164
0.30555615401
0.307870256886
0.310303821432
0.312855313251
0.315522769734
0.318303772355
0.321195419719
0.324194269917
0.32729634582
0.330497111649
0.333791448003
0.337173636928
0.340637356423
0.344175659526
0.347780940611
0.351444952999
0.355158808777
0.358912960853
0.362697195224
0.366500643371
0.370311799935
0.374118516223
0.377908028333
0.381666954204
0.385381304897
0.389036542893
0.392617585232
0.396108843647
0.399494254748
0.402757315275
0.405881135299
0.408848463639
0.411641787921
0.414243341888
0.416635204188
0.418799340024
0.420717684133
0.422372212928
0.423745038652
0.424818466668
0.425575126134
0.425998027008
0.426070669442
0.425777164304
0.425102362454
0.424031947452
0.422552503274
0.420651704866
0.418318431153
0.415542972342
0.412317061845
0.408634037832
0.404489051773
0.399879237116
0.394803904714
0.389264668094
0.383265712285
0.376813977798
0.369919443381
0.362595395684
0.354858752772
0.346730432143
0.338235726531
0.329404801543
0.320273237696
0.31088265362
0.301281436806
0.291525580787
0.281679576037
0.271817531728
0.262024149595
0.252395911135
0.243041896596
0.234084391595
0.225658792323
0.217912202812
0.211000712794
0.205084042312
0.200318167509
0.196845219057
0.194782242477
0.194210240627
0.1951656854
0.197636929534
0.201565773851
0.206854438602
0.213375517944
0.220983143526
0.229523215818
0.238841601188
0.248789949109
0.25922929587
0.270031852765
0.281081651808
0.292274274505
0.303516235995
0.314724103974
0.325823540178
0.336748470018
0.347440143345
0.357846529654
0.367921557028
0.37762464054
0.386920179814
0.395777142291
0.404168766571
0.412072187348
0.419468267684
0.426341290483
0.432678807703
0.438471435521
0.443712675809
0.44839878586
0.452528600105
0.456103394079
0.459126760944
0.461604458847
0.463544268732
0.464955888385
0.465850772456
0.466242032967
0.466144255641
0.465573459338
0.464546865594
0.46308285159
0.461200778348
0.458920885479
0.456264175154
0.453252266003
0.449907318005
0.446251861063
0.442308755012
0.438101016162
0.433651745864
0.42898404639
0.424120879401
0.419085016205
0.413898931937
0.408584725874
0.40316404334
0.397658005157
0.392087129685
0.386471293864
0.380829626291
0.37518050818
0.36954148034
0.363929223795
0.358359513904
0.352847171999
0.347406059423
0.342049006441
0.336787842714
0.3316333623
0.326595355985
0.321682528524
0.31690251888
0.312261938958
0.307766415057
0.303420604852
0.299228117127
0.295191626726
0.291312927181
0.287592977816
0.284031919285
0.280629110193
0.277383224693
0.274292311673
0.271353851024
0.268564819207
0.26592175038
0.263420825018
0.261057926806
0.258828717645
0.256728706631
0.254753320245
0.252897944119
0.251157986314
0.24952896218
0.248006538415
0.246586577071
0.245265159612
0.244038647618
0.242903719887
0.241857405445
0.240897111139
0.240020637444
0.239226204824
0.238512457934
0.237878479252
0.237323824584
0.236848496574
0.236452940124
0.236138026047
0.235905071234
0.235755835395
0.235692487349
0.235717557459
0.235833939513
0.236044859346
0.236353829883
0.236764626598
0.237281241683
0.23790783277
0.238648643049
0.239507969827
0.240490133658
0.241599411844
0.242839936031
0.244215636367
0.245730195307
0.247386988707
0.249189009038
0.251138799171
0.253238395691
0.255489284082
0.257892312112
0.260447693485
0.263154943382
0.266012846559
0.269019405463
0.272171822949
0.275466514571
0.278899082081
0.282464319083
0.286156174308
0.289967800873
0.293891563469
0.297919035876
0.302041038248
0.306247659299
0.310528280933
0.314871624095
0.319265765266
0.32369819578
0.328155840244
0.332625111365
0.337091948455
0.341541858522
0.345959996368
0.350331170319
0.354639921726
0.358870561212
0.363007230954
0.367033976752
0.370934787851
0.374693666329
0.378294704035
0.381722098742
0.384960281247
0.387993965067
0.390808222777
0.39338856047
0.395720959445
0.397792018009
0.399589000089
0.401099946579
0.402313723264
0.403220142002
0.403810044747
0.404075406118
0.404009438315
0.40360666209
0.402863064738
0.401776153816
0.400345101592
0.39857084232
0.39645620569
0.394006030025
0.391227264684
0.388129122853
0.384723197232
0.381023597184
0.377047057067
0.372813097897
0.368344119483
0.363665539502
0.358805901525
0.35379696004
0.34867374098
0.343474601129
0.338241186081
0.333018392889
0.327854183876
0.322799379776
0.317907261512
0.313233072188
0.308833405967
0.304765276589
0.301085229112
0.297848065814
0.295105609693
0.292905267003
0.291288616239
0.290290093023
0.289935729506
0.290242297649
0.29121662579
0.292855432525
0.295145475816
0.298064116135
0.301580220964
0.305655284184
0.310244715208
0.315299218634
0.320766108905
0.32659059652
0.332716901057
0.339089252261
0.345652700321
0.352353758056
0.359140985576
0.365965279201
0.372780235798
0.379542299063
0.386210856506
0.392748357445
0.399120228506
0.405294955112
0.411243947625
0.416941528245
0.422364828714
0.427493702303
0.432310653383
0.436800688893
0.440951289588
0.444752236789
0.448195551969
0.451275390721
0.45398790481
0.456331187263
0.458305127925
0.459911334917
0.461153020639
0.462034890765
0.462563071008
0.462744973097
0.462589199063
0.462105472715
0.461304496907
0.460197893925
0.458798070392
0.457118177562
0.455171949775
0.452973682585
0.450538093597
0.447880261979
0.44501555384
0.441959497662
0.438727780452
0.435336096504
0.431800125129
0.428135461422
0.424357527752
0.420481533068
0.41652240229
0.412494731273
0.408412752224
0.404290264503
0.400140622519
0.395976668469
0.391810716133
0.387654507771
0.383519204758
0.379415366473
0.375352927446
0.371341162055
0.36738870823
0.363503551605
0.359693025104
0.355963808099
0.352321940005
0.348772801683
0.345321140664
0.341971089956
0.338726196204
0.335589433676
0.332563202644
0.329649366891
0.326849291718
0.324163869951
0.32159354089
0.319138322296
0.316797851762
0.314571367669
0.31245777537
0.310455710175
0.308563538522
0.306779365422
0.305101059106
0.303526314788
0.302052644341
0.300677431724
0.299397932554
0.298211284755
0.297114543686
0.296104694105
0.295178662557
0.294333352372
0.293565626777
0.292872317421
0.292250233468
0.291696211342
0.291207100198
0.290779762518
0.290411058931
0.290097889641
0.289837193856
0.289625959979
0.289461216307
0.289340061175
0.289259659899
0.289217248866
0.289210163436
0.289235840573
0.289291851402
0.289375869711
0.289485710682
0.289619364297
0.289775020836
0.289951061031
0.290146087555
0.290358939384
0.290588736131
0.290834866439
0.291097042247
0.291375326026
0.291670107024
0.291982111565
0.292312457397
0.292662684152
0.293034749614
0.293430976297
0.293854088053
0.294307214756
0.294793864593
0.295317908856
0.29588352182
0.296495165738
0.297157533738
0.297875483126
0.298653972036
0.299497980894
0.300412408607
0.301401970625
0.302471095738
0.303623827647
0.30486369555
0.306193593057
0.307615639727
0.309131089329
0.310740209006
0.312442176309
0.314234945981
0.316115176944
0.3180782097
0.320117962131
0.322226915179
0.32439608737
0.32661502318
0.328871879102
0.331153382498
0.333444977827
0.335730851302
0.337994071882
0.34021668585
0.34237986116
0.344464051874
0.346449116992
0.348314532303
0.350039538073
0.351603338717
0.352985299001
0.354165114076
0.355123025857
0.355840032794
0.356298048336
0.356480161454
0.356370782054
0.355955877953
