0.0
-0.00101982144846
-0.00505783311836
-0.0120186649368
-0.0217264368608
-0.033931374207
-0.0483188886534
-0.0645210031597
-0.0821294694867
-0.100709908098
-0.119816229705
-0.139004738435
-0.157847327778
-0.17594326161
-0.192929264352
-0.208487611496
-0.222352254405
-0.234312897927
-0.244217222648
-0.251971390013
-0.257539053983
-0.260939112831
-0.262242364108
-0.261567289947
-0.259075043895
-0.254963772364
-0.249462322252
-0.242823356862
-0.235315942246
-0.227217648161
-0.218806255782
-0.210351209742
-0.202104989833
-0.194294764558
-0.187114428834
-0.180717713842
-0.175212318388
-0.170655918497
-0.167053824862
-0.164359181156
-0.16247512049
-0.161259617329
-0.160532322132
-0.160083514875
-0.159684398598
-0.159098774088
-0.158094772833
-0.156456666158
-0.153995736227
-0.150559745713
-0.146040664469
-0.140379829038
-0.133571156686
-0.125661286124
-0.116747802307
-0.106974861576
-0.0965274024867
-0.085623406187
-0.0745057233439
-0.0634330179798
-0.0526707942033
-0.0424828273653
-0.0331231500411
-0.0248289824491
-0.0178146967812
-0.0122669723354
-0.00834100205065
-0.00615787063873
-0.00580286568737
-0.00732471491812
-0.0107355613889
-0.0160115978779
-0.0230942577342
-0.0318918886395
-0.0422818699355
-0.05411313103
-0.0672090962464
-0.0813710510067
-0.0963819231674
-0.11201052714
-0.128016191745
-0.144153790932
-0.160179061231
-0.175854096266
-0.190952916471
-0.205266863206
-0.218609749217
-0.230822362673
-0.241776399291
-0.251377336766
-0.259566376495
-0.266321147207
-0.271655230993
-0.275616472502
-0.278284130115
-0.279765023448
-0.280188788349
-0.279702488914
-0.278464771589
-0.276639836314
-0.274391406178
-0.27187698924
-0.269242530089
-0.266617710682
-0.264111977116
-0.261811423199
-0.259776598817
-0.258041265485
-0.256612163611
-0.255469739796
-0.254569857278
-0.253846414418
-0.253214829254
-0.252576293103
-0.251822682896
-0.250841994071
-0.24952411616
-0.247766730974
-0.245481130956
-0.242597644755
-0.239070462918
-0.234881519632
-0.23004326824
-0.224600027738
-0.218627861082
-0.212232800949
-0.205547488148
-0.198726330427
-0.191939379653
-0.185365159301
-0.179182957377
-0.173564862257
-0.168668109744
-0.164628108497
-0.161552623977
-0.159517348478
-0.158563152062
-0.158695174819
-0.15988356756
-0.162066052538
-0.165151668786
-0.169025868008
-0.173556029605
-0.178597613816
-0.183999901577
-0.189611685232
-0.19528597209
-0.200884055094
-0.206278397865
-0.211354627258
-0.216012543691
-0.220166281556
-0.223743812539
-0.226685960859
-0.2289451787
-0.230484155559
-0.231274576581
-0.231295987288
-0.230534969144
-0.228984577947
-0.226644078062
-0.223518912961
-0.21962084449
-0.214968181242
-0.209586004303
-0.203506319395
-0.196768028104
-0.189416732634
-0.181504258096
-0.173088017701
-0.164230066677
-0.154996117499
-0.145454270625
-0.135673908252
-0.125724409863
-0.115674075286
-0.105589125521
-0.0955329156385
-0.0855652826788
-0.0757420848838
-0.0661150025474
-0.056731326305
-0.0476340718848
-0.0388618527984
-0.0304492241967
-0.0224265090733
-0.0148200291919
-0.00765199591774
-0.000940589736691
0.00530024500157
0.0110607771295
0.0163356366133
0.0211238449207
0.0254287608272
0.0292580222981
0.0326232870164
0.0355399757507
0.0380267693325
0.0401051912652
0.0417989659751
0.0431334464004
0.0441349424247
0.0448301293421
0.0452454179091
0.0454064052099
0.0453373470334
0.0450606568319
0.0445964478768
0.0439620565277
0.0431715728273
0.042235345117
0.0411594485001
0.0399451653199
0.038588448498
0.037079467235
0.0354022147346
0.0335343538441
0.0314472367209
0.0291062968409
0.0264717799528
0.0234999204818
0.0201444888499
0.0163588260793
0.0120981444243
0.00732218826652
0.00199796370123
-0.00389749103363
-0.0103745082912
-0.0174284852951
-0.0250380441027
-0.033163819768
-0.0417478726637
-0.0507138868209
-0.0599680821162
-0.0694008701637
-0.0788891657985
-0.0882992505544
-0.0974900993421
-0.106316991335
-0.114635367183
-0.122304688782
-0.129192327844
-0.135177256412
-0.140153580777
-0.1440337435
-0.146751431749
-0.148264056382
-0.14855479927
-0.147634130224
-0.145540735391
-0.14234176824
-0.138132332547
-0.133034126588
-0.127193156693
-0.120776489551
-0.113968026837
-0.106963330471
-0.0999636401731
-0.0931692102192
-0.0867722290657
-0.0809495713802
-0.075855849257
-0.0716169128486
-0.0683245581539
-0.066032280949
-0.0647529527839
-0.0644581149115
-0.0650794903788
-0.0665121793738
-0.0686200360163
-0.0712423527374
-0.0742019231235
-0.0773137081765
-0.0803940159557
-0.0832691738011
-0.0857835868737
-0.0878066290514
-0.0892378658361
-0.0900107639162
-0.0900942068391
-0.0894925689215
-0.0882436293853
-0.0864154548973
-0.084101724126
-0.0814164999119
-0.0784883324101
-0.0754543631539
-0.0724545175456
-0.0696261963038
-0.0670995111901
-0.0649932185624
-0.0634114451288
-0.0624410591171
-0.0621497254686
-0.0625844394238
-0.0637704894634
-0.0657106936999
-0.068384830004
-0.0717492217044
-0.0757364230957
-0.0802551136637
-0.0851902360616
-0.0904035367468
-0.0957346410702
-0.101002907322
-0.10601008134
-0.110543997828
-0.11438329012
-0.117303204213
-0.119082245384
-0.119509728898
-0.118393589943
-0.115568541837
-0.110903625831
-0.10430933175
-0.0957433488636
-0.0852147406893
-0.0727863676583
-0.0585750377338
-0.0427496532242
-0.0255270281018
-0.0071658123245
0.0120413243406
0.0317768571336
0.051708457592
0.0714993979208
0.0908190365467
0.109352562763
0.12681004614
0.142934096808
0.157506167134
0.170351211641
0.181340726453
0.190394171874
0.197478870561
0.202608543933
0.205840594763
0.20727239976
0.207036683413
0.205296224734
0.202237998394
0.1980668951
0.192999167312
0.18725568333
0.181055162353
0.174607470191
0.168107197783
0.161727618497
0.155615311545
0.14988556299
0.144618818466
0.139858376807
0.135609456022
0.131839867898
0.128482166701
0.125437504857
0.122580846319
0.119767602065
0.116841106756
0.113640994881
0.110011586933
0.105810375992
0.100915673893
0.09523357451
0.0887033361237
0.0813014153503
0.0730436182546
0.0639855271803
0.0542212040645
0.0438801750115
0.0331231783065
0.0221365357405
0.0111260084578
0.00030982001994
-0.0100882618896
-0.0198459373864
-0.0287489413268
-0.0365972544755
-0.0432105173515
-0.0484328345604
-0.0521367324983
-0.0542263575715
-0.0546398822282
-0.0533511501587
-0.0503705818056
-0.045745353973
-0.0395588545266
-0.031929414911
-0.0230082945251
-0.0129769164603
-0.0020433155418
0.009562164118
0.0215919084045
0.0337867728288
0.0458823628478
0.0576157799821
0.0687325734085
0.0789937144924
0.088182333715
0.0961098983057
0.102621668947
0.107601030246
0.110972617992
0.112703992245
0.112805853992
0.111330680809
0.10837001855
0.104050306162
0.0985277893215
0.0919824620601
0.0846115514645
0.0766227408115
0.0682274536952
0.0596345310127
0.0510443330565
0.0426437779386
0.0346019654237
0.0270669537895
0.0201631524893
0.0139898527935
0.00862022995193
0.00410129155614
0.000454202941023
-0.00232471740248
-0.00426267087731
-0.00540856446576
-0.00583087543805
-0.00561508456489
-0.00486071359333
-0.00367795478199
-0.00218385788848
-0.000498112035043
0.00126151803443
0.0029840543939
0.00457025953343
0.00593756172785
0.00702464006296
0.00779554573324
0.00824288697758
0.0083900553663
0.00829198648692
0.0080345374398
0.00773215364215
0.00752400053769
0.0075684525231
0.00803635746345
0.00910317700766
0.0109405609599
0.0137076261145
0.0175426614574
0.0225555057785
0.028821078014
0.0363746177237
0.0452086229789
0.0552718798154
0.0664703637048
0.078670208381
0.0917021202556
0.105367435574
0.119444859863
0.133698128412
0.14788349646
0.161757385505
0.17508313549
0.187637276778
0.199214629131
0.209632443383
0.218733387275
0.226387506623
0.232493281813
0.236977782283
0.23979625791
0.240931156516
0.240390812014
0.238207878867
0.234437623408
0.229156124891
0.222458408999
0.214456532069
0.205277578729
0.195061541449
0.183959055359
0.172128954962
0.159735625955
0.146946162982
0.133927350141
0.120842545907
0.10784848679
0.0950921924366
0.0827080345883
0.0708150959855
0.059514941062
0.0488899298648
0.039002156148
0.0298930354218
0.0215836133149
0.0140755689035
0.00735285192907
0.00138390079484
-0.00387571554792
-0.00848032480871
-0.0124909933088
-0.015972373052
-0.0189896342664
-0.0216056688031
-0.023878608528
-0.0258598127562
-0.027592284671
-0.0291096243864
-0.0304354715607
-0.0315834296914
-0.0325574296356
-0.0333524926933
-0.0339558237418
-0.03434818759
-0.0345054933389
-0.0344005380875
-0.0340048411627
-0.0332905138358
-0.0322321060723
-0.0308083684017
-0.0290038699923
-0.0268104105219
-0.024228166063
-0.0212665150082
-0.017944488955
-0.0142908123727
-0.0103435054157
-0.00614904782755
-0.00176111496723
0.00276105675457
0.00735463009016
0.0119553482967
0.016499815089
0.0209277981776
0.0251843554354
0.0292217553148
0.0330010149045
0.0364929855436
0.0396789428642
0.0425506690459
0.045109996388
0.0473679200979
0.0493432856798
0.0510612000046
0.0525512699606
0.0538457428692
0.0549777317091
0.0559795379839
0.0568812177848
0.0577094153299
0.0584865205421
0.0592301311253
0.0599528488045
0.0606623508873
0.0613617341845
0.0620500771071
0.0627231785365
0.0633744429389
0.0639958736982
0.0645791362386
0.0651166639752
0.0656027762834
0.0660347734636
0.0664139694747
0.0667466182062
0.0670446825421
0.0673263905185
0.0676165182711
0.0679463459042
0.0683532347628
0.0688798002333
0.0695726570138
0.0704807624599
0.0716534047138
0.0731379009789
0.0749771309182
0.0772070398089
0.0798542629809
0.0829340278866
0.0864485111226
0.0903857827058
0.0947194490583
0.0994090145959
0.104401061306
0.109631111359
0.115026164055
0.120507671936
0.125994866231
0.13140814809
0.136672393008
0.141719871347
0.146492769572
0.150944970383
0.155043191515
0.158767245188
0.162109653081
0.165074483231
0.167675668426
0.169934851384
0.171878993176
0.173537848588
0.174941543381
0.176118354594
0.177092819942
0.177884277058
0.178505880001
0.178964091524
0.179258624752
0.179382788654
0.179324143251
0.179065370631
0.178585259449
0.177859693254
0.176862568399
0.175566567104
0.173943748487
0.171965939065
0.169604974362
0.166832788744
0.163621487971
0.159943438619
0.155771500744
0.151079474775
0.14584281879
0.140039686822
0.133652299719
0.126668581433
0.119084023926
0.110903632395
0.102143844393
0.0928342340892
0.0830188975534
0.0727572834906
0.0621244860332
0.0512107657423
0.0401203987066
0.0289697216228
0.0178845927781
0.00699722641299
-0.00355735266167
-0.0136451526993
-0.0231371117567
-0.0319129076247
-0.0398645087674
-0.0468992934053
-0.0529426598792
-0.057939993031
-0.0618579489306
-0.0646850356148
-0.0664314730726
-0.0671283779465
-0.0668263028853
-0.0655931989385
-0.0635118707753
-0.0606770076819
-0.0571918811172
-0.0531648023702
-0.0487054457371
-0.0439211447766
-0.0389132804799
-0.0337738860349
-0.0285825832118
-0.023403991457
-0.0182857127032
-0.0132570075816
-0.00832824131688
-0.00349117359003
0.00127992337585
0.00602628673158
0.0108019389501
0.0156703091089
0.0207003116716
0.0259621435113
0.0315229267162
0.0374424927243
0.0437694449447
0.0505377817659
0.0577641257336
0.0654458495407
0.0735599802559
0.0820630929573
0.0908920010948
0.0999652743261
0.109185432791
0.118441681462
0.127613017145
0.136571621909
0.145186304627
0.153325935942
0.160862782255
0.167675636489
0.173652724404
0.178694375149
0.182715438772
0.18564748232
0.187440754323
0.188065941643
0.187515695505
0.185805902645
0.182976651491
0.179092820856
0.174244203911
0.168545073379
0.162133069368
0.155167363201
0.147825989936
0.140302344929
0.132800863622
0.125531945696
0.118706259972
0.112528635019
0.107191740096
0.102869835355
0.0997129812438
0.0978418627477
0.0973436030927
0.0982688150887
0.1006300362
0.104401629167
0.109521202705
0.115892456441
0.123389256813
0.13186074567
0.14113715691
0.151035989307
0.161368286163
0.171944542889
0.182580141
0.193100002808
0.203342284133
0.213161107111
0.222428295912
0.231034227721
0.238887866906
0.245916226999
0.252063390251
0.257289282299
0.261568389504
0.264888529363
0.267249784621
0.268663632922
0.269152268491
0.268748070608
0.267493122079
0.265438669741
0.262644402134
0.259177432583
0.255110883899
0.250522029643
0.245489951585
0.240092797308
0.234404722249
0.228492636266
0.222413022758
0.216209000543
0.209907926668
0.203519722682
0.197036173358
0.190431359588
0.183663239733
0.17667645071
0.169406161713
0.161782889637
0.153737944992
0.145209139947
0.136146504217
0.126517615851
0.116312083548
0.105545052138
0.0942593508257
0.0825261713899
0.070444312655
0.0581379578257
0.0457531556909
0.033453217107
0.0214133324345
0.0098147070786
-0.00116145139975
-0.0113397975311
-0.0205562464824
-0.0286627001172
-0.0355309474776
-0.0410555550463
-0.0451557985045
-0.0477765689448
-0.04888838314
-0.0484865701132
-0.0465898029672
-0.0432381219315
-0.0384906175554
-0.0324229312032
-0.0251247193079
-0.0166971952832
-0.00725083496673
0.00309667608314
0.014222263348
0.0259990273092
0.0382976092574
0.0509873806843
0.0639375821729
0.0770184290332
0.0901022693163
0.103064868541
0.115786847787
0.128155272308
0.140065397502
0.15142249423
0.162143703327
0.172159794859
0.181416749665
0.189876990953
0.197520236846
0.204343754458
0.210362090972
0.215606112682
0.220121433253
0.223966231082
0.227208554461
0.229923217224
0.232188429851
0.23408232864
0.235679559121
0.237048095721
0.238246447213
0.239321389193
0.24030633907
0.241220444736
0.242068465218
0.242841417368
0.243517996081
0.244066688389
0.244448502514
0.244620177205
0.244537732385
0.244160181871
0.243453229054
0.242392750956
0.240967883179
0.23918352548
0.237062108899
0.234644500563
0.231989952007
0.229175071596
0.226291808983
0.223444554231
0.220746452529
0.218315133837
0.216268039408
0.214717697277
0.213767030603
0.213505128664
0.214003570046
0.215313606245
0.217464251552
0.220461377102
0.224287821185
0.22890442959
0.23425197322
0.240253626474
0.246817989622
0.253842316449
0.261215777219
0.268822548167
0.27654467539
0.284264486365
0.291866548324
0.299239188776
0.306275616327
0.312874681425
0.318941427134
0.324387503293
0.329131595741
0.33309992443
0.336226914256
0.338456055249
0.339740972506
0.340046637399
0.339350675956
0.337644652652
0.334935212347
0.331244945331
0.326612843932
0.321094231954
0.31476007919
0.307695656411
0.299998511829
0.291775828981
0.28314125026
0.274211316408
0.265101682156
0.255923394446
0.246779317713
0.23776109478
0.228946653814
0.220398599685
0.212163403107
0.204271632013
0.196738981486
0.189568162351
0.1827513988
0.176273417433
0.170114557879
0.164253940177
0.158672296969
0.153354355827
0.148290601706
0.143478291975
0.138921760271
0.134631962688
0.130625405017
0.126922584584
0.123546095707
0.120518621154
0.117860993384
0.115590455434
0.113719346225
0.112254241974
0.11119568199
0.110538409938
0.110272165348
0.110382901485
0.110854327059
0.1116696325
0.11281323939
0.11427242336
0.116038656546
0.118108548037
0.120484292573
0.123173565252
0.126188841028
0.129546191715
0.133263600543
0.137358948239
0.141847772079
0.14674098703
0.15204273611
0.157748566007
0.163843998988
0.170303737518
0.177091471175
0.184160409861
0.191454471595
0.198910048844
0.206458285242
0.214027661593
0.22154671828
0.228946775314
0.236164355461
0.243143251723
0.249836065067
0.256205103676
0.262222593392
0.267870281235
0.273138407446
0.278024190343
0.282529969495
0.286661144089
0.29042410601
0.293824325412
0.29686473846
0.29954459145
0.30185880777
0.303797956398
0.305348830768
0.306495587167
0.307221379201
0.307510377577
0.307350017237
0.30673330908
0.30566103326
0.304143632029
0.302202633646
0.299871458926
0.297195501628
0.294231421082
0.29104562804
0.287712033969
0.284309122213
0.280916558676
0.277611543066
0.274465063565
0.271538424865
0.268880211225
0.266523973955
0.264486782738
0.262768796236
0.261353911732
0.260211405733
0.259298545253
0.258563886511
0.257951121252
0.257403157381
0.256866057478
0.25629264222
0.255645546971
0.254899364726
0.254041916427
0.253074453132
0.252010951037
