0.0
0.00324294748123
0.00792425884516
0.0139935591233
0.0213850175765
0.0300216019487
0.0398170215571
0.0506779518888
0.0625063012745
0.0752018492849
0.0886650347326
0.102799593495
0.117515293736
0.132730215478
0.14837311995
0.164384824873
0.180719829326
0.197346521654
0.214247567996
0.231418727103
0.248867807063
0.266612173845
0.284676020999
0.303087180718
0.321873089671
0.341057312878
0.360655193642
0.380670883486
0.401093439575
0.421894987197
0.443028357008
0.464426500671
0.486001936242
0.507647572472
0.529237834664
0.550630747041
0.571670292063
0.592189134091
0.612011876202
0.630958167111
0.648846281372
0.665496170563
0.680732881611
0.694389475639
0.706309910147
0.716351580316
0.724387448074
0.73030806598
0.73402288134
0.735461614303
0.734574815847
0.731334394495
0.725733580626
0.717786813299
0.707529153803
0.695015507494
0.680319758508
0.663533581684
0.644765386741
0.624138960193
0.60179227509
0.577876326723
0.552554124531
0.525999560322
0.498396919355
0.469940391474
0.440834121487
0.411292544674
0.381541890533
0.351821954206
0.322389923141
0.293525254038
0.26553742314
0.238776200073
0.213644885616
0.19061428482
0.170230459571
0.153099873401
0.139821563101
0.130841759149
0.126255490737
0.125675062797
0.128287767661
0.133077831655
0.139056152189
0.145391602747
0.151443477477
0.156742811804
0.160958938854
0.163868273102
0.165330445958
0.165271594537
0.163673395126
0.160567102004
0.15603107297
0.150192383838
0.143232341309
0.135397147428
0.127014752684
0.118518580793
0.110474618374
0.103598794281
0.0987292643065
0.0967049814189
0.0981395923538
0.103203887426
0.111593347109
0.122699876376
0.135832227002
0.150353287259
0.165728770331
0.18152412288
0.197387089615
0.213027956458
0.228205035308
0.242713081808
0.256376352178
0.269043155089
0.28058277027
0.290883183001
0.29984959802
0.307403618931
0.313482584034
0.318039438341
0.321042009568
0.322473331744
0.322330982142
0.320627195932
0.317388165923
0.312654098194
0.306478464188
0.298927512376
0.29007970305
0.280024901166
0.268863683543
0.25670646811
0.243672754855
0.229890209146
0.21549433127
0.200627673931
0.185440465481
0.170090612613
0.154746285337
0.139588594279
0.124818144861
0.110664159895
0.0973991420215
0.085358118278
0.0749564023651
0.0666875478255
0.0610499640414
0.0583685321053
0.0585787849753
0.0611900217944
0.0654871327349
0.0707819038979
0.0765348219277
0.0823679178409
0.0880305828556
0.0933636177968
0.0982706699528
0.102697678582
0.106621218557
0.110038520552
0.11296283523
0.115417577869
0.117435649118
0.119055761304
0.120322742659
0.121285200395
0.121996174387
0.122511971756
0.122892443458
0.123199966704
0.123498534662
0.123853009344
0.124326443983
0.124978489868
0.125861890805
0.127020498458
0.128485110347
0.130272616666
0.132383133163
0.134801339071
0.137496036157
0.140423453459
0.143529877101
0.146755575342
0.150038864863
0.153320514002
0.156548091371
0.159678996611
0.162684932744
0.165553698389
0.168292352025
0.170927402155
0.173506632648
0.17609698774
0.178783389895
0.181664144118
0.184846087622
0.188437228772
0.192538921752
0.197237578206
0.202596367922
0.20864952547
0.21539731756
0.222805197332
0.230804146591
0.239294555681
0.248149882576
0.257222634541
0.266349645742
0.275357788527
0.284068533434
0.292302395568
0.299882995285
0.306639913204
0.312411820103
0.317048697531
0.320414185102
0.322387277023
0.322864306903
0.321760316256
0.319011010166
0.314574279789
0.308432272838
0.300593811995
0.291097748398
0.280017602079
0.267468017693
0.253614898872
0.238689660099
0.223012006031
0.207021457103
0.19132333039
0.176743298751
0.164373268487
0.155548955223
0.15166512286
0.153785379739
0.162236993647
0.176532735965
0.195675635032
0.218548661489
0.244147602148
0.271650440257
0.30040199285
0.329876350258
0.359640777325
0.38932864988
0.418620171037
0.447230066256
0.474899136322
0.501389508907
0.526481520013
0.549972383635
0.571675607006
0.591421265294
0.609056657445
0.624447203842
0.637477537678
0.648052669688
0.656098892321
0.661564800642
0.664421962444
0.664665431007
0.662313816798
0.657409195573
0.650016592516
0.640223082909
0.628136636821
0.613884634508
0.59761195794
0.579478956327
0.559659201094
0.538336923961
0.515704688463
0.491960495556
0.467305687282
0.441942159398
0.41607046656
0.389887640565
0.36358576532
0.337350814693
0.31136201042
0.285792237756
0.260808889174
0.236576358067
0.213259734527
0.191031142102
0.170078193133
0.150616871412
0.132906746571
0.117267973261
0.104089166426
0.093804136358
0.0868045374354
0.0832795273531
0.0830646911036
0.0856349860192
0.0902719032938
0.0962642440044
0.103026928179
0.11012684498
0.117263281385
0.124237029579
0.130922861658
0.13725047652
0.143190240389
0.148745087769
0.153943208205
0.158834965654
0.163488259951
0.167985904644
0.172421431321
0.176895541046
0.18151114038
0.186368849758
0.191562004271
0.197172167681
0.203265516489
0.209890302367
0.217075954033
0.224833416451
0.233157201046
0.24202811623
0.251416962643
0.261288141695
0.271603476029
0.282325404256
0.293419586707
0.30485694107
0.316614617096
0.328676649306
0.341033235857
0.353680141176
0.366616775836
0.37984438215
0.393363607397
0.407172141402
0.421262102381
0.435617745774
0.450213442587
0.465011907906
0.479963194716
0.495003832589
0.510056996461
0.525032844189
0.53982966641
0.554335191501
0.56842862089
0.581982640651
0.594865825635
0.606945158712
0.618088451727
0.628166972324
0.637057549989
0.644645098831
0.650824341246
0.655501678341
0.658596588765
0.66004283334
0.659789278729
0.657800492608
0.654057045623
0.648555434808
0.641307898591
0.632341850596
0.621699366896
0.609436156053
0.595620846466
0.580333694763
0.563665697805
0.545717351105
0.52659759747
0.506422741781
0.485315385611
0.463403586816
0.440819845024
0.417700579232
0.394185249872
0.370416282537
0.346538265065
0.322698460615
0.299046414196
0.275734914109
0.252920353494
0.230764550946
0.209436100072
0.189113194487
0.169986318069
0.152261162235
0.136160094307
0.121918656463
0.109772757213
0.0999277232147
0.0925088399039
0.0874999028722
0.0847052315291
0.0837639234405
0.084222807896
0.085626936003
0.0875922165112
0.0898406109715
0.0922084604205
0.0946389444316
0.0971694528804
0.0999156304063
0.103053720324
0.106798777401
0.11137927871
0.117009406638
0.123863333251
0.132057033775
0.141639560465
0.152595796711
0.164855233077
0.178305428958
0.192803769875
0.208188583169
0.224286598286
0.240918788428
0.257903865713
0.275060745696
0.292210328321
0.309176623606
0.325787982294
0.341877718854
0.357285364043
0.37185739897
0.385448395708
0.397921935468
0.409151809883
0.419023143145
0.427433401711
0.434293556471
0.439529020423
0.443080825862
0.444906261692
0.444979736441
0.443293269719
0.439857070448
0.43469959057
0.427867773618
0.419426762071
0.409459657135
0.398067040734
0.385366382282
0.371491341402
0.356591130514
0.340829780104
0.324385567142
0.307450797479
0.290231756223
0.272949018618
0.255838084177
0.239150265703
0.223153150335
0.208129972934
0.194375916021
0.182189338118
0.17185477034
0.163616428956
0.157644163509
0.154000287147
0.152619398841
0.153312853275
0.155797419574
0.159738600538
0.164793307013
0.170641372819
0.177003381239
0.183646857369
0.190385032667
0.197071701948
0.203594998669
0.209870986464
0.215838361951
0.221453800078
0.226688590178
0.231526046559
0.235959809748
0.239992772915
0.243636569071
0.246911437563
0.249846305879
0.252479053198
0.254856590701
0.257034888386
0.259078509458
0.26105978935
0.263057351926
0.265154077194
0.267434397275
0.269981109213
0.272871819889
0.276175329305
0.279948239917
0.284232154161
0.289051692188
0.294413565429
0.300306846148
0.306704238528
0.313564396232
0.320834736282
0.328454737984
0.33635923683
0.34448163866
0.352756660006
0.361122604675
0.369523075602
0.377908067129
0.386234447556
0.394465888407
0.402572296419
0.410528788842
0.418314352191
0.425910252377
0.433298317313
0.440459120553
0.447370298696
0.454005002585
0.460330610628
0.466307736859
0.47188965854
0.477022115533
0.481643591769
0.485685878152
0.489075156
0.491733255247
0.493579274175
0.494531377779
0.494508639385
0.493433081105
0.491231537345
0.487837600254
0.483193479076
0.477251659422
0.46997644344
0.461345517148
0.451351260859
0.440002189448
0.427324325466
0.413362817192
0.398183839981
0.381877051632
0.36455891164
0.346377229688
0.327517400349
0.308211118787
0.288748257141
0.269492378601
0.250899777342
0.233539229669
0.218104480224
0.205402485389
0.196291147152
0.191545511521
0.191671926154
0.196754869324
0.206434792067
0.220031412218
0.236725869745
0.255708028249
0.276254450381
0.297751235278
0.319687704538
0.341639675173
0.363251894927
0.384223293726
0.404295637242
0.423245467102
0.440878461221
0.457025614725
0.471540909971
0.484299861651
0.495198679435
0.50415393099
0.511102379881
0.516000972007
0.518826783098
0.519576902665
0.518268280678
0.514937332691
0.509639410669
0.502448026852
0.493453988718
0.482764293415
0.470500856193
0.456799226224
0.441807238521
0.425683500367
0.408596093059
0.390721178176
0.372242022486
0.353347903878
0.334233590082
0.315098753553
0.296148025447
0.277590811565
0.259641646365
0.242519723827
0.226447816039
0.211649230525
0.198341765369
0.186727316017
0.176976459984
0.169209354629
0.163475809107
0.159741268283
0.157883998045
0.157707255027
0.158962813138
0.161379968141
0.164691737536
0.168654504073
0.17305911939
0.177735336613
0.182551388885
0.187410773915
0.192248028056
0.197023873948
0.201720638583
0.206337886125
0.210888442919
0.215394621472
0.219884950898
0.224390989782
0.228944588531
0.233575346607
0.238308604996
0.243163725008
0.24815305266
0.253281207639
0.25854513579
0.263934469492
0.269432570751
0.275017767064
0.280665010533
0.286347629281
0.292039220419
0.297715443281
0.303355720781
0.308944727935
0.314473544609
0.319940564161
0.325351905539
0.330721464543
0.336070509236
0.341426753598
0.34682306321
0.352295655966
0.357882036173
0.363618542994
0.369537828036
0.375666250612
0.382021446062
0.388610096507
0.395426221299
0.402449882597
0.409646627036
0.416967449408
0.424349486467
0.431717237994
0.438984292736
0.446055431442
0.452829030556
0.459199573212
0.465060259258
0.4703055587
0.474833542056
0.478548198527
0.481361330736
0.483194308762
0.483979445113
0.483661102941
0.482196446269
0.479556004659
0.475723815377
0.470697424143
0.46448757063
0.457117713937
0.448623400789
0.439051483478
0.42845923351
0.416913523574
0.404489789207
0.391271202539
0.37734786144
0.362816032485
0.347777539711
0.332339358503
0.316613290378
0.300715961238
0.284768905387
0.268898934284
0.253238676068
0.237927189219
0.223110515497
0.208941934851
0.195581409718
0.183193621007
0.171943602571
0.16198908301
0.153468784963
0.1464871807
0.141097695667
0.137288565539
0.134976412359
0.134010891726
0.134190031501
0.13528240316
0.137050126367
0.139268184531
0.141737981285
0.144295579464
0.146815300383
0.149210993804
0.151435749742
0.153481170144
0.15537608909
0.157185264578
0.159007174816
0.160970767231
0.163230337725
0.165958112949
0.169334224588
0.173534619979
0.178717670901
0.185011651881
0.192504681981
0.201238962063
0.211209337918
0.22236648878
0.234622842783
0.247860016671
0.261936341167
0.276693741321
0.291963425054
0.307570458988
0.323337207037
0.339086028586
0.354641355724
0.36983133674
0.384489309713
0.398455081184
0.41157615603
0.423708969109
0.434720064101
0.444487358409
0.452901292943
0.459865984049
0.465300390821
0.469139312963
0.471334343736
0.47185464184
0.470687601756
0.467839282937
0.463334674832
0.457217751977
0.449551308717
0.440416656684
0.429913041448
0.418156938292
0.405281301875
0.391434670991
0.376780182719
0.36149477555
0.345768220401
0.329802362687
0.313810423373
0.298016153365
0.282652713883
0.26796087617
0.254186138635
0.24157363795
0.230360475566
0.220764500437
0.212970153958
0.207112625307
0.203263605084
0.201422836928
0.201518302046
0.20341642151
0.206939522624
0.211886417211
0.21805149407
0.225239265706
0.233273411746
0.242000799438
0.251291836339
0.26103824719
0.271149729207
0.281550153081
0.292173888248
0.30296257394
0.31386249719
0.324822601204
0.335793143826
0.346724983639
0.357569336862
0.368277923995
0.378803505965
0.389100594548
0.399126314269
0.408841321522
0.418210695522
0.427204749817
0.435799714047
0.443978299132
0.451730015444
0.459051378051
0.465945853477
0.472423709744
0.478501636916
0.484202265727
0.489553566047
0.494588118602
0.49934236408
0.50385573052
0.508169737267
0.512327092039
0.51637066671
0.520342520766
0.524282818814
0.528228763549
0.532213475615
0.536264873244
0.540404519155
0.54464657095
0.548996741602
0.553451430903
0.557996940707
0.562608998194
0.567252453018
0.571881286329
0.576438946101
0.580858960365
0.585065922545
0.588976713236
0.592502043188
0.595548195671
0.598018935057
0.599817565314
0.600849030615
0.601022010606
0.60025097528
0.598458166056
0.595575308141
0.591545269617
0.586323369847
0.579878532873
0.572194081188
0.563268290848
0.553114680224
0.541762043595
0.529254246474
0.515649773737
0.501021243904
0.485454689616
0.469048837255
0.451914468371
0.434173842693
0.415960243388
0.397417802935
0.378701680075
0.359978599999
0.341427673061
0.323241651712
0.305628215643
0.288811108818
0.273030176813
0.258539484105
0.245601791122
0.234477854477
0.225409312968
0.218595693001
0.214168764831
0.212170358874
0.212541142022
0.215124619721
0.219685972262
0.225939409914
0.233576607533
0.242290029149
0.251788786483
0.261807125217
0.272107453087
0.282479883818
0.292739943268
0.302725660645
0.312294643182
0.321321540039
0.329696037086
0.337321358509
0.344113256359
0.349999452514
0.354919360206
0.358824075752
0.361676585817
0.363452062548
0.364138243608
0.363735828202
0.362258846662
0.359735013028
0.356205991255
0.351727593486
0.34636993041
0.340217309206
0.333368148774
0.325934619507
0.31804207664
0.309828184553
0.301441596528
0.293039986983
0.284787398775
0.276850531304
0.269393979632
0.262574250872
0.256532780169
0.251388276068
0.247229335539
0.244108035986
0.242035893434
0.240982678683
0.240878972109
0.241621576671
0.243081533365
0.245113231005
0.247563775542
0.250281345235
0.253122460259
0.255957431046
0.258674486675
0.261182497539
0.263412530671
0.265318524977
0.266877272812
0.268087675247
0.268969437171
0.269561201178
0.269918019677
0.270108343777
0.270210278435
0.270307419195
0.270484179763
0.270820882484
0.271388927548
0.272246331798
0.273433882472
0.274972438946
0.276861542033
0.279079309461
0.281583809694
0.284315550156
0.287200869247
0.290155835478
0.293090417771
0.295912499045
0.298531655515
0.300862417614
0.302827134533
0.304358202767
0.305399831533
0.305909362727
0.305858155379
0.305232111193
0.304031861584
0.302272655774
0.299983929013
0.297208628769
0.294002153709
0.290431031773
0.286571145665
0.282505658206
0.278322419609
0.274111085637
0.269959770673
0.265951516086
0.262160686169
0.258649444338
0.255464685623
0.252635644594
0.250172532424
0.248066250551
0.246289445463
0.244798667986
0.243537550492
0.242440696682
0.241437959754
0.240458755338
0.239436238624
0.238310941861
0.237033921556
0.235569307953
0.233896159768
0.232009691429
0.229921839296
0.227661258773
