0.0
9.053664950925411e-05
0.000207126996459972
0.00029047848291499645
0.00031736078785742083
0.00032644685757818315
0.00037602086204653606
0.0004799044691415899
0.0005922442081540275
0.0006580050235959478
0.0006734609353395427
0.0006899892525325524
0.0007572351556195261
0.0008686382094232059
0.0009693113610762805
0.0010169773656082681
0.0010281981808464707
0.0010591349232140085
0.0011430392851357468
0.0012541740333819607
0.0013375283773150448
0.0013701910562951836
0.0013857972939124719
0.0014357757815653543
0.001531875216380027
0.0016343237960039364
0.0016976756766619305
0.0017216923758576336
0.0017501813808408068
0.0018204296244612589
0.0019213990664048858
0.002007672828529178
0.0020520360072357052
0.0020760466091312157
0.0021241480696108928
0.0022119959706408537
0.002308832780639647
0.002373864531875658
0.002404019911699251
0.0024374590899992887
0.0025087208940102468
0.0026078287190537813
0.0026914519698218176
0.0027337380195320976
0.0027575884443627324
0.0028089358355463945
0.0029028158314013675
0.0030041268510451746
0.003067118291278162
0.003089272471610366
0.003116558184143872
0.003191643605329919
0.0033033201284069225
0.003396611947298858
0.0034347719125260856
0.003443326243336098
0.003483887118684942
0.0035845847904368566
0.0037055902171167915
0.003781375247684529
0.0037947762537939994
0.0037992114787621933
0.0038611001292171016
0.003984685283554737
0.004104284579697928
0.004155708056733515
0.004149006763186372
0.004160150527135767
0.004247954516763894
0.004387294583435022
0.004494395357676609
0.004518764513875159
0.0045006552859118
0.004528695415790596
0.004642390193396476
0.00478699570542343
0.004872278072104191
0.004871911035814705
0.0048537556741653776
0.00490621741011793
0.005040813073837816
0.0051786071581244875
0.005236464113344552
0.005218630198427568
0.005212468994018296
0.005292556325432948
0.005438677352051141
0.0055581987322188
0.005588094820488679
0.005563987095094397
0.005580267247150675
0.005685906958339371
0.005831247944998119
0.005923894578521632
0.005930857680607332
0.005913743091542106
0.005959180316541787
0.006082997700601056
0.0062144436103428735
0.0062763310774467534
0.006270407416099813
0.006273235289756568
0.006349233589180409
0.006479553305606539
0.006585623198065424
0.00661867618363482
0.006613370556324355
0.006646254321538175
0.006748229480481441
0.006870982984520185
0.0069441399941556625
0.006956146508329292
0.00696609175441909
0.007034165473008766
0.007151976597583765
0.007253205590519007
0.007291575712401993
0.007295119876583905
0.007333359681968757
0.0074354353564478615
0.007554923202864078
0.007623460616358227
0.007631604023911803
0.007642003638006212
0.007717373703234748
0.007845706786651599
0.007951121429346966
0.007980945800243736
0.0079694538921663
0.008002018557429921
0.008117151631697572
0.00825847006352208
0.008335397458563487
0.00832716651556456
0.008311057540932948
0.008378142812158706
0.008528523385999617
0.008666200918609174
0.008704454347443269
0.008665875413563201
0.008662028041890688
0.008770442406445783
0.008944759138971484
0.009061782693848969
0.009057690706775423
0.009002568496635013
0.009026612135765943
0.009175894347107888
0.009357107463114522
0.009439893222688844
0.009401442625525835
0.00934883890404746
0.009405783650920915
0.009579085000504528
0.00975022403146053
0.009802183759788335
0.009745399516505812
0.009706915118821685
0.009794067310270493
0.009979380426419923
0.010130462693809614
0.010152321271151413
0.010088701946710854
0.0100739912883476
0.01018858687996585
0.010373794974104539
0.010496679538930465
0.01049323324396309
0.010435290601520014
0.010450934108774734
0.010586532248429606
0.010759389376976694
0.010849584650351546
0.01082911000787426
0.01078889795007315
0.01083765358626311
0.010984913476701663
0.011134464918660283
0.011191599665174481
0.011164827031029431
0.011152517015497479
0.011233031191195827
0.01138083731126506
0.01149867882724312
0.01152646802885443
0.011505251561007221
0.011527930276120826
0.011634943506457385
0.011771746224308141
0.011852976212473929
0.011858691596974072
0.011854539688483157
0.01191537684027863
0.012040402504674974
0.012155616686864726
0.012199372873888725
0.012192889105247823
0.01221553641666126
0.012313422872630778
0.012445818410005222
0.01253111687045319
0.012540639547214433
0.012533175610215663
0.012589372470566143
0.012719076974167368
0.012847380880869008
0.012897726204094878
0.012879940654432653
0.012882651784281218
0.012975320612443109
0.013128146263880022
0.013241518827949744
0.013255810636490672
0.013220481745547005
0.013243072442433917
0.013370931444528666
0.01353579029886988
0.013625381565085484
0.013606639642990637
0.01356520161939788
0.013614728128397924
0.0137724244099265
0.013937194185514493
0.013997269580715066
0.013952328935984956
0.013916528092076094
0.013996529065324892
0.01417526153115585
0.014328260176146454
0.014356946055520278
0.014295695078926918
0.014276203160441925
0.014386259078583624
0.014574811573980592
0.014706206345988071
0.01470576073383073
0.014640010931002381
0.014645172620722693
0.01478094292043805
0.014966999304718953
0.01506997654225134
0.01504654710584731
0.014988665850304048
0.015023529833790808
0.015177262729820604
0.015348843021249545
0.015420394843133026
0.01538329284667811
0.015344763480085608
0.015410509194248675
0.015571957236227493
0.01571880116211953
0.015760038083915462
0.015720618123891417
0.015710699847923656
0.015804528363959
0.015962160969763828
0.016076894570458827
0.016092848509246943
0.016063131139900988
0.016087781758987924
0.01620328535086976
0.01634565582312543
0.016424606837981692
0.01642355332926275
0.016414757680412007
0.016475949632244982
0.016603918956889688
0.016721026342325904
0.01676459467427492
0.016756981633868018
0.016778152633031562
0.016873670206492317
0.017003242946422276
0.017087725689334476
0.01710026973501301
0.017097389047066397
0.01715428861216174
0.017278032423212034
0.017398047954762616
0.0174460705640945
0.017435328289484714
0.01744789433972012
0.01754229227234891
0.017685054163829775
0.017785450989551158
0.017797180581656857
0.01777330134279151
0.01781011079792648
0.017939559264201932
0.018090172331572965
0.018163260225629238
0.01814287534066336
0.0181171769631487
0.01818401060753677
0.018342130888731017
0.0184888562263113
0.018530306807517286
0.018485534409337548
0.01846913422569879
0.018568031160256585
0.01874527346006563
0.018877251452184093
0.018886684416192887
0.018827918299721483
0.018830400309785805
0.018959388809513422
0.019144168928266453
0.019252753144737345
0.01923384084133095
0.019172944651746696
0.019201221800517948
0.01935453517722549
0.019534605525087734
0.01961441563175298
0.019574491842220126
0.019523425604201755
0.019580925971200897
0.019749671547773365
0.019913559525000485
0.01996312475942763
0.019912341387012325
0.019881773805157085
0.019968046558656416
0.020141244849672432
0.02027958296670039
0.020301497229144913
0.020251629162980275
0.020249700887702227
0.020360488695019746
0.020526359596434507
0.02063294897972237
0.02063351806983793
0.020596558880224103
0.020627946228364086
0.02075571639067325
0.020903057322333843
0.020975538767230684
0.020963968973002928
0.020950692902953108
0.021016086180423055
0.021150955683012673
0.0212704485239628
0.021310506375228258
0.021297737152744897
0.02131640348114336
0.02141246563549204
0.02154341279654294
0.02162870742334083
0.021641787990777914
0.021639115012609275
0.02169447354901162
0.021814284853479207
0.021930505395309247
0.021978957189586784
0.02197354295357705
0.02199120123679925
0.022083921203632173
0.022217859731279613
0.022310105866734806
0.02232307878567248
0.022309608512585677
0.02235549195589498
0.022482087411395082
0.022619039604970012
0.02268078096472302
0.02266348255369742
0.022653050584261245
0.022731722495583057
0.022884981541195587
0.023013735502571936
0.023042001417698507
0.023002870219720042
0.023005863040402683
0.02311797656121252
0.023287837921800628
0.023398485420349863
0.023394284416148353
0.023344003665489207
0.02336883629279929
0.023511030187354842
0.023685798878996397
0.023770976119668316
0.0237392384020058
0.023689487983085664
0.023741586251549526
0.02390686499729683
0.024074616599576104
0.024130428937613704
0.024079474370421308
0.024041568305114835
0.024122715834111783
0.024301263145130203
0.024451262636232346
0.024477777245651366
0.024418368067795237
0.02440193788594637
0.02451006503172523
0.024690391120030075
0.024814351080878164
0.024815593709328135
0.024759683790425507
0.02477156420564966
0.02490099942817102
0.02507127981782588
0.025164307735168603
0.025147767552750472
0.025107099048992373
0.025150546914426267
0.025292698653298723
0.02544214452260843
0.025503266712579978
0.025478969829001705
0.025463687346379008
0.025538029296835865
0.025682417981288744
0.025802516482165236
0.02583472027448097
0.025813986441680578
0.02583143577416816
0.025932188571193476
0.026067709765754343
0.026153191306664075
0.02616298543358371
0.026157022566783622
0.02621088435152992
0.026330336471214688
0.026446603294089682
0.02649602179023708
0.026492575146781994
0.026511088629331686
0.02660095485108259
0.026729141272138393
0.026817748773061312
0.02683361119938507
0.026827578846676553
0.026877566307836873
0.0269990124954671
0.02712496656614749
0.027180528523508163
0.02716896376454793
0.027171147393327905
0.02725602520684242
0.027401167039489235
0.02751429764706506
0.02753513306674088
0.027505141843084835
0.027525145955977687
0.027644313780395766
0.02780278314407582
0.02789421089617468
0.027882594222749704
0.027844967867274237
0.027890013073075842
0.028038906958856802
0.028199125517386084
0.02826281307786775
0.028224756192531675
0.028190792883847807
0.028264826152896022
0.028435449579982022
0.028586041086455155
0.02861957533922853
0.028564162873703794
0.028544334515170744
0.028647541893210643
0.028829405599745672
0.028960570361169335
0.028965498150820196
0.02890385310718717
0.028906576820642543
0.0290353495350541
0.029216702951909576
0.02932138824349094
0.029303063202517216
0.029247062597291387
0.0292777204898981
0.029425075543432974
0.02959427837489388
0.02966900050298929
0.029635957113501615
0.029596850546975903
0.02965717371363394
0.029813577221661405
0.02996044648372334
0.030005665269660073
0.029968592979726302
0.029955688710414
0.030043580627068092
0.030198076494913517
0.030315047829033298
0.030335050973245722
0.03030549717234131
0.03032507695994696
0.030434896074463952
0.030576402841839365
0.03065937006226542
0.030661687995707926
0.03065065027605314
0.030705245775131937
0.030828516353437474
0.030947140965817896
0.030995878259176546
0.030990305291285436
0.03100688685039582
0.03109500716400404
0.031221475337050553
0.03130969161352666
0.031327816133647504
0.03132516168984742
0.03137545368545143
0.03149179835683187
0.03161070953551229
0.031664262818299024
0.03165874499655945
0.031669470500697655
0.031755802622811066
0.031891938287741034
0.03199338232021967
0.03201181227393843
0.03199209677314563
0.032025005607952434
0.03214565513498112
0.032291073136524295
0.032367235480544154
0.03235395563787977
0.03233080045813261
0.03239193953618748
0.03254133218143222
0.03268475518468544
0.03273091949874417
0.03269284429999081
0.03267701957569398
0.03276892322720927
0.03293829716611488
0.033069074325701386
0.03308425382457675
0.03303101332284722
0.033032009812925256
0.033153372339566334
0.03333182315823596
0.033441242502837615
0.03342835892015296
0.03337119151902951
0.033396091034711736
0.03354190278781445
0.03371767756771188
0.03380003226717648
0.03376561654660462
0.03371606892592692
0.03376870924744983
0.03393083739569622
0.034092718423225976
0.03414599242355561
0.034099437886089726
0.034068026120357045
0.03414855866806228
0.0343166985582319
0.03445530730790218
0.03448139936666854
0.03443385876435004
0.03442884881159797
0.03453373714767019
0.034696617775571106
0.03480548358248205
0.03480994370027221
0.03477300286246704
0.034799457627415334
0.03492191814664651
0.03506861821431777
0.035144885612812454
0.035136198734495944
0.035120488096794134
0.03517969623768276
0.03531053089095702
0.03543175330512942
0.035476448688556164
0.03546495528201778
0.03547886933156853
0.035568228194674784
0.035696951293226906
0.035786104057083684
0.03580393455552265
0.03580052677796586
0.03584921279062668
0.03596258219840513
0.03607870766169867
0.03613266643144036
0.036131381872076845
0.03614613687105013
0.03623087724360724
0.0363593639500516
0.036453701250905135
0.036473166462558215
0.03646256714790978
0.0365034862815192
0.03662154868071911
0.03675462529646553
0.03682042987790543
0.0368098403779151
0.036800553739221656
0.03687256037129866
0.03701753479590039
0.03714435983036048
0.03717819819665448
0.03714520874083084
0.03714738091331164
0.03725169811996511
0.037414279147609905
0.03752505572916283
0.037527278640034814
0.03748186365253686
0.03750392213539909
0.03763790151445934
0.037807016729547546
0.03789422159306299
0.037868984036691006
0.037822272756652495
0.03786990789075727
0.03802732689831692
0.03819146867801208
0.03825079629036454
0.03820561768762594
0.038168597646697944
0.03824407949541442
0.03841586534779606
0.03856446333536695
0.03859537069834375
0.03854028446721568
0.0385225227883801
0.038624430340353455
0.03879971986993243
0.038924385178554746
0.03893016782233409
0.03887655994935617
0.03888509425365026
0.03900848699805913
0.03917589282620293
0.03927138305259055
0.03925877122232296
0.03921804461389375
0.03925657588677413
0.03939358878957276
0.03954252105244592
0.03960731027029066
0.03958563502057641
0.03956786301471474
0.03963634776968511
0.03977713540227425
0.039899019943404404
0.03993541050457278
0.039915446694091916
0.039928180688910436
0.04002287263127384
0.04015679199406963
0.04024604354732443
0.04025981119891435
0.04025244082577267
0.04029981908601285
0.0404137582321379
0.040530651980797916
0.04058529204329914
0.04058491467722576
0.04059977531444399
0.04068204099969874
0.0408059337016063
0.04089736461388793
0.040919215275965024
0.040914782806897074
0.040959069740310175
0.041072562067186014
0.04119594840681018
0.041256236434493804
0.04125066893568065
0.04125261076526292
0.041330180672839376
0.04146780051165323
0.041580368611882385
0.0416073080306435
0.04158257942115312
0.041600364421507344
0.04171124842758099
0.041863340325628565
0.04195622653253653
0.04195139595348772
0.041917656165138845
0.04195862334487421
0.04209900509924343
0.042254544263624086
0.04232145940425125
0.04229008561485563
0.0422581704521897
0.04232662604697798
0.042489284890589965
0.04263722508863667
0.042675267951012896
0.04262565449579078
0.042605805382837994
0.04270249136299163
0.04287765200505017
0.04300826584870196
0.04301832096474792
0.0429609065670557
0.04296156727660268
0.04308356115565548
0.0432600434541703
0.04336608841562849
0.043352753690962045
0.04329890928335785
0.043325742741925216
0.04346679863365954
0.04363332509043806
0.04371089196191219
0.04368194485051968
0.043642652405472576
0.04369789017754712
0.04384917439277185
0.04399567695236217
0.044044620489501224
0.04401008715518434
0.04399465807855467
0.04407686045993346
0.04422799384583358
0.04434676367075073
0.04437066507120861
0.044341606381277474
0.04435659468194328
0.04446085127382968
0.04460113639004691
0.044687683957053886
0.044693353467881405
0.04468051512056381
0.04472895779981094
0.044847507758335
0.04496719649642804
0.045020721846756165
0.045017308101619
0.045029805868667075
0.04511088711573717
0.045234085560069526
0.045325536896606095
0.04534895987871723
0.04534677994812496
0.04539098224650068
0.04550016439425736
0.04561768232855301
0.04567627587787537
0.04567582836627354
0.045685064632448244
0.0457638098801101
0.04589341545765009
0.045995529401521615
0.04602022977254008
0.0460046655337507
0.046034089592773456
0.046146332595462164
0.04628650768848992
0.04636532490183419
0.046358828096297405
0.046338344093854636
0.046394222301383375
0.04653515430619397
0.0466750967671993
0.04672556576203089
0.046694008751009916
0.0466790078810804
0.04676431860997031
0.04692594229410477
0.04705524249177198
0.04707582389619279
0.04702808977005134
0.04702793195558362
0.047141986439356034
0.04731407172710762
0.04742399675102865
0.04741690758835078
0.04736360725536999
0.04738549676854589
0.047524003968403034
0.04769530422751002
0.04777986874771227
0.047750868325319384
0.04770311516737248
0.047751250258043415
0.04790681260262075
0.04806639183158509
0.048123082936670225
0.048080821918482494
0.04804894375591012
0.048124028252033726
0.0482870052022122
0.04842551327216987
0.04845557974331231
0.04841058821897565
0.04840292888379259
0.04850210371936367
0.04866174046196191
0.048772482990564234
0.04878075252703448
0.048744188010933096
0.048766143265021766
0.0488833454145188
0.049029029020926845
0.04910870516648441
0.049102957840850225
0.04908526895622152
0.049138673426288526
0.049265378875702065
0.049387873980188374
0.04943689841893402
0.04942687587882341
0.049436545641797974
0.04951948776383121
0.04964575282153601
0.04973827305666201
0.04976064992778313
0.04975682539101746
0.04979934785829361
0.049906436395792425
0.0500221166214382
0.05008111038592841
0.05008388107065376
0.05009614286759734
0.050173361028693436
0.05029641537655627
0.05039241689044999
0.05041797379970833
0.05041030923105873
0.050446722875785874
0.050556611477121816
0.050685693336282964
0.05075510749900329
0.05075094061389962
0.05074299109442129
0.05080879015929675
0.050945709142287854
0.05107037043169742
0.051109354952253896
0.051082362510204024
0.05108400637417049
0.05118093387223782
0.051336317489374325
0.0514469093218574
0.05145520808523625
0.0514146673399814
0.05143430666555514
0.05156038278790882
0.05172378012663208
0.05181266405940266
0.051793698922493595
0.051750183165940475
0.05179372701432697
0.05194346760435979
0.05210380405121573
0.05216631400635814
0.05212683334411594
0.05209097931111868
0.05216113268269078
0.0523261870029999
0.05247308954487731
0.05250812291760759
0.05245744350327382
0.05243871396959705
0.05253465650425493
0.052704784417679104
0.052829806005126864
0.052839968586659736
0.05278890001121016
0.05279448688864788
0.05291197346053418
0.05307624003918773
0.05317383614739629
0.05316512510115
0.05312470473339212
0.05315870161272791
0.053290571425770095
0.053438615325312216
0.053506755275437634
0.05348781860085461
0.053468010123233906
0.053530954471270806
0.0536679885000442
0.05379121457913924
0.05383155805169605
0.053812621422523965
0.05382113362355459
0.05390997575836294
0.054042003844890274
0.05413456113775374
0.054152183020155883
0.05414377930561459
0.054185153585759704
0.054293658647054044
0.054410783285698566
0.0544702140298675
0.05447291832667167
0.0544845795886677
0.054559659457833934
0.054679196954148884
0.05477299149890261
0.054800479288616546
0.05479779026516392
0.05483686396224828
0.05494271292577012
0.055063340410012304
0.05512788098822646
0.055128075017184086
0.05513003323208736
0.05520076676102968
0.055331043540515504
0.055442754602942165
0.055475363841372
0.05545580159775734
0.05547171076830028
0.055574717430270565
0.05572046595588828
0.05581445171654523
0.05581606241196596
0.055786259871634505
0.05582353593437156
0.055955704696274755
0.0561064597446292
0.05617622885937994
0.05615132233831985
0.05612163977765615
0.05618489843648833
0.05633975473880859
0.05648482446537394
0.056527040183476124
0.056483162823374636
0.056463581761855675
0.05655407203047991
0.05672254061564416
0.056852305916745505
0.0568672363207679
0.05681414835943459
0.05681309937602001
0.05692854382918214
0.057100017765133904
0.05720708983247806
0.05719861307942194
0.05714716729744375
0.05717054597992914
0.05730540338702396
0.057468986238963266
0.05754907890096403
0.0575242399065303
0.05748512234901394
0.05753560907706619
0.05768172647102439
0.057827497838929404
0.05787990766323767
0.057848076248264935
0.05783055889188499
0.057907324494142806
0.05805489983928887
0.05817505129814053
0.058202690503384044
0.05817442736625597
0.058185284788335345
0.05828411555201138
0.058422854411479486
0.05851256294046006
0.05852154615702354
0.058507316291044914
0.058550038998726045
0.05866386926366922
0.05878420055295949
0.05884213935599013
0.05884097949640714
0.058849872241465734
0.0589242736361766
0.05904406470126293
0.059138275846290125
0.05916670930790405
0.05916522497484092
0.05920383784171761
0.05930610538397563
0.059421968719221244
0.05948512600373995
0.05948958058463612
0.05949765306768684
0.05956928092599802
0.05969246901906236
0.05979489943532175
0.05982544556319007
0.05981400130774418
0.059840334460616415
0.05994456250005706
0.06007946776564688
0.06016053902115873
0.06016049790762852
0.06014278859459546
0.060193822920486986
0.06032657120644423
0.06046288047098075
0.06051725668045756
0.06049202200332883
0.060478065856613264
0.060557175956340026
0.06071118717941118
0.06083875855669914
0.06086439760568453
0.06082212561855499
0.06082112168298835
0.06092819014522999
0.06109389917762298
0.06120401747086868
0.06120247673884209
0.06115315297485591
0.061172384902950724
0.06130379902279583
0.061470473624429825
0.06155692341180269
0.061533225898708674
0.06148751350962199
0.061531489511407716
0.06168055860552893
0.061837568935494386
0.06189738941415991
0.06185946136484305
0.06182746679466454
0.061897395185979615
0.06205513249227562
0.062193193856133894
0.06222702555901169
0.06218477317209907
0.06217487369993119
0.062268532378468716
0.06242470559757533
0.06253694456348528
0.06254892550895967
0.06251306114854957
0.06253093545614886
0.0626429512596818
0.06278727603452672
0.0628699937177284
0.06286721972668818
0.06284797938978319
0.06289595791279821
0.06301846537521734
0.06314180337232432
0.06319484845625034
0.06318646594220423
0.06319237640640328
0.06326919354543865
0.06339279481115435
0.06348821331901207
0.0635149254185255
0.0635109744136404
0.06354782469985445
0.06364880531548207
0.0637637190422707
0.06382729057703511
0.06383402724785017
0.06384417877727344
0.06391432329200905
0.06403198408846039
0.06412924852052386
0.06416049966971832
0.06415581096871002
0.06418815552415202
0.06429023304836073
0.06441522614520691
0.064487814442638
0.06448977464838276
0.0644833278728246
0.06454336300189033
0.06467246857047458
0.06479475564329365
0.06483846810196142
0.06481731079827022
0.06481869550169589
0.06490863573250531
0.065056923188606
0.06516703584813614
0.06518106024601006
0.06514537963968986
0.06516293575531035
0.0652814249891322
0.06543906353268614
0.06552929331459294
0.06551636157555192
0.06547617015327528
0.06551597964351656
0.06565823706321933
0.06581459978034647
0.06587996833726524
0.06584608703312719
0.06581165015860137
0.06587680654543643
0.06603518267941116
0.06618012154444791
0.06621901210838312
0.06617279429082057
0.066153436013548
0.06624367503318267
0.06640854672183602
0.06653359557304771
0.06654796512156738
0.06649964067889007
0.06650266146473695
0.06661439403029756
0.0667752880756413
0.06687464662172057
0.06686978976797046
0.06683000964844366
0.06685984503635967
0.0669865890695403
0.06713339909081228
0.0672045789276333
0.06718847353201
0.06716705404140602
0.06722477422985285
0.06735793010000908
0.06748208022314083
0.06752613979229322
0.0675084577476985
0.06751321791168297
0.06759643001726975
0.06772630953307553
0.06782172921570793
0.06784307383140305
0.06783398033128829
0.06786981569343649
0.06797298317463142
0.06808997261683264
0.06815377261319068
0.06815955081631658
0.068168440203154
0.06823674633375129
0.06835189052541836
0.06844761267309132
0.06848038528534833
0.06847955945410243
0.06851388731018476
0.06861240886018043
0.06873011067821332
0.06879844700839297
0.06880415847428915
0.06880636747963181
0.0688707230931969
0.06899384750318195
0.06910443007029465
0.0691422831255525
0.06912777460292559
0.06914212823266705
0.06923766020898395
0.06937711929087713
0.0694718666739676
0.06947957115066232
0.06945373179598939
0.06948768385046568
0.06961194570175104
0.06975783714771162
0.06983010081981943
0.06981143189705181
0.06978413921842377
0.06984257094226745
0.0699898035320444
0.07013180771867705
0.07017786345657771
0.07013963664944486
0.07012058847009851
0.07020520912922917
0.07036702039700449
0.0704956597801555
0.07051520686851365
0.07046651340820424
0.0704640879425044
0.0705732208467178
0.07073957661800358
0.07084735964040315
0.07084359520066998
0.07079476054810105
0.07081503930200073
0.07094381520107422
0.07110421671653705
0.0711865259529956
0.07116578508721433
0.07112717291747178
0.07117323754933831
0.07131416667940106
0.07145887160002755
0.0715144890136691
0.07148549257892128
0.07146629655218534
0.0715378836416557
0.07168173726395881
0.07180287715842633
0.07183408410565699
0.07180688556523823
0.07181405426682885
0.07190761016911
0.0720445090450436
0.07213697347505921
0.07214921602134323
0.0721339754391168
0.07217140214554231
0.07228053409876967
0.07240111450903676
0.07246309833843077
0.07246426535405785
0.072470006274438
0.07253808551227535
0.07265435621764223
0.07275087682324267
0.07278403154570087
0.07278343869088667
0.07281694161446446
0.07291254930349016
0.07302652345970279
0.07309378490340354
0.07310296203705763
0.07311017003074509
0.0731751390137301
0.07329203903789883
0.07339445783691133
0.07343043021735758
0.07342305408923652
0.07344666717393296
0.07354327176255178
0.07367290249591445
0.07375584605937317
0.07376192798060313
0.07374707335821173
0.07379366506935431
0.07391851502556304
0.07405106030230095
0.0741089563757586
0.07408983461926971
0.0740771211223556
0.07415041540924629
0.07429696791435836
0.07442257985785364
0.07445293414561148
0.07441605862318935
0.07441449396099896
0.07451489864302155
0.07467424375010791
0.07478426283013735
0.07478801775740918
0.07474275234726566
0.07475966008302946
0.07488420285804735
0.07504612817421327
0.07513415158922769
0.07511562693113531
0.07507217178950876
0.07511232561736017
0.07525499545961374
0.07540919750446859
0.0754718620929227
0.07543827997226521
0.07540649166839783
0.0754715568848008
0.07562400555570029
0.07576129828138013
0.07579868039064794
0.07575932793623526
0.07574757594970802
0.07583592442808575
0.07598844371993191
0.07610181722456254
0.07611739929119593
0.0760825292179927
0.07609672634957072
0.0762036445418513
0.07634629889311625
0.07643170270092162
0.07643191574046376
0.07641152048762023
0.07645444377994032
0.07657270924898912
0.0766964905196361
0.0767532511098197
0.07674665152129015
0.07674926157506114
0.07682024852996118
0.07694100891461915
0.07703887930661195
0.07706970827389992
0.07706589344050215
0.07709754661660875
0.07719260534017842
0.07730645906079227
0.07737416345777241
0.07738476130238937
0.07739316009188987
0.07745667231721327
0.07756899697480948
0.07766714711934591
0.07770369903213858
0.07770200785282014
0.07773069841627946
0.077825327429492
0.07794615851641597
0.078021503980805
0.07802929135335163
0.07802449055417106
0.0780791900625992
0.0782007332496457
0.07832045875790046
0.07836849156561354
0.07835299252331517
0.0783543624056886
0.07843771085652913
0.07857902198206454
0.07868838366027012
0.07870778375457554
0.07867692589629603
0.07869271327921036
0.07880393559012139
0.07895579787400388
0.07904705588507158
0.07903990753804374
0.07900314321741223
0.0790395625423737
0.07917454588701217
0.0793267906641856
0.0793947007877978
0.07936630063483756
0.07933350610417868
0.0793939919855813
0.07954576416084595
0.07968849483539418
0.07973097388542745
0.079689247527785
0.07966957522118205
0.07975437415548213
0.07991392099673025
0.08003868931636636
0.08005708503640663
0.08001168010695667
0.08001249686038113
0.08011863991729475
0.08027595887111036
0.08037675138386394
0.08037568384140242
0.08033684586162675
0.0803628820142652
0.08048454025201014
0.080629802193423
0.08070371708128808
0.08069051033696183
0.08066787666480343
0.08072068809864168
0.08084986859636277
0.08097455086655393
0.0810220866188076
0.08100585956608654
0.08100731662425818
0.08108512653754532
0.08121262854415455
0.08131048575791872
0.0813354110177623
0.08132594377062057
0.08135669108582091
0.08145463246546085
0.08157114932166847
0.08163890946102771
0.08164773711755766
0.0816542551904005
0.08171619241955246
0.08182692579903572
0.08192416535993516
0.0819618734784828
0.08196300834560041
0.08199303601280084
0.08208454963188663
0.08219918379242669
0.08227087704769377
0.08228185286053104
0.08228452179002901
0.08234294505758502
0.08245912139042887
0.08256832839640683
0.08261100713657459
0.08260142262762121
0.08261451819824411
0.08270297438507343
0.0828362161627536
0.08293140607205295
0.08294485508314542
0.08292298430503417
0.08295396246732188
0.08307062835762678
0.08321159747712473
0.0832860090335211
0.0832733372066208
0.0832485676802498
0.08330253082192432
0.08344233191359599
0.08358109910895656
0.08363066882029256
0.0835979875294932
0.08357971122559797
0.08365878403093437
0.08381399419561587
0.08394125279695243
0.0839651549982069
0.08392089747867182
0.08391740721452959
0.08402047366207507
0.08418162892933018
0.08428982276569502
0.08429061047321988
0.08424456935461615
0.08426208965174938
0.08438491850673971
0.0845419298356183
0.08462615492414884
0.08460948069774418
0.08457167568012532
0.08461364152041688
0.08474938371026365
0.08489271329270469
0.08495128126745968
0.08492522798293321
0.08490473819865982
0.08497140738783905
0.08511140285199857
0.08523316087458976
0.08526775909057518
0.08524186517470846
0.08524576733875774
0.08533421092428349
0.08546900767156551
0.0855638406469349
0.08557927305161347
0.08556337176848641
0.0855959141719117
0.08570038900949752
0.0858208553329264
0.08588652385372518
0.08589006920268374
0.08589308551887471
0.08595519917190121
0.08606786118686771
0.08616626403553158
0.08620384787789923
0.08620431795626843
0.08623317211170314
0.08632238265214953
0.08643425853373413
0.0865051802318891
0.08651889014457591
0.08652550881034725
0.08658426576425729
0.08669502017552703
0.08679712260808384
0.08683810995998599
0.08683473449928199
0.08685597652399503
0.08694534553224961
0.08706971553856459
0.08715416923019577
0.08716603950123533
0.08715409746915867
0.08719663010880532
0.08731387390762418
0.08744254800510966
0.08750358970484924
0.08749035836937645
0.08747906007469597
0.08754691350329045
0.087686176857604
0.0878096213501696
0.08784435135316579
0.08781278572794284
0.08781092391950046
0.08790498799226698
0.0880580029232887
0.08816764715160953
0.08817643726005095
0.08813528682674344
0.0881501876338653
0.08826809069070475
0.08842516777823684
0.08851446506731944
0.08850096811553305
0.08845995943843574
0.08849661680348822
0.08863299791989919
0.08878417837223146
0.08884940819260877
0.08882016335858917
0.0887888770047496
0.08884936890297432
0.088996504286472
0.08913273117943203
0.08917344579337143
0.08913712534318667
0.08912388522358156
0.08920713762545197
0.08935584344748075
0.089470009294369
0.08948906914192367
0.08945545600017643
0.08946636408786213
0.08956829030888613
0.08970899339717268
0.08979673939963821
0.08979993396968608
0.08977875242652501
0.08981698504588398
0.08993098650022885
0.0900548378715469
0.09011501177010965
0.09011031507263983
0.09011006025209703
0.09017551383861001
0.09029328210744982
0.09039318057577671
0.09042790378743937
0.09042446183314516
0.09045137388930721
0.090540705814157
0.09065323373541095
0.09072464255128375
0.09073898473283544
0.09074596217842222
0.09080327296189507
0.09091033583094128
0.09100901979277762
0.09105048440705732
0.09105179239220172
0.09107722195160536
0.09116476594296828
0.09128138439681821
0.0913590888770546
0.09137239779348746
0.09136936281127338
0.09141913992491509
0.09153338096187749
0.09165037981112892
0.09170233551460513
0.09169230489014396
0.09169388275641531
0.09177102811006169
0.0919054973943658
0.09201385531461885
0.09203828245165649
0.09201219085927496
0.09202650468952962
0.09213078152057026
0.09227687064822652
0.09236885568556744
0.09236723335144335
0.0923339738478947
0.09236733095430427
0.09249525947343533
0.09264326687422934
0.09271341222756191
0.09269035819740874
0.09265940431883195
0.09271553847700592
0.09286080045539984
0.09300110246084337
0.09304690151026412
0.09300967121119086
0.09298997599866571
0.09306960184449128
0.09322378155092685
0.093347981245473
0.09337021318907471
0.09332787427777213
0.09332683093840372
0.09342756044895847
0.09358112984665026
0.0936830421021681
0.09368568409895879
0.09364806185460897
0.0936706494900236
0.09378727956834841
0.09393070709530403
0.09400705999213022
0.0939967981884257
0.09397331992796223
0.09402153464647922
0.09414666764352705
0.094271517208291
0.09432228891339063
0.09430768990648479
0.09430626864741563
0.09437891009356866
0.09450383539997904
0.09460372676261901
0.0946320812566266
0.09462252776089003
0.09464862241435634
0.09474146383052698
0.09485719904667296
0.09492852135399689
0.0949403571282164
0.09494487950793444
0.09500084760227721
0.09510717302618225
0.09520554357863298
0.09524783994024309
0.09525101215669186
0.09527716482698989
0.09536199210580217
0.09547343873179932
0.09554806843840376
0.0955640507603879
0.09556736666234172
0.09562028835184372
0.09572972972327574
0.09583733646730953
0.09588443335420939
0.09587962979048284
0.09589174229754405
0.09597351536961025
0.09610062927239206
0.09619596372488497
0.0962148082543337
0.09619688965682033
0.09622522418260376
0.09633460889703076
0.09647061937724408
0.09654684701730985
0.09653992163579875
0.09651778418599051
0.0965676252354573
0.09670019992348543
0.09683558041832112
0.0968883430766982
0.09686108389892477
0.096843795999815
0.0969176400985504
0.0970663249102669
0.09719196744580434
0.0972199602206685
0.09718015617954993
0.09717589244876344
0.09727314188544674
0.09742903831559938
0.09753736000882142
0.09754253013597569
0.09749943760155551
0.09751452477471648
0.09763155357146268
0.09778499307295924
0.09787084444407297
0.09785818688110105
0.09782146199651426
0.09785964486103026
0.09799022395686229
0.09813189705125787
0.09819316052061845
0.0981701321203532
0.09814870731724255
0.09821072166476368
0.09834675069455719
0.09846877977478852
0.09850658638038697
0.09848220886010871
0.09848324768996043
0.09856675203540444
0.09869921269265357
0.09879604254263591
0.09881458241052958
0.09879834367958068
0.09882640236549797
0.09892627834067011
0.09904629480913346
0.09911529658032607
0.09912125306948438
0.09912194639596524
0.09917844661977344
0.09928743392296412
0.09938731728557715
0.09942903968320876
0.09943072105337632
0.0994553661647707
0.09953844655290327
0.09964804030818362
0.09972219655922926
0.09974024094652133
0.09974652070873216
0.09979950013709597
0.09990426548799436
0.10000577124104902
0.10005136980361538
0.10005191033956398
0.10007110801691942
0.10015362654197862
0.10027276875231167
0.10035838969365839
0.10037571188823102
0.10036672003016449
0.10040556077247757
0.1005154953751887
0.10064021073896738
0.10070403580996384
0.10069646274748364
0.10068673093959364
0.10074950870433229
0.10088166486375837
0.10100275435083438
0.10104152535850378
0.10101516517042135
0.10101324735707815
0.10110129118619673
0.10124802955350211
0.10135704310878633
0.10137060424951246
0.10133360081583932
0.10134679275941737
0.1014582946436624
0.10161044905283516
0.10170073388250879
0.10169210527568213
0.10165370506978798
0.10168718119519111
0.10181740143160908
0.1019653722371646
0.10203289287246699
0.1020079543767868
0.10197743988396593
0.10203364626616152
0.10217546698553086
0.10231035386936445
0.10235418074189281
0.10232099891046607
0.10230661325918528
0.102384988464455
0.1025297472555208
0.102644382277432
0.10266678770787187
0.10263466660496154
0.10264265746227898
0.10273971054210247
0.10287821057513273
0.10296796838723771
0.10297412197855137
0.10295249351550433
0.10298639091438502
0.10309612795711375
0.10321970546155461
0.10328299594265651
0.10328029881333808
0.10327758903740232
0.10333780654884146
0.10345245732080782
0.10355398291255415
0.10359237340126035
0.10358951595032981
0.10361212577474209
0.10369593579694107
0.10380689806621826
0.10388159709933151
0.10389955483105594
0.10390541817900247
0.10395694871015095
0.10405883946887166
0.10415772918867033
0.10420372564596657
0.10420801811608298
0.1042305580633037
0.10431137739340453
0.10442375123607053
0.10450343621793555
0.10452195987038423
0.10452079004358407
0.10456604138358368
0.10467324666433854
0.10478737577569099
0.10484286956224065
0.10483810565138574
0.1048400907451872
0.10491141277045576
0.10503919011715222
0.10514631325155122
0.10517542170907025
0.10515402017740949
0.10516713487601312
0.1052647883331107
0.1054051274894645
0.10549755394609558
0.1055011928688563
0.1054714931308353
0.10550210233440824
0.1056232050775578
0.10576687727108924
0.10583896006552745
0.10582110173368348
0.10579216272881287
0.1058442563197677
0.10598311846309134
0.10612079372971406
0.10616964736177899
0.10613689651870993
0.10611744562905277
0.10619216416971856
0.10634095696080109
0.10646432084702799
0.10649019417367434
0.1064510411622236
0.10644846196377619
0.10654396289543448
0.10669363622112055
0.1067963695228075
0.10680262622770588
0.1067664635632815
0.10678594132633051
0.10689761956999773
0.10703895530705988
0.10711745695266235
0.10711016487914388
0.10708618449772564
0.1071301110527573
0.10725114778084702
0.10737582443513186
0.10742959182177984
0.10741677018870643
0.10741287421985192
0.10748058548852311
0.10760276065151907
0.10770430243217467
0.10773592763908907
0.10772654967554794
0.10774841098672858
0.10783629018539231
0.10795096235373756
0.10802546342921525
0.10804025229117571
0.10804312835025424
0.10809351767058105
0.1081954560278752
0.10829459686025618
0.10834113967623571
0.10834640613109278
0.10836908713621882
0.10844755074432065
0.10855571277584523
0.10863287727523219
0.10865360247932324
0.10865772931958714
0.1087055659921281
0.10880849576023952
0.10891430044370076
0.10896541815797293
0.10896523926716059
0.10897662214802109
0.1090520983662072
0.10917318856979442
0.10926838833630129
0.10929228114213296
0.10927828097940492
0.10930428458599478
0.10940670433379394
0.10953773831029899
0.10961546448919567
0.10961402784296112
0.10959460937648133
0.10964066131212717
0.10976622450767941
0.10989809080702738
0.10995373430481321
0.10993175787848271
0.10991565042804012
0.10998457837382351
0.11012683152659485
0.11025064411643808
0.11028246245608511
0.11024710622789657
0.11024233943115991
0.1103340254956212
0.11048462862350511
0.11059281107823674
0.1106021829568008
0.11056216715351677
0.1105751321851686
0.11068652109631395
0.11083623299637399
0.11092343107002384
0.11091472290978152
0.1108793245172249
0.11091403209609745
0.11103949034669287
0.11117925068455618
0.11124295885241585
0.1112230156272325
0.11120099022710025
0.11125861206084807
0.111390590444465
0.11151256642248047
0.11155339506165199
0.11153071911552132
0.11152927702512233
0.11160802362612272
0.11173794346784649
0.11183641705841298
0.11185797001613332
0.11184168831091063
0.11186565022834553
0.11196100207151205
0.11208026142893139
0.11215225486679267
0.11216063703419125
0.11215938412379489
0.11221061956749674
0.11231588759915671
0.11241687274987273
0.11246244341467725
0.11246546289050889
0.11248631964337813
0.11256354137756786
0.11267069250579556
0.11274767503315743
0.11276984916263924
0.11277601800571017
0.11282364058078471
0.11292258324608721
0.11302323480112432
0.1130730517340149
0.11307741101827488
0.11309486946804721
0.1131709164273394
0.11328487998888669
0.11337134549700095
0.1133937842038449
0.11338776030887404
0.11342325792287422
0.11352618419019707
0.11364687484453853
0.11371313542015146
0.11371097894979837
0.1137029417479536
0.11376099769085918
0.1138862408589852
0.11400480869995201
0.11404729111099224
0.11402601488291893
0.11402426170177582
0.11410660372943089
0.11424713684944489
0.11435528050326893
0.11437334438043834
0.11434049819667438
0.1143522626265274
0.1144576078337866
0.114604786831958
0.11469578598690923
0.11469185528296776
0.11465620056654952
0.11468679763932343
0.11481099751240086
0.11495559475023524
0.11502513992946176
0.11500445859976623
0.11497496017908335
0.11502716354189542
0.11516368910011904
0.1152969854035622
0.11534370343926777
0.11531374118152497
0.11529852986543025
0.1153722519108121
0.11551295744097104
0.1156277579022922
0.11565336691055941
0.1156229445329227
0.11562837364046619
0.11572068542673875
0.11585675842572415
0.1159482102637668
0.11595728496608079
0.11593552297165816
0.1159654322335776
0.11607092272562872
0.1161939077944077
0.11626002370478476
0.11625940303529926
0.116254624916813
0.11630990258918115
0.11642133362961109
0.11652410863262155
0.11656593834403037
0.11656385320198302
0.11658257960969524
0.11666107878224273
0.1167702615784836
0.11684785443286008
0.11686928984105069
0.11687432163178905
0.1169204810681201
0.117017303658656
0.11711609564326375
0.11716625067745653
0.1171734959476866
0.117193496118894
0.11726794944211967
0.11737606653393051
0.11745737278806596
0.11748080220784461
0.11748157636644756
0.11752268258265486
