0.0
0.0
3.74924145718e-06
8.71253063089e-06
1.70243964544e-05
2.91261281407e-05
4.49740975592e-05
6.56362467164e-05
9.0594917179e-05
0.000121192750608
0.000157649733661
0.000200280985065
0.000249944877754
0.000306867072975
0.000371431796019
0.0004444556743
0.000526225519208
0.000617120281363
0.000717752015464
0.000828405917646
0.000949483727497
0.00108156865025
0.00122498256045
0.00138011314244
0.0015474723054
0.00172747640365
0.00192053383387
0.00212704478126
0.00234740858889
0.00258203791898
0.00283132425856
0.00309565062988
0.003375392455
0.00367092255444
0.00398264226516
0.00431093186622
0.00465616067474
0.00501869225408
0.00539888428192
0.00579707975332
0.00621361636006
0.00664882867502
0.00710304520336
0.00757658872427
0.00806978021266
0.00858293819623
0.00911637350027
0.00967039254191
0.0102452970835
0.0108413791318
0.0114589122838
0.012098173978
0.0127594366547
0.01344296839
0.0141490281109
0.0148778464658
0.0156296562483
0.0164046884101
0.0172031667529
0.0180253103714
0.0188713279351
0.0197414232831
0.020635796489
0.02155464325
0.0224981540072
0.0234664947969
0.0244598135731
0.0254782638827
0.0265219925881
0.0275911401428
0.0286858360835
0.0298061945938
0.0309523285247
0.0321243447549
0.0333223431624
0.0345464171985
0.0357966403818
0.0370730857812
0.0383758211278
0.0397049069148
0.0410603979813
0.0424423181807
0.0438506854455
0.0452855161218
0.0467468176883
0.0482345891115
0.0497488234615
0.0512895076667
0.0528566190842
0.0544501306249
0.0560700072188
0.0577162012192
0.0593886402425
0.0610872548689
0.062811966464
0.0645626902201
0.066339329698
0.068141775554
0.0699699093649
0.0718236085084
0.0737027406799
0.0756071642389
0.0775367347195
0.0794912973366
0.0814706916082
0.0834747492297
0.0855032960619
0.0875561344221
0.0896330551798
0.0917338444676
0.0938582798423
0.0960061298675
0.0981771575614
0.100371126439
0.102587785177
0.104826877144
0.107088138795
0.109371297491
0.111676062814
0.11400214528
0.116349242839
0.118717046821
0.121105243496
0.12351350801
0.125941506468
0.128388897663
0.130855334504
0.133340461775
0.135843919052
0.13836533855
0.140904345457
0.14346055979
0.146033592264
0.148623048697
0.15122851841
0.153849591582
0.156485846812
0.159136862069
0.161802200693
0.164481429693
0.167174106293
0.169879781238
0.172597999234
0.175328295876
0.178070210515
0.180823266634
0.183586986385
0.186360885418
0.189144477521
0.191937264617
0.194738745019
0.197548415365
0.200365759636
0.203190261874
0.20602139851
0.20885865803
0.211701508407
0.214549418531
0.21740185626
0.220258277661
0.223118139563
0.225980895316
0.22884598473
0.231712855889
0.23458094485
0.237449692481
0.240318536265
0.243186908498
0.24605423662
0.248919947795
0.251783468199
0.2546442246
0.257501634132
0.260355116899
0.263204090919
0.266047973779
0.268886172355
0.271718093934
0.274543157699
0.27736075838
0.280170305732
0.282971212447
0.285762891528
0.288544745094
0.291316187563
0.294076625804
0.296825464782
0.299562108052
0.302285960726
0.304996430698
0.30769291755
0.310374836951
0.313041597929
0.315692606555
0.318327280399
0.32094502432
0.323545261507
0.326127405084
0.32869088168
0.331235107036
0.333759511108
0.336263518928
0.338746553363
0.341208045296
0.343647424815
0.346064119605
0.348457565825
0.350827214293
0.353172507966
0.355492907075
0.357787860152
0.360056826595
0.362299274229
0.364514659747
0.366702455804
0.36886213644
0.370993176153
0.373095058098
0.375167271172
0.377209312063
0.379220678436
0.381200866001
0.383149396251
0.385065776248
0.386949540024
0.388800206989
0.390617326327
0.392400429671
0.394149064975
0.395862781822
0.397541125982
0.399183671754
0.400789979166
0.402359632779
0.403892221282
0.405387348111
0.406844609585
0.408263624608
0.409644001331
0.410985378457
0.412287365363
0.413549614395
0.414771769029
0.415953481649
0.417094424408
0.418194264716
0.419252681014
0.420269374939
0.421244034823
0.422176373564
0.423066108679
0.423912969091
0.424716689312
0.42547701408
0.426193700518
0.426866503895
0.427495195828
0.428079559672
0.428619383419
0.429114466131
0.429564627288
0.429969676725
0.430329457423
0.430643808732
0.43091258318
0.431135643106
0.43131285121
0.431444091972
0.431529255578
0.431568246654
0.431560973134
0.431507357941
0.431407344652
0.431260864514
0.431067882346
0.430828354836
0.430542268711
0.430209605203
0.429830369837
0.429404571282
0.428932224527
0.428413362739
0.427848022673
0.427236251299
0.426578112689
0.425873680967
0.4251230481
0.42432630137
0.423483562219
0.422594946137
0.421660585108
0.420680622961
0.419655198805
0.418584482604
0.417468639008
0.416307856334
0.415102325547
0.413852256095
0.412557861998
0.411219378252
0.409837041137
0.408411100383
0.406941820696
0.405429468147
0.403874332293
0.402276707188
0.400636895224
0.398955208322
0.397231972469
0.395467520701
0.393662198666
0.391816359517
0.389930378606
0.388004622982
0.386039496559
0.384035389348
0.381992718547
0.379911891832
0.377793347189
0.375637517596
0.373444850735
0.3712158104
0.368950860164
0.366650478852
0.364315149853
0.361945372678
0.359541655261
0.357104508408
0.354634459532
0.35213204926
0.349597820992
0.347032331732
0.344436141859
0.341809821478
0.339153945116
0.336469099333
0.33375587257
0.33101486897
0.32824670483
0.325451998829
0.322631387493
0.319785509306
0.316915007289
0.314020540104
0.311102758925
0.308162328142
0.305199928533
0.302216232101
0.299211925509
0.296187706581
0.293144279685
0.290082350789
0.287002634084
0.283905852478
0.280792733722
0.277664019005
0.274520447403
0.271362773957
0.268191747957
0.265008126569
0.261812661948
0.258606129325
0.255389286728
0.252162904015
0.248927770297
0.245684679663
0.242434429076
0.239177818163
0.235915653164
0.232648741696
0.229377890765
0.226103911379
0.222827617961
0.219549827145
0.216271357971
0.212993042508
0.209715715207
0.206440206308
0.20316734839
0.199897977472
0.196632941375
0.193373089615
0.190119274122
0.186872344615
0.183633153171
0.180402558356
0.177181413819
0.173970572119
0.17077088962
0.167583214685
0.164408416238
0.161247368477
0.158100943738
0.154970015064
0.151855451695
0.148758133758
0.145678936228
0.142618734827
0.139578409242
0.136558832565
0.133560881127
0.13058544642
0.127633414109
0.124705670445
0.121803099051
0.11892658528
0.116077031715
0.113255347264
0.110462441255
0.107699220883
0.104966602443
0.102265497828
0.0995968162667
0.0969614682285
0.0943603642357
0.091794410294
0.0892645281876
0.0867716874176
0.0843168408542
0.0819009517439
0.0795249929019
0.0771899475559
0.0748967860093
0.0726464939263
0.0704400637413
0.0682784917989
0.066162777473
0.0640939351428
0.0620729801168
0.0601009263307
0.0581787796961
0.0563075405555
0.0544882431955
0.0527219420297
0.0510096693692
0.0493524528019
0.0477513137981
0.0462072280332
0.0447210714472
0.0432937021329
0.0419259072846
0.040618385936
0.0393717474807
0.0381865672733
0.0370632716512
0.0360021481059
0.0350033348785
0.0340668042111
0.0331922909657
0.032379331993
0.0316272636988
0.0309352070344
0.0303020656369
0.0297265264726
0.0292070775323
0.0287420352523
0.0283295689479
0.0279677348339
0.0276545301245
0.0273879495214
0.0271659966509
0.0269867479088
0.0268483978389
0.0267492707239
0.0266877250917
0.0266623922924
0.0266721475192
0.0267161254623
0.0267937383927
0.026904720504
0.0270491041086
0.0272272217108
0.027439709422
0.0276874966524
0.0279717135822
0.0282937152726
0.0286551074262
0.0290576854575
0.0295034033416
0.0299943018101
0.0305324518226
0.0311200061348
0.0317591279504
0.0324519586097
0.0332005878037
0.0340070279207
0.0348731927758
0.0358008797999
0.0367917563432
0.037847336362
0.0389688338111
0.0401573358969
0.041413791423
0.0427389908741
0.0441335734764
0.0455980652954
0.0471328693375
0.048738267361
0.0504144417926
0.0521614839364
0.0539793660841
0.0558679350674
0.0578270121371
0.05985636359
0.0619557063961
0.064124708905
0.0663629840626
0.0686701223581
0.0710456936143
0.0734892470721
0.0760003118964
0.0785783911022
0.0812229783195
0.0839335616734
0.0867096223309
0.0895506360853
0.0924560345623
0.0954252418423
0.0984576857354
0.10155278713
0.104709962919
0.107928625415
0.111208183248
0.114548040966
0.11794759901
0.121406256131
0.124923401225
0.128498401429
0.132130629731
0.13581945419
0.139564238175
0.143364334959
0.14721908052
0.151127808624
0.155089844633
0.159104506511
0.163171107167
0.167288960373
0.171457371509
0.175675641738
0.179943060341
0.184258919728
0.188622483553
0.19303300578
0.197489735601
0.201991918215
0.206538788542
0.21112957207
0.215763498409
0.22043978537
0.225157647199
0.229916281781
0.234714884734
0.2395526382
0.244428717395
0.24934228876
0.254292511353
0.259278536464
0.264299509037
0.269354575904
0.274442869849
0.279563507643
0.284715608623
0.289898291353
0.295110658314
0.300351804015
0.30562082108
0.310916797678
0.316238806156
0.321585926033
0.326957220878
0.332351756805
0.337768580509
0.343206743774
0.34866529313
0.354143269474
0.359639706693
0.365153623856
0.37068405929
0.376230024915
0.381790542782
0.387364624979
0.392951278564
0.398549505246
0.404158304232
0.409776675786
0.41540361894
0.421038112096
0.426679142916
0.432325693445
0.437976756618
0.443631305951
0.449288329179
0.454946796558
0.460605682147
0.466263961576
0.471920608402
0.477574584283
0.483224864819
0.488870405162
0.494510193008
0.500143181548
0.505768342485
0.511384644298
0.516991061327
0.522586549338
0.52817008503
0.533740643646
0.539297192518
0.544838698555
0.550364149356
0.55587250663
0.561362755742
0.566833869295
0.572284830408
0.577714615575
0.58312222808
0.588506649857
0.593866880625
0.599201918428
0.604510755803
0.609792412742
0.615045878214
0.620270189689
0.625464335923
0.630627345827
0.635758254622
0.640856079665
0.645919874474
0.650948665905
0.655941505552
0.660897452756
0.665815561033
0.670694898589
0.675534538694
0.680333565091
0.685091054059
0.689806097001
0.694477806406
0.699105275713
0.703687621756
0.708223969277
0.71271344916
0.717155194487
0.721548355742
0.72589208636
0.730185555019
0.734427930377
0.738618396704
0.742756138523
0.746840357712
0.750870267049
0.754845084622
0.758764029014
0.762626356437
0.766431318361
0.770178151065
0.773866145714
0.777494575262
0.781062723668
0.784569904819
0.788015419889
0.791398606439
0.794718795551
0.797975329623
0.801167574777
0.804294902134
0.807356691307
0.810352345312
0.813281256837
0.816142864802
0.818936585055
0.821661873563
0.824318183654
0.826904985709
0.829421774403
0.831868029644
0.834243270422
0.836547021477
0.838778817122
0.840938216358
0.843024761239
0.845038047301
0.846977666975
0.848843215133
0.850634322056
0.852350616884
0.8539917423
0.855557370892
0.857047177756
0.858460852903
0.859798091946
0.861058632654
0.862242194942
0.863348527129
0.864377406916
0.865328601649
0.866201908086
0.866997132764
0.867714109177
0.868352668147
0.868912668102
0.869393971002
0.869796461569
0.870120056619
0.87036465682
0.870530188327
0.870616596215
0.870623858082
0.870551928681
0.87040081533
0.870170511135
0.869861038191
0.869472450805
0.869004790969
0.868458130597
0.86783254463
0.867128142829
0.866345033105
0.865483337734
0.864543220212
0.863524821165
0.862428320607
0.861253922452
0.860001813113
0.858672239866
0.85726541446
0.855781597928
0.854221056124
0.852584073814
0.850870950616
0.849081987811
0.84721750467
0.845277862078
0.843263409224
0.841174512356
0.839011566173
0.836774952616
0.834465104035
0.832082441528
0.829627424981
0.827100499546
0.824502138657
0.82183282643
0.819093062277
0.816283368087
0.81340425213
0.810456276963
0.80743999558
0.804355971918
0.801204792548
0.79798704416
0.794703351705
0.791354321794
0.787940595466
0.784462826482
0.78092167107
0.777317807025
0.77365192777
0.769924708359
0.76613688872
0.762289178008
0.758382310945
0.754417038416
0.750394126045
0.746314338745
0.742178453893
0.737987284466
0.733741615156
0.729442268235
0.725090071623
0.72068586797
0.716230492607
0.711724814541
0.707169700784
0.702566034228
0.697914703254
0.693216613967
0.688472670576
0.683683791055
0.678850901832
0.673974949948
0.669056875484
0.664097632123
0.659098178537
0.654059502379
0.648982578043
0.64386839465
0.638717934434
0.633532229153
0.62831227849
0.623059100121
0.617773738617
0.612457216411
0.607110579196
0.601734880514
0.596331169729
0.590900511691
0.585443968146
0.579962622309
0.574457547805
0.568929842008
0.563380592217
0.557810890501
0.552221846925
0.546614565619
0.540990161299
0.53534975764
0.52969447588
0.524025428817
0.51834376603
0.512650622066
0.506947139194
0.501234449613
0.495513710945
0.489786073978
0.484052692777
0.478314730053
0.472573346361
0.466829699685
0.461084957839
0.455340306913
0.449596906041
0.443855941113
0.438118586637
0.432386022172
0.426659433062
0.420940009914
0.415228939144
0.40952741059
0.403836613381
0.398157752024
0.392492007319
0.386840597006
0.381204704681
0.375585535276
0.369984297018
0.364402203296
0.358840456124
0.35330026549
0.347782841834
0.342289399086
0.336821160154
0.331379342379
0.325965165585
0.320579850693
0.315224622131
0.309900714869
0.304609353014
0.29935177402
0.294129206403
0.288942887551
0.283794069847
0.27868399914
0.273613936103
0.26858512809
0.263598837237
0.258656329453
0.253758871362
0.248907730619
0.244104183863
0.23934950548
0.23464498875
0.229991929011
0.225391630537
0.220845393013
0.216354531867
0.211920364144
0.20754421433
0.203227415657
0.198971301886
0.194777210763
0.190646493609
0.186580486816
0.182580546808
0.178648017324
0.174784245534
0.170990572933
0.167268353715
0.163618928858
0.160043635345
0.156543789131
0.15312070146
0.149775653871
0.146509911635
0.143324703732
0.140221227424
0.137200635834
0.13426403465
0.131412467259
0.128646910172
0.12596826577
0.123377352379
0.120874890617
0.118461506134
0.116137703801
0.113903862969
0.111760227068
0.109706891323
0.10774376998
0.105870611478
0.104086991787
0.102392297181
0.100785723249
0.0992662616865
0.0978327040954
0.0964836457843
0.0952174904453
0.0940324494505
0.0929265458287
0.0918976247426
0.0909433807992
0.0900613631662
0.0892489981416
0.0885035938108
0.0878223407642
0.0872023774408
0.0866407959212
0.0861346677111
0.0856810578436
0.0852770378839
0.0849197268414
0.0846063093312
0.0843340555088
0.0841003372656
0.0839026065902
0.0837384520405
0.0836056140825
0.0835019927243
0.0834256566171
0.0833748301337
0.0833479088484
0.0833434916111
0.0833603719893
0.0833975457938
0.0834542043167
0.0835297248696
0.0836237027918
0.0837359398353
0.0838664478435
0.0840154339665
0.0841832481752
0.0843704591304
0.0845778247873
0.0848062890318
0.0850569738894
0.085331162783
0.085630302532
0.0859560020634
0.0863100171193
0.0866942436841
0.0871106614444
0.0875613421126
0.088048471371
0.0885743157144
0.0891412068426
0.0897515228134
0.0904076665008
0.0911120716275
0.0918671658124
0.0926753677475
0.0935390595948
0.0944605291678
0.0954420226687
0.0964857001487
0.0975936332991
0.0987677826386
0.100009973576
0.101321903007
0.102705133803
0.104161087912
0.105691038634
0.107296100841
0.108977244568
0.110735283864
0.112570884463
0.114484567589
0.116476689582
0.118547442269
0.120696898669
0.122924998883
0.125231560605
0.127616284906
0.130078779192
0.132618540397
0.135234978479
0.137927419102
0.140695112328
0.143537225496
0.146452867417
0.149441097496
0.152500915831
0.15563128342
0.158831117743
0.162099299622
0.165434678893
0.168836080778
0.172302311734
0.175832152787
0.179424378173
