0.0
0.00810078764787
0.0117177858678
0.0146633328878
0.0172825812726
0.0197045010945
0.0219928813299
0.0241840616325
0.0263009086245
0.0283584953738
0.0303673296097
0.0323349641668
0.0342669677808
0.0361675160477
0.0380397894927
0.0398862444077
0.041708778538
0.0435088683186
0.0452876712465
0.0470460765551
0.0487847722293
0.0505042869289
0.0522050074451
0.0538872105368
0.0555510903988
0.0571967622072
0.0588242785666
0.0604336387516
0.0620247985654
0.063597679312
0.0651521697741
0.0666881309151
0.0682054034608
0.0697038069796
0.0711831517327
0.0726432315757
0.074083829899
0.0755047227811
0.0769056751194
0.0782864507913
0.0796468066959
0.0809864968062
0.0823052725354
0.0836028837297
0.0848790817841
0.0861336187642
0.0873662479595
0.0885767215618
0.0897647972003
0.0909302327346
0.0920727903675
0.0931922350667
0.0942883378198
0.0953608701418
0.0964096108521
0.0974343426337
0.0984348502825
0.0994109267344
0.100362370191
0.101288982807
0.10219057642
0.103066967508
0.103917979569
0.104743444367
0.105543200742
0.10631708887
0.107064957478
0.107786662305
0.108482066623
0.109151044521
0.109793471713
0.110409234795
0.110998227129
0.111560349426
0.112095513865
0.112603638204
0.113084647729
0.113538474729
0.113965063892
0.114364366335
0.114736344839
0.115080961936
0.115398187541
0.115688003906
0.115950402499
0.116185381204
0.116392947336
0.116573120869
0.116725927016
0.116851403034
0.116949596038
0.117020559835
0.117064348992
0.117081032064
0.11707068495
0.117033396258
0.116969262064
0.116878380078
0.116760861638
0.116616826567
0.116446402926
0.116249728062
0.116026951267
0.115778227662
0.115503726301
0.115203623492
0.114878110168
0.114527372391
0.114151599628
0.113750996296
0.113325774726
0.112876153057
0.112402360988
0.111904641826
0.111383245807
0.110838431355
0.110270468416
0.109679633524
0.109066202617
0.108430461357
0.107772709494
0.107093251347
0.106392401158
0.105670474792
0.104927801209
0.104164713117
0.103381553109
0.102578670946
0.101756426352
0.100915182808
0.10005531691
0.0991772100226
0.0982812527613
0.097367840383
0.0964373682699
0.0954902430987
0.0945268754841
0.093547685248
0.0925530963415
0.0915435438773
0.0905194700102
0.0894813200294
0.088429546036
0.0873646096248
0.0862869733352
0.0851971099417
0.0840954950895
0.0829826123677
0.0818589498482
0.0807249983878
0.0795812516488
0.0784282105027
0.0772663750006
0.076096251201
0.0749183540123
0.0737332156162
0.0725413660139
0.071343338944
0.0701396763313
0.0689309221867
0.0677176136075
0.0665002974854
0.0652795191215
0.0640558256113
0.0628297655771
0.0616019083206
0.0603728210129
0.0591430723959
0.0579132299787
0.056683865902
0.0554555621473
0.0542289075822
0.0530044904678
0.0517829013383
0.0505647350801
0.0493505821062
0.0481410288855
0.0469366611973
0.045738061416
0.044545803865
0.0433604712047
0.0421827011014
0.0410131105281
0.0398523190868
0.0387009549569
0.037559649493
0.0364290071697
0.0353096388312
0.0342021548675
0.0331071580973
0.0320252410912
0.030957038166
0.0299031873991
0.0288643118065
0.0278410320034
0.0268339662661
0.0258437603123
0.0248710953462
0.0239166439195
0.0229810921012
0.0220651425496
0.0211694905874
0.0202947664137
0.0194416219508
0.0186106920155
0.0178025823915
0.0170178857319
0.0162573938666
0.0155218583871
0.0148120269327
0.0141286772146
0.0134726169718
0.0128445461374
0.0122451422977
0.0116750903498
0.0111350283489
0.0106255270776
0.0101471461863
0.00970042659511
0.00928576456763
0.00890343895687
0.00855358976222
0.00823626171696
0.00795152332504
0.00769924399816
0.00747918075641
0.00729100227079
0.00713424752543
0.00700791797804
0.00691105361356
0.00684267919616
0.00680179947494
0.00678747623025
0.00679948205712
0.00683782453426
0.00690265624651
0.00699445253932
0.00711400956879
0.00726204526998
0.00743925773207
0.00764671801348
0.00788559275136
0.00815710041741
0.00846252912363
0.00880327652572
0.00918061661253
0.00959575361467
0.0100498082095
0.0105438030139
0.0110786412189
0.0116551357544
0.0122740070671
0.0129358895403
0.0136413316215
0.0143906277941
0.0151840326416
0.0160217880416
0.0169040860216
0.017831078272
0.0188029439844
0.0198198679498
0.0208819888128
0.0219894383601
0.0231423450625
0.0243407836695
0.0255847274129
0.0268742102708
0.0282092581055
0.0295898917188
0.0310161254438
0.0324879682582
0.0340054258213
0.0355685017328
0.0371771965609
0.0388315095077
0.0405314124476
0.0422768805458
0.044067889851
0.0459044142618
0.0477864236957
0.0497138369729
0.0516865478128
0.0537044651562
0.05576748804
0.0578755059807
0.0600284142052
0.0622261240141
0.0644685256666
0.0667555081055
0.0690869544871
0.0714627322904
0.0738826397549
0.0763464950599
0.0788541071713
0.081405278024
0.083999796632
0.0866374549958
0.0893180322208
0.0920412992479
0.0948070171868
0.0976149400672
0.100464804771
0.103356335044
0.106289251305
0.109263267496
0.112278085705
0.11533339449
0.118428851149
0.121564121372
0.124738853316
0.127952686055
0.131205252761
0.134496182598
0.137825092739
0.141191590603
0.144595280623
0.148035750119
0.15151256808
0.1550252963
0.158573487971
0.162156690033
0.165774435713
0.169426250137
0.173111648064
0.17683013529
0.180581208426
0.184364353408
0.188179052995
0.192024780677
0.195901000098
0.1998071706
0.203742739891
0.207707144264
0.211699806108
0.215720137566
0.219767545033
0.223841421253
0.227941157166
0.232066141463
0.236215760606
0.2403893851
0.244586378474
0.248806101957
0.253047899236
0.257311103394
0.261595052374
0.265899063108
0.270222449398
0.274564522708
0.278924591938
0.283301955717
0.287695905085
0.29210572302
0.296530687004
0.300970078666
0.305423167609
0.309889219713
0.314367489616
0.318857233274
0.323357695872
0.327868111239
0.332387715622
0.336915735013
0.341451386968
0.345993900457
0.350542503593
0.3550964039
0.35965482509
0.364216968531
0.368782042636
0.373349247738
0.377917773519
0.382486812985
0.387055557943
0.391623188994
0.396188889594
0.400751861501
0.405311268296
0.409866291829
0.414416105784
0.418959891884
0.42349682366
0.428026077411
0.432546820383
0.437058233491
0.441559472355
0.446049710222
0.450528121295
0.454993865452
0.459446107371
0.463884022041
0.468306774712
0.472713539139
0.477103492641
0.481475802705
0.485829641067
0.490164183097
0.49447860168
0.498772083306
0.503043793472
0.507292918735
0.51151863941
0.515720145166
0.519896623885
0.52404726224
0.528171255406
0.532267800129
0.536336099471
0.540375358134
0.544384784749
0.548363596523
0.552310999469
0.556226226701
0.560108488914
0.563957012855
0.567771027511
0.571549775646
0.575292500383
0.57899846117
0.582666896029
0.586297082189
0.589888290855
0.593439780318
0.596950835365
0.600420735726
0.603848769836
0.607234248396
0.610576469682
0.613874737719
0.617128373583
0.620336702251
0.623499061127
0.626614783469
0.629683223785
0.632703744531
0.63567570976
0.638598501427
0.641471498869
0.644294092174
0.647065674107
0.649785660847
0.652453458399
0.655068504857
0.657630229178
0.660138082806
0.662591517648
0.66499000066
0.667333016741
0.669620039919
0.671850569423
0.674024109694
0.676140180734
0.678198302001
0.680198011818
0.682138863798
0.684020404937
0.685842220901
0.687603881288
0.68930498213
0.690945122911
0.692523924087
0.694041013933
0.695496040323
0.696888647592
0.698218497246
0.699485262499
0.700688635036
0.701828311273
0.702903988636
0.70391540774
0.70486230578
0.705744416946
0.706561506529
0.707313364786
0.707999758281
0.708620498041
0.70917538899
0.709664263549
0.710086956544
0.710443316683
0.710733215451
0.710956521745
0.711113118853
0.711202926393
0.71122585789
0.711181834759
0.711070814599
0.710892751771
0.710647615313
0.710335402089
0.709956095444
0.709509722944
0.708996295552
0.708415853568
0.70776844593
0.707054141641
0.706273023066
0.705425183858
0.70451073288
0.703529789511
0.702482493332
0.701368998768
0.700189443775
0.698944030016
0.697632934009
0.696256361046
0.694814526441
0.693307664932
0.691736012886
0.690099826224
0.688399386129
0.686634970088
0.684806884016
0.682915429501
0.680960940041
0.678943754467
0.676864220195
0.674722703767
0.672519574963
0.670255235595
0.667930075092
0.665544523328
0.663099001204
0.660593953349
0.658029839433
0.655407127103
0.652726294475
0.649987836183
0.647192260128
0.644340088564
0.641431847253
0.638468091526
0.635449358072
0.632376218326
0.62924925833
0.626069063253
0.622836229098
0.619551381988
0.616215141633
0.612828151925
0.609391059121
0.605904528049
0.602369232859
0.598785855711
0.595155079031
0.591477614656
0.587754173353
0.58398547178
0.580172254439
0.576315274668
0.572415274853
0.568473034266
0.564489328383
0.560464928967
0.556400646306
0.552297280967
0.548155641186
0.543976554408
0.539760850866
0.535509368057
0.531222954545
0.52690248432
0.522548813037
0.518162814931
0.513745369797
0.509297379194
0.50481973437
0.500313347412
0.49577913067
0.49121800232
0.486630893865
0.482018739557
0.47738248321
0.472723073443
0.46804146835
0.463338622458
0.458615514784
0.453873110221
0.449112388036
0.444334344539
0.439539963934
0.434730245819
0.429906197546
0.425068818916
0.420219127583
0.415358142147
0.410486872866
0.405606363504
0.400717624185
0.395821693463
0.390919616198
0.386012439395
0.381101199252
0.376186958872
0.371270764554
0.366353681295
0.36143676045
0.356521068564
0.351607669727
0.346697623193
0.341792008988
0.336891903344
0.331998380861
0.327112516531
0.322235394607
0.317368097431
0.312511715223
0.307667337585
0.302836054912
0.298018951266
0.293217128563
0.28843168236
0.283663704447
0.278914293058
0.274184540882
0.269475547778
0.264788419599
0.260124277335
0.255484223871
0.250869372536
0.246280838474
0.241719739528
0.237187186535
0.232684300272
0.228212197044
0.223771994294
0.219364817746
0.214991806157
0.210654088965
0.206352801542
0.20208907911
0.197864063883
0.193678912933
0.189534780224
0.185432824269
0.181374212087
0.177360107871
0.173391689585
0.16947013598
0.165596629306
0.161772358841
0.157998514457
0.154276310112
0.150606967507
0.146991709246
0.14343176773
0.13992837949
0.136482790077
0.133096251869
0.129770019837
0.126505356427
0.1233035202
0.120165782503
0.11709342059
0.114087709778
0.111149917725
0.108281307409
0.105483130015
0.102756618606
0.100102986156
0.0975234181078
0.0950190659542
0.0925910352976
0.0902403935768
0.0879681442802
0.0857752233083
0.0836624797056
0.0816306721625
0.0796804388253
0.0778122926363
0.0760266119798
0.0743236213079
0.0727033798466
0.0711657624369
0.0697104491864
0.0683369199178
0.0670444426215
0.0658320695156
0.0646986258874
0.0636426905803
0.062662636947
0.0617566282202
0.0609226342671
0.060158443863
0.0594616814447
0.0588298382299
0.0582603013911
0.0577503844127
0.0572973577257
0.0568984332206
0.0565508327467
0.0562518399243
0.0559988145804
0.0557892262159
0.05562066588
0.0554908659519
0.0553977580344
0.0553394756287
0.0553143787919
0.0553210532693
0.0553582956209
0.0554251795171
0.0555210475531
0.0556455103065
0.055798449285
0.0559799481514
0.056190374918
0.0564303635299
0.0567007993431
0.0570028100581
0.0573377335894
0.0577071235157
0.0581127431722
0.0585565444682
0.059040646852
0.059567272102
0.0601387170888
0.0607574091805
0.0614258401166
0.0621465480851
0.0629220835891
0.0637549744187
0.0646477295238
0.0656028040557
0.0666225819067
0.0677093458128
0.0688652025352
0.0700921468404
0.0713920369724
0.0727665764452
0.0742173025942
0.0757455595671
0.0773525178564
0.0790391866085
0.0808064079784
0.082654860653
0.0845850563033
0.0865973496969
0.0886919626803
0.0908689833409
0.0931283818733
0.0954699973977
0.0978935225961
0.10039858002
0.1029847033
0.105651348172
0.108397898156
0.111223680946
0.114127964777
0.117109974191
0.120168895287
0.123303876342
0.126514020175
0.12979840041
0.133156076611
0.136586089973
0.140087460698
0.14365919658
0.147300285218
0.151009713902
0.154786457026
0.158629483412
0.162537756412
0.166510230365
0.170545856811
0.174643589116
0.178802368167
0.183021142519
0.187298846437
0.191634416096
0.196026788539
0.200474890603
0.2049776565
0.209534020572
0.21414291861
0.218803278683
0.223514032923
0.228274109704
0.233082432137
0.237937923046
0.242839499619
0.247786082057
0.252776583742
0.257809911705
0.262884989758
0.268000724253
0.27315602204
0.278349785015
0.283580914405
0.288848322844
0.294150905431
0.299487564011
0.304857190138
0.310258681824
0.315690928926
0.321152820804
0.326643234017
0.332161056432
0.337705163586
0.343274434517
0.348867754837
0.354483996034
0.360122034733
0.365780743107
0.371458986278
0.377155640133
0.382869573743
0.388599648268
0.394344727276
0.400103679431
0.405875370092
0.411658663981
0.417452415273
0.423255496869
0.429066763895
0.434885076601
0.440709303782
0.446538300491
0.452370928812
0.458206051238
0.464042527207
0.469879226572
0.475715013219
0.481548748252
0.487379304926
0.493205541104
0.499026336225
0.504840560496
0.510647091538
0.516444798952
0.522232561087
0.528009262774
0.533773786657
0.539525018831
0.545261847587
0.550983164765
0.556687876718
0.562374874834
0.568043067324
0.573691358541
0.579318670328
0.584923910161
0.590506005456
0.596063894359
0.601596489871
0.607102735751
0.612581579563
0.618031957077
0.623452837758
0.628843181326
0.634201939534
0.639528091238
0.644820617917
0.650078511471
0.655300755364
0.660486366712
0.665634338663
0.670743696385
0.675813454337
0.680842653021
0.685830322879
0.690775505323
0.695677264284
0.700534664233
0.705346780488
0.710112690419
0.714831484575
0.7195022707
0.7241241532
0.728696263914
0.733217722661
0.737687670005
0.742105258389
0.746469645139
0.75078000094
0.755035515479
0.759235368055
0.763378760446
0.767464916268
0.771493062254
0.77546242757
0.779372265096
0.783221839776
0.78701041211
0.790737272834
0.794401716967
0.798003053712
0.801540611175
0.805013705887
0.808421698084
0.811763940667
0.815039793995
0.818248661006
0.821389918954
0.824462998337
0.827467317971
0.83040230407
0.833267418856
0.836062123886
0.83878590501
0.841438241953
0.844018662341
0.846526658117
0.848961783127
0.851323578528
0.853611605975
0.855825448547
0.857964694598
0.860028943858
0.862017828781
0.863930971326
0.865768040571
0.867528680334
0.869212583486
0.870819457758
0.872348989571
0.873800907972
0.875174959804
0.876470892219
0.877688482709
0.878827519292
0.879887792077
0.880869126483
0.881771345815
0.882594309149
0.883337867506
0.884001903888
0.884586309606
0.885090994099
0.885515868608
0.885860898484
0.88612601366
0.886311196498
0.886416430266
0.886441709178
0.886387059946
0.886252501498
0.886038095023
0.885743895055
0.885369986266
0.884916458902
0.884383422507
0.88377100735
0.883079333821
0.882308571119
0.881458884469
0.88053045738
0.879523492008
0.878438206629
0.877274829626
0.876033604681
0.874714802479
0.87331867977
0.871845543995
0.870295674835
0.86866942503
0.866967098939
0.865189067607
0.863335673384
0.861407307374
0.859404363914
0.857327243757
0.855176372637
0.852952175654
0.850655108325
0.848285625554
0.845844213405
0.843331355656
0.840747551254
0.838093322284
0.83536919426
0.832575717387
0.829713442119
0.826782934611
0.823784797736
0.820719605764
0.817587979777
0.814390543597
0.811127918923
0.80780076303
0.804409726351
0.800955472363
0.797438688998
0.793860073099
0.7902203244
0.786520170243
0.782760321548
0.778941531147
0.775064556053
0.771130132306
0.767139058111
0.76309210861
0.758990074959
0.754833771374
0.75062399755
0.74636159275
0.742047388257
0.737682208968
0.733266943663
0.728802429567
