0.0
0.0012787612035521298
0.0037462736079464515
0.005094079863080976
0.006832748203170522
0.008287631448194326
0.01085590330791568
0.0118698088788418
0.013066654620740935
0.01434475396705328
0.015582469718444826
0.016999197935724374
0.01817958043506137
0.02180053021109793
0.02331593259044136
0.02560678470101871
0.02846737886297327
0.03474876918277186
0.036219207035636504
0.03883157916845938
0.04271125819796821
0.04572568560409407
0.0474335725743158
0.04914281491345883
0.05018544523067462
0.05157366848805639
0.05303555941734057
0.05490424905191399
0.05876619938936724
0.06081535608715587
0.0629725404092776
0.07508999090495477
0.07775215691521678
0.08016800879282757
0.0884936805433564
0.09266476713315644
0.09524928007090351
0.0958511895980218
0.10012217812045601
0.1007998796545193
0.10224947254164635
0.1033897479952083
0.10675516029311524
0.10872631222435768
0.10994734554711794
0.11912042842775107
0.12486351718290153
0.12937428724926453
0.13126241939449612
0.14563634633881095
0.14795633501430572
0.15286236926612945
0.15703990676785187
0.16071471296371267
0.16240824974578447
0.1636239031954941
0.16493412590783038
0.1666690420927256
0.1682626392967152
0.17048746033155693
0.18077380719123043
0.18425653651472262
0.18772414595302012
0.20618054638076044
0.20817948598451247
0.2134327134417334
0.21630408409835095
0.22717985518454117
0.22769351977163338
0.2297653814496726
0.23161348649009103
0.23304294481653964
0.2344148159157966
0.23412937298155106
0.24156046232977352
0.2433935179578494
0.2479366457168617
0.2520146465372309
0.2684151666795452
0.26927288101640817
0.274244856784899
0.2845697888364047
0.29314278695750395
0.2963207730680122
0.30056920377429586
0.30231940240172783
0.30361988743565316
0.30439195013296394
0.30700176057078365
0.3083097066994296
0.3103600629082981
0.3149287436933676
0.32785512104309156
0.33209840471188634
0.3334943105938033
0.34815758659711804
0.3549578577369501
0.35947039277133924
0.35968201820049517
0.3676644327389286
0.37020577961957246
0.37172496788760073
0.3722402096918576
0.37392206102793246
0.3745869055036367
0.3761923146781525
0.38049518051329
0.3869827429454033
0.3910102809764277
0.39135759469116127
0.40777569827602633
0.4093543801635937
0.4165092183151452
0.4232964539708264
0.42969703619875166
0.43235710039640257
0.4325856316546436
0.43503232641991185
0.4355959709693404
0.43620210062326936
0.43946775862342324
0.44179402201376183
0.4451264466438393
0.44545359818948255
0.460513303789527
0.46038403269663575
0.4661797228809238
0.4675977700290804
0.47927749738463954
0.4799700847554075
0.4826849385902674
0.4857419363123472
0.4876986713205623
0.4884187258941222
0.4891200575464637
0.48901287745076233
0.49117184115548695
0.49328374590914476
0.4955604537373118
0.5035061191586798
0.5013644708975591
0.5068957534348825
0.5079052405504644
0.518972665171608
0.5199416608393528
0.5241934920306155
0.5281529683274855
0.5286670135784794
0.5297457387565118
0.5307697029280284
0.5306296726453822
0.5318829251331497
0.5328602654730074
0.5377786444299357
0.5379009301276378
0.5385153244586054
0.5445314209926947
0.5464322815402894
0.5495104631517139
0.5483303401054237
0.5541018366425542
0.5548872202311141
0.5563032686181876
0.5574546965684144
0.5585560788697916
0.5591207739687755
0.5602553743505307
0.5597100971343966
0.5611655490303787
0.5622532580919536
0.5628310972414039
0.5630587665309462
0.5657599454315403
0.567182067739067
0.5688927820315104
0.5699455218941619
0.57129979650131
0.5714229068445915
0.5719594115487837
0.5739164586100934
0.574726815396389
0.5754910914219213
0.5760559132061918
0.5759258560346625
0.5763363556794776
0.5769742637131069
0.5766322771758623
0.5785719099116038
0.5771121635394149
0.5773412074614447
0.5755693125385835
0.5756637102030282
0.5764486532522834
0.5766346801205813
0.5769921735124719
0.5771696941095109
0.5778113160720139
0.578485378261661
0.5787771521355379
0.5803920989715983
0.5793246904978379
0.5780156728524933
0.580405393400926
0.5717511445800034
0.5744728152849954
0.5722743925982279
0.5718751939766266
0.5691308469659416
0.5697365156180246
0.5707240668618413
0.5697197551993155
0.5705091537162129
0.5713762083926927
0.5718101168684104
0.5714173240266479
0.5718708645612995
0.5723850510659678
0.5707164019487267
0.5665414315642365
0.5668270435555384
0.5649403888708666
0.5615194597108708
0.5574784469340692
0.5561278583535669
0.5558323560294717
0.5552597881909302
0.5552527121908764
0.5558805019373482
0.5564249627682162
0.5565974716209642
0.5572331811713538
0.5571762806981151
0.5534158275215246
0.5533691348181897
0.5519403156725258
0.5450540256119522
0.5417681524445023
0.5398952692233728
0.5403241777971526
0.5342812713786079
0.5347968984905586
0.5347907938637566
0.5354393283003744
0.5356822468435541
0.5361947650123049
0.5377019049480357
0.5354619884362343
0.5358074005872694
0.5352873065251634
0.5352493854637929
0.5270705459357552
0.5262586756259179
0.5232713044688199
0.520712046149754
0.5135086776750006
0.5128211586376484
0.5123582894962599
0.5119791734852527
0.5124161669515442
0.5131209715991583
0.5139317000079164
0.5146221642252954
0.5144086983236061
0.5141103060607576
0.5083834020357372
0.5082099213117106
0.5059260020617508
0.502946716013748
0.4942820262603592
0.4941956039626665
0.49364968083299143
0.49146596072854837
0.4890509484884552
0.48983210630647517
0.4900879428780887
0.4911391247955058
0.49216790161521684
0.492903732394815
0.4928654400027085
0.4901923131853771
0.4908916248186015
0.489975308213624
0.4845404420254571
0.4798882552257211
0.47789895774346536
0.4755450898011739
0.47040046517694006
0.46977538679144637
0.4706501259167207
0.4710689728015401
0.47124036907722394
0.47214154158703836
0.47241616897837024
0.4736615005459487
0.47343323023713196
0.47395460435228187
0.4690317616963061
0.46747505796146793
0.4653652194152908
0.46652981568197005
0.45864292482458696
0.4580059853423686
0.456667611309805
0.4567393574342104
0.45523684799285075
0.4558410793903473
0.45659090962584
0.45787229860592854
0.45924294500214946
0.4598941472332482
0.46021447617883476
0.4581329619108586
0.45906871239074926
0.4575800736766943
0.45556979587223645
0.45073716137021275
0.4496428041507538
0.44969060732934424
0.4460122253701999
0.4463654075401591
0.4465363146235816
0.44796685055488794
0.4491347914965915
0.44997579113403385
0.4506046533640741
0.4513251428995684
0.45234899300337356
0.4522486254273908
0.4520739114710476
0.44846107821363695
0.449497364349684
0.44888057958678756
0.44753005317210426
0.4445035806535361
0.44501423942353907
0.44511566434882294
0.44509567519680937
0.4457044718548869
0.4467020958643814
0.4478569236640042
0.450145549196123
0.4508777808548383
0.4515250245280636
0.45152783848455114
0.4514304634399535
0.45206486191877204
0.45057035701440756
0.4492572668765255
0.4490135754540789
0.4499547529793298
0.44903586178937854
0.448821904759952
0.44942870313984523
0.4500478293063022
0.45263522557708175
0.45357192961007603
0.4545660851765025
0.45590719091790477
0.4572824923219041
0.4580004196679957
0.45878086550890845
0.4586389078550931
0.4592295044970279
0.45941143244144467
0.4600182107183739
0.4583535139401317
0.4589295606626338
0.4593973136985169
0.4600366084136858
0.4613811858048623
0.4623425277877
0.4636520445700099
0.46605220226533906
0.46704285121091177
0.4682352759037255
0.469896600930028
0.47095779804866844
0.47177015427863156
0.4726653740963409
0.47252760896128054
0.47317869047875266
0.4734903120508336
0.4736241653331368
0.4745105710674824
0.4750859136137601
0.4757589141523599
0.4782752947512642
0.47952882390208923
0.4809682052770675
0.4815387776852759
0.4850039924588845
0.4856435159618871
0.48687948908502593
0.4881370355476546
0.48957377833291355
0.49024631413997943
0.49101052645330046
0.4909363255009943
0.4915505621846003
0.49220178078336424
0.4936261712060798
0.4948619642937494
0.4957080779367793
0.49692350800938623
0.4995401410107637
0.5010977418796128
0.5021352707162761
0.5046488355817235
0.5064878617916999
0.5075654405232838
0.508085948990723
0.5090700880099359
0.5101447017527558
0.5105784787460906
0.5108941329387939
0.5118223689378377
0.5128250966824317
0.5136297246468996
0.5150209585434576
0.5174273019747311
0.5182806181375885
0.518941424284757
0.5223020885709858
0.5232294271878151
0.5248898350465281
0.5249418596313798
0.5272368210731379
0.5283567504529934
0.5290279927354812
0.5296886293259124
0.5301983398446648
0.5310137369431307
0.5317884643713687
0.533623336235194
0.5344202263201654
0.5350698290807903
0.5383597186627807
0.5388545260037214
0.5405403737541838
0.5408826488373062
0.5437952284706954
0.5441986013003748
0.5451479123100686
0.5453096073615398
0.5466613938956226
0.547305225497388
0.5479743504225351
0.5487110033953853
0.5494685901489269
0.5503150407491837
0.5509026669463553
0.5533196348662087
0.553665398875423
0.5550127547220598
0.5554126760215377
0.5577226097981516
0.5578344771551483
0.5595090250003508
0.5600626111951583
0.560841011876068
0.5614706252666305
0.5618276350416443
0.5627204764044493
0.5632505715205434
0.5638703180338893
0.5654777502603388
0.5658229652225044
0.566677209581193
0.5676457183990563
0.5689422844178764
0.5694349505922073
0.5696973917135746
0.570729584695979
0.5710973953464346
0.5717064813358337
0.5720075157906074
0.572609344788554
0.5734300904052906
0.573980333808443
0.5746249041602738
0.5751020186732405
0.5756345760026542
0.5765172664435286
0.5772268044010664
0.5779508689996607
0.5782705785704976
0.5788471164123272
0.578129490055695
0.5787446285189979
0.5790883651050767
0.579313433139566
0.5798451685492259
0.5805355813548069
0.580519474788396
0.5812758785807107
0.5817221299406127
0.5823532650033327
0.5831043439663641
0.5834931314070912
0.583830535836867
0.5842396553269695
0.5834321749062524
0.5839151283939378
0.5836199422952327
0.584111197938886
0.5831414684140186
0.5836988589687077
0.5840631367984096
0.5839471454080766
0.5847250145214641
0.5853329327442909
0.585945163406017
0.585925533935126
0.5863422423632344
0.5869977430661711
0.5871349731829606
0.5865268963498331
0.5867285685302243
0.5861906549305989
0.5840955781747401
0.5844315513926509
0.584556339674803
0.5847512041016613
0.5850132598887089
0.5854726625805374
0.5858641365085819
0.5857449518154425
0.5861564338571603
0.5866170802789719
0.5873609369339793
0.5871516000222398
0.5871918976350938
0.5874220396443409
0.5859506261158786
0.584634092816405
0.5844795084733787
0.5847407019046997
0.5835395361161891
0.5836564357646364
0.5840596155785048
0.5841422813060672
0.5839950914108375
0.5846192630312713
0.5851453700498856
0.5847941290503702
0.5856483228694768
0.586083311253672
0.58502944084682
0.5843025721433914
0.5833047775894457
0.5841478145831895
0.5809329267348063
0.5813087203049854
0.5810101704073142
0.581412504123729
0.5813065130326105
0.5816601501170878
0.5822372810417231
0.5825959499517414
0.5822641189535195
0.5828044814898875
0.5834000286071567
0.5827886848301632
0.5832450472509911
0.5823255030389108
0.5831037831839556
0.5792009682324825
0.5802490320083094
0.5791364971501479
0.5785629674192453
0.5786307757191415
0.5790584991708043
0.5794526661399818
0.5790877419892947
0.5793848331404432
0.580283624960103
0.580221031153694
0.5808395508945428
0.5809899257861819
0.5807817712159887
0.5782581288184927
0.5789221820914889
0.5785791283210453
0.5780358693006251
0.5769198464275462
0.5772511047593749
0.5775147605704266
0.5768804033476288
0.5774200341053454
0.5778474219440616
0.5789190640517843
0.578950968877408
0.5792103047688028
0.5796304352692855
0.5795542806982613
0.5793797397253622
0.5797680407911178
0.5796452651772703
0.5785547598104624
0.5773597757861525
0.5776989228990133
0.5770032069886403
0.5770218379450766
0.5774586157358033
0.577821203272281
0.5775066547638544
0.5785126477427857
0.5791709970611774
0.5794158479157323
0.5802496467100124
0.5804562811380652
0.5813018987989023
0.5795962733555065
0.5802103759134738
0.5796105092081492
0.5803632721744604
0.5791129144048759
0.579765142148638
0.580052375069557
0.5802860785522196
0.5798581374182882
0.5806637459097959
0.5811714158084125
0.5825303717319736
0.5827913526200901
0.5834401285882985
0.5842710072930475
0.5842155299721815
0.5850071827490457
0.5844368347015317
0.5838922109094599
0.5841817381356739
0.584374037831483
0.5846363248033848
0.5844128713057559
0.5846676966306655
0.5853275703234794
0.5853227668205054
0.5866115688572413
0.5874004900510206
0.5880449758644961
0.5894444803638725
0.5898491461827822
0.5904086646476867
0.5905788369241459
0.5908586779389254
0.5912554522563569
0.5917385389536882
0.5914803974720806
0.591519770356773
0.5918745727046562
0.592761333107711
0.5928422680817356
0.5932451553304089
0.5938762445769388
0.5945787880818316
0.5965269467123858
0.5972063028239387
0.598237963319267
0.5989776433814171
0.5993982014080487
0.5997959983111636
0.5999445347380143
0.6002410578866638
0.6004668741915314
0.6008726037762593
0.6006958510796192
0.6015235770581103
0.6020164672488099
0.6025074446736617
0.6039022242134543
0.6048548657520931
0.6054027551372189
0.606913757252884
0.6079637872705674
0.6085846332858182
0.6089836691432932
0.6098585281516082
0.6101744291864943
0.6106957892185838
0.61127068021756
0.6108881032016489
0.6114444464894953
0.6118769690839796
0.6129501686250528
0.6134309598695864
0.6142558673551917
0.6150293988805502
0.6164590681927269
0.6178065534079847
0.6179596654453557
0.6194953726287066
0.61979862304361
0.6203528293006628
0.6208663358754186
0.6210287454939267
0.6212908878826153
0.6217669006654291
0.6217180725873797
0.6227516435884479
0.6234822515454621
0.6239817385049468
0.6254652611655315
0.6259888607176911
0.6269290442413606
0.6271172550299972
0.6288010393946613
0.6290977891411872
0.6298003858747019
0.6300919228533218
0.6303538826494045
0.630621114736761
0.6319052578610783
0.6318940145438076
0.6320507571700801
0.6324428337004847
0.6325740226163243
0.634430833288718
0.6350592930757925
0.6354004364620237
0.6363892815795745
0.6368238215216775
0.6373531585064226
0.6379595742084032
0.637922170277075
0.638429104114196
0.6386599513302883
0.6390694764562345
0.6392139920955308
0.6396093226074618
0.6408184564068147
0.6410075402221344
0.6416890241118806
0.6419934475307587
0.6421505487761662
0.6432438777291921
0.6434349949565136
0.6438296875393039
0.643570876649831
0.6435373295222021
0.6441486613477049
0.6440562618978307
0.6437530212884711
0.6441311100369999
0.6446417986152707
0.6454833834883358
0.645879182547077
0.646458894060632
0.6461054548503946
0.6470875795121709
0.6474840332461884
0.6477456529163401
0.646319948143078
0.6470422747324263
0.6467130203619553
0.6474467450819006
0.6458893359485738
0.646151777225942
0.6462004241444713
0.6472449623562244
0.6466467793567794
0.6473904452645343
0.6479541006441782
0.6487030296164822
0.6489424829271605
0.6490553898729841
0.6485368808965447
0.6473084249915159
0.6482741372046223
0.6475364273563828
0.6459634910461044
0.6447681617338207
0.644678374568568
0.6456476742292433
0.6444016560384327
0.6445929958697691
0.6448782229588302
0.6448765467643813
0.6464386631857976
0.6466391265184204
0.6463855609684463
0.6450877085722111
0.6456453805744904
0.6457127448166095
0.6434750347324547
0.6414639826332782
0.6414366981238129
0.641522251691668
0.6399261102744318
0.6387838396180631
0.638992810667856
0.640221530877809
0.6397942111347944
0.6403704206004415
0.6404374397559632
0.6405952642346638
0.6406548132821945
0.640555626794448
0.6405718417383562
0.637210039277241
0.6357001853537967
0.6356109270053647
0.631305282505055
0.6305847815214619
0.629852286053765
0.6305508114832016
0.6300022006876115
0.6301046431330741
0.6306160779416703
0.6301741055455609
0.6308286216910671
0.6311505600385068
0.6317593539680658
0.6283435839487171
0.6285660733694014
0.626544356604374
0.627608940209976
0.6204142005523972
0.6215451170327996
0.6198353432634629
0.6199973653280478
0.6171750926350299
0.6176399603169754
0.618422280716386
0.6189866113514249
0.6187880110001271
0.6192341142405535
0.6183632257197164
0.6170830933915983
0.617845173479284
0.6161253003028181
0.6112975533278534
0.6097483462530605
0.6085168170412699
0.6071054470947134
0.6033149830053978
0.6034739968652124
0.6034894750059288
0.6029138289348556
0.6036439799382491
0.6037985131674074
0.6046599387384487
0.6036412477427822
0.6039853550656301
0.6034710252968735
0.6022195738023856
0.5978987028540023
0.5979688441418973
0.5974672529242078
0.5927998427163271
0.5899057038216463
0.5893377282288841
0.5886835436881137
0.5871625709096865
0.5875929638312604
0.587934978134448
0.5881880690480619
0.5884117183523986
0.5887915686018323
0.5885717284632137
0.5861655237012604
0.5847274412034853
0.5850340640925624
0.5780513918660034
0.5772192173961209
0.5750193732478119
0.5759940464954865
0.5715051690954427
0.5720556288440334
0.5718596775289657
0.5717805615845865
0.5718233249360546
0.5725581576536897
0.573002441856286
0.572769208405823
0.5716510617027124
0.5709490364360144
0.571802913097774
0.5652542155110137
0.566017856363216
0.5633877166844915
0.5623607663232127
0.557733254726483
0.557501316465472
0.5574188359929068
0.5569655626172383
0.5568825378168364
0.5576581855990514
0.5568353934813665
0.557522708417957
0.5577095725151224
0.5580087105922067
0.5538384576237678
0.5541172942484074
0.5525413073093863
0.5514026093822794
0.5461793119152042
0.5466357192075636
0.5462971768050552
0.5443157935386536
0.5439590812446466
0.54418129906853
0.545031050901237
0.5446156533280003
0.5449967893489369
0.5451188564227052
0.5460965851076839
0.5436279366890326
0.5441768107833407
0.5436621476806686
0.5414785954414846
0.5384539129835323
0.5377182693458309
0.5354342429877965
0.5341830585923519
0.5340364385897469
0.5346194526096645
0.5337411800500117
0.5344880496367985
0.5349185182017471
0.5351106221732052
0.534689235252655
0.5351243396622425
0.5354854116808159
0.5336205456276828
0.5324120455196824
0.5315945544665384
0.5321533735692219
0.5283178508218327
0.5286728276256402
0.528179737261688
0.5284443227704845
0.5273757287335297
0.5282068722248042
0.5285687241363873
0.5293757037737504
0.5285792123992483
0.5293102174421839
0.5296933911870677
0.529035626540318
0.5291513072928453
0.5285985326737207
0.5272399784472372
0.5257957148191559
0.5253197438940216
0.52536369426928
0.5246299869268657
0.5250068448443622
0.525627423592554
0.5248699755986981
0.525652842938413
0.526080513671245
0.5268109493056848
0.5265448795544023
0.527147917086425
0.5273441003260343
0.5276352640674142
0.5263378423368887
0.5266124201258036
0.5266656074550128
0.5263228934436857
0.5257763225618708
0.5262476812345582
0.5267754951396522
0.5267934532741626
0.5269000663950745
0.5273287054006499
0.528304848626461
0.5280521143811033
0.5286427440953732
0.5290851674884604
0.5293865676431267
0.5298354816473287
0.5295466027199573
0.529869997980021
0.5296925723292476
0.530172452389764
0.530630790827626
0.5303171283404398
0.5312214870193885
0.5315700548366842
0.5319841199624677
0.5317710417553689
0.5327482794241722
0.5334213029326299
0.5338693274333015
0.534522136083453
0.5351830298383833
0.5355649204476682
0.5362929091199127
0.5364808615854173
0.537106809615004
0.5375982576193843
0.5382984798129719
0.5385613318227203
0.539180759231147
0.5403007199721126
0.5396976348952089
0.5403972966112881
0.5403145505704413
0.5414478285916398
0.5423105638063108
0.542785277354845
0.543795392725856
0.5445805083023849
0.5454128237641579
0.545811067839925
0.5470415549960412
0.5475465711060872
0.5481852350731033
0.5486513371052533
0.5490588820798001
0.5496802747210381
0.550474547101956
0.5502229629301263
0.5510274531532198
0.5518026318522365
0.5522204136635176
0.5537685153740469
0.5542406224582064
0.5552790958839325
0.5558946787269322
0.5573369925800785
0.5576183328742388
0.5586191328755331
0.5599200225476152
0.5602950090166375
0.5607639078485388
0.5612116078306598
0.5615557336876976
0.5619030280283275
0.5623687084661408
0.5632929880197197
0.5643281553376662
0.5651242884057533
0.5660555962911191
0.5673883972145927
0.568259055248367
0.5685278111835864
0.570289852847365
0.5706924668795397
0.5714349802928017
0.5722356173422923
0.5722754746042932
0.5729950885520289
0.5733778195013587
0.5738708007388059
0.5743323304168795
0.574925855745418
0.5756135324640034
0.576582935084022
0.5777766646057353
0.5784436431562574
0.5786620619334363
0.5806480472554857
0.5808368397458521
0.5818740575203414
0.5832950788476927
0.5831749873682186
0.5837075045176694
0.5835661222435156
0.5839177016115561
0.5847249936559777
0.585280102443049
0.5858255575466357
0.5869237002448762
0.587642129559372
0.5880771558263517
0.588999017258089
0.5896926639741066
0.5901384362074246
0.5910616860698291
0.5917355887939352
0.5922819313887749
0.5929515898670868
0.5932990444917816
0.593235114101968
0.5937443951612325
0.5941996981634682
0.5946915517674258
0.5951917738454672
0.595746815877098
0.5962382188286617
0.5966831268794612
0.5971645991684319
0.5971708833643382
0.5980348066862736
0.5985569430585247
0.5989940857397087
0.5993217836870578
0.5999103378778119
0.6002131661624709
0.6007625727077867
0.6002918067944644
0.6011100176917964
0.6015584900186961
0.6019745859350168
0.6020248023869453
0.6025087843783098
0.6028894959909717
0.602575636460389
0.602719308030106
0.6029551973979805
0.6036700417063744
0.603510622135422
0.6041178060982967
0.6044640372517107
0.6051596862004207
0.6046469017571832
0.6052025904890532
0.6054870475574149
0.6055914531644874
0.6056691596368019
0.6060924728232254
0.6052391715925587
0.6054383798905609
0.6045886579281257
0.6053184809906299
0.604339876783601
0.6049370160373196
0.605243551882203
0.6051376059201361
0.6052535908807487
0.6059021915611388
0.6063579429108936
0.6064944972266569
0.6062000857250839
0.6063236120433463
0.6071689900604728
0.6050958642347799
0.605824016024733
0.6048264978716578
0.6053148558027185
0.6028172208112859
0.6037913715461
0.6038456798212751
0.6033765998396317
0.603608769978191
0.6041688283844776
0.6046199547450162
0.6042087721151203
0.6044018989732423
0.6047733411737835
0.6051743545359806
0.6035168722859345
0.6032062129987762
0.6023316472130216
0.5994912479058664
0.5999605958452389
0.6000088721930288
0.5985582261450476
0.598913699564543
0.5990565828097217
0.5994805336581599
0.599015366558213
0.5995510924972155
0.5996499094263623
0.6007422905887784
0.5990579394331648
0.5993902166881423
0.5990535455909823
0.5979747434009466
0.5953788426610678
0.5952594043858618
0.5953327175139533
0.5921634319498149
0.592355197531902
0.5924767146262325
0.5922151302251553
0.5919954711320152
0.5926374448388724
0.5930786862026228
0.5928873039366702
0.5924904607836936
0.5928312955657568
0.5917083877363168
0.5896742634660999
0.5883845255556935
0.5893376668757433
0.5842501423820219
0.5850573687225153
0.5841221930102549
0.5839249983669056
0.582757737358873
0.583619991945793
0.5838562863145219
0.5842317624521891
0.5837234880973032
0.5841162284798734
0.5847755397192762
0.5833292997755907
0.5826689041405272
0.5815135500567457
0.5823400090770212
0.5765261932139035
0.5771816312337307
0.5757915713033772
0.5732946220672344
0.5735109135691718
0.5739733137543157
0.5739797137150311
0.5735375620421854
0.5740157059973244
0.5747047245353138
0.5746482491497571
0.5737018202762578
0.5729030418758717
0.5735975400492355
0.5684257730756795
0.5691076126496436
0.5680913046266464
0.566043428239677
0.5639031037859041
0.5641231816826158
0.5642331353990774
0.5628723127318047
0.5637716256325856
0.563989180111953
0.5648629027299784
0.5640804234934107
0.5644331726296085
0.5643058301558358
0.5643813021631677
0.5610610934456632
0.5614115480532692
0.5603319328562625
0.5562802292135572
0.5550592457399929
0.5553404116454728
0.5533107619968332
0.5534831704774248
0.553847418432775
0.5542554933311659
0.5540425383784857
0.554444962604344
0.554724801021779
0.555162821257
0.5532756544095966
0.5529684929448296
0.5535723190242339
0.5493604773057401
0.5488544865508472
0.5475722649711314
0.547942901640672
0.5444109962008579
0.5455391196287036
0.5453495641573828
0.5452922081946414
0.5451863906505766
0.5458397884651036
0.5464302842691151
0.546228288214955
0.5459518587789809
0.5459452741261341
0.5464652274955123
0.5428477109548933
0.5421000873905134
0.541683015355049
0.5375637841382099
0.5382869456472866
0.5381449660668637
0.5377287256532252
0.537397265932789
0.5379734323169478
0.5386177282867287
0.5388160570274743
0.5387797736439125
0.5389469812238289
0.5398053181349797
0.5373868783245145
0.5380171036948451
0.5370612346635638
0.5368842632244653
0.533141376987659
0.5339511938555986
0.533658593532844
0.5323861774894414
0.5323474424293919
0.5326674609829974
0.5331656838073574
0.533045074112292
0.5335765005695523
0.5341017686163176
0.534418449411843
0.5334887030992098
0.5339117761711238
0.5330005363029565
0.5308203393863272
0.5303079460572093
0.5308139419393304
0.5289431693428032
0.5287913631018069
0.5288377412479881
0.5292205216823493
0.5288835706592698
0.5296804193790604
0.5301272997852967
0.5307854255923989
0.5305415427148734
0.5308830930894581
0.5313139956819651
0.5303107879523223
0.529827085808019
0.5295744489572756
0.5302638072290365
0.5274923181138379
0.5279852799316213
0.5277703144764841
0.5278324306776897
0.5276214966309812
0.528274625984139
0.5288372734735217
0.5288995156725782
0.5293497133917768
0.5298439976504478
0.5301415540991942
0.5297667557516459
0.5292103924200088
0.5300721405235737
0.5274215899136476
0.5284435417334853
0.5280188866576602
0.5282274564460668
0.527666739433125
0.5282481659622966
0.528707165212622
0.5288363864868454
0.5292817046405742
0.5298107444381904
0.5301951069282845
0.5302641639820384
0.5308576317116456
0.5308691960963043
0.5315373376671223
0.5296949291047928
0.5307760274450114
0.5304795271032084
0.530260908066546
0.5296829431083112
0.5302832991734184
0.5307392426229086
0.5306984407342662
0.5313245081624564
0.531893164246026
0.5321304800866526
0.532340923502045
0.5328946031622607
0.5331369093302942
0.5326882908099819
0.5331776493803867
0.5336111368076114
0.532961736790983
0.532893792193009
0.5330615183993854
0.5335241760442937
0.5333805344053859
0.5340659481249066
0.5344846840814749
0.5348022190051789
0.5351140272630766
0.5356068457202083
0.5360106981106357
0.5363854840050174
0.5365913687169119
0.5370194034758619
0.5376790742683519
0.5369150140006849
0.5368623357431104
0.5372141459958799
0.5368215915727732
0.5373469023996834
0.5378638877255808
0.5383964896538416
0.5385280034191573
0.5390270704340439
0.5395472863583759
0.5401363001432272
0.5399828528920935
0.5404733113535173
0.5414485848522695
0.5405579639013313
0.5414996032269411
0.5411537135282726
0.5418887403976609
0.5409589767029719
0.5418422071674831
0.5421835075129703
0.5422649846807764
0.5427669394726191
0.5432210118513285
0.543622796734488
0.5438348017585066
0.5442736710868236
0.5447558986132797
0.5455051728532605
0.5450277244654379
0.5458893810822897
0.5453781664693635
0.5460027134745135
0.5454311576806854
0.5461481543200736
0.5459928775128678
0.5463122880275291
0.5468238269302984
0.5472974257785596
0.5475921985490098
0.5477106663814805
0.5482650039479419
0.5492974153934982
0.5486888270216791
0.5494494563809748
0.5496246280085803
0.5498924836601456
0.5494364532760698
0.5496821895698158
0.5503361339635379
0.54930592869554
0.5502971849670919
0.5504916465650289
0.5509243864728164
0.5507977210252538
0.5514529541801807
0.5519449339982425
0.5521383553046331
0.5523405674057119
0.5529727341818416
0.5533341050871046
0.5538318763448339
0.5528821924014511
0.5535483104797084
0.5519735889030191
0.553019703572257
0.55301097480082
0.5533945468472844
0.5535445193147314
0.5538912380672941
0.5543551394116986
0.5549687022095491
0.5544960297243153
0.5552650099699219
0.5557034262730611
0.5558739775252737
0.5560533604144529
0.5557691552277737
0.5568174429638018
0.5546503330236616
0.5558980500891848
0.5557054702684372
0.5555555246289614
0.5553814597415457
0.5560014561510531
0.5565140650061681
0.5560612122556816
0.5567045432298753
0.5572532464210523
0.5576629894626048
0.5575334510881628
0.5579961047685679
0.5579067842296623
0.5573872746929145
0.5572867561842182
0.557374690972963
0.5566592408586011
0.5564031404531373
0.556685870895801
0.5571321830870686
0.5571985401585783
0.5573672433358092
0.5578586830870929
0.5582818533736655
0.5582382938388335
0.5585907719191592
0.5587359812923288
0.5594523687088016
0.5583141481773232
0.5587780379156502
0.5590545027941566
0.5574416349655279
0.5573563935236361
0.5574437878558173
0.5575372673726233
0.5569918698497323
0.5576334209305064
0.5582325846505916
0.5579840542299782
0.558208430517419
0.5587571684956433
0.5592887780407347
0.5591212220213295
0.558709917627254
0.5594903406888223
0.5572637942546357
0.5576678421593988
0.5569717279627869
0.5576515033100251
0.5562862432990388
0.5569625241991236
0.5571876416514103
0.5573303645627944
0.5573709768874802
0.5577629688391269
0.5580852202913814
0.5583324496074725
0.5584713593740255
0.5586210547180983
0.559394679592153
0.5572947831032522
0.5581008415371368
0.5572353542060542
0.5573853849217313
0.5556338558509625
0.5560942291100018
0.5562322801984559
0.5556983368059354
0.5563618546573745
0.5567971461973105
0.5572462391047438
0.5568743328841076
0.5573677085366134
0.5580493323372077
0.5566884001421689
0.5573189039340132
0.5567805085459774
0.5567822438253318
0.5544744722518256
0.5551030094020224
0.5551742329934023
0.5546151694342017
0.5547894476820198
0.5550700877339766
0.5553163449209885
0.5551405037446475
0.555687091168312
0.5561585542212013
0.5563529187788231
0.556088023441494
0.5566778424453735
0.5566644021311852
0.5560054140796078
0.5542398841307639
0.554671704729921
0.5532763601517078
0.553089175071486
0.5532653991633006
0.5538318032384217
0.5538014120292151
0.5538596697874024
0.5543886797951225
0.5551485632334744
0.5545701423586281
0.5550066799093062
0.5554709708792177
0.5546096650743638
0.5541813312740055
0.5536999725284032
0.554607999430569
0.5518596067741066
0.5526306814812973
0.5523095327261235
0.5525992736175133
0.5522095901406477
0.552788773671288
0.5533551585009474
0.5529662765592304
0.5536435893357512
0.5540257584731819
0.5545474002682991
0.5537209399964464
0.554077725139448
0.5537411610034415
0.5526311989883004
0.5520336124106644
0.5516073288411291
0.551922359972964
0.5510410908863264
0.5515561171741351
0.5519500475324839
0.5524891270685319
0.5522247195646688
0.5528767967360086
0.5534291878872789
0.5532525365689626
0.5534659402726063
0.5533041882297898
0.553917033864761
0.551476284595973
0.5525765307455561
0.552112847996829
0.5517248866285236
0.5508715877567111
0.5513305283225646
0.5518510596137806
0.5513431304837305
0.5520690428100739
0.5525885365644849
0.5525392273351871
0.552826192679119
0.5534076343965324
0.5536906159543282
0.5535127894349097
0.5524148204862618
0.5530279847181666
0.551251508672539
0.5511402887928657
0.5511104934394071
0.5517368326264385
0.5514555492515996
0.5517608503944027
0.5522353062173451
0.5528024738760351
0.5528685396887267
0.5531633745801188
0.5535108217919328
0.5535501898679364
0.5534180039730464
0.5536368756520265
0.5542335429523932
0.5523384238667989
0.5527216723737742
0.5522880011974458
0.5530217579567045
0.5517806681343718
0.5525061763859596
0.5529738449740049
0.5527389528791753
0.553434638650322
0.5538366251398541
0.5545457539205547
0.5541363085155981
0.5544224435156796
0.5548925508780411
0.5533787099787528
0.5540778581171576
0.5534004510080198
0.5541851136870215
0.5524296894711755
0.5532709177400889
0.553466896473762
0.5537891497227136
0.5540960712198486
0.554504596031106
0.554826815662846
0.555060404531375
0.555401228430474
0.5557295235636123
0.5561476305129134
0.5551545984182679
0.5560672814888583
0.5556077244307496
0.5559013236333253
0.5541879802313391
0.5550493474918305
0.5548671904686163
0.5548517931634938
0.5552169729351736
0.5557269722849948
0.5561432767800478
0.5561997339037866
0.5568726373844929
0.5573987827835379
0.5570481536395626
0.5570705708096824
0.5573694546479996
0.5570539561515071
0.5560262283247595
0.5562500078841459
0.5568824072471902
0.5557387870937042
0.5564089667951899
0.5565594730196959
0.5570260065271148
0.5573961010470501
0.5576540350279243
0.5582320240460846
0.5579921132969152
0.5585495403099103
0.5589949520148807
0.5592793480801638
0.5587420372388341
0.5584287521218998
0.5584202770410106
0.5584851503274961
0.5577071582600756
0.5576975860278799
0.5580615857489517
0.5579641792599747
0.558409353054334
0.5589013526202161
0.5597265772607651
0.5594291496413183
0.5599619561119702
0.560502042304071
0.5599648900252692
0.5599454577152956
0.5596403686252567
0.560673425455162
0.5581266238466209
0.5593156522098301
0.5589851753444783
0.5591711451052959
0.5589706125058544
0.5593429658120129
0.5599355936660542
0.5596999015074122
0.5605819746697548
0.5610234236567376
0.5610596438469454
0.5610372987081351
0.5616339668969001
0.561444948464003
0.5619949507464903
0.5599752690256321
0.5606904912884474
0.5595563183509906
0.5593828393458051
0.5594712989201267
0.5600208278431374
0.560518430228531
0.5604309745746145
0.5610770214009795
0.5615995018089857
0.5615395622888623
0.5618259313372809
0.5619929298008918
0.5624097403309515
0.5608113024619112
0.5613011937951689
0.5615565338915607
0.5600378378116773
0.559960557396848
0.5598405617596229
0.5605635426310672
0.559712621181166
0.5604469431307337
0.5610056602215752
0.5607300469879742
0.5615241758979929
0.5619388315525813
0.5623298985213283
0.5620753095638732
0.5617219038803473
0.5620621408380385
0.5609147833267212
0.560519282565668
0.5595395078146765
0.5602904281295178
0.5589334605845014
0.5594176488057088
0.5597358187683997
0.5604300350515868
0.5605001781626219
0.5608742029886852
0.5612435737508746
0.5615368461213311
0.5612892523455358
0.5613815854768412
0.5620995979623734
0.5596140525986684
0.5605151892566559
0.559537100658285
0.5601277108713212
0.5577809794972778
0.558727718617556
0.5589844457101153
0.5586474134209276
0.5590772291892704
0.5594634829796468
0.5597578471665311
0.5598388304077666
0.5605268298261742
0.5607667218069599
0.56062838892546
0.5595672475514551
0.5594560052537428
0.5587119031653918
0.5566145776918112
0.557086438801054
0.557339008780751
0.5571432853329552
0.5569399206328387
0.5573299083449038
0.5577025196029737
0.5582661517168785
0.5581752790427844
0.5586683463334938
0.5587325462295992
0.558219188697613
0.558785866431699
0.5586267536623433
0.5576550121044188
0.5560352350258002
0.5561726055239088
0.5566075700328453
0.5550082881068008
0.5550164977228289
0.5553668225921918
0.5553330190628442
0.5555021107300919
0.5560401559845847
0.5567347758095385
0.5564175981634994
0.5566635075029535
0.5571143431940166
0.5556635415027021
0.5552476998654986
0.5543714380091284
0.5554845875615789
0.5523478473707691
0.5530478823208488
0.5526899836597414
0.5532963242302567
0.5531343153391495
0.5532556059165202
0.5537250790984797
0.5536850704229433
0.5541704243720033
0.5545197382295013
0.5548071205845324
0.5538596786350273
0.554328452611751
0.5535228951809311
0.5544334262391022
0.5508042303904565
0.5517620585734064
0.5510019566478837
0.5506500340569035
0.5504776569287859
0.5508552685819088
0.5515379392386555
0.5511618163588843
0.551897045342942
0.5523490510380089
0.552176158899854
0.5521417555153799
0.551882347731868
0.5524134446654191
0.5492289194752867
0.550237548885188
0.5497895273150508
0.5492277591910459
0.5482645385081104
0.5485728674000879
0.5489465889035895
0.5487663111475956
0.5491600658428248
0.549700982789981
0.5495191442280043
0.5499654534363717
0.5504314342726135
0.5505407409118426
0.5505412819589991
0.5488723912997837
0.5495430225992773
0.5487052310521375
0.5479328962482145
0.5466516971044928
0.5472835704118952
0.5467879263666523
0.546830179878856
0.5474479518135387
0.5480560947929933
0.548011378818482
0.548186441293139
0.5486025243837267
0.5489772921245911
0.548009021184352
0.5481286903652128
0.5488646676700331
0.5461966643533082
0.5466065649182686
0.5458167638539625
0.5466311919862875
0.5452331066348604
0.545949876227223
0.5463864023519801
0.5458847504150007
0.5465982503553981
0.5469908695517842
0.5473655457418738
0.5473452259914147
0.5476794402198177
0.547778577288659
0.5483242336905647
0.5465427921390661
0.5462776074553412
0.5457938283183738
0.5444799845514267
0.5449715321870501
0.5452729095902746
0.545582168790566
0.5456057397502075
0.5461204824326198
0.5465225490150782
0.5471922115386547
0.5466139982532485
0.5470397283971643
0.5478560403751307
0.5462844673156724
0.5471436732130556
0.5464594740945838
0.5466665793220837
0.5447495895841832
0.5454543507079801
0.5458382305118908
0.5449975037636647
0.5458500382150938
0.5462821823345886
0.5463632691824479
0.5463887819059756
0.5469831683646227
0.5475590864586266
0.5479216490659845
0.5471773635473153
0.5478619773665612
0.5467602586373222
0.5467456958075337
0.5458687732400259
0.5466939560306086
0.5454550240774922
0.5462040263350657
0.5465061970359125
0.5469504394390611
0.5473519206659884
0.5474015428512695
0.5478737140856889
0.5486402742974119
0.5481213714821652
0.5485381958811918
0.5488361167118065
0.5484359803280401
0.5481142430803275
0.5478057292108514
0.5487538363938204
0.5467103147001646
0.5479152230825408
0.5479992435749896
0.5480482240808471
0.5484175828489309
0.5489664430808084
0.5496173974493497
0.5491897334745738
0.5497433916276978
0.5502072184087711
0.5505513429567153
0.5503418538274486
0.5497082677953298
0.5504549655890189
0.5484610420533866
0.5495591020221036
0.5494837795397218
0.5495654654710644
0.5499959353856275
0.550441711363247
0.5509362142335248
0.5514800656939746
0.5513294198115152
0.5518097629098974
0.5520719507823011
0.5521061442824158
0.5525040177539849
0.5523037806504327
0.5532249951650925
0.551293183695641
0.5522816115484929
0.5521852080187715
0.5521570901479492
0.5521431686524865
0.552838152503497
0.5529568683581095
0.5529975285088267
0.5538292472596358
0.5544238801927568
0.5546657249846673
0.5543485893762089
0.5547944499839029
0.5550823898385941
0.5542279729725685
0.554555531102111
0.5549735885373274
0.5539924593271583
0.5544253237690073
0.5544559081630678
0.5550814072448974
0.5552945273054921
0.5558319712026646
0.55636613909653
0.5562783445099992
0.5566827057049479
0.5570310757282383
0.5573724308628663
0.5576867403220065
0.5573507274874017
0.5576132876891888
0.5582701088999615
0.5569870072910611
0.557163226988168
0.5571582633891323
0.5572280190883123
0.5576104546470243
0.5581912260543835
