1.00000001039
0.968364890853
0.962944876714
0.957362676909
0.92478759502
0.892698153798
0.885523595417
0.858385419544
0.860362606262
0.852936292153
0.829111596361
0.712466787359
0.708677733275
0.685309726501
0.639158699749
0.575835603012
0.541833082404
0.514243952235
0.514898189823
0.511626271011
0.47262131136
0.449093139365
0.411051171668
0.40611903852
0.380271848031
0.36099775453
0.228610033832
0.21257253143
0.20570839244
0.18428799224
0.132983483629
0.129822804291
0.106677014468
0.10309798806
0.0965843160446
0.0841153152101
0.035075934519
0.0353422096314
0.0309712744696
0.0234903384391
0.0136497845281
0.00979162422448
0.00734136158387
0.00726820363261
0.0082582331955
0.00626407424145
0.00612518374659
0.00489863578913
0.00484279865367
0.00443136725024
0.00411277533507
0.00286346482066
0.00273147753162
0.00265042693163
0.00223338579872
0.0110277230007
0.0114883407018
0.0163720435961
0.0201147331256
0.0236696105166
0.025984557357
0.0813835453534
0.0875588458792
0.0951283631701
0.100826792034
0.164184193959
0.184750164714
0.208034216203
0.210118226159
0.209105099089
0.232396926722
0.267347116665
0.278835473957
0.301736933139
0.326658917321
0.345897023977
0.487041090511
0.514250123255
0.521349085997
0.516379002463
0.612800699591
0.623835631198
0.644568542187
0.675859365609
0.691433859432
0.696020485247
0.832563432929
0.846464206213
0.854350269399
0.865108804137
0.928752503838
0.949227599189
0.961993413323
0.962345063687
0.963134118701
0.969630220608
0.984721306033
0.988204762442
0.993483201213
0.996816261553
0.998950448291
0.976663883552
0.965926506127
0.961609638187
0.961913099049
0.907817196023
0.900762996631
0.882734515831
0.867696777226
0.862556628878
0.852232385167
0.754498016703
0.720502687848
0.707501789949
0.684423566689
0.591234235457
0.562688021226
0.526770859399
0.526475885571
0.528603478329
0.51227431545
0.470738803896
0.456077289608
0.420574862038
0.39751418508
0.38100157547
0.276680821372
0.227300228937
0.218611979078
0.219308762705
0.159811795742
0.147782408294
0.135376816275
0.119091761445
0.113821729026
0.107941647578
0.0695740022011
0.0473045974592
0.045173018176
0.037891160367
0.0233425613123
0.0218152005017
0.0181286729716
0.0176504859206
0.0183397520084
0.0178413639595
0.0152582663977
0.0145746771418
0.0131313299525
0.013308591564
0.0127481324479
0.0134451159111
0.0123964147575
0.0116442794979
0.011220761383
0.00856320494677
0.0104884707077
0.0117284828385
0.0164522833992
0.0188447818525
0.0187925295139
0.0320604226677
0.0804487720792
0.0843685626504
0.0927207265696
0.14939783685
0.165464607634
0.195566740307
0.200438142096
0.199819422638
0.208622539225
0.237178186733
0.263239231027
0.290702051832
0.304669808225
0.331196894246
0.35640574195
0.491547040473
0.50782684769
0.50742513383
0.587536151092
0.62088955646
0.627299037027
0.666606523622
0.668427139271
0.677103494419
0.701538364574
0.836700877815
0.842160204955
0.852951798766
0.912346001025
0.930986825826
0.952296203081
0.958861186873
0.958137176293
0.962533967856
0.974300848205
0.984334146154
0.990981402349
0.991808354009
0.99660701553
0.997687456377
0.971648818393
0.968189243025
0.963295681072
0.928193111252
0.903601573786
0.896447168857
0.871813530618
0.874120754022
0.867549527342
0.844903893897
0.730499180135
0.726594773804
0.702875992477
0.648677086553
0.596237469543
0.559503453428
0.535771239459
0.537145317762
0.531380960549
0.492674385971
0.469724986455
0.432679024477
0.426996820301
0.4023959747
0.384416092909
0.254124836909
0.238717069913
0.233151818651
0.205610964249
0.162847144426
0.159768248708
0.13620252383
0.134137965094
0.126786285102
0.114428727906
0.0616027720513
0.06169257842
0.0554354029368
0.0475013063277
0.0365480931579
0.0326665158997
0.0288957966373
0.0288840268386
0.0300192154661
0.0268186462582
0.0252862423847
0.0223598410447
0.0224758652293
0.0207670564434
0.0200645492392
0.0198024368645
0.0203876865407
0.0203741740752
0.0203242096622
0.0199790516997
0.0192148995884
0.0205311604532
0.0224391681791
0.0251650072463
0.0281141334279
0.0737415638956
0.0803576865349
0.0884609557133
0.0924451932309
0.15358748635
0.173016353612
0.19446521126
0.196645723809
0.196387793938
0.222258466487
0.25292998561
0.266348171584
0.28603659781
0.309905206589
0.329883825465
0.466457567944
0.494074866344
0.500928858528
0.495714276135
0.59265895334
0.60179253795
0.624812628374
0.655186406343
0.672096521325
0.679428847418
0.821867126342
0.832436320928
0.841399122177
0.851802991578
0.920108800203
0.939284269684
0.953724026724
0.954293400878
0.954369231776
0.962530935923
0.978258146326
0.981122962548
0.987352215303
0.992657638337
0.99486449715
0.976127238843
0.968589219133
0.965444092195
0.96569536147
0.915706062067
0.9107358009
0.893957368544
0.879280784349
0.874230811708
0.863939779083
0.760722773502
0.737519599888
0.723329870582
0.703215720117
0.611908147419
0.582812343989
0.547848759901
0.548121887806
0.549814807751
0.530968766449
0.490227740763
0.478984480453
0.44398267893
0.419621315454
0.404695507995
0.292183556483
0.255565591083
0.248219471153
0.250114065818
0.193538070071
0.182752632323
0.170588525168
0.153325693143
0.146769624491
0.14076345378
0.095902689089
0.0781911019575
0.0752962704791
0.0678874251292
0.0494536758289
0.0471893646013
0.0419154706606
0.0411385784233
0.0422027041854
0.0409527224244
0.0362200178681
0.0341676841098
0.0311579627397
0.0313692988695
0.029430085889
0.0313309968501
0.0298632490481
0.0293023997739
0.0283787423845
0.0270124731466
0.0281535157224
0.0288085290947
0.0323150395716
0.0351612265417
0.0351590548872
0.0488571671457
0.0822736842187
0.0864939441262
0.0925617669253
0.143570448712
0.160931312894
0.189449556291
0.190741793862
0.191417980953
0.19925952726
0.226379776902
0.251555573813
0.276777536024
0.293646745748
0.317595564696
0.351076832106
0.473960354774
0.48898787936
0.487149176814
0.566525520517
0.59769416818
0.606465464498
0.644653629266
0.64860091171
0.656907891483
0.686331187527
0.821942593902
0.827205410865
0.839630795155
0.904629924391
0.920295306256
0.942777064936
0.948658057493
0.947775781546
0.951725198962
0.965095181135
0.975287697158
0.9828974232
0.98486704733
0.99060480318
0.991432767901
0.970893059457
0.969419951953
0.965179674575
0.92931922779
0.911150443981
0.904004538122
0.882399595249
0.884347385711
0.87885431961
0.857442001944
0.746358873697
0.742454800158
0.718943426778
0.657488756373
0.616228820784
0.577193758742
0.557784575342
0.559496652536
0.552045710797
0.514501410015
0.491657337702
0.457059413806
0.449726337303
0.426516801759
0.410443343383
0.28402367655
0.270188435088
0.26588755505
0.233154782653
0.198516212593
0.19517788037
0.171864857169
0.170860661081
0.163555598931
0.151335402974
0.0954864836482
0.0952366953932
0.0878700121676
0.0778590056054
0.0645785995815
0.0592243057765
0.0536979567718
0.0537740153715
0.054575065258
0.0494442653285
0.0464047347398
0.0408553308853
0.0415629749368
0.0381995075559
0.0364228527643
0.0350939560939
0.0368845534153
0.0366494060452
0.037480568118
0.0394040464914
0.0387685454427
0.0411306979068
0.0427145544032
0.0451127598296
0.0478187922823
0.0824904280712
0.0886613848034
0.0963152177081
0.0998474211313
0.153216613019
0.171440784876
0.18957376316
0.191430985348
0.192377925846
0.21911497828
0.244886868565
0.25991258042
0.276207076695
0.297851341498
0.318170943202
0.446927143191
0.475262302505
0.481634270663
0.477537615552
0.572413997347
0.579767031239
0.605475498046
0.633411900622
0.651454672085
0.661475116155
0.807097293597
0.815732385794
0.825740436887
0.835737641423
0.90791928915
0.925773130789
0.941664476656
0.942511595475
0.941801147924
0.951834867831
0.9676311367
0.970445183122
0.977147103949
0.984350659576
0.986515723762
0.972511999892
0.967340400786
0.965256701265
0.96526361889
0.919765048648
0.916902296817
0.901432416363
0.887511478435
0.882731385564
0.872410780183
0.767406544309
0.75236137425
0.737395636276
0.720638851962
0.631555057568
0.603172945685
0.569576408588
0.569703114395
0.571205405566
0.549733830812
0.510898852642
0.502498720568
0.468910605873
0.44426607522
0.430412317956
0.315435511345
0.288553333084
0.282498791402
0.285397058139
0.230833121148
0.221812141082
0.209927221029
0.192012481458
0.184682870686
0.178601746508
0.128390841375
0.113879323942
0.110292570154
0.102401608771
0.0792724225879
0.0751602149723
0.0680446095258
0.0671550447167
0.0685658359929
0.0664331890074
0.0591920225516
0.0556044041971
0.0508127402674
0.0504243620313
0.0470976147755
0.0483466481075
0.0453705852243
0.0447777340434
0.0432252733869
0.0442580131846
0.0465657873881
0.047644978048
0.0529232702547
0.0563027118044
0.0568346304915
0.0740812905885
0.0967799821192
0.10119911426
0.104885871042
0.147111912923
0.165897742913
0.191208626474
0.189535587915
0.191554685926
0.198638163874
0.223432150369
0.246117111376
0.269103258063
0.287959756104
0.308419646283
0.351823369123
0.458024779134
0.471601750553
0.468296523923
0.544182416359
0.574065343948
0.584886178485
0.621879926618
0.628191614021
0.636161083983
0.672707637437
0.804558877021
0.809870857058
0.823544467028
0.89266591096
0.906525892015
0.929703110955
0.934634316961
0.933710224632
0.937160545825
0.95201128019
0.962161517751
0.970706668554
0.974052265605
0.980416551403
0.981448459215
0.966112599191
0.966592721491
0.962962050055
0.928175025377
0.915177670316
0.908107702737
0.889776257712
0.890921474062
0.886637413671
0.866179651583
0.759848939881
0.755928783392
0.733239659698
0.666357688988
0.635203843242
0.594674728764
0.579815174846
0.581448063922
0.573158339869
0.537511976074
0.514418264075
0.483202011893
0.473730654026
0.45208904
0.43777004227
0.31710552222
0.305391488711
0.302218568827
0.265653480203
0.237920965826
0.234054572245
0.211448263495
0.210995856696
0.204190681612
0.191951828147
0.132875142536
0.132283629751
0.123888869552
0.110703846952
0.0953141479499
0.0880876150123
0.0809013205436
0.0811870080006
0.0811934577391
0.0738183521822
0.0694436013737
0.0606398722386
0.062259010654
0.0570530797285
0.0536353974165
0.0489272258962
0.051361351879
0.0506933395167
0.0529605889527
0.0568422360443
0.0563750596346
0.0610176329977
0.06272914673
0.065613082185
0.0686296734034
0.101246378346
0.106425501311
0.113437863834
0.118285600426
0.161654300384
0.178926398205
0.192979932568
0.194208379241
0.196488428455
0.222361280708
0.243452470105
0.259011685312
0.272424229414
0.291047466953
0.31093674382
0.429618323681
0.458301680239
0.463896376443
0.462540934247
0.552326783987
0.558194196901
0.586790842852
0.61097855681
0.629904087876
0.642362863129
0.788896192723
0.796566833435
0.807638221701
0.817593065506
0.89234198169
0.909021041252
0.926010843825
0.927105791563
0.925668709426
0.937637114931
0.952990119668
0.95630837165
0.963009111257
0.971961040319
0.973978491255
0.965505661268
0.962136216453
0.960993459388
0.960577972262
0.919989278265
0.919159687039
0.904976739019
0.892296028187
0.887910850376
0.877583322458
0.77449172813
0.764740839114
0.749463566333
0.736251019298
0.649858359018
0.623054913298
0.591358973983
0.590823400166
0.592301116302
0.568310674176
0.532553624656
0.525840525991
0.494699819258
0.470790392554
0.457463278247
0.345137638353
0.324796641087
0.319896530587
0.32362687443
0.270351053378
0.263366979121
0.251678011046
0.23344596889
0.225690353991
0.219450026781
0.164365266039
0.15242952251
0.148118641449
0.139670262661
0.111758767242
0.105294597834
0.0962994352502
0.0954745012897
0.0971744620647
0.0940165810681
0.0839829908581
0.0790265893155
0.0722383488266
0.0706480874542
0.0660844670395
0.0639044147463
0.0589895673731
0.0581678532102
0.0558767185421
0.0588607817516
0.0622112145652
0.063855039451
0.0714877192002
0.0757737766232
0.076863308083
0.10021670492
0.117073880352
0.121762163286
0.123857793434
0.15858558464
0.177927572034
0.199533524022
0.195877278646
0.199065673984
0.205776304595
0.227849516527
0.246658643324
0.267528429593
0.287354869802
0.303941068348
0.357151791455
0.444014037445
0.456007027717
0.45128860508
0.521535309207
0.550520137835
0.562889829262
0.598818627721
0.607575393198
0.615275924551
0.661149422892
0.784804595213
0.790408651791
0.80491906644
0.876617935533
0.889816831716
0.913198628431
0.9169672035
0.916135322552
0.919125356451
0.935280638466
0.945083612639
0.954538401097
0.95947007387
0.966141462336
0.967947114111
0.957352896
0.959705733391
0.956632313414
0.924587614447
0.915553092679
0.908685528893
0.893599609017
0.893759861891
0.89073902491
0.870625829982
0.770789957895
0.766764851427
0.745518628948
0.675828243621
0.652620096175
0.611723944015
0.601394200422
0.602580393795
0.59416810072
0.5610290886
0.53753159196
0.510117844683
0.498462459973
0.478672290584
0.46513022463
0.352363702167
0.343032079391
0.340815873354
0.30191581428
0.279720277654
0.275151748122
0.25363913332
0.253281651655
0.247230028587
0.234778173518
0.17262368565
0.171726615989
0.162329265244
0.145057081239
0.12833534296
0.118933143519
0.110335657771
0.110938491663
0.109731801289
0.0999599201577
0.0943642774827
0.0820191511494
0.0846587210639
0.0774973824127
0.0721504244086
0.061666986066
0.0640779154192
0.0627639372462
0.06661247451
0.0715120595952
0.0713097198596
0.0784984107691
0.0802521817888
0.0837440775598
0.0873168023087
0.123416051352
0.127616502709
0.134306452579
0.141895015071
0.176131511416
0.192950379235
0.203041720055
0.203579132026
0.206928833136
0.230746851434
0.248047282582
0.262735500926
0.274279786576
0.289618993324
0.308067622966
0.415395166764
0.443611010246
0.448101122822
0.451011213957
0.532654377607
0.537482712093
0.568815589467
0.588390501346
0.607868369994
0.622315805628
0.767999523143
0.775190901898
0.787384303157
0.798103754505
0.873562460015
0.889349063447
0.906990514356
0.908213247337
0.906235326809
0.920055059853
0.934547803554
0.93880734223
0.945124194014
0.955604424282
0.957362048827
0.95482432899
0.952972888125
0.95264994482
0.951677899087
0.916402698661
0.917454096832
0.904511852265
0.893547474189
0.88964203765
0.879421200557
0.78149786408
0.774446800831
0.759317778077
0.749549291886
0.666571220793
0.641768945402
0.6126011058
0.611160748033
0.612619924733
0.586470282064
0.554846404576
0.548426844315
0.520723498771
0.498518737169
0.48524018201
0.379526778045
0.36310157323
0.359195447568
0.363533318819
0.31121376307
0.306374761184
0.294714003713
0.276607252217
0.268703500138
0.262184915448
0.202649336043
0.193057648647
0.187993357321
0.179066585129
0.146475942048
0.137487763205
0.126597846982
0.125920152279
0.127861963358
0.123474843167
0.110426168168
0.104465336747
0.0955102323136
0.09217906204
0.0865844451085
0.0775854151578
0.0709840015429
0.0697539735507
0.0666007502552
0.0708196923565
0.0748086225107
0.0769681201749
0.0871514247883
0.0925880375425
0.0942637957073
0.125320635793
0.13862896849
0.143707080524
0.144923422791
0.175341074924
0.194169379146
0.212496307833
0.207877425442
0.211911727374
0.218672916188
0.238161384892
0.252354600954
0.271297798138
0.291171064842
0.304079682429
0.365120280055
0.432141559129
0.442479964292
0.436458997148
0.499647958747
0.527608470195
0.540837126868
0.575982945875
0.587115355673
0.59465227222
0.651619198673
0.76296095993
0.769087482015
0.784012903553
0.85683498754
0.870250748636
0.893423803441
0.895885293737
0.89527824976
0.897943313365
0.915184685671
0.924214460671
0.934578123466
0.941255310366
0.94792675005
0.95111153164
0.944691009097
0.948798856377
0.946219194119
0.918251524019
0.912185858357
0.905687888012
0.89359687497
0.892812312921
0.891054303534
0.870422595886
0.779021338532
0.774784651897
0.75555995694
0.686080555645
0.668064722075
0.628122478032
0.622068838536
0.622539769062
0.614476203429
0.584325307127
0.560524901517
0.536921626739
0.523419974549
0.505875449681
0.491462661417
0.388962254607
0.38208886751
0.380658680395
0.340885766605
0.322980946014
0.317624178292
0.297536001981
0.296904476945
0.291752860175
0.278810015933
0.214133311061
0.212969110135
0.202623254343
0.18042961262
0.163368729317
0.151503986501
0.141838921266
0.142814475404
0.140101949927
0.127891740743
0.121080705799
0.105276848498
0.108776182891
0.0995515846154
0.092350337936
0.0736874304537
0.0754070907069
0.0732567434562
0.0781677318838
0.0832269099403
0.0834585283526
0.0931073510447
0.0948696128807
0.0988931661991
0.103116817836
0.145509214506
0.148914423901
0.155629200674
0.167001163967
0.193852028868
0.21075085317
0.217534282566
0.21752460632
0.221439437372
0.242728782503
0.257422535591
0.270017500534
0.280853218883
0.29316606923
0.309179315091
0.40471344518
0.431494876022
0.434567127355
0.44274670184
0.513654171514
0.517989081873
0.551484254942
0.5661845888
0.585791046211
0.60158434217
0.745134043573
0.751910938046
0.765293366938
0.777944323987
0.851793990796
0.867059655566
0.884853790639
0.886018835872
0.883767711704
0.899231550349
0.912564395719
0.918010431869
0.923717695447
0.935451111817
0.936809978108
0.940277886304
0.939887026532
0.940270635677
0.938685793187
0.90905511275
0.911778408794
0.900065229949
0.891182105794
0.887825937122
0.877908926518
0.787654982504
0.781336993526
0.766764909664
0.760005037783
0.681488168259
0.658725575472
0.63274287707
0.630441282387
0.631690584714
0.604006858883
0.577278046172
0.569913477734
0.546408030765
0.526774397364
0.513199635646
0.416794142998
0.402509140752
0.399447342533
0.404043579402
0.35278854672
0.350083051814
0.338222315998
0.320792238443
0.312983081892
0.306074302881
0.242669784575
0.23524130217
0.22942909506
0.220179562354
0.183055595098
0.171636221144
0.158836936623
0.158277424891
0.160451200562
0.154562546714
0.138385205146
0.131818992434
0.120638891307
0.115119086297
0.10866110187
0.0892765954434
0.0817436857041
0.0799491804533
0.0758103108205
0.0802825513244
0.0843913903286
0.0869204183953
0.0997075344
0.10644470068
0.108778979394
0.148464182721
0.159186569926
0.164755935932
0.165526098687
0.194727910341
0.212278073219
0.228148267415
0.223393695849
0.227900781631
0.235075964481
0.252430937848
0.262020211758
0.279244608432
0.298465708632
0.308345955152
0.373816625669
0.422545082879
0.431220388729
0.424020700763
0.479464259677
0.505890631642
0.51913373363
0.553845384619
0.567141821219
0.574662150742
0.643553745718
0.739344282117
0.746194344278
0.761107406012
0.833804764548
0.847882849171
0.870576549797
0.871674432869
0.871396404158
0.873955438607
0.892028818396
0.899752881788
0.911058299626
0.91957113133
0.925967347149
0.931086859836
0.928235136561
0.933952662395
0.931788346051
0.908811091841
0.905024746523
0.899090404412
0.889598847523
0.888062965373
0.887532724608
0.865417375589
0.784410122644
0.779874158114
0.763171040898
0.696884679716
0.681296113173
0.643652302113
0.64141822692
0.641013976673
0.633491838026
0.606671592455
0.582945427848
0.562890014951
0.548155229842
0.533298079066
0.516051979152
0.426202294219
0.421749029548
0.420947953707
0.381634461399
0.366992199125
0.36083463784
0.342417327929
0.341255664813
0.337083353376
0.323226298001
0.256956349832
0.255548103959
0.244353274899
0.216542872349
0.20011598159
0.185551999394
0.175223001493
0.176561926127
0.172226368569
0.157613853596
0.149476515027
0.130600396603
0.134555230409
0.123131643858
0.114466421965
0.0853699263444
0.0858106993251
0.0826831054308
0.0873142457572
0.0919471132176
0.0928183293597
0.10459756538
0.10647970993
0.110876107382
0.115785206046
0.16586022113
0.168685038727
0.175683022644
0.191604215147
0.212665838908
0.230071205096
0.234336371369
0.234011205979
0.237953671888
0.256803147274
0.27001995112
0.279828253464
0.290921237977
0.300813770587
0.313692863428
0.397609507366
0.422108343354
0.423516891203
0.43709891243
0.495589261469
0.499994032475
0.534691616071
0.544886960364
0.564126245715
0.580460712906
0.720940346292
0.727095980079
0.741696362083
0.7576080309
0.827283437793
0.842433375902
0.859868279229
0.860767654016
0.858520586372
0.875337738765
0.887328900212
0.893989052721
0.899047388303
0.911726382696
0.912502350385
0.921804829274
0.922956451458
0.923946254988
0.921800717646
0.898021743607
0.9021728453
0.891759800791
0.885126023628
0.882400203295
0.873051540938
0.792087941801
0.785322667781
0.77164156936
0.767128836291
0.69443545407
0.673483207682
0.651295285196
0.64840889225
0.649086097728
0.620734018065
0.599242864106
0.590185864115
0.571248015257
0.554891858485
0.540851333375
0.455316439187
0.442240609503
0.439901772422
0.444245409422
0.394574692655
0.39389956239
0.381598819586
0.365451975391
0.357952368219
0.35057123668
0.284110304541
0.278534391922
0.272027184953
0.262635924457
0.221145653528
0.207569685781
0.192869130716
0.192301437599
0.194743540638
0.187021557131
0.167770578923
0.160853557929
0.147573829245
0.139536371645
0.132281439555
0.0992705013802
0.0917731595081
0.0892897931892
0.08409621167
0.0874597070609
0.0911305299801
0.0938369987975
0.109113198719
0.117217574925
0.120327608301
0.168962193669
0.177606131292
0.183741557879
0.184285467429
0.214673951517
0.23060650286
0.244853132964
0.240531984588
0.245156017316
0.253023189101
0.268769859766
0.274355029651
0.29004860856
0.308176878527
0.315899850633
0.381726273451
0.415269253949
0.422336109839
0.414051827275
0.4616871676
0.485900527988
0.498243238323
0.532818673036
0.547939852928
0.555630427687
0.635991857416
0.714315156529
0.72203382227
0.736497259554
0.808093466658
0.822785917387
0.844894258754
0.844679231136
0.84477280726
0.847502600672
0.866113066657
0.871948666604
0.884249211592
0.894609750657
0.900502489559
0.907999861954
0.908123298153
0.915287010343
0.91344066963
0.895948103959
0.894057830284
0.88889629189
0.881552126286
0.87953477634
0.880176066389
0.855715855629
0.786856301522
0.781970841193
0.768189847159
0.707658609723
0.692245421164
0.658092545251
0.65906298118
0.657713098088
0.65068617177
0.627392385588
0.604372110196
0.587475276794
0.572272891161
0.560489002788
0.538621915659
0.463491167261
0.461349484642
0.46103373921
0.423326659601
0.411168292338
0.404255730534
0.387646741625
0.385825277593
0.382667919117
0.367302281629
0.300694124499
0.299044652189
0.287146136104
0.253280635953
0.238218337607
0.220829642214
0.210264903194
0.211903096986
0.206005451777
0.189082067167
0.179409868917
0.158029662365
0.161879862306
0.148107329247
0.138496227145
0.097099103128
0.095817190442
0.0916462403695
0.0938009575061
0.0977404525936
0.0994449891837
0.112846855218
0.115097888065
0.119674106338
0.12532140019
0.183615579637
0.186077244185
0.193533207263
0.214520994036
0.231097515159
0.249291896444
0.251742653694
0.251322827508
0.254869310761
0.271682704062
0.284310880905
0.291258877558
0.303188655934
0.311386182233
0.320923874934
0.393770154773
0.415434219218
0.415044675769
0.433133090459
0.478728058425
0.483687458682
0.518378204536
0.524963897476
0.543325091344
0.559303583647
0.695936056463
0.701172651357
0.716934334658
0.737317199215
0.800326020761
0.815735764806
0.832320451941
0.832772140417
0.83073629822
0.848578662338
0.859145398169
0.86685181015
0.871398026381
0.884706056511
0.884663743172
0.899474962105
0.902300629158
0.903809054389
0.901284976911
0.883399894756
0.888724554041
0.879789451277
0.875325229419
0.873341018288
0.86487093074
0.793985674941
0.786341483714
0.773814093783
0.770543240398
0.70526199336
0.685753803145
0.667856668445
0.664788074233
0.664448931296
0.636468766574
0.620095302806
0.609284924858
0.594802211911
0.582218245625
0.567741633437
0.493737955508
0.481641646154
0.479939839216
0.483376028195
0.436139927147
0.437319551684
0.424401081216
0.410113848865
0.403110680838
0.395218177929
0.326732651119
0.322519885889
0.315417442019
0.306039614221
0.260402308297
0.245029059594
0.228491789034
0.227734057143
0.230506556545
0.220586471742
0.198529016989
0.191224896528
0.176204963764
0.165465246576
0.157349250111
0.108297012361
0.101663358403
0.098403753685
0.0922289457305
0.0926139771867
0.0953143170413
0.0980077871755
0.115405416515
0.124868405678
0.128900384117
0.186264314454
0.193265151948
0.200018281349
0.200420968314
0.233716838804
0.248052662467
0.261355544416
0.257808963623
0.262243883641
0.27100991461
0.285609447825
0.28812017379
0.302439304767
0.319258936882
0.325694605434
0.387924188893
0.410246823248
0.415822825546
0.406501980916
0.446710351131
0.468093360703
0.478682150925
0.513235728305
0.529742587309
0.53781024183
0.627798024644
0.688278442782
0.696923248616
0.710481730909
0.780280907851
0.795097709066
0.816653463828
0.815294656566
0.815710288659
0.818913331115
0.837708063337
0.841117424742
0.854450852407
0.866593164421
0.871809176895
0.881990132678
0.884519987464
0.892957438202
0.89130911717
0.879449292
0.87931226981
0.875133794425
0.869511958152
0.86729310649
0.869035489557
0.841707443244
0.786291501459
0.781052247663
0.770489531686
0.717605118479
0.700977824194
0.671218658413
0.674670578614
0.672364328606
0.665635294306
0.645923579807
0.624419974557
0.610286885332
0.595424994923
0.586937801478
0.559355753313
0.500316605246
0.500333335032
0.500364512658
0.465187811722
0.45499591589
0.447421051959
0.432644061596
0.430154818336
0.428021388676
0.41041494714
0.344964609836
0.343059846588
0.330640765966
0.290655233386
0.277259838318
0.257090117177
0.246705973982
0.248549432302
0.241287662433
0.222186011222
0.210712460772
0.187445547235
0.190585799134
0.17435385903
0.164157008041
0.109250376631
0.105987433156
0.100803574925
0.0975508141798
0.10079343942
0.103459018979
0.117859552496
0.120817949105
0.125377445506
0.13193412237
0.198300005129
0.200609648024
0.208633069542
0.234955181812
0.248167984737
0.267301551762
0.268485275318
0.268134256175
0.271042642088
0.286341086315
0.298985187793
0.303514565072
0.31645329201
0.323617389065
0.330150665707
0.392647352649
0.411279368097
0.409090199111
0.429853042298
0.463329674262
0.469162816022
0.502589135918
0.50677465662
0.523810244749
0.538559687607
0.670513495314
0.674600586292
0.691346653534
0.716991596551
0.771276140458
0.787222029411
0.802514804584
0.802402653617
0.800651262158
0.819192422185
0.828319956596
0.836765931538
0.841072753641
0.854701402008
0.853572600119
0.873468225394
0.878080112035
0.880028261529
0.87744956606
0.865306093622
0.871567441282
0.864389652699
0.861764522221
0.860666784904
0.853405684263
0.792732007248
0.78434514036
0.773189569527
0.770067165741
0.71384476919
0.695395723719
0.682129603586
0.67927802557
0.677523407179
0.651032566047
0.639237813785
0.627312895757
0.616702012954
0.608137948735
0.593458442462
0.531001977454
0.520155896705
0.51903900833
0.520851123338
0.477099451693
0.47989855084
0.466327511723
0.454348944845
0.448002996578
0.43960885383
0.37026627283
0.366802769237
0.359239944158
0.349948861249
0.300487561936
0.283673927806
0.265447098265
0.26432263279
0.267462627877
0.254992151741
0.230612867104
0.222525961917
0.206369312319
0.192906480185
0.183732523339
0.117454488753
0.112044599707
0.107954846387
0.101089157244
0.0960736614812
0.0973574788576
0.0998744258158
0.118687403176
0.129433135034
0.134530525732
0.199959974349
0.205799883765
0.21320306173
0.213478038623
0.25086128429
0.263868839742
0.276726605881
0.274120416703
0.278124913402
0.287948378096
0.30175872766
0.302227464401
0.315303886772
0.330767347637
0.336640868318
0.392105891298
0.407290521523
0.411550050892
0.401220932841
0.434617864366
0.452795565836
0.460991237409
0.495338628726
0.512735901568
0.521367034571
0.617919967494
0.661672050097
0.671188320596
0.683367325235
0.750909035379
0.765061987288
0.786171814608
0.783950905549
0.784530353305
0.788500895643
0.807047642865
0.807654640481
0.821988784682
0.835775211152
0.840194504844
0.853238920103
0.857617891013
0.867155612239
0.865559678192
0.859244802775
0.860859986276
0.857856028538
0.853625693316
0.851450105799
0.854213461075
0.824060032783
0.782676378586
0.77713224156
0.769986716876
0.725880731328
0.707626912224
0.682807409958
0.687960574663
0.684722436165
0.67804684676
0.661864679798
0.642737785678
0.631056906249
0.617306688507
0.612101062762
0.578822563984
0.536230616681
0.538224406711
0.538460667378
0.506491291812
0.498008734871
0.489904797395
0.476887128188
0.473820798432
0.472704457566
0.452085757897
0.389394318553
0.387209511297
0.37447778029
0.328744089132
0.316791501987
0.294087555052
0.284254946634
0.286206683012
0.277847719685
0.256727844912
0.24318636021
0.218592762683
0.220469999346
0.201779806707
0.190887844095
0.122162501798
0.116861093985
0.110805038324
0.0987673698377
0.10143677658
0.105065763492
0.119781227524
0.123808880368
0.12817121442
0.136044975972
0.209637542417
0.211993874534
0.220641267749
0.252333192367
0.263226730651
0.283340666044
0.283647281037
0.283465849034
0.285683840284
0.299989011377
0.31300460274
0.315874707062
0.329686724377
0.336321186566
0.340652688928
0.39357932809
0.409296779363
0.405433785254
0.426425225315
0.449621880741
0.456428674957
0.487494935827
0.490545127926
0.505947965492
0.518776704077
0.644973924135
0.647845303284
0.665266154811
0.696303855891
0.74056120857
0.757150727134
0.770782436737
0.770077329411
0.768521560699
0.787458913162
0.79516502293
0.803974537179
0.80839353816
0.822047442222
0.819582016015
0.844048707526
0.850500174491
0.852810961206
0.850647011756
0.843876824236
0.850882727579
0.84580515933
0.844486114964
0.844440037821
0.838707434796
0.787965641238
0.779292449881
0.769719404337
0.765777864803
0.720083071345
0.70238377542
0.693917217793
0.691559374351
0.688162784195
0.664245984616
0.656185052
0.644324423771
0.636648872915
0.63209734491
0.617627571029
0.566342195257
0.557302189711
0.556742036172
0.556289158593
0.517100951937
0.521236269703
0.507181141098
0.497750188216
0.492204455512
0.483367224419
0.414346222664
0.411009111294
0.403137621504
0.393871194727
0.341067347532
0.323106425365
0.30342861788
0.301829051737
0.305281355536
0.289979691282
0.263936460256
0.254344525404
0.237857326288
0.221820467839
0.211276583722
0.127995456693
0.123519159957
0.118568289935
0.111498509625
0.0982571251569
0.0978280746993
0.100000768749
0.119145281597
0.131031774725
0.137290237166
0.209791322533
0.214991251984
0.223063212365
0.223214093399
0.2654396906
0.277526790986
0.290285245256
0.288657084175
0.292061484125
0.303070431936
0.316358911513
0.315767122024
0.327719056104
0.341895755503
0.347732362995
0.39448686738
0.40609719156
0.409254849287
0.397989332588
0.425235014004
0.440162838419
0.445669437113
0.479272625083
0.497062727234
0.506370128437
0.605605932081
0.634938926728
0.645155177745
0.655477317021
0.720448862475
0.733047058117
0.753806375717
0.75108873442
0.751574935154
0.756563427249
0.77433922937
0.772036602053
0.787211322045
0.802441944856
0.80598746852
0.821970722291
0.827639500161
0.838108397816
0.836392214473
0.835412219386
0.838823879839
0.837142150866
0.834109413424
0.832164744834
0.835865727369
0.803672166769
0.775999597974
0.770263322173
0.766648641484
0.731750987381
0.712320074298
0.692645371877
0.698711092414
0.694589494735
0.687767211705
0.675011899128
0.659002077629
0.649600002848
0.637651852758
0.635449549249
0.597805205634
0.570833027114
0.574606880323
0.574898341354
0.546564885382
0.539771420502
0.531309495711
0.519916661056
0.516429294701
0.516311902854
0.492017459874
0.433615985703
0.431120643355
