1.00000001039
0.999870019739
0.999772212486
0.999835745664
0.999903122201
0.999785580083
0.99947445401
0.999165991419
0.999092757572
0.999289732144
0.999463299907
0.999059465288
0.997504418381
0.99449563967
0.990195500904
0.98522546629
0.980452198538
0.976658245632
0.974250915319
0.973148968724
0.972896939255
0.972934730099
0.972868695281
0.97260034537
0.972265492491
0.972055977811
0.972057848005
0.972206160348
0.972358778999
0.972404021409
0.972298266755
0.971988851827
0.971274326117
0.969728137121
0.966803746646
0.962134005537
0.955882057326
0.948900331786
0.942511345424
0.93794618985
0.935726259953
0.935343798445
0.935413893812
0.934198793574
0.930259457322
0.923002964486
0.912961614328
0.901700902385
0.891337706851
0.883785803579
0.879995176472
0.879520634022
0.880659741191
0.881151558724
0.879151240868
0.874037655169
0.866656787862
0.85885994325
0.852574341894
0.848930399859
0.847925641757
0.848721682305
0.850266889772
0.851825062935
0.853165032633
0.854414672117
0.855752278271
0.857158247751
0.858382074666
0.859127469949
0.85930542888
0.859148998248
0.859071270278
0.859331644323
0.85973159444
0.859570325786
0.857939448271
0.854228895458
0.8485821956
0.842033859962
0.836182800211
0.832483274028
0.831488535179
0.832495362038
0.833861502202
0.833877167012
0.831731773177
0.828022792247
0.824444241196
0.822724030698
0.823389135998
0.825141586916
0.825239687381
0.820615342822
0.80912396955
0.790447255563
0.766414899185
0.740654318315
0.717574574393
0.700886505479
0.692174887584
0.690231690341
0.691567524559
0.691842375829
0.687515740183
0.677078369938
0.661494216754
0.643730946036
0.62753934116
0.615986661471
0.610452733894
0.610543371917
0.614729010655
0.621083969697
0.627677995158
0.632645700232
0.634245176701
0.631164651688
0.623069744545
0.611098382862
0.597862322566
0.586628671374
0.579818331011
0.577603832608
0.577573674374
0.575698244161
0.567911013212
0.551487246885
0.52586191384
0.492873456211
0.456469403161
0.421840760896
0.393950234342
0.375725983978
0.366872038582
0.364375644281
0.36447690728
0.364625264589
0.364312870057
0.364616430114
0.366854590243
0.371170126951
0.375953417132
0.378423761814
0.375848585563
0.366670634606
0.351153157037
0.331455164872
0.311125249694
0.294007926386
0.282751275249
0.277619627063
0.276534656914
0.276374408622
0.274509249182
0.269710693345
0.262289308665
0.253664765402
0.245628903848
0.239610640385
0.236262468167
0.235494103555
0.236740102709
0.23911052247
0.241300154854
0.241460267354
0.23733785299
0.226810638632
0.208692864677
0.183551944767
0.154289783727
0.126249746542
0.106060737458
0.097387157243
0.0963543418513
0.0953672386254
0.0901608124963
0.0824318823022
0.0797555718875
0.0897859732017
0.110467787139
0.133574262324
0.152507635534
0.164112500828
0.168555810076
0.168901799775
0.169871210889
0.175286815117
0.185539626362
0.197728972954
0.208196897024
0.214722086202
0.217188249221
0.217096940439
0.216494472214
0.216841216757
0.218384064222
0.220339847389
0.221628443828
0.221586284113
0.220285723938
0.218406096971
0.216792976212
0.215955998285
0.215810251895
0.215838141436
0.215547635846
0.214888206411
0.214331214758
0.214547434498
0.215886143848
0.218039456853
0.220178246441
0.221492799344
0.221789381969
0.221780999954
0.222849806991
0.226281407645
0.232349844361
0.239925456203
0.246966686175
0.251560703943
0.252928486492
0.252076966712
0.251993374587
0.257129599869
0.271763575682
0.297651912811
0.332792394331
0.372318909937
0.410390008286
0.441817748068
0.463194348021
0.473656242539
0.475317078911
0.47313513866
0.473683651284
0.482511135183
0.501224952862
0.526734086552
0.553414572022
0.576139842477
0.59209827326
0.601006724503
0.604308057998
0.604073169193
0.602153122461
0.599844542181
0.598006641635
0.597326709687
0.598404745469
0.60153369167
0.606356423886
0.611757537319
0.616223462607
0.618561857226
0.618602263183
0.617486869292
0.617341139657
0.620376564058
0.627785241077
0.639017813783
0.651913564099
0.663629044261
0.671830815387
0.675567375995
0.675497584573
0.673438776289
0.671427360899
0.67071207387
0.671240992877
0.672008429329
0.672084060333
0.671682782952
0.6726149946
0.677792310096
0.689922962583
0.710010486185
0.736529052732
0.765802852687
0.793328831782
0.815299167487
0.829703936615
0.836761425531
0.838674646377
0.838801779221
0.840406333631
0.845364632392
0.853432929168
0.862524205773
0.869829528991
0.873083230257
0.871311354531
0.864865365535
0.85497763399
0.843242411164
0.831325603518
0.820952210708
0.813961957016
0.812118160691
0.816518155137
0.826852213133
0.841085394373
0.855987741522
0.868346378323
0.876212036677
0.879553862717
0.880071860688
0.880316006718
0.882518129765
0.887634235829
0.895004768715
0.902756225329
0.908707237506
0.911326675838
0.910332915957
0.906735250211
0.902347604731
0.898984905954
0.897682896546
0.898320999855
0.899864475899
0.901087499437
0.901334718645
0.900875763866
0.90068813631
0.901845410203
0.904887878649
0.909526650055
0.914815133788
0.919646793086
0.923272659329
0.925559246629
0.926881096644
0.927749050361
0.928409882697
0.928655208126
0.927945446437
0.925760636551
0.921951540611
0.91687254452
0.911223406373
0.905713869224
0.900771419418
0.896474287508
0.892741248073
0.889649740224
0.887673278457
0.887657187736
0.890472709754
0.896478294443
0.90509464625
0.914818892019
0.923763854589
0.930447650329
0.934368474246
0.936032283875
0.93644682055
0.936407264776
0.935992809446
0.934539505171
0.931075206997
0.924969154045
0.916462359056
0.906808843244
0.89792546059
0.891661815289
0.888995295904
0.889545251723
0.891695722158
0.893318220047
0.892750879565
0.889532410213
0.884510125793
0.879281011675
0.875302238136
0.873191791559
0.872587336068
0.87254959271
0.872184228201
0.871106131159
0.869534253903
0.868029412382
0.867069462988
0.866735191151
0.866709382009
0.866589547757
0.866298849476
0.866298888382
0.867424139269
0.87040352433
0.875354446318
0.881571065201
0.887747549638
0.892515282973
0.89501426707
0.895227589205
0.893934095411
0.892303506496
0.891321895518
0.891337230868
0.89198034428
0.892517123171
0.892412155084
0.891717549813
0.890984013201
0.890703920035
0.890638841185
0.889497619742
0.8852197057
0.87576512406
0.860074863938
0.838818977922
0.814608353508
0.791457332504
0.77349347363
0.763278863621
0.76051051295
0.76188589622
0.762297937335
0.756766704172
0.742271301477
0.718856294269
0.689676869807
0.659928203499
0.634972077892
0.618427479633
0.611205184022
0.611939782223
0.618237072018
0.627709249023
0.638301371307
0.648141953776
0.65542542472
0.658653325689
0.657190386268
0.651783717987
0.644599208956
0.638506847047
0.635783361094
0.636898311515
0.640153686773
0.642400711899
0.640357524248
0.631859912605
0.616636515805
0.59646543108
0.574684646428
0.555120306362
0.540711745865
0.532427422841
0.529134280993
0.528554304752
0.528670209679
0.528678271642
0.528952846712
0.530105249205
0.531790244452
0.532112921299
0.528064107761
0.516702135717
0.496454815424
0.468044743933
0.434772038639
0.401970000397
0.375444294375
0.359027799922
0.352478731814
0.351593023595
0.350573462026
0.344629282615
0.331421370528
0.311396146125
0.287417770206
0.263910636309
0.245563363581
0.235752979873
0.235365189273
0.242892951665
0.255564545872
0.270272749561
0.283819407638
0.292949839162
0.294669637357
0.286927219269
0.269446110284
0.244383714928
0.216466239153
0.192101055176
0.176766072648
0.171377767023
0.171663537059
0.17200643316
0.169047078203
0.162460140197
0.153970772486
0.145724159699
0.138814354246
0.132920534189
0.127303333708
0.122112664664
0.118711242255
0.118565582609
0.121616835716
0.125986755247
0.129400118854
0.130753983099
0.130697454815
0.131125727334
0.133899270488
0.139554415223
0.147009265
0.154345738661
0.159771136567
0.16215809614
0.161211407921
0.15747589215
0.152256418457
0.147343702321
0.144401680044
0.14416391554
0.146048074301
0.148638900065
0.150642768612
0.151558089144
0.151710695574
0.151763129619
0.152080435743
0.152434902128
0.152306264319
0.151585901815
0.151220396226
0.153290419497
0.160110410011
0.172603964487
0.189325248618
0.207078246288
0.222374746752
0.23269775323
0.23733741241
0.237928677335
0.238624436624
0.245273118598
0.262805792624
0.292015443661
0.328931141512
0.367152843616
0.400525625308
0.424798895147
0.438425369677
0.442763987741
0.441662948513
0.440208938777
0.442649670357
0.450374653281
0.461474213101
0.472311012183
0.479757838109
0.482574926277
0.481480617735
0.478307697488
0.474898781192
0.472333872334
0.470810000843
0.470080669718
0.470041950233
0.471021725708
0.473562459698
0.477840187196
0.483159345378
0.487975076326
0.490535928562
0.489798166037
0.486098624139
0.481208755664
0.477653887007
0.477517425432
0.481338777717
0.487829708454
0.494624079408
0.499532113215
0.501538652993
0.501103149831
0.499721015053
0.498994564433
0.499694661537
0.501385007869
0.50290036516
0.503408269555
0.503412830716
0.505117447486
0.511855527381
0.526681683033
0.550740338865
0.582391842444
0.617657842314
0.651610836231
0.679898571454
0.69984909785
0.710979184865
0.714918138427
0.7147968661
0.7141740838
0.715734531393
0.720287625162
0.726658033848
0.732568352345
0.735931623365
0.735787814195
0.732513286219
0.727439805161
0.722280254241
0.718715062486
0.718252921964
0.722212564525
0.731561364197
0.746493309634
0.765952877991
0.787529098163
0.807994548545
0.824339475669
0.834820604313
0.839542217754
0.840330823167
0.839967050634
0.841078974162
0.845140813304
0.852006302337
0.860175307029
0.86762116757
0.872733483852
0.874932831318
0.874736521501
0.873329535079
0.87190264531
0.871106888239
0.870908264652
0.870904674802
0.870886811214
0.871270289319
0.873109654924
0.877666490103
0.885770189465
0.89732538509
0.911226483505
0.925707876973
0.938938456937
0.949580129297
0.957090232472
0.96169077068
0.964077771852
0.96503787859
0.965149523434
0.964679707702
0.96367809609
0.962169468668
0.960308040643
0.95840508489
0.95684053912
0.955947493115
0.955961219093
0.957056676922
0.959416757442
0.963237888451
0.968615146617
0.975340001697
0.982739234443
0.989714575698
0.995056476875
0.997929744893
0.998276077797
0.996875445306
0.994985070271
0.993726336032
0.993545557948
0.994022397203
0.994098366809
0.992592327038
0.988767145723
0.982711724001
0.975378959843
0.968248023438
0.962737050169
0.959617648899
0.958706315922
0.958995484587
0.959175042491
0.958285769221
0.956160687527
0.953414629268
0.951000147359
0.949610338119
0.949291818831
0.949470357628
0.949318951257
0.948219363362
0.946066740223
0.943286456605
0.940585021869
0.93858258306
0.937528137096
0.937246476877
0.937326412264
0.937412780151
0.937406326445
0.937444979551
0.937695169152
0.938118132445
0.938396523671
0.938092564852
0.936944960733
0.935108386048
0.933154228953
0.931773514321
0.93130169829
0.931334721286
0.930721144495
0.928044136522
0.922417927092
0.914177267122
0.904993041284
0.897191615859
0.892538190751
0.891180620399
0.891419605127
0.890414696185
0.885370487147
0.874634829527
0.85835883186
0.838575819838
0.818661462859
0.802253021851
0.791919256932
0.788105893345
0.788896604728
0.790768741206
0.790010715776
0.784184604036
0.773051279911
0.758589198248
0.744072645476
0.73261468658
0.725928058933
0.723961068196
0.725452257118
0.728836960848
0.732877961757
0.73678586015
0.739998985162
0.741956719573
0.742120623275
0.740266095868
0.73682289843
0.732936676492
0.730043431724
0.729070379763
0.729705615229
0.73022589098
0.728041994487
0.720699976381
0.706902313965
0.687186265197
0.664023508312
0.641211469821
0.622608183387
0.610622746633
0.605251303957
0.60433453513
0.604923743411
0.604889932595
0.603862006527
0.603038009126
0.603997599052
0.607218795125
0.611261333154
0.61313732881
0.609554515998
0.598298324755
0.579198456235
0.554440249756
0.528131861693
0.50510775072
0.489167014486
0.481435729405
0.479871676224
0.480323558884
0.478422223216
0.471250611434
0.458245744015
0.441240507827
0.423714523659
0.409462769728
0.401165466759
0.399555360104
0.40357460084
0.411149518792
0.419855092302
0.427155086411
0.430455385718
0.427349591499
0.416223448724
0.397076082051
0.372185339199
0.346108203314
0.324460864084
0.31135178122
0.30684166217
0.306879617336
0.305896802034
0.299521647117
0.285795957445
0.265121179642
0.239572371746
0.211995941912
0.185193642519
0.161470814135
0.142625909189
0.13000644097
0.124037982508
0.123471287727
0.12562131579
0.127803940639
0.128672811738
0.128605611472
0.129092949357
0.131429712331
0.135524870103
0.139803113191
0.142155595382
0.141011561441
0.135928384328
0.127684224137
0.118031901718
0.109196038613
0.103107746888
0.100544537006
0.100785799534
0.102202874909
0.103234258116
0.102997027643
0.101387977151
0.0988557997616
0.0960380615491
0.0934603337813
0.0914858057493
0.0905433793285
0.0913838175101
0.094968366479
0.10186522193
0.111651542707
0.122945050622
0.13397080059
0.143134500695
0.14933521679
0.152076048095
0.151587096494
0.149201335834
0.148013763704
0.153081561312
0.169478283946
0.198590531868
0.236999016975
0.278779294467
0.317880137394
0.349455602081
0.370641723397
0.381047053331
0.382911053232
0.380688855613
0.379712998273
0.38397740056
0.394224749259
0.407984848838
0.421533289737
0.432011505298
0.438391247861
0.441241911639
0.441878144948
0.441499457573
0.440735256049
0.439699552747
0.438355870754
0.436857548377
0.435616431399
0.435069466343
0.435330032741
0.436012599753
0.436417948886
0.436009126364
0.434887410034
0.43394774951
0.434548975094
0.437802456578
0.443863371002
0.451694053372
0.459490409121
0.465517844354
0.468889662527
0.469921912084
0.469914905605
0.470430371201
0.472387645388
0.475513444407
0.478567695885
0.480265283342
0.480346657041
0.480204562608
0.4827277912
0.491313807387
0.508350416522
0.533899928438
0.56538838411
0.598449103513
0.628340130339
0.65127691408
0.665364020069
0.671069389019
0.671213436562
0.67032920151
0.673231174277
0.683057065771
0.699814690708
0.72054463666
0.741011067982
0.757665295691
0.768763531078
0.774401397127
0.775864134206
0.774844805799
0.772923497803
0.771412436965
0.771409108634
0.773792374765
0.779005319951
0.786722682877
0.795707563559
0.804116658284
0.810217525074
0.813183344386
0.813563811322
0.813190672977
0.814517218938
0.819617714976
0.829257957018
0.842494011984
0.857032635453
0.870167856422
0.879811906319
0.885163052677
0.886792439957
0.886188553568
0.88498713117
0.884240505192
0.884095620151
0.884057327779
0.883658533598
0.883092838665
0.883399536359
0.886073277885
0.892302260047
0.902249276933
0.91478423507
0.927832111435
0.939156637558
0.947184318473
0.951505471777
0.95288442813
0.952821924854
0.952860129324
0.953906914335
0.955869288503
0.957769101499
0.958266788964
0.956291888085
0.951448285217
0.944043144729
0.934828611071
0.924685114108
0.91445220503
0.904968177297
0.897209963739
0.892326997509
0.891399923085
0.894943612829
0.902428949378
0.912209407142
0.922031305732
0.929896309983
0.934791215467
0.936901596906
0.937255493778
0.937046535751
0.937005612369
0.937113262661
0.936744658922
0.935124649093
0.931837552368
0.927136457028
0.921910942015
0.917338241051
