0.0
0.0139750285261
0.0228130213406
0.030969676125
0.0386614861662
0.0459412657683
0.0528262856503
0.0593241973988
0.0654408331218
0.0711830400118
0.0765599067634
0.0815832816575
0.0862678203239
0.0906310693082
0.0946932483922
0.0984770027904
0.102007199609
0.105310548379
0.10841515041
0.111350238149
0.114145671434
0.116831462727
0.119437443008
0.121992696239
0.124525235297
0.127061576268
0.129626380516
0.132242201697
0.134929230632
0.137705132147
0.140584963054
0.143581151951
0.146703509949
0.149959366994
0.153353655413
0.156889125233
0.160566535738
0.164384830778
0.168341365
0.172432142234
0.176651901785
0.180994420922
0.185452587404
0.19001852306
0.194683792927
0.199439413361
0.204275968652
0.209183736669
0.214152688866
0.219172579061
0.224233026787
0.229323498391
0.234433432948
0.239552267356
0.244669451124
0.24977455856
0.254857292401
0.259907537022
0.26491544567
0.269871442958
0.274766275338
0.279591119301
0.284337514321
0.288997498174
0.293563600609
0.298028865893
0.302386894281
0.306631866977
0.310758541468
0.314762290658
0.318639085791
0.322385516181
0.325998771331
0.329476654025
0.33281755205
0.336020427469
0.339084795943
0.342010727758
0.34479878387
0.347450025205
0.349965970065
0.35234856349
0.354600145438
0.356723420324
0.358721433429
0.360597515333
0.362355269406
0.363998538486
0.365531350518
0.366957910884
0.368282559705
0.369509746067
0.370643986803
0.371689854309
0.37265194024
0.373534830266
0.374343080037
0.375081193379
0.375753594265
0.376364609564
0.376918453413
0.377419197957
0.377870762304
0.378276890012
0.378641144463
0.378966873588
0.379257214169
0.379515075702
0.379743107961
0.379943715038
0.38011903145
0.38027091258
0.380400924067
0.380510345729
0.380600138109
0.380670973992
0.38072321414
0.3807569159
0.380771804254
0.380767332168
0.380742650716
0.380696621062
0.380627847525
0.380534683957
0.380415259261
0.380267524095
0.380089262987
0.379878133607
0.379631753041
0.379347687152
0.379023552627
0.378657071875
0.37824611741
0.377788824356
0.377283605585
0.376729280497
0.376125138553
0.375470986642
0.374767252481
0.37401507735
0.373216301645
0.372373594337
0.371490457689
0.370571254462
0.369621224743
0.368646481125
0.367653949584
0.366651339395
0.365647013398
0.364649902057
0.363669331098
0.362714854834
0.361796021219
0.360922143899
0.360102035745
0.359343728952
0.358654174156
0.358038963123
0.357501991848
0.357045255829
0.356668546512
0.356369289181
0.356142357298
0.355980002491
0.355871813441
0.355804763894
0.355763358207
0.355729782196
0.355684250557
0.355605296281
0.355470230652
0.355255622529
0.354937805324
0.354493505683
0.353900409868
0.353137844372
0.352187413125
0.351033666364
0.349664783135
0.348073194102
0.34625626921
0.344216872637
0.341963951887
0.33951305548
0.336886736122
0.334114908733
0.331235027255
0.328292169923
0.325338838491
0.322434597103
0.319645354178
0.317042360166
0.314700783033
0.312697929562
0.31111109176
0.310015001613
0.309479164319
0.309564988638
0.310323101021
0.311790962374
0.31399093396
0.316929138747
0.320595002042
0.324961627426
0.329986929566
0.335615308483
0.341779787942
0.34840436529
0.355406400434
0.362698941214
0.370192846884
0.37779865418
0.385428165243
0.392995767713
0.400419480353
0.407621762864
0.414530172995
0.421077743943
0.427203377487
0.432851969846
0.437974555087
0.442528311135
0.446476522709
0.449788504997
0.452439464485
0.454410352741
0.455687649551
0.456263168575
0.456133800602
0.455301258507
0.453771819342
0.451556014868
0.448668404855
0.445127233637
0.440954038288
0.436173491597
0.430813083751
0.424902699427
0.418474383909
0.41156212881
0.404201492241
0.396429333337
0.388283627526
0.379803142979
0.371027248454
0.361995690126
0.352748401303
0.343325302836
0.333766152687
0.324110415295
0.314397116981
0.30466472132
0.294951059433
0.285293246664
0.275727604835
0.266289585668
0.257013724796
0.247933600442
0.23908175161
0.230489602731
0.22218736606
0.214203923396
0.206566736055
0.199301551191
0.192432150759
0.185980148983
0.179964613336
0.174401638825
0.169303988108
0.164680690288
0.160536660627
0.156872411506
0.153683826848
0.150962164586
0.148694157991
0.146862293242
0.14544528551
0.144418695026
0.143755639497
0.143427549349
0.14340492516
0.143658109895
0.144157960346
0.144876348035
0.145786630404
0.146864043849
0.148085882331
0.149431650614
0.150883104965
0.152424264792
0.154041405769
0.155722879587
0.15745900805
0.159242027697
0.161065888643
0.16292609229
0.164819560143
0.166744471511
0.168700166224
0.170686948065
0.172705899193
0.174758839692
0.176848167677
0.178976659617
0.181147373708
0.183363520347
0.185628369567
0.187945091217
0.190316536182
0.192745250851
0.195233375438
0.197782381598
0.200393025203
0.20306529741
0.205798317071
0.208590260503
0.21143813524
0.214337831708
0.217284218838
0.220270886933
0.22329014502
0.2263331309
0.229389737232
0.232448630067
0.235497288837
0.2385220519
0.241508245177
0.244440153019
0.247301072288
0.250073599635
0.252739690984
0.255280639641
0.257677325868
0.259910369828
0.261960375428
0.263808064791
0.265434371623
0.266820798028
0.267949644363
0.268804098055
0.269368616539
0.269629325404
0.269574169295
0.269193243882
0.268479155988
0.267427406102
0.266036871
0.264310096227
0.262253808392
0.259879532064
0.257203963095
0.254249423494
0.251044596352
0.247625098413
0.24403401252
0.240322367685
0.236549487521
0.232783409004
0.229100794757
0.225586335644
0.222332267603
0.219436953033
0.217002058016
0.215129742098
0.213919113347
0.213461456236
0.213835567005
0.215103496831
0.21730681692
0.22046426001
0.224570943566
0.229599244733
0.235501343917
0.242212300751
0.249653779087
0.257738226228
0.266372379851
0.275460236632
0.284905669229
0.294614374688
0.304495207665
0.314461194944
0.324430230081
0.334325438729
0.344075374767
0.353614295537
0.362882096697
0.371824234372
0.38039179175
0.388541417845
0.396235155004
0.403440402791
0.410129773518
0.416281006288
0.42187684301
0.426904829791
0.4313571974
0.435230661655
0.438526262034
0.441249121493
0.443408165574
0.445015939212
0.446088363832
0.446644368536
0.446705614407
0.446296260057
0.445442570077
0.444172613345
0.442515916299
0.440503129685
0.438165779527
0.435535860208
0.432645507684
0.429526751929
0.426211229933
0.422729860759
0.41911266031
0.415388490385
0.411584870795
0.407727801438
0.403841623465
0.399948988695
0.396070763931
0.392225928284
0.388431597575
0.384703145367
0.38105412464
0.37749636171
0.374040168095
0.370694375911
0.367466467571
0.364362675716
0.361388136913
0.358547119471
0.355843067215
0.35327872287
0.350856308257
0.348577588022
0.346443961545
0.344456538858
0.342616242267
0.340923825572
0.339379894184
0.337984910454
0.336739234739
0.335643156746
0.334696788347
0.333900124421
0.333253020666
0.332755132826
0.332405892373
0.3322045006
0.332149932248
0.332240959051
0.332476015867
0.332853230839
0.333370548318
0.334025627759
0.334815847918
0.335738399488
0.336790272036
0.337968265578
0.339269039227
0.340689129218
0.34222505319
0.343873296095
0.345630278916
0.347492490995
0.349456533595
0.351519063526
0.353676892872
0.355926986571
0.358266490569
0.360692766615
0.363203358316
0.365796059875
0.368468910003
0.371220165745
0.374048297451
0.376952057614
0.379930411106
0.382982518127
0.386107759348
0.38930568474
0.392576040366
0.395918712922
0.399333671857
0.402821027405
0.406380966713
0.410013688522
0.413719401755
0.417498308014
0.421350560941
0.425276214101
0.429275167755
0.433347185271
0.43749184985
0.44170845869
0.445996041995
0.450353316891
0.454778640799
0.459269968612
0.463824809843
0.468440195132
0.473112659584
0.477838138143
0.482611981082
0.487428921482
0.492283020722
0.49716763775
0.502075377489
0.506998102255
0.51192691044
0.516852080627
0.521763031582
0.526648376389
0.531495878805
0.536292440591
0.541024105914
0.545676081626
0.550232751907
0.554677664332
0.558993583277
0.563162529714
0.567165833274
0.570984121582
0.574597410781
0.577985231991
0.581126626198
0.58400022393
0.586584397791
0.5888573325
0.590797121323
0.592381886176
0.593589885505
0.594399720197
0.59479041254
0.594741503867
0.594233306584
0.593247020312
0.59176486193
0.589770277122
0.587248074337
0.584184610166
0.58056796554
0.576388092705
0.571637017041
0.566309009262
0.560400685074
0.553911234272
0.546842594019
0.53919955206
0.530989871432
0.522224526907
0.512917797205
0.503087357264
0.492754457789
0.481944004148
0.470684803587
0.459009577308
0.446954964429
0.434561892118
0.42187560069
0.408945674691
0.395826276897
0.382576279066
0.369259379567
0.355944189491
0.342704187943
0.329617989974
0.316769284506
0.304246220291
0.292141132622
0.280549949765
0.269570607009
0.2593012026
0.24983762948
0.241270132169
0.233679264441
0.227131352511
0.221673899722
0.217331668112
0.214103467845
0.211960811581
0.210849009651
0.210690047151
0.211387011514
0.212829865566
0.214901321576
0.21748218328
0.220456019129
0.223712709852
0.227150895975
0.230679476631
0.234218275731
0.2376982375
0.241061176911
0.244259206357
0.247254073604
0.250016464353
0.252525195807
0.254766422487
0.256732954349
0.2584235345
0.259842165423
0.260997476344
0.261902094385
0.262572137129
0.263026631708
0.263286919359
0.263376216972
0.263319194028
0.263141357923
0.262868662989
0.262527118506
0.262142304746
0.261738996672
0.261340821666
0.26096991008
0.260646632859
0.260389321014
0.260214062334
0.260134628242
0.260162324602
0.260305923046
0.260571736009
0.26096368767
0.261483377555
0.26213026744
0.262901867896
0.263793975986
0.264800913499
0.265915710189
0.267130406433
0.268436317705
0.269824175961
0.271284398001
0.27280735976
0.274383477199
0.276003356101
0.27765795385
0.279338680286
0.28103749875
0.282746961451
0.284460254654
0.286171279849
0.287874616817
0.289565469026
0.291239748122
0.292894034452
0.294525515617
0.296131964156
0.297711704171
0.299263570269
0.300786851762
0.302281240619
0.303746800383
0.305183958265
0.306593387182
0.307975984587
0.309332857414
0.310665264014
0.311974577272
0.313262234656
0.314529708484
0.315778528175
0.317010187688
0.318226092445
0.319427619843
0.320616064002
0.321792581753
0.32295819974
0.324113808568
0.325260124227
0.32639769198
0.327526847372
0.328647741774
0.329760335842
0.330864341922
0.331959249512
0.333044332052
0.334118627817
0.335180945609
0.336229823427
0.337263591341
0.338280343266
0.339277925279
0.340253933505
0.341205768078
0.342130591976
0.343025358165
0.343886798981
0.344711453019
0.345495701683
0.346235738392
0.346927580574
0.347567145974
0.348150224702
0.348672510531
0.34912962703
0.349517151719
0.349830674307
0.350065786323
0.350218126837
0.350283437372
0.350257611694
0.350136690308
0.349916942527
0.349594913482
0.349167473116
0.348631865109
0.347985761936
0.3472273284
0.346355282291
0.345368937337
0.344268279905
0.343054056611
0.341727798225
0.340291880631
0.338749594032
0.337105198176
0.335364006778
0.333532363115
0.331617691008
0.329628556584
0.327574662653
0.325466817655
0.323316948328
0.321138047506
0.318944106797
0.316750021612
0.314571440603
0.312424686744
0.310326541703
0.308293996067
0.306344030766
0.304493360374
0.302758076353
0.30115334736
0.299693073987
0.298389560346
0.297253144434
0.296291806436
0.295510913062
0.294913082364
0.294497795
0.294261170508
0.29419611958
0.294292212156
0.294535684265
0.294909608441
0.295394091648
0.295966683164
0.296602560938
0.297274774109
0.297954895014
0.298613398523
0.299219969138
0.299744061796
0.300155404825
0.300424345418
0.300522334637
0.30042238582
0.300099485727
0.299531036662
0.298697139169
0.297581058682
0.296169740801
0.294454007185
0.292428928798
0.290094333133
0.287455120104
0.284521586066
0.28130987822
0.277842364415
0.274147950536
0.270262485327
0.266229058405
0.262098226794
0.257928106861
0.253784384066
0.249740066797
0.245874927151
0.242274424102
0.239028237637
0.236228454401
0.233966781915
0.232331361349
0.23140341233
0.231253490019
0.231938018884
0.233496416953
0.235949138213
0.239296975885
0.243521479077
0.24858646589
0.25444058411
0.261020291535
0.268253007252
0.276060207307
0.284360189598
0.293070377673
0.302109180817
0.311397414122
0.320859283416
0.330423048527
0.340021501288
0.349592205272
0.359077485239
0.368424500189
0.377585177877
0.386516038952
0.395178089293
0.403536617271
0.41156107327
0.419224869175
0.426505195622
0.433382858697
0.439842113632
0.44587049469
0.451458639081
0.456600077165
0.461291136588
0.465530756536
0.46932029372
0.472663370843
0.475565741859
0.478035094836
0.480080900824
0.481714273792
0.482947791226
0.483795361204
0.484272047106
0.484393943558
0.484178015579
0.483641981365
0.482804162732
0.481683350047
0.480298692689
0.478669581773
0.476815527328
0.474756051021
0.472510607623
0.470098469888
0.467538651262
0.464849843308
0.462050295451
0.459157822116
0.456189683682
0.453162556929
0.450092496569
0.446994892674
0.443884451117
0.440775129281
0.437680172095
0.434612060839
0.431582529835
0.428602535942
0.42568230189
0.422831289943
0.420058244745
0.417371176064
0.41477741965
0.412283635403
0.409895845545
0.407619454276
0.405459309856
0.403419703224
0.401504422846
0.399716792336
0.398059707766
0.39653567098
0.395146828765
0.393894998533
0.392781741237
0.391808356502
0.390975913226
0.390285324943
0.389737319909
0.389332513367
0.389071409655
0.388954394808
0.388981799354
0.389153895562
0.389470874746
0.389932873024
0.390539985426
0.391292239964
0.392189588486
0.393231882479
0.394418896737
0.395750276108
0.397225486412
0.398843825035
0.400604391812
0.402506011538
0.404547211292
0.406726181963
0.409040723925
0.411488229046
0.414065591453
0.416769154843
0.419594732065
0.422537463711
0.425591819779
0.428751550384
0.432009633854
0.435358263252
0.43878876383
0.442291575504
0.445856258868
0.449471446058
0.453124824509
0.456803158629
0.460492270449
0.464177055438
0.467841490804
0.471468672544
0.475040884623
0.478539632693
0.481945621742
0.485238935354
0.488399112704
0.49140515139
0.494235664043
0.496869002195
0.49928336295
0.501456907847
0.503367893926
0.504994853311
0.506316800828
0.507313299691
0.507964674592
0.508252249523
0.50815848504
0.507667204581
0.506763780418
0.50543536011
0.503671126462
0.501462445835
0.498803064894
0.495689483522
0.492121120913
0.488100466927
0.483633404276
0.478729453966
0.473401955534
0.46766832351
0.461550280151
0.455074069912
0.448270667532
0.441175924608
0.433830766995
0.426281347153
0.418579044606
0.410780435847
0.402947300928
0.39514635305
0.387448811338
0.37992989429
0.372667987205
0.365743569437
0.359237854087
0.353231062755
0.347800498358
0.343018272192
0.338948924615
0.335647022299
0.333154873506
0.331500583058
0.330696631218
0.33073915807
0.331607959636
0.333267251251
0.335667072781
0.338745273237
0.342429913626
0.346641687387
0.351296413556
0.356307382348
0.361587417672
0.36705057118
0.372613623959
0.378197167926
0.383726395266
0.389131723536
0.394349229109
0.399320748022
0.40399400597
0.408322676872
0.412266235764
0.415789841165
0.418864169371
0.421465215215
0.423574099011
0.425176815846
0.426264024051
0.426830799775
0.426876407195
0.426404051849
