0.0
0.0398055504503
0.0794481937476
0.11880038274
0.157728679515
0.196103193387
0.233797046979
0.270687034257
0.306654279892
0.341585027333
0.375371110061
0.407910698957
0.439108726209
0.468877334178
0.497136401784
0.523813840116
0.548845834459
0.572177191845
0.593761437512
0.613560964074
0.63154695574
0.647699559142
0.662007563231
0.674468487418
0.68508823796
0.693880868248
0.700868378986
0.706080234492
0.709553105037
0.71133034804
0.711461633456
0.710002416717
0.707013465256
0.70256031845
0.696712845364
0.689544616231
0.68113240674
0.671555709559
0.660896150702
0.649237008704
0.636662768799
0.623258537876
0.609109710679
0.594301471158
0.578918375107
0.563044035894
0.546760751541
0.530149139069
0.513287948674
0.496253721179
0.479120590444
0.461960131267
0.444841120826
0.427829447101
0.410987984389
0.394376442481
0.378051346064
0.362065930706
0.346470035845
0.331310086299
0.316628962613
0.302465881803
0.288856327007
0.275831798223
0.26341965805
0.251642871081
0.240519700865
0.230063396028
0.220281853071
0.211177253316
0.202745794975
0.194977442356
0.187855815963
0.181358244872
0.175455980892
0.170114773224
0.165295296158
0.160954234615
0.157045084996
0.153519395822
0.150327793508
0.147421071154
0.144751232038
0.142272248108
0.139940890457
0.137717209572
0.13556499406
0.133451970845
0.131350037834
0.129235343607
0.127088371729
0.124893951897
0.122641304225
0.120324139172
0.117940813091
0.115494535929
0.112993667299
0.110452190368
0.107890207539
0.105334628508
0.102819882702
0.100388690001
0.0980927616066
0.0959932904039
0.0941609502777
0.0926750732649
0.0916218629804
0.0910912070563
0.0911720150433
0.091946798087
0.0934858598569
0.0958422237271
0.0990488974491
0.103118222657
0.108043610344
0.11380344379
0.12036517514
0.127689436398
0.135733799013
0.144455075047
0.153811007463
0.163761365211
0.174268088795
0.185295370608
0.196809498583
0.208778374106
0.221171162964
0.233957925025
0.247109155179
0.260595442436
0.274387127244
0.288454081894
0.302765352261
0.317288969078
0.33199191803
0.346839755858
0.361796596457
0.376825213093
0.391886608675
0.406940219044
0.421944019635
0.436854231324
0.451625689961
0.46621166742
0.480564148222
0.494633807923
0.508370273113
0.521722237369
0.534637645752
0.547063957554
0.558948321868
0.570237904202
0.580880088533
0.590822846071
0.6000149951
0.608406539438
0.615949050708
0.6225959347
0.628302881006
0.633028155615
0.636733035942
0.639382108603
0.640943708143
0.641390252277
0.640698557235
0.63885030063
0.635832216396
0.631636592928
0.626261378142
0.619710719514
0.611995024111
0.603131399465
0.593143829173
0.582063443938
0.569928819073
0.556786139422
0.542689556397
0.527701415214
0.511892660586
0.495343159339
0.478142172422
0.460388966889
0.442193441895
0.423677008346
0.404973575342
0.386230698758
0.367610897714
0.349292935836
0.331472950475
0.314365023948
0.298200467692
0.283225155852
0.269693367085
0.257857227044
0.247950711487
0.240168852761
0.234644665086
0.231428736632
0.230477396443
0.231653684517
0.234741706559
0.239470169227
0.245539071629
0.252643771191
0.260492996044
0.268820387411
0.277390093758
0.285998389908
0.294472690632
0.30266911706
0.310469620129
0.3177789215
0.324521676266
0.330639910854
0.336090736309
0.340844397686
0.344882539863
0.348196746027
0.350787200482
0.352661569644
0.353833964802
0.35432401453
0.354156053492
0.353358331905
0.351962361293
0.350002239386
0.347514064616
0.344535425551
0.341104867168
0.337261450009
0.333044350184
0.328492480706
0.323644106964
0.318536616461
0.313206319651
0.307688157397
0.302015508146
0.296220150533
0.290332140808
0.284379716877
0.278389326849
0.272385622294
0.266391493644
0.260428153483
0.254515214063
0.24867079415
0.242911661029
0.237253314236
0.231710168485
0.226295715167
0.221022563127
0.215902599222
0.210947172727
0.206167095792
0.201572688908
0.197173912651
0.192980363223
0.189001220152
0.18524519751
0.181720450542
0.178434625183
0.175394630396
0.172606311722
0.170074568466
0.167803210679
0.165794585888
0.164049567615
0.162567487523
0.161346003206
0.160381066707
0.159666941391
0.159196270334
0.158960192192
0.15894843609
0.159149505722
0.159550929005
0.160139434456
0.1609011627
0.16182191382
0.162887355772
0.164083254929
0.165395602866
0.166810771514
0.168315724504
0.169898096353
0.171546234603
0.173249327382
0.174997440964
0.176781574992
0.178593665714
0.180426554928
0.182274069543
0.184131011195
0.185993064199
0.187856824684
0.189719799589
0.191580364125
0.193437739126
0.195291908862
0.197143658511
0.19899456537
0.200846882635
0.202703522789
0.204568093867
0.206444818583
0.208338502732
0.210254471867
0.212198561652
0.214177154444
0.216197025323
0.218265286987
0.220389474428
0.22257744326
0.224837285797
0.227177282895
0.229605853009
0.232131616841
0.234763240955
0.237509264933
0.240378225463
0.243378558402
0.246518443134
0.24980579328
0.25324819137
0.256852800291
0.260626296862
0.264574741616
0.268703582686
0.273017603594
0.277520714295
0.282215907851
0.2871053079
0.292190009914
0.297470019874
0.302944134176
0.308609911654
0.314463679222
0.320500391079
0.326713585904
0.333095415537
0.339636570224
0.346326168946
0.353151819198
0.360099617156
0.367154140538
0.374298449048
0.381514055486
0.388781051691
0.396078099132
0.403382455567
0.410670099803
0.41791587247
0.425093471983
0.432175613114
0.439134109822
0.445940066026
0.45256406523
0.458976235409
0.465146474302
0.471044718086
0.476641014765
0.48190570659
0.486809790988
0.491325096626
0.4954244059
0.499081767759
0.502272736977
0.504974546625
0.507166377696
0.508829541091
0.509947754067
0.510507317525
0.510497250201
0.509909554269
0.508739430246
0.506985352804
0.504649226615
0.501736579685
0.498256636792
0.494222412588
0.489650801525
0.484562641691
0.47898272746
0.472939838116
0.466466743453
0.459600110742
0.452380456414
0.444852068952
0.437062845669
0.429064087317
0.420910259088
0.412658707592
0.404369297577
0.396103933548
0.387925979555
0.379899678145
0.372089300687
0.36455830902
0.357368287406
0.350577829293
0.344241413377
0.338408051767
0.33312002097
0.328411760499
0.324308807206
0.320826963502
0.317971776994
0.315738405431
0.31411182839
0.313067420366
0.312571775311
0.312583987148
0.313057100284
0.313939432039
0.315176172231
0.316710841954
0.318486545905
0.32044716612
0.3225383144
0.324708154121
0.326908005896
0.329092671256
0.331220755071
0.333254937857
0.33516194616
0.336912443981
0.338481077563
0.339846319517
0.340990212855
0.341898218111
0.342558989417
0.342964257832
0.343108579407
0.342988993064
0.342604931342
0.341958043928
0.341051895986
0.339891846399
0.338484892068
0.336839447326
0.334965207352
0.332872953417
0.330574461646
0.328082411476
0.325410172851
0.322571673878
0.319581382987
0.316454135133
0.313205009333
0.309849291219
0.306402365632
0.302879662955
0.299296503949
0.295667959
0.292008986639
0.288334309735
0.284658165161
0.280994399508
0.277356430571
0.273757095672
0.270208658024
0.266722723042
0.263310264502
0.259981577194
0.256746112522
0.253612521483
0.250588809895
0.24768210374
0.244898655488
0.24224395756
0.239722683586
0.237338699122
0.235095083818
0.232994159694
0.231037581289
0.229226313565
0.227560653923
0.226040380952
0.224664812702
0.223432752857
0.222342638726
0.22139262429
0.22058063815
0.219904443388
0.219361621629
0.21894976306
0.21866652698
0.218509569741
0.218476638353
0.218565715168
0.218774955509
0.21910273229
0.219547643852
0.2201085484
0.220784659969
0.221575400288
0.222480399914
0.223499645081
0.224633361289
0.225881929065
0.227245945814
0.228726168964
0.230323474976
0.232038807726
0.233873107364
0.235827350359
0.237902461103
0.240099183641
0.242418096159
0.244859583827
0.247423757964
0.250110391836
0.252918820785
0.255847983803
0.258896390005
0.262061969236
0.26534207184
0.268733475044
0.272232310259
0.275834008526
0.279533311074
0.28332424565
0.287200095677
0.29115335631
0.29517572197
0.29925818842
0.30339094555
0.307563340367
0.311763993931
0.315980777537
0.320200785208
0.324410397794
0.328595279943
0.332740466839
0.336830362997
0.340848736964
0.344778838191
0.348603464696
0.352304964592
0.355865303847
0.359266199523
0.362489138676
0.365515486914
0.368326560739
0.370903753578
0.373228633784
0.375283029638
0.377049131331
0.378509683696
0.379648049276
0.380448353199
0.380895618483
0.380975924185
0.380676526394
0.379986032816
0.378894522328
0.377393767181
0.375477370411
0.37314083735
0.370381852985
0.367200513821
0.363599365123
0.35958365251
0.355161569937
0.35034439844
0.345146755333
0.33958679682
0.333686495013
0.327471969254
0.320973611437
0.314226366545
0.307270241568
0.300150501359
0.292917873679
0.28562899346
0.278346586566
0.271139573202
0.264083093845
0.257258288504
0.250751777363
0.244654671529
0.239060922213
0.234065361182
0.229760975728
0.226235282882
0.223566487914
0.221819685086
0.22104300565
0.221264738703
0.222491676814
0.224708943971
0.227881425028
0.231956241533
0.23686626026
0.242534156397
0.248876204177
0.255805690346
0.263235911192
0.271082389717
0.279264424616
0.287706166666
0.296337242154
0.305092959898
0.313914348556
0.322748012847
0.331545852879
0.340264812942
0.348866421347
0.357316526846
0.365585008427
0.373645370793
0.381474444897
0.389052158729
0.396361278622
0.403387123932
0.410117402453
0.416542016201
0.422652863719
0.428443701317
0.433909970572
0.439048708492
0.443858419635
0.448338935797
0.452491302037
0.456317789699
0.459821688
0.463007295139
0.465879832782
0.468445371331
0.47071079
0.472683678607
0.474372297545
0.47578554356
0.476932875634
0.477824257714
0.478470136539
0.478881397491
0.47906925226
0.47904525192
0.478821229944
0.478409275911
0.477821634408
0.477070708719
0.476168994977
0.475129073754
0.473963492715
0.47268479178
0.471305470843
0.469837919174
0.468294361639
0.466686858936
0.465027279653
0.463327237639
0.46159809187
0.459850904831
0.458096453997
0.456345161878
0.454607096685
0.452891971939
0.45120915995
0.449567624346
0.44797594697
0.446442337906
0.444974634648
0.443580289999
0.442266370548
0.441039574283
0.439906282732
0.438872507849
0.437943924155
0.4371259049
0.436423508666
0.435841514582
0.435384399193
0.435056382633
0.434861435024
0.434803259089
0.434885315246
0.43511081343
0.435482735532
0.436003798616
0.436676475231
0.437502954418
0.43848517908
0.439624762942
0.440923010472
0.44238086551
0.443998929692
0.445777364952
0.447715894956
0.449813764764
0.452069701882
0.454481867112
0.457047789693
0.459764361979
0.462627795423
0.46563353271
0.468776225353
0.472049725684
0.475447011985
0.478960156051
0.482580306681
0.486297650474
0.490101411162
0.493979811838
0.497920056784
0.501908354066
0.505929929742
0.509968986892
0.514008773464
0.518031577933
0.522018788149
0.525950914486
0.529807649612
0.533567925883
0.537210002924
0.540711499868
0.544049524025
0.547200738967
0.550141468033
0.552847844344
0.555295837092
0.557461481975
0.559320951486
0.560850707322
0.562027637398
0.56282922251
0.563233675325
0.563220118097
0.562768745249
0.561860971251
0.560479625643
0.558609118426
0.556235601143
0.553347155144
0.549933972695
0.545988494451
0.541505623383
0.536482863437
0.530920504256
0.52482175553
0.518192909759
0.511043544565
0.503386634357
0.495238621939
0.486619657961
0.47755372344
0.468068689587
0.458196477974
0.447973161914
0.43743910837
0.426639054041
0.415622073129
0.404441710684
0.39315609176
0.381827750531
0.370523550026
0.35931458234
0.348275791863
0.337485490325
0.327024700646
0.316976190445
0.3074231711
0.298447647716
0.290128405649
0.282538652901
0.275743293276
0.269796018714
0.264736670278
0.260588877515
0.257358179356
0.255031236788
0.253576118918
0.252943527484
0.253069122514
0.253876533821
0.25528078672
0.257191703373
0.259517313521
0.262166723855
0.265052337028
0.268091778975
0.271209232773
0.274336136131
0.277411661157
0.280382931145
0.283204901084
0.285840072799
0.288258212614
0.290435916229
0.292356119928
0.294007664654
0.295384827342
0.296486715005
0.297316822204
0.297882658831
0.298195173664
0.298268284294
0.298118510947
0.297764480161
0.297226506537
0.29652619382
0.29568602481
0.294728975062
0.293678134107
0.292556341751
0.291385892444
0.290188217241
0.288983558205
0.287790757996
0.286627054747
0.285507893491
0.284446794749
0.283455204328
0.282542504307
0.28171601886
0.28098096454
0.280340581999
0.279796271129
0.279347638651
0.278992660818
0.278727929644
0.278548838576
0.278449754529
0.278424219144
0.278465143655
0.278565028979
0.278716134603
0.278910611676
0.279140721166
0.279398954969
0.27967804112
0.279971140548
0.280271963146
0.280574723951
0.280874235894
0.281165944417
0.281445931203
0.281710915616
0.281958254486
0.282185916121
0.282392503141
0.282577153237
0.282739516291
0.282879778704
0.282998586716
0.283096987763
0.283176393163
0.28323853635
0.283285503466
0.28331961233
0.283343301591
0.283359227645
0.283370258545
0.283379273858
0.283389218378
0.283403111743
0.283423958802
0.283454751951
0.283498411382
0.28355780974
0.283635762584
0.283734935719
0.283857854708
0.284006970762
0.284184570187
0.284392734861
0.2846334015
0.284908324841
0.285219092041
0.285567070804
0.285953386612
0.286379017657
0.286844745609
0.287351053454
0.287898231206
0.288486381381
0.289115348602
0.289784743043
0.2904939282
0.291242050478
0.292028038274
0.292850535113
0.293707951687
0.294598492867
0.29552010586
0.296470488263
0.2974471032
0.298447198181
0.299467801259
0.300505701052
0.301557449776
0.30261945314
0.303687909366
0.304758792885
0.305827949726
0.306891073404
0.307943746129
0.308981424246
0.309999459736
0.310993178507
0.311957875962
0.31288881084
0.313781305893
0.314630770314
0.315432692518
0.316182711814
0.316876626803
0.317510495138
0.318080662766
0.318583762614
0.31901678746
0.319377166515
0.319662764149
0.31987194166
0.320003620543
0.320057317163
0.320033186212
0.319932012311
0.319755285111
0.31950531599
0.319185120594
0.318798463448
0.318349955637
0.317845024191
0.3172898683
0.316691484229
0.316057632949
0.315396863878
0.3147184102
0.314032069212
0.313348263841
0.312677954607
0.3120324326
0.311423271708
0.31086223839
0.310361137831
0.309931644371
0.309585121059
0.309332551949
0.309184402472
0.309150296619
0.309238920545
0.309457982268
0.309813945754
0.31031190504
0.310955513209
0.311746882691
0.312686465395
0.313773033498
0.315003643723
0.31637365676
0.317876735383
0.319504844763
0.321248417493
0.32309641483
0.325036360014
0.327054520946
0.329136049356
0.331265102516
0.33342498899
0.335598322748
0.337767191064
0.339913328267
0.342018237213
0.34406336855
0.346030284202
0.347900793165
0.349657103704
0.351281979039
0.352758882652
0.354072082678
0.355206801781
0.356149369446
0.356887334083
0.357409564719
0.357706364594
0.357769588215
0.357592741752
0.35717105662
0.356501584775
0.35558326248
0.35441697734
0.353005599443
0.351354043647
0.349469288285
0.347360342418
0.34503825929
0.342516125303
0.339808997439
0.336933819957
0.333909281161
0.330755805946
0.327495376874
0.324151265195
0.320747928734
0.317310769114
0.313865832462
0.310439536022
0.307058381557
