0.4999999999999998
0.5000002481200722
0.5000009417331528
0.5000020797262206
0.5000036609633219
0.500005684287172
0.5000081484851596
0.5000110523609803
0.5000143946492938
0.5000181740610464
0.5000223892832717
0.5000270389767039
0.5000321217733036
0.500037636276491
0.5000435810641118
0.5000499546862169
0.500056755664873
0.5000639824945663
0.5000716336430683
0.5000797075574163
0.5000882026559301
0.5000971173295566
0.5001064499427456
0.5001161988352119
0.5001263623293327
0.5001369387182277
0.5001479262689004
0.5001593232230821
0.5001711277994243
0.5001833381998968
0.5001959525999445
0.5002089691518999
0.5002223859857209
0.5002362012092803
0.5002504129086548
0.5002650191484227
0.5002800179721474
0.5002954074024666
0.5003111854413607
0.5003273500705014
0.5003438992515458
0.5003608309264278
0.5003781430176516
0.500395833428815
0.5004139000450057
0.5004323407325638
0.5004511533396396
0.5004703356964971
0.5004898856158132
0.5005098008929763
0.5005300793064108
0.5005507186180476
0.5005717165733663
0.5005930709017518
0.500614779316824
0.5006368395167391
0.5006592491844908
0.5006820059882108
0.5007051075815511
0.5007285516039367
0.5007523356808026
0.500776457423942
0.5008009144318082
0.5008257042898168
0.5008508245706481
0.50087627283447
0.5009020466290565
0.5009281434904748
0.5009545609432424
0.5009812965006083
0.5010083476648527
0.5010357119275852
0.5010633867700223
0.5010913696627937
0.5011196580667867
0.5011482494334861
0.5011771412051202
0.5012063308149537
0.5012358156875808
0.5012655932392185
0.5012956608776866
0.5013260160025746
0.5013566560062448
0.501387578273767
0.5014187801831991
0.5014502591058723
0.5014820124066767
0.5015140374442366
0.5015463315704444
0.5015788921317833
0.5016117164693735
0.5016448019191136
0.5016781458119388
0.501711745474077
0.5017455982273052
0.5017797013892019
0.5018140522733999
0.5018486481898369
0.5018834864450039
0.501918564342193
0.5019538791817435
0.5019894282612858
0.5020252088758465
0.5020612183179735
0.5020974538784287
0.502133912846205
0.5021705925087487
0.5022074901521915
0.5022446030615808
0.5022819285211075
0.502319463814333
0.5023572062244137
0.5023951530343246
0.5024333015270802
0.5024716489859553
0.5025101926947022
0.502548929937757
0.502587857998759
0.5026269741623033
0.5026662757151787
0.5027057599455658
0.5027454241432314
0.5027852655997227
0.5028252816085579
0.5028654694654153
0.5029058264683208
0.5029463499178322
0.5029870371172215
0.5030278853726564
0.5030688919933778
0.503110054291876
0.5031513695839915
0.503192835188456
0.5032344484280984
0.5032762066297906
0.5033181071244573
0.5033601472472369
0.5034023243376373
0.5034446357396934
0.5034870788021188
0.5035296508784576
0.5035723493272324
0.5036151715120916
0.5036581148019528
0.5037011765711452
0.5037443541995493
0.5037876450723089
0.503831046579386
0.5038745561175351
0.5039181710895897
0.5039618889045206
0.5040057069775576
0.5040496227303061
0.5040936335908638
0.5041377369939342
0.5041819303809367
0.5042262112001163
0.5042705769066487
0.504315024962744
0.504359552837749
0.5044041580082449
0.5044488379584519
0.5044935901801075
0.5045384121722546
0.5045833014415668
0.504628255502438
0.5046732718770677
0.504718348095545
0.5047634816959314
0.5048086702243376
0.5048539112350021
0.5048992022903647
0.5049445409611388
0.5049899248263807
0.5050353514735573
0.5050808184986865
0.5051263235073695
0.5051718641133982
0.5052174379389961
0.5052630426151631
0.5053086757817333
0.5053543350874303
0.5054000181899202
0.5054457227558632
0.5054914464609619
0.5055371869900085
0.5055829420369293
0.505628709304826
0.5056744865060162
0.5057202713620716
0.5057660616044617
0.505811854975924
0.5058576492271
0.505903442117967
0.5059492314180492
0.5059950149064517
0.5060407903718938
0.5060865556127379
0.5061323084370185
0.5061780466624696
0.5062237681165478
0.5062694706364559
0.5063151520691639
0.506360810271427
0.5064064431098028
0.5064520484623174
0.5064976242178418
0.5065431682735855
0.5065886785367613
0.5066341529246094
0.5066795893644135
0.5067249857935163
0.5067703401593345
0.506815650419371
0.5068609145412248
0.5069061305026019
0.5069512962913221
0.5069964099053256
0.5070414693526778
0.5070864726517106
0.5071314178338862
0.5071763029399254
0.5072211260198431
0.5072658851339698
0.5073105783529603
0.5073552037578032
0.5073997594398261
0.5074442435007018
0.5074886540524532
0.5075329892174565
0.5075772471284425
0.5076214259284995
0.5076655237710714
0.5077095388199583
0.5077534692500031
0.5077973132493687
0.5078410690145787
0.507884734752325
0.5079283086798289
0.5079717890248466
0.508015174025676
0.5080584619311592
0.5081016510006882
0.5081447395042072
0.5081877257222155
0.5082306079457687
0.5082733844764811
0.5083160536265243
0.5083586137186284
0.5084010630877118
0.5084434000808685
0.5084856230538469
0.5085277303730997
0.5085697204158182
0.508611591569943
0.508653342234172
0.5086949708179692
0.5087364757415729
0.5087778554360035
0.5088191083430709
0.5088602329153824
0.5089012276163498
0.5089420909201953
0.5089828213120211
0.5090234172901443
0.5090638773633048
0.5091042000502197
0.5091443838806051
0.5091844273951939
0.5092243291457501
0.5092640876950878
0.5093037016170865
0.5093431694967085
0.5093824899300156
0.5094216615241856
0.5094606828975299
0.5094995526795106
0.509538269510757
0.5095768320434243
0.509615238942854
0.5096534888844296
0.5096915805545831
0.5097295126511263
0.5097672838832789
0.5098048929716932
0.5098423386484825
0.5098796196572488
0.5099167347531107
0.5099536827027303
0.5099904622843439
0.5100270722877895
0.5100635115145365
0.5100997787777158
0.5101358729027266
0.5101717927275304
0.5102075371010025
0.5102431048838482
0.5102784949486684
0.5103137061799964
0.5103487374743366
0.5103835877402026
0.5104182558981563
0.5104527408808465
0.5104870416330509
0.5105211571117145
0.5105550862859923
0.5105888281372898
0.51062238165931
0.5106557458584673
0.5106889197535477
0.510721902375586
0.5107546927681097
0.5107872899871866
0.5108196931014716
0.5108519011922547
0.5108839133535094
0.5109157286919409
0.5109473463270375
0.5109787653911182
0.5110099850293857
0.511041004399976
0.5110718226740116
0.5111024390356016
0.5111328526815321
0.511163062821949
0.5111930686802536
0.5112228694930756
0.511252464510326
0.5112818529952529
0.5113110342244931
0.5113400074881302
0.5113687720897487
0.5113973273464902
0.5114256725891103
0.5114538071620358
0.5114817304234226
0.511509441745213
0.5115369405127325
0.5115642261242691
0.511591297992904
0.5116181555457213
0.5116447982238137
0.5116712254823381
0.5116974367905726
0.5117234316319714
0.5117492095042246
0.5117747699193126
0.5118001124035653
0.5118252364977205
0.5118501417569807
0.5118748277510735
0.5118992940643066
0.5119235402941361
0.5119475660524554
0.5119713709668199
0.5119949546794923
0.5120183168474949
0.5120414571426618
0.5120643752516925
0.5120870708762033
0.5121095437327812
0.512131793553036
0.512153820083654
0.5121756230864507
0.5121972023384236
0.5122185576318067
0.5122396887739057
0.5122605955848979
0.5122812779014299
0.5123017355760578
0.5123219684766891
0.5123419764866243
0.5123617595046002
0.5123813174448317
0.5124006502370557
0.5124197578265707
0.5124386401742793
0.5124572972567298
0.5124757290661581
0.512493935610527
0.5125119169135677
0.5125296730139492
0.5125472039637865
0.5125645098329712
0.5125815907073434
0.5125984466885333
0.512615077893988
0.5126314844569971
0.512647666526719
0.5126636242682042
0.5126793578624206
0.512694867506276
0.5127101534126413
0.5127252158103724
0.5127400549443331
0.5127546710754132
0.5127690644785643
0.5127832354439057
0.512797184279228
0.5128109113082523
0.5128244168706316
0.5128377013219589
0.5128507650337658
0.5128636083935277
0.5128762318046615
0.5128886356865284
0.5129008204744313
0.5129127866196105
0.5129245345892439
0.5129360648664407
0.5129473779500756
0.512958474352203
0.5129693546017251
0.5129800192441187
0.5129904688405819
0.5130007039680126
0.5130107252189834
0.5130205332017157
0.5130301285400528
0.513039511873431
0.51304868385685
0.5130576451608408
0.5130663964714336
0.5130749384901219
0.5130832719338287
0.5130913975342674
0.5130993160362671
0.5131070282015476
0.5131145348071915
0.5131218366453576
0.5131289345232255
0.5131358292629395
0.5131425217015478
0.5131490126909467
0.5131553030978128
0.513161393803545
0.5131672857041927
0.5131729797103944
0.5131784767473054
0.513183777754526
0.513188883684955
0.5131937955049304
0.5131985141961283
0.5132030407542691
0.5132073761890201
0.5132115215239064
0.5132154777962191
0.513219246056922
0.5132228273705549
0.5132262228151373
0.513229433482068
0.513232460476023
0.5132353049148518
0.513237967929473
0.5132404506637287
0.5132427542732887
0.5132448799267982
0.5132468288058537
0.5132486021044939
0.5132502010290766
0.5132516267981581
0.5132528806423615
0.5132539638042507
0.5132548775381988
0.5132556231102537
0.5132562017980034
0.5132566148904385
0.5132568636878121
0.5132569495014978
0.5132568736538091
0.5132566374777019
0.5132562423169323
0.5132556895258027
0.5132549804689808
0.5132541165213463
0.5132530990678308
0.5132519295032593
0.5132506092321868
0.5132491396687361
0.5132475222364278
0.5132457583680137
0.5132438495053054
0.513241797099001
0.5132396026085094
0.5132372675021549
0.5132347932570794
0.5132321813580989
0.5132294332980513
0.5132265505776261
0.5132235347051779
0.5132203871965411
0.5132171095748376
0.5132137033702899
0.513210170120025
0.5132065113678789
0.5132027286642
0.51319882356565
0.5131947976350013
0.5131906524409614
0.5131863895594874
0.5131820105718765
0.5131775170640794
0.5131729106272259
0.5131681928574151
0.5131633653555114
0.5131584297269305
0.5131533875814316
0.5131482405328996
0.5131429901991325
0.5131376382016228
0.5131321861653374
0.5131266357184984
0.5131209884923584
0.5131152461213635
0.5131094102451771
0.5131034825043493
0.5130974645412476
0.5130913580002932
0.5130851645277398
0.5130788857714489
0.5130725233806654
0.5130660790057912
0.5130595542981558
0.5130529509097891
0.5130462704931874
0.5130395147010841
0.513032685186213
0.5130257836010748
0.5130188115991302
0.5130117708356117
0.513004662962489
0.5129974896306395
0.5129902524897267
0.5129829531879712
0.5129755933719208
0.5129681746862208
0.5129606987733807
0.5129531672735427
0.512945581824247
0.512937944060197
0.5129302556130242
0.5129225181110507
0.512914733179072
0.5129069024414208
0.5128990275186492
0.5128911100252879
0.5128831515716055
0.5128751537633842
0.5128671182016943
0.5128590464826673
0.512850940197272
0.5128428009310841
0.5128346302640638
0.5128264297703236
0.5128182010179034
0.5128099455685403
0.5128016649774405
0.5127933607935194
0.5127850345631811
0.5127766878234775
0.5127683221032884
0.5127599389240874
0.5127515397997315
0.5127431262362483
0.512734699731625
0.5127262617755974
0.512717813849439
0.5127093574257487
0.512700893968242
0.5126924249315389
0.5126839517609546
0.5126754758922887
0.5126669987531983
0.5126585217651721
0.5126500463364305
0.5126415738648665
0.5126331057381023
0.5126246433332989
0.5126161880169713
0.5126077411447986
0.51259930406144
0.5125908781003488
0.5125824645835875
0.5125740648216449
0.5125656801132531
0.512557311745205
0.5125489609921745
0.5125406291198203
0.5125323173823266
0.5125240270189407
0.5125157592563455
0.5125075153085009
0.5124992963764894
0.5124911036483584
0.5124829382989706
0.5124748014898504
0.5124666943690328
0.5124586180709169
0.5124505737161159
0.5124425624113127
0.5124345852491157
0.5124266433082075
0.5124187376570183
0.5124108693478805
0.5124030394176059
0.5123952488884846
0.5123874987681667
0.512379790049547
0.5123721237106506
0.5123645007145218
0.5123569220091135
0.5123493885271809
0.5123419011861738
0.5123344608881342
0.512327068519594
0.5123197249514748
0.5123124310399675
0.5123051876285949
0.5122979955426499
0.5122908555913599
0.5122837685680941
0.5122767352502932
0.5122697563993983
0.512262832760785
0.512255965063698
0.512249154021188
0.5122424003300544
0.5122357046707853
0.5122290677075049
0.5122224900879195
0.5122159724432694
0.5122095153899764
0.512203119528955
0.5121967854429671
0.51219051369829
0.512184304844696
0.5121781594154292
0.5121720779271844
0.5121660608800926
0.5121601087577037
0.5121542220269772
0.5121484011382731
0.512142646525346
0.5121369586053419
0.5121313377787986
0.5121257844297239
0.5121202989271683
0.5121148816231168
0.5121095328525161
0.5121042529338512
0.512099042169171
0.5120939008441149
0.5120888292279435
0.5120838275735746
0.512078896117617
0.5120740350804122
0.5120692446660773
0.5120645250625512
0.5120598764416435
0.5120552989590871
0.5120507927547259
0.5120463579530167
0.5120419946621309
0.5120377029743695
0.512033482966303
0.512029334698844
0.5120252582173244
0.5120212535515749
0.512017320716008
0.5120134597097051
0.5120096705165041
0.5120059531050936
0.5120023074291075
0.511998733427224
0.5119952310232678
0.5119918001260308
0.5119884406293795
0.5119851524129848
0.5119819353420763
0.5119787892675538
0.5119757140261054
0.5119727094403298
0.5119697753188601
0.5119669114564931
0.5119641176343183
0.511961393619854
0.5119587391671832
0.511956154017094
0.5119536378972234
0.5119511905221631
0.5119488115920989
0.5119465007947737
0.5119442578059418
0.5119420822888673
0.5119399738944759
0.5119379322615146
0.5119359570167106
0.5119340477749342
0.5119322041393658
0.511930425701663
0.5119287120421343
0.5119270627299113
0.5119254773231279
0.5119239553690995
0.5119224964040823
0.511921099951403
0.5119197655255973
0.5119184926313675
0.5119172807633852
0.511916129406476
0.5119150380358083
0.5119140061170853
0.5119130331067373
0.5119121184521196
0.5119112615917099
0.5119104619553096
0.5119097189642486
0.5119090320315901
0.511908400562341
0.5119078239519204
0.5119073015855672
0.5119068328436407
0.5119064170991616
0.5119060537179301
0.5119057420587334
0.5119054814735535
0.5119052713077781
0.5119051109004134
0.5119049995842984
0.5119049366863215
0.5119049215276394
0.5119049534238976
0.5119050316854522
0.5119051556175581
0.5119053245172881
0.5119055376771617
0.511905794386874
0.5119060939317357
0.5119064355928914
0.5119068186475371
0.5119072423691412
0.5119077060276661
0.5119082088897908
0.511908750219136
0.5119093292764896
0.5119099453200341
0.5119105976055762
0.5119112853867762
0.5119120079147751
0.5119127644341527
0.5119135541905594
0.5119143764291071
0.5119152303936317
0.5119161153269122
0.5119170304708869
0.5119179750668739
0.5119189483557897
0.5119199495783706
0.5119209779753937
0.5119220327878988
0.5119231132574109
0.5119242186261652
0.5119253481373301
0.5119265010334103
0.5119276765545742
0.5119288739458647
0.5119300924540798
0.5119313313277782
0.5119325898174871
0.51193386717591
0.5119351626581347
0.5119364755218401
0.5119378050275054
0.5119391504386175
0.5119405110218787
0.5119418860474165
0.5119432747889904
0.5119446765241931
0.5119460905310408
0.5119475160911489
0.5119489524927928
0.5119503990286416
0.5119518549959463
0.511953319696728
0.5119547924379659
0.511956272531783
0.5119577592956344
0.5119592520524915
0.5119607501310288
0.5119622528658081
0.511963759597463
0.5119652696728829
0.5119667824449939
0.5119682972687243
0.5119698135078066
0.5119713305338233
0.5119728477252383
0.5119743644675573
0.511975880153487
0.5119773941830933
0.511978905963957
0.511980414911331
0.5119819204482932
0.5119834220059012
0.5119849190233428
0.5119864109480889
0.5119878972360415
0.5119893773505649
0.5119908507606455
0.5119923169465801
0.5119937753977115
0.5119952256123177
0.5119966670977376
0.5119980993704959
0.5119995219564272
0.5120009343907972
0.5120023362184222
0.5120037269937887
0.5120051062811689
0.5120064736547364
0.5120078286986792
0.5120091710073118
0.5120105001828767
0.5120118158369054
0.5120131175932296
0.5120144050860342
0.5120156779599436
0.5120169358701091
0.5120181784822931
0.5120194054729512
0.5120206165293115
0.512021811349454
0.5120229896423849
0.5120241511281112
0.5120252955377116
0.5120264226134063
0.5120275321085114
0.5120286237856668
0.5120296974195117
0.5120307527965625
0.5120317897146698
0.5120328079830663
0.5120338074224118
0.5120347878648372
0.5120357491539844
0.5120366911450442
0.5120376137047937
0.5120385167116279
0.5120394000555922
0.5120402636384103
0.5120411073735105
0.5120419311857234
0.5120427350104082
0.5120435187955528
0.5120442825009818
0.5120450260982367
0.5120457495705816
0.5120464529130071
0.5120471361322306
0.512047799246695
0.5120484422865639
0.5120490652937149
0.5120496683217303
0.5120502514358842
0.5120508147131292
0.5120513582420776
0.5120518821228424
0.5120523864670413
0.5120528713980318
0.512053337050723
0.5120537835715442
0.5120542111184108
0.5120546198606881
0.5120550099791514
0.5120553816659456
0.5120557351245396
0.5120560705696808
0.5120563882273442
0.5120566883346812
0.5120569711399645
0.5120572369025581
0.5120574858936087
0.512057718395025
0.5120579346993446
0.512058135109964
0.5120583199410718
0.5120584895175793
0.5120586441750494
0.5120587842596219
0.5120589101279363
0.5120590221470531
0.5120591206943719
0.512059206157547
0.5120592789344005
0.5120593394328335
0.5120593880710281
0.5120594252785401
0.5120594514937896
0.5120594671647798
0.5120594727492046
0.5120594687143506
0.5120594555369976
0.5120594337033169
0.5120594037087661
0.5120593660579836
0.5120593212646787
0.5120592698515206
0.5120592123500255
0.5120591493004398
0.512059081251623
0.5120590087621466
0.512058932400445
0.5120588527415991
0.5120587703689167
0.5120586858738515
0.5120585998558819
0.5120585129223884
0.5120584256885288
0.5120583387771125
0.5120582528184703
0.512058168450326
0.5120580863176618
0.5120580070725858
0.5120579313741941
0.5120578598884773
0.5120577932906192
0.5120577322621338
0.512057677489941
0.5120576296674088
0.5120575894942169
0.5120575576762204
0.5120575349253098
0.5120575219592715
0.5120575195016448
0.5120575282815796
0.5120575490336895
0.5120575824979071
0.5120576294193339
0.5120576905480911
0.5120577666396542
0.5120578584575415
0.5120579667679895
0.5120580923412522
0.5120582359520391
0.5120583983793704
0.5120585804064315
0.5120587828204267
0.5120590064124313
0.5120592519772426
0.5120595203132301
0.5120598122221846
0.5120601285091654
0.512060469982348
0.5120608374528692
0.512061231736025
0.5120616536521183
0.5120621040217492
0.5120625836679426
0.5120630934161029
0.5120636340938698
0.51206420653097
0.5120648115590697
0.5120654500116266
0.5120661227237407
0.5120668305320049
0.5120675742743537
0.5120683547899134
0.5120691729188502
0.5120700295022336
0.5120709253845914
0.5120718614112421
0.5120728384264855
0.5120738572750955
0.5120749188021791
0.5120760238530346
0.5120771732730116
0.5120783679073679
0.5120796086011291
0.5120808961989459
0.512082231544952
0.512083615482622
0.512085048854629
0.512086532502701
0.5120880672677816
0.5120896539924858
0.5120912935166773
0.5120929866782323
0.5120947343135461
0.5120965372574003
0.5120983963428329
0.512100312401007
0.5121022862610805
0.512104318750076
0.5121064106927503
0.5121085629114648
0.5121107762260553
0.5121130514537027
0.512115389408804
0.5121177909037133
0.5121202567498251
0.5121227877536387
0.5121253847183688
0.5121280484439626
0.5121307797269847
0.5121335793605
0.5121364481339581
0.5121393868330781
0.5121423962397348
0.5121454771318434
0.5121486302832476
0.5121518564636051
0.512155156438276
0.5121585309682118
0.5121619808111966
0.5121655067208027
0.5121691094449192
0.5121727897266954
0.5121765483044409
0.5121803859115253
0.5121843032762784
0.5121883011218925
0.5121923801663237
0.5121965411221958
0.5122007846967036
0.5122051115915183
0.5122095225026919
0.5122140181205642
0.5122185991297608
0.5122232662102748
0.5122280200356214
0.5122328612729633
0.512237790583373
0.51224280862175
0.5122479160367379
0.5122531134706432
0.512258401559355
0.5122637809322661
0.5122692522121939
0.5122748160153036
0.5122804729510317
0.5122862236220099
0.5122920686239918
0.5122980085459253
0.5123040439702062
0.5123101754717834
0.5123164036184269
0.512322728970704
0.5123291520819124
0.5123356734980167
0.512342293757582
0.5123490133917125
0.5123558329239888
0.5123627528704072
0.5123697737393196
0.5123768960313749
0.5123841202394607
0.512391446848647
0.5123988763360846
0.5124064091709659
0.5124140458145456
0.512421786720039
0.512429632332571
0.5124375830891252
0.5124456394184946
0.5124538017412317
0.5124620704696021
0.5124704460075374
0.5124789287505893
0.5124875190858855
0.5124962173920862
0.5125050240393413
0.5125139393892194
0.5125229637940462
0.5125320975977022
0.5125413411355818
0.5125506947343308
0.5125601587118077
0.5125697333770449
0.5125794190302125
0.5125892159625807
0.5125991244564847
0.5126091447852911
0.5126192772133631
0.5126295219960292
0.5126398793795504
0.5126503496010905
0.5126609328884477
0.5126716294592326
0.5126824395225585
0.5126933632783885
0.512704400917381
0.5127155526208592
0.5127268185607826
0.5127381988997187
0.5127496937908149
0.512761303377773
0.5127730277948225
0.5127848671666955
0.5127968216086032
0.5128088912262115
0.5128210761156194
0.5128333763625913
0.5128457920425307
0.5128583232220837
0.512870969958177
0.5128837322979793
0.5128966102788773
0.5129096039284524
0.5129227132644584
0.5129359382947977
0.5129492790175011
0.5129627354207063
0.5129763074826369
0.5129899951715834
0.5130037984458833
0.5130177172538679
0.513031751532527
0.5130459012090678
0.5130601662011625
0.5130745464163536
0.5130890417520323
0.5131036520954158
0.5131183773235253
0.5131332173031681
0.5131481718909134
0.513163240933075
0.5131784242656905
0.5131937217145018
0.5132091330949371
0.5132246582120917
0.5132402968604562
0.5132560488226585
0.5132719138718239
0.5132878917708192
0.513303982271998
0.5133201851171765
0.5133365000376131
0.5133529267539844
0.5133694649763639
0.513386114404199
0.5134028747262908
0.513419745620771
0.513436726755081
0.5134538177859513
0.5134710183593795
0.5134883281104163
0.5135057466630534
0.5135232736307711
0.5135409086162201
0.5135586512111892
0.5135765009965834
0.5135944575424027
0.5136125204077208
0.513630689140663
0.513648963278386
0.5136673423470558
0.5136858258618278
0.513704413326825
0.5137231042351185
0.5137418980686831
0.5137607942963542
0.5137797923758812
0.5137988917548358
0.5138180918694903
0.5138373921447867
0.5138567919943076
0.5138762908202439
0.5138958880133653
0.5139155829529879
0.5139353750069438
0.5139552635315493
0.5139752478715729
0.5139953273602038
0.5140155013190201
0.5140357690581933
0.5140561298781451
0.5140765830665978
0.5140971278992653
0.5141177636402059
0.5141384895417981
0.5141593048447162
0.5141802087779048
0.5142012005585552
0.5142222793920808
0.5142434444720922
0.5142646949803747
0.5142860300868612
0.5143074489496111
0.514328950714784
0.5143505345162863
0.5143721994753983
0.5143939447020243
0.5144157692940589
0.5144376723373233
0.5144596529055369
0.5144817100602909
0.514503842851019
0.5145260503149719
0.5145483314771873
0.5145706853504641
0.5145931109353326
0.5146156072200287
0.5146381731804645
0.5146608077802024
0.5146835099713157
0.5147062786936346
0.5147291128740139
0.5147520114269144
0.5147749732543795
0.5147979972460124
0.5148210822789532
0.5148442272178552
0.5148674309148634
0.5148906922095912
0.514914009929098
0.5149373828878672
0.5149608098877828
0.5149842897181086
0.5150078211556548
0.5150314029667561
0.5150550339041153
0.5150787127073165
0.5151024381033479
0.5151262088065918
0.5151500235188129
0.5151738809291461
0.5151977797140872
0.5152217185374824
0.5152456960505182
0.5152697108917123
0.515293761686905
0.5153178470492495
0.5153419655792056
0.5153661158650067
0.5153902964835055
0.5154145059977983
0.5154387429582465
0.5154630059025802
0.5154872933558999
0.515511603830678
0.5155359358267619
0.5155602878313763
0.5155846583191285
0.5156090457520102
0.5156334485794052
0.5156578652380938
0.5156822941522586
0.5157067337334927
0.5157311823829092
0.5157556384900192
0.5157801004300758
0.5158045665659624
0.515829035248216
0.515853504815052
0.5158779735923915
0.5159024398938861
0.5159269020209468
0.5159513582627722
0.5159758068963791
0.5160002461866334
0.5160246743862812
0.5160490897359832
0.5160734904644634
0.5160978747904539
0.5161222409200212
0.5161465870467891
0.5161709113526032
0.516195212007579
0.5162194871701535
0.5162437349871343
0.5162679535937534
0.5162921411137197
0.5163162956592764
0.5163404153312554
0.5163644982191355
0.516388542401103
0.5164125459441102
0.5164365069047435
0.5164604233315042
0.5164842932597252
0.5165081147136354
0.5165318857067592
0.5165556042419992
0.5165792683117213
0.5166028758978412
0.5166264249719139
0.5166499134952218
0.5166733394188687
0.5166967006838734
0.5167199952212647
0.5167432209521776
0.516766375787956
0.516789457631317
0.5168124643762549
0.5168353939061638
0.5168582440951612
0.5168810128082115
0.5169036979012446
0.5169262972212766
0.5169488086065306
0.5169712298865634
0.5169935588823887
0.5170157934066079
0.5170379312635395
0.5170599702493519
0.5170819081521969
0.517103742752424
0.5171254718248652
0.5171470931362446
0.5171686044451178
0.5171900035028717
0.517211288053882
0.5172324558356712
0.5172535045790723
0.5172744320083906
0.5172952358415723
0.5173159137903734
0.5173364635605281
0.5173568828519263
0.5173771693587864
0.5173973207698354
0.5174173347686407
0.5174372090344121
0.5174569412409328
0.5174765290571709
0.5174959701475801
0.5175152621722945
0.5175344027873272
0.5175533896447716
0.5175722203930042
0.5175908926768917
0.5176094041379982
0.5176277524147961
0.5176459351428802
0.5176639499551822
0.5176817944821913
0.5176994663524656
0.5177169631929281
0.517734282628338
0.5177514222819356
0.517768379775683
0.5177851527305007
0.5178017387665051
0.5178181355032496
0.5178343405599695
0.5178503515558245
0.5178661661101507
0.5178817818427103
0.5178971963739442
0.5179124073252297
0.517927412319123
0.5179422089787571
0.5179567949290651
0.5179711677973294
0.5179853252130262
0.517999264808093
0.5180129842171988
0.5180264810780152
0.5180397530314915
0.5180527977221309
0.5180656127982695
0.5180781959123584
0.5180905447212475
0.5181026568864723
0.5181145300745414
0.5181261619569905
0.5181375502092548
0.5181486925135433
0.51815958655841
0.5181702300387601
0.518180620656146
0.5181907561190652
0.518200634143259
0.5182102524520179
0.5182196087764842
0.5182287008559601
0.5182375264382147
0.5182460832797982
0.5182543691463531
0.51826238181293
0.5182701190630183
0.5182775786878971
0.5182847584913102
0.5182916562876069
0.5182982699019587
0.518304597170673
0.5183106359415086
0.5183163840739948
0.5183218394397522
0.5183269999228126
0.5183318634199447
0.5183364278409779
0.5183406911091292
0.5183446511613339
0.5183483059485547
0.5183516534329333
0.5183546915910667
0.5183574184163092
0.5183598319171644
0.5183619301176061
0.5183637110574031
0.518365172792444
0.5183663133950616
0.5183671309543612
0.5183676235765468
0.5183677893852539
0.518367626521876
0.5183671331459
0.5183663074352377
0.5183651475860349
0.5183636518084663
0.518361818334537
0.5183596454168433
0.5183571313277787
0.5183542743598492
0.5183510728259928
0.5183475250599
0.518343629416331
0.5183393842714376
0.5183347880230822
0.51832983909116
0.5183245359179213
0.5183188769682918
0.5183128607301966
0.5183064857129586
0.5182997504449209
0.5182926534822186
0.5182851934052529
0.5182773688186878
0.5182691783517498
0.5182606206585296
0.518251694418281
0.5182423983357212
0.5182327311413296
0.5182226915916489
0.5182122784695816
0.518201490584691
0.5181903267734989
0.5181787858997822
0.5181668668503465
0.5181545685384246
0.5181418899085649
0.5181288299333879
0.5181153876138532
0.5181015619795316
0.5180873520888695
0.5180727570294564
0.5180577759182913
0.5180424079020448
0.5180266521573242
0.518010507890933
0.5179939743401344
0.5179770507729089
0.5179597364877668
0.5179420308081427
0.5179239330913956
0.5179054427279962
0.5178865591400238
0.517867281781389
0.5178476101380592
0.517827543728279
0.5178070821027874
0.5177862248450372
0.5177649715714088
0.517743321931422
0.51772127560795
0.5176988323174261
0.5176759918100519
0.5176527538682736
0.5176291183031075
0.5176050849641036
0.5175806537355306
0.517555824536035
0.5175305973188096
0.5175049720717569
0.5174789488176491
0.5174525276142892
0.5174257085546656
0.5173984917671048
0.517370877415422
0.517342865699068
0.5173144568532737
0.5172856511491924
0.5172564488904167
0.5172268504144505
0.5171968560984644
0.5171664663557545
0.5171356816358297
0.5171045024245139
0.5170729292440386
0.5170409626531344
0.51700860324712
0.5169758516579838
0.5169427085544661
0.5169091746421338
0.5168752506634564
0.5168409373978724
0.5168062356616383
0.5167711463032877
0.5167356702098824
0.5166998083070559
0.5166635615573953
0.5166269309604689
0.5165899175528476
0.516552522408119
0.5165147466369029
0.5164765913868582
0.516438057842685
0.5163991472261278
0.5163598607959676
0.5163201998480131
0.5162801657150888
0.516239759766167
0.5161989834034932
0.5161578380687203
0.5161163252406391
0.5160744464346776
0.5160322032028443
0.515989597133668
0.515946629852129
0.5159033030195891
0.5158596183337145
0.5158155775283955
0.5157711823736605
0.515726434675583
0.5156813362761894
0.5156358890533553
0.5155900949193246
0.5155439558205769
0.515497473740734
0.5154506506986878
0.5154034887484388
0.5153559899789562
0.5153081565140314
0.5152599905121251
0.5152114941662113
0.515162669703614
0.515113519385841
0.5150640455084106
0.5150142504006742
0.5149641364256318
0.5149137059797224
0.5148629614916956
0.5148119054235271
0.5147605402704047
0.5147088685601094
0.5146568928527954
0.5146046157407657
0.5145520398482437
0.5144991678311367
0.5144460023767962
0.5143925462037722
0.5143388020615616
0.5142847727303531
0.5142304610207634
0.5141758697735717
0.5141210018595443
0.5140658601796424
0.5140104476638119
0.5139547672709807
0.5138988219888603
0.5138426148336477
0.5137861488497237
0.5137294271093458
0.5136724527123359
0.5136152287857609
0.5135577584836131
0.5135000449864775
0.5134420915012021
0.513383901260556
0.5133254775228869
0.5132668235727924
0.5132079427212566
0.5131488383022796
0.5130895136740916
0.5130299722188462
0.5129702173422529
0.5129102524732072
0.5128500810634158
0.5127897065870138
0.5127291325401819
0.5126683624407538
0.5126073998278213
0.5125462482613344
0.5124849113216953
0.5124233926093837
0.5123616957478084
0.5122998243795468
0.5122377821644116
0.5121755727807993
0.5121131999252764
0.5120506673121528
0.5119879786730577
0.5119251377565069
0.5118621483274665
0.5117990141669133
0.5117357390713897
0.5116723268525543
0.5116087813367289
0.5115451063644394
0.5114813057906102
0.5114173834887933
0.5113533433425975
0.5112891892472157
0.5112249251100193
0.5111605548500989
0.5110960823977992
0.5110315116942491
0.5109668466908918
0.5109020913490078
0.5108372496392355
0.5107723255410879
0.5107073230424665
0.5106422461391698
0.5105770988343991
0.5105118851407359
0.5104466090822681
0.5103812746845234
0.5103158859785302
0.5102504470006097
0.5101849617918931
0.5101194343978275
0.5100538688676869
0.5099882692540743
0.509922639612425
0.5098569840005059
0.5097913064779102
0.5097256111055526
0.5096599019451592
0.5095941830587675
0.5095284585140301
0.5094627323789733
0.5093970087168106
0.5093312915894367
0.5092655850569319
0.5091998931770703
0.5091342200048207
0.5090685695918507
0.5090029459860244
0.5089373532309034
0.508871795365241
0.508806276422478
0.5087408004302358
0.5086753714098075
0.5086099933763502
0.5085446703458484
0.5084794063229034
0.5084142053021934
0.5083490712700025
0.5082840082037399
0.5082190200714551
0.5081541108313539
0.508089284431313
0.5080245448083951
0.5079598958883628
0.5078953415851902
0.5078308858005779
0.5077665324234627
0.50770228532953
0.5076381483833065
0.507574125442327
0.5075102203437472
0.5074464369094391
0.5073827789461022
0.507319250244809
0.5072558545805499
0.50719259571178
0.5071294773799652
0.5070665033091303
0.5070036772054064
0.5069410027565783
0.5068784836316352
0.5068161234803179
0.5067539259326708
0.5066918946041807
0.5066300330923558
0.5065683449691383
0.5065068337854745
0.5064455030709052
0.5063843563331567
0.5063233970577311
0.5062626287075023
0.5062020547223097
0.5061416785185563
0.5060815034888066
0.506021533001388
0.5059617703999918
0.5059022190032779
0.5058428821049126
0.5057837629803456
0.5057248648762582
0.5056661910108458
0.5056077445757919
0.505549528735918
0.505491546628832
0.5054338013645848
0.5053762960253231
0.5053190336649498
0.5052620173087871
0.5052052499532378
0.5051487345654551
0.5050924740830112
0.5050364714135696
0.504980729436247
0.5049252510059596
0.5048700389422924
0.5048150960333684
0.5047604250362387
0.5047060286766027
0.5046519096485299
0.504598070614188
0.5045445142035728
0.5044912430142429
0.504438259611058
0.5043855665259193
0.504333166257517
0.5042810612710772
0.5042292539981157
0.5041777468394892
0.5041265421645533
0.5040756423047799
0.50402504955729
0.5039747661846786
0.5039247944148144
0.5038751364406442
0.5038257944200032
0.5037767704754271
0.5037280666939727
0.503679685127038
0.5036316277901912
0.5035838966630006
0.5035364936888725
0.5034894207750271
0.5034426797962108
0.5033962725896358
0.5033502009544553
0.5033044666531663
0.5032590714114916
0.5032140169182655
0.5031693048253258
0.5031249367474105
0.5030809142620595
0.5030372389095211
0.5029939121926632
0.5029509355768912
0.5029083104900685
0.5028660383224444
0.5028241204270893
0.5027825581218882
0.5027413526853185
0.5027005053578009
0.502660017342017
0.5026198898028774
0.5025801238674967
0.5025407206251723
0.5025016811273694
0.5024630063877121
0.5024246973819794
0.5023867550481051
0.5023491802861859
0.5023119739584923
0.5022751368894874
0.5022386698663125
0.5022025736389287
0.5021668489189604
0.5021314963803882
0.5020965166596142
0.5020619103555143
0.5020276780294989
0.5019938202055777
0.5019603373704306
0.5019272299734834
0.5018944984269901
0.5018621431061203
0.5018301643490517
0.5017985624570677
0.501767337694652
0.5017364902889412
0.5017060204305676
0.501675928273994
0.501646213937319
0.5016168775024039
0.5015879190150089
0.50155933848493
0.5015311358861442
0.5015033111569596
0.5014758642001709
0.5014487948832204
0.5014221030383631
0.5013957884628397
0.5013698509190533
0.5013442901344124
0.5013191057995088
0.5012942975719556
0.5012698650755673
0.5012458079001411
0.5012221256016548
0.5011988177024724
0.5011758836915533
0.5011533230246662
0.5011311351246092
0.5011093193814338
0.5010878751526765
0.5010668017635911
0.501046098507391
0.5010257646454934
0.5010057994062028
0.500986201983776
0.5009669715439955
0.5009481072217752
0.5009296081212931
0.5009114733162501
0.5008937018501333
0.500876292736483
0.500859244959167
0.5008425574726547
0.500826229202302
0.5008102590446354
0.5007946458676431
0.5007793885110706
0.5007644857866979
0.500749936474589
0.5007357393271399
0.5007218930719111
0.5007083964094626
0.5006952480136541
0.5006824465319503
0.500669990585728
0.5006578787705912
0.5006461096566844
0.5006346817890159
0.5006235936877802
0.5006128438486857
0.5006024307432884
0.5005923528193267
0.5005826085004489
0.5005731961812234
0.5005641142362384
0.5005553610186184
0.5005469348590404
0.5005388340660685
0.5005310569264874
0.5005236017056441
0.5005164666477886
0.5005096499764194
0.5005031498946323
0.5004969645854709
0.5004910922122828
0.5004855309190749
0.5004802788308762
0.500475334051888
0.5004706946627203
0.5004663587305107
0.5004623243048612
0.5004585894178313
0.5004551520842887
0.5004520103022614
0.5004491620532913
0.5004466053027917
0.5004443380004056
0.5004423580803661
0.5004406634618603
0.500439252049394
0.5004381217331593
0.5004372703894032
0.5004366958759039
0.5004363960356766
0.5004363687023551
0.5004366116967218
0.5004371228270584
0.500437899889498
0.5004389406683779
0.5004402429365956
0.5004418044559636
0.5004436229775674
0.5004456962421228
0.5004480219803367
0.5004505979132676
0.500453421752688
0.5004564912009819
0.5004598039453638
0.5004633576673964
0.5004671500422545
0.5004711787372466
0.5004754414121534
0.5004799357195688
0.5004846593052419
0.5004896098084168
0.5004947848621748
0.5005001820937767
0.5005057991250043
0.5005116335725034
0.500517683048127
0.5005239451592784
0.5005304175075411
0.5005370976851489
0.5005439832850518
0.5005510718972725
0.5005583611087122
0.500565848503467
0.5005735316631456
0.500581408167186
0.5005894755931702
0.5005977315171406
0.5006061735139145
0.500614799157398
0.5006236060209005
0.5006325916774472
0.5006417537000928
0.5006510896587655
0.5006605971218371
0.5006702736618552
0.5006801168523196
0.5006901242679579
0.5007002934850107
0.5007106220815135
0.5007211076375809
0.5007317477356854
0.5007425399609378
0.5007534819013656
0.5007645711481896
0.5007758052960996
0.5007871819435286
0.500798698692728
0.5008103531457953
0.5008221429106441
0.5008340656012729
0.5008461188364937
0.5008583002401775
0.5008706074414995
0.5008830380751809
0.5008955897817298
0.50090826020768
0.5009210470058273
0.5009339478354649
0.5009469603626161
0.5009600822602648
0.5009733112085856
0.5009866448944083
0.5010000810088638
0.5010136172531654
0.501027251336813
0.501040980977394
0.5010548039007833
0.5010687178413434
0.501082720542122
0.5010968097550461
0.5011109832411148
0.5011252387705889
0.5011395741231787
0.5011539870882287
0.501168475464901
0.5011830370623548
0.5011976696986805
0.501212371201047
0.5012271394086194
0.5012419721711403
0.5012568673490667
0.5012718228137241
0.5012868364474611
0.5013019061437977
0.5013170298075731
0.5013322053550915
0.5013474307142618
0.5013627038247385
0.5013780226380574
0.5013933851177697
0.5014087892395462
0.5014242329903003
0.5014397143695111
0.5014552313895578
0.5014707820753934
0.5014863644646576
0.5015019766077861
0.5015176165681171
0.5015332824219957
0.5015489722588745
0.5015646841814113
0.5015804163055649
0.5015961667606873
0.5016119336896125
0.5016277152487443
0.5016435096081422
0.5016593149516223
0.5016751294767992
0.5016909513951712
0.501706778932198
0.5017226103273678
0.5017384438342658
0.5017542777206369
0.5017701102684469
0.5017859397739403
0.5018017645476951
0.501817582914676
0.5018333932142826
0.5018491938003959
0.5018649830414232
0.501880759320812
0.5018965210373205
0.5019122666036472
