0.0
0.00345350401048
0.00690503987675
0.0103562169495
0.0138069139231
0.017257014293
0.0207062804396
0.0241546606215
0.0276019429839
0.0310479528932
0.0344925332786
0.0379355269744
0.0413767762992
0.0448161232875
0.0482534108324
0.0516884815074
0.0551211775395
0.0585513409816
0.0619788140183
0.0654034409614
0.0688250650027
0.0722435288417
0.0756586749977
0.0790703462636
0.0824783875105
0.0858826422296
0.0892829534864
0.0926791641289
0.0960711175629
0.0994586598539
0.102841635857
0.106219890474
0.109593268817
0.112961616204
0.116324778146
0.11968260037
0.123034929391
0.126381611836
0.129722494378
0.133057423913
0.136386247546
0.139708812588
0.143024966543
0.146334557749
0.149637435584
0.15293344893
0.156222446938
0.159504279029
0.162778794892
0.166045844474
0.169305278149
0.172556947836
0.175800705191
0.179036402017
0.182263890457
0.185483022991
0.18869365243
0.191895631909
0.195088815705
0.198273058677
0.201448215614
0.204614141713
0.20777069257
0.210917724179
0.214055092928
0.217182655863
0.220300271285
0.223407797403
0.226505092836
0.229592016677
0.232668428482
0.235734188275
0.238789156571
0.241833195006
0.244866165598
0.247887930699
0.250898353183
0.253897296451
0.256884624427
0.259860201556
0.262823893113
0.265775565309
0.268715084574
0.271642317918
0.274557132932
0.277459397797
0.280348981276
0.283225752768
0.286089582628
0.288940341707
0.291777901454
0.294602133976
0.297412912047
0.300210109113
0.302993599303
0.305763257433
0.308518959015
0.311260580268
0.313987998121
0.316701090224
0.319399734958
0.322083811441
0.324753199399
0.327407779071
0.330047431666
0.332672039153
0.335281484256
0.337875650464
0.340454422034
0.343017684008
0.345565322212
0.348097223271
0.350613274614
0.353113364485
0.355597381952
0.358065216916
0.360516760116
0.362951902478
0.365370535748
0.367772552892
0.37015784771
0.372526314846
0.374877849794
0.377212348907
0.379529709403
0.381829829375
0.384112607802
0.386377944553
0.388625740399
0.390855897023
0.393068317026
0.395262903824
0.397439560645
0.399598192223
0.401738704444
0.403861004106
0.405964998922
0.408050597532
0.410117709509
0.412166245369
0.414196116576
0.416207235551
0.418199515684
0.420172871338
0.422127217863
0.424062471603
0.425978549466
0.427875368355
0.429752847072
0.431610905456
0.433449464322
0.435268445469
0.437067771682
0.438847366746
0.440607155449
0.442347063589
0.444067017988
0.445766946491
0.447446777984
0.449106442393
0.450745870701
0.452364993982
0.453963744105
0.455542054703
0.457099860428
0.458637096959
0.460153701003
0.461649610308
0.463124763661
0.4645791009
0.466012562918
0.467425091672
0.468816630184
0.470187122557
0.471536513974
0.472864750628
0.474171778714
0.475457545971
0.476722001496
0.477965095446
0.479186779042
0.480387004574
0.481565725405
0.482722895978
0.483858471819
0.484972409544
0.486064666861
0.487135202579
0.488183976614
0.489210949991
0.490216084584
0.491199342529
0.492160687741
0.493100085299
0.494017501368
0.494912903202
0.495786259146
0.496637538644
0.497466712237
0.49827375157
0.499058629396
0.499821319577
0.500561797091
0.501280038034
0.501976019624
0.502649719746
0.503301117134
0.503930192083
0.504536925987
0.505121301341
0.505683301742
0.506222911893
0.506740117604
0.50723490579
0.507707264481
0.508157182819
0.50858465106
0.508989660579
0.509372203871
0.50973227453
0.510069866747
0.510384975995
0.510677599027
0.510947733695
0.511195378953
0.511420534856
0.511623202561
0.511803384328
0.511961083519
0.512096304601
0.512209053146
0.512299335827
0.512367160425
0.512412535827
0.512435471961
0.512435979585
0.51241407075
0.51236975863
0.512303057489
0.512213982681
0.512102550646
0.511968778913
0.511812686098
0.511634291899
0.511433617101
0.51121068357
0.510965514256
0.510698133186
0.510408565469
0.510096837251
0.509762975715
0.509407009164
0.509028966969
0.508628879568
0.508206778462
0.507762696212
0.50729666644
0.506808723822
0.506298904089
0.505767244022
0.505213781448
0.50463855524
0.50404160531
0.503422972613
0.502782699307
0.502120828552
0.501437404474
0.500732472229
0.500006078008
0.499258269023
0.498489093512
0.497698600728
0.49688684094
0.496053865425
0.495199726466
0.494324477344
0.493428172337
0.49251086671
0.491572616783
0.490613480266
0.489633515598
0.488632782147
0.487611340267
0.486569251293
0.485506577536
0.484423382278
0.483319729766
0.482195685204
0.481051314752
0.479886685514
0.478701865534
0.477496923788
0.476271930176
0.475026955819
0.473762073191
0.472477355232
0.471172875801
0.469848709684
0.468504932588
0.467141621137
0.465758852859
0.464356706188
0.462935260447
0.461494595845
0.46003479347
0.458555935274
0.45705810407
0.455541383528
0.454005858923
0.452451616355
0.450878742391
0.449287324466
0.447677450874
0.446049210758
0.444402694106
0.442737991739
0.441055195304
0.439354397265
0.437635690893
0.435899170254
0.4341449302
0.432373066357
0.430583675253
0.428776855294
0.42695270506
0.42511132371
0.423252811188
0.421377268223
0.419484796311
0.417575497712
0.415649475437
0.413706833238
0.411747675598
0.409772107719
0.40778023551
0.405772165573
0.403748005192
0.401707862818
0.399651848593
0.397580072418
0.395492644851
0.393389677154
0.39127128128
0.389137569864
0.386988656217
0.384824654306
0.382645678749
0.380451844802
0.378243268341
0.376020065854
0.373782354421
0.371530251705
0.369263877114
0.366983350842
0.364688792925
0.362380324016
0.360058065381
0.357722138884
0.355372666974
0.353009772681
0.350633579594
0.348244211856
0.345841794143
0.343426451655
0.340998310095
0.338557495658
0.336104135155
0.333638357555
0.331160291568
0.328670066033
0.32616781031
0.323653654273
0.321127728296
0.318590163242
0.316041090452
0.313480641727
0.310908949319
0.30832614591
0.305732364602
0.303127738893
0.300512402663
0.297886490722
0.295250139822
0.292603485855
0.289946665033
0.287279813992
0.284603069786
0.281916569872
0.279220452096
0.276514854686
0.27379991623
0.271075775667
0.268342572268
0.26560044562
0.262849535607
0.26008998239
0.257321927711
0.254545514211
0.251760883746
0.248968178522
0.246167541086
0.243359114313
0.240543041395
0.237719465834
0.234888531426
0.232050382248
0.229205162645
0.226353017213
0.223494090785
0.220628528413
0.217756475463
0.214878079478
0.211993487586
0.209102846629
0.206206303749
0.203304006386
0.200396102268
0.197482739408
0.1945640661
0.19164023091
0.188711382672
0.185777670482
0.182839243689
0.179896251889
0.17694884492
0.173997173349
0.171041389907
0.168081646341
0.165118094609
0.162150887089
0.159180176597
0.156206116407
0.153228860279
0.150248562483
0.147265377833
0.144279461723
0.14129097017
0.138300059858
0.135306888193
0.132311613368
0.129314395586
0.126315397044
0.12331477993
0.120312707809
0.117309345799
0.11430486076
0.111299421529
0.108293199176
0.10528636732
0.102279102492
0.09927158457
0.0962639972911
0.0932565288674
0.0902493727219
0.087242728433
0.0842368044324
0.0812318174984
0.0782279941914
0.0752255734999
0.0722248094092
0.0692259741277
0.0662293621812
0.063235295652
0.060244130959
0.0572562677272
0.0542721605371
0.051292334699
0.04831740775
0.0453481192337
0.0423853728824
0.0394302978952
0.0364843368119
0.033549380618
0.0306279784493
0.0277236746365
0.024841571621
0.0219893118958
0.0191788782974
0.0164300851381
0.0137777678757
0.0112874133552
0.00908953214721
0.00744316812841
0.00675855718144
0.00730597280463
0.00885553456655
0.01098758721
0.0134243443649
0.0160247068401
0.0187182119327
0.0214676586289
0.0242520419527
0.0270587417557
0.0298797552696
0.0327097670479
0.0355451024345
0.0383831307067
0.0412219093103
0.044059963417
0.0468961414033
0.0497295262321
0.0525593730322
0.0553850635623
0.0582060753045
0.0610219591983
0.0638323233297
0.0666368208029
0.0694351405978
0.0722270005928
0.0750121421786
0.0777903260569
0.0805613289323
0.0833249408836
0.0860809627894
0.088829202051
0.0915694763531
0.0943016109421
0.0970254371202
0.0997407914745
0.102447515236
0.105145453743
0.107834455993
0.110514374263
0.113185063786
0.115846382487
0.118498190742
0.121140351186
0.123772728546
0.12639518831
0.129007595874
0.131609820432
0.134201732804
0.136783205263
0.139354111468
0.141914326399
0.14446372631
0.147002188679
0.149529592172
0.152045816612
0.154550742949
0.157044253237
0.159526230615
0.161996559278
0.164455122366
0.166901804033
0.169336490685
0.171759069659
0.174169429223
0.176567458567
0.1789530478
0.181326087945
0.183686470944
0.186034089649
0.188368837833
0.190690610185
0.19299930232
0.195294810777
0.197577032779
0.199845864136
0.202101202834
0.204342948244
0.206571000595
0.208785260983
0.210985631374
0.21317201461
0.215344314411
0.217502435389
0.219646283047
0.221775763792
0.223890784944
0.225991254738
0.22807708234
0.230148177116
0.232204447672
0.234245805081
0.236272161407
0.238283429592
0.240279523463
0.242260357738
0.244225848037
0.246175910883
0.248110463716
0.250029424898
0.251932713721
0.253820250418
0.25569195617
0.25754775312
0.259387562981
0.261211308065
0.263018912673
0.264810302014
0.266585402213
0.268344140313
0.270086444285
0.271812243034
0.273521466405
0.275214045191
0.276889911143
0.278548996974
0.280191236371
0.281816564
0.283424915399
0.28501622545
0.286590430724
0.288147469184
0.289687279736
0.291209802234
0.292714977482
0.294202747246
0.295673054253
0.297125842202
0.298561055769
0.299978640613
0.301378543384
0.302760711729
0.304125094301
0.305471640371
0.306800298972
0.308111021134
0.309403758963
0.310678465534
0.311935094894
0.313173602067
0.314393943057
0.315596074855
0.316779955442
0.317945543795
0.319092799893
0.32022168472
0.321332160274
0.322424189569
0.323497735916
0.324552763211
0.325589237069
0.326607124087
0.327606391845
0.328587008912
0.329548944844
0.330492170191
0.331416656502
0.332322376321
0.3332093032
0.334077411694
0.334926677374
0.335757076821
0.3365685876
0.337361187438
0.338134855347
0.338889571616
0.339625317523
0.340342075331
0.341039828295
0.341718560662
0.342378257669
0.343018905553
0.343640491544
0.344243003872
0.34482643177
0.345390765473
0.34593599622
0.346462116107
0.346969117575
0.347456994523
0.34792574191
0.348375355668
0.348805832705
0.349217170905
0.349609369127
0.349982427205
0.350336345948
0.35067112714
0.350986773538
0.351283288876
0.35156067786
0.351818946172
0.352058100543
0.352278148758
0.352479099482
0.352660962362
0.352823748026
0.352967468086
0.353092135138
0.35319776276
0.353284365514
0.353351958949
0.353400559596
0.353430184976
0.353440853593
0.353432584939
0.353405399463
0.353359317415
0.353294360232
0.353210550765
0.353107912777
0.352986470936
0.352846250805
0.352687278841
0.352509582387
0.352313189665
0.352098129768
0.351864432655
0.351612129143
0.351341250897
0.351051830426
0.3507439014
0.350417500253
0.350072663091
0.34970942665
0.349327828586
0.348927907478
0.348509702828
0.34807325506
0.347618605518
0.347145796467
0.346654871091
0.346145873494
0.345618848698
0.345073842643
0.344510902185
0.343930074619
0.343331407451
0.342714949791
0.342080751618
0.341428863753
0.340759337846
0.340072226376
0.339367582636
0.338645460731
0.337905915567
0.33714900284
0.33637477903
0.335583301389
0.334774627934
0.333948817439
0.333105930383
0.332246027962
0.331369171652
0.330475423707
0.329564847147
0.328637505755
0.327693464067
0.326732787362
0.325755541654
0.324761793681
0.323751610896
0.322725061456
0.321682214209
0.320623138683
0.319547905356
0.318456587633
0.317349258421
0.316225990957
0.315086859253
0.313931938084
0.312761302994
0.311575030288
0.310373197032
0.309155881048
0.307923160913
0.306675115953
0.305411826244
0.304133372604
0.302839836592
0.301531299999
0.300207844313
0.298869552625
0.297516508715
0.296148796978
0.294766502415
0.293369710614
0.291958507736
0.290532980498
0.289093216156
0.287639302484
0.286171327753
0.284689380715
0.283193550574
0.281683926973
0.280160603011
0.27862367279
0.277073228982
0.275509364865
0.27393217432
0.272341751826
0.270738192451
0.269121591851
0.26749204626
0.265849652485
0.264194507899
0.262526710435
0.260846358577
0.259153551351
0.2574483883
0.255730969243
0.254001394615
0.252259765404
0.250506183071
0.248740749542
0.246963567193
0.245174738833
0.243374367691
0.241562557396
0.239739411962
0.237905035765
0.236059533525
0.234203010283
0.232335571376
0.230457323576
0.228568377179
0.226668840282
0.224758821209
0.222838428753
0.220907772174
0.218966961199
0.217016106013
0.21505531726
0.213084706036
0.211104383888
0.209114462811
0.207115055238
0.205106274042
0.20308823253
0.201061043573
0.19902482003
0.196979675832
0.194925725213
0.192863082694
0.190791863064
0.188712181358
0.186624152833
0.184527892946
0.182423517323
0.180311141732
0.178190882051
0.176062854233
0.173927174267
0.171783958496
0.169633329529
0.167475408052
0.165310313267
0.163138164765
0.160959082537
0.158773186979
0.156580598906
0.15438143956
0.152175830626
0.149963894247
0.147745753037
0.145521530104
0.143291349069
0.141055334089
0.138813609389
0.136566297875
0.134313524262
0.132055413923
0.129792092711
0.127523686981
0.125250323601
0.122972129977
0.120689234076
0.118401764448
0.116109850261
0.113813621327
0.111513208143
0.109208741933
0.10690035469
0.104588182363
0.102272364641
0.0999530393227
0.097630345864
0.0953044255927
0.0929754219381
0.0906434806933
0.0883087503215
0.0859713823128
0.0836315316029
0.0812893570648
0.0789450220898
0.0765986952766
0.074250551252
0.0719007716382
0.069549545777
0.0671970726817
0.0648435628341
0.0624892401407
0.0601343445532
0.0577791353285
0.0554238951136
0.0530689351115
0.0507146016727
0.0483612847911
0.0460094291743
0.0436595488394
0.0413122466066
0.0389682405025
0.0366284012394
0.0342938084176
0.0319658144733
0.0296461533331
0.0273370991199
0.0250417075761
0.0227641957555
0.0205105583498
0.0182896033164
0.0161147570653
0.0140073267336
0.0120025642631
0.0101609418077
0.00858736548642
0.00745263220876
0.00697315745381
0.0072783005807
0.00828052456447
0.00976637971271
0.0115496188344
0.0135120042171
0.0155850665395
0.0177291314589
0.0199204369596
0.0221441511032
0.0243906304087
0.0266533649822
0.028927809458
0.031210692891
0.0334995967912
0.0357926882751
0.0380885472969
0.0403860510394
0.0426842946329
0.0449825359395
0.0472801562504
0.0495766318191
0.0518715129167
0.0541644081974
0.0564549728756
0.0587428996756
0.0610279118287
0.0633097575976
0.0655882059564
0.0678630427495
0.070134065723
0.0724010867093
0.0746639284415
0.0769224225666
0.0791764084172
0.0814257319932
0.0836702451127
0.0859098047013
0.0881442721939
0.0903735130295
0.0925973962223
0.0948157939971
0.0970285814776
0.0992356364194
0.101436838215
0.10363206722
0.105821207183
0.108004143743
0.11018076424
0.112350957606
0.114514614262
0.116671626035
0.118821886087
0.120965288843
0.123101729941
0.12523110618
0.127353315476
0.129468256828
0.131575830276
0.133675935188
0.135768471909
0.137853342737
0.139930450855
0.141999700315
0.144060996023
0.146114243724
0.148159349995
0.150196222233
0.152224768652
0.154244898273
0.156256520925
0.158259547239
0.160253888645
0.162239457192
0.164216163962
0.166183921767
0.168142644552
0.170092246997
0.172032644517
0.173963753264
0.175885490128
0.177797772741
0.179700519478
0.181593649463
0.183477082572
0.185350739437
0.187214541452
0.189068410781
0.190912269776
0.192746040215
0.194569645865
0.196383011306
0.198186061843
0.199978723508
0.201760923065
0.203532588018
0.20529364661
0.207044027836
0.208783661441
0.210512477932
0.212230408582
0.213937385436
0.215633341319
0.217318208756
0.218991920766
0.220654411956
0.222305617674
0.223945474011
0.225573917807
0.227190886656
0.22879631891
0.230390153687
0.231972330871
0.233542791125
0.235101475891
0.236648327399
0.238183288674
0.239706303446
0.241217314945
0.242716267755
0.244203107581
0.245677780892
0.247140234924
0.248590417684
0.250028277954
0.251453765298
0.25286683006
0.254267423378
0.255655497183
0.257031004204
0.258393897977
0.259744132848
0.261081663669
0.262406445118
0.263718433469
0.265017585866
0.266303860233
0.267577215279
0.268837610503
0.270085006192
0.271319363431
0.2725406441
0.273748810884
0.274943827274
0.276125657571
0.27729426689
0.278449621166
0.27959168658
0.280720429788
0.281835818821
0.282937822504
0.284026410452
0.285101553074
0.286163221575
0.28721138796
0.288246025033
0.289267106402
0.290274606483
0.291268500499
0.292248764484
0.293215375291
0.294168310554
0.295107548041
0.296033066552
0.29694484591
0.297842866732
0.298727110427
0.299597559199
0.300454196044
0.301297004757
0.302125969927
0.302941076943
0.303742311996
0.304529662075
0.305303114974
0.30606265929
0.306808284318
0.307539979678
0.308257736129
0.308961545267
0.309651399473
0.310327291914
0.310989216536
0.311637168073
0.312271142039
0.312891134735
0.313497143243
0.314089165429
0.314667199945
0.315231246223
0.315781304482
0.316317375561
0.316839460919
0.317347562993
0.31784168499
0.318321830882
0.318788005405
0.319240214062
0.319678463113
0.320102759584
0.320513111259
0.32090952668
0.321292015147
0.321660586716
0.322015252197
0.322356023151
0.322682911797
0.32299593112
0.323295094886
0.323580417605
0.323851914522
0.32410960162
0.324353495617
0.32458361396
0.324799974827
0.325002597123
0.325191500476
0.325366705236
0.325528232473
0.32567610397
0.325810342229
0.325930970484
0.326038012662
0.32613149339
0.326211437998
0.326277872513
0.326330823655
0.326370318837
0.326396386156
0.326409054395
0.326408353012
0.326394312143
0.326366962592
0.326326335828
0.326272463983
0.326205380133
0.326125118436
0.326031713268
0.325925199672
0.325805613366
0.325672990742
0.325527368861
0.325368785454
0.325197278915
0.3250128883
0.324815653322
0.32460561435
0.324382812403
0.324147289149
0.323899086893
0.323638248063
0.323364815727
0.323078833824
0.322780346884
0.322469400016
0.322146038902
0.321810309791
0.321462259485
0.321101935337
0.320729385236
0.320344657601
0.319947801368
0.319538865982
0.319117901387
0.31868495829
0.318240090141
0.317783349698
0.317314789865
0.31683446413
0.316342426568
0.31583873183
0.31532343515
0.314796592339
0.314258259782
0.313708494439
0.313147353838
0.31257489608
0.311991179829
0.311396264314
0.310790208837
0.310173072251
0.309544914832
0.308905797385
0.308255781174
0.307594927917
0.306923299772
0.306240959327
0.305547969591
0.304844393979
0.304130296301
0.303405740749
0.302670791884
0.30192551462
0.301169974218
0.300404238242
0.299628374954
0.298842451725
0.298046536371
0.297240697148
0.296425002751
0.295599522305
0.294764325366
0.293919481912
0.293065062343
0.292201137473
0.291327778527
0.290445057135
0.289553045329
0.288651815497
0.287741439955
0.286821991596
0.285893543776
0.284956170195
0.284009944882
0.283054942192
0.282091236792
0.281118903654
0.280138018045
0.279148655511
0.278150891874
0.277144803213
0.276130465856
0.275107956365
0.274077352038
0.273038731827
0.271992173778
0.270937756114
0.269875557341
0.268805656245
0.267728131881
0.266643063569
0.265550530887
0.264450613664
0.263343391971
0.262228946117
0.261107356637
0.259978704289
0.25884307004
0.257700535281
0.2565511817
0.255395091
0.254232345083
0.253063026037
0.251887216136
0.250704997823
0.249516453706
0.248321666549
0.247120719258
0.245913694874
0.244700676564
0.243481747605
0.24225699138
0.241026491427
0.239790332567
0.238548599304
0.237301375913
0.236048746795
0.234790796472
0.23352760958
0.232259270863
0.230985865166
0.229707477426
0.228424192666
0.227136095987
0.225843272561
0.224545807621
0.223243786455
0.221937294501
0.220626417641
0.219311241511
0.217991851751
0.216668334042
0.215340774098
0.214009257659
0.212673870482
0.211334698336
0.209991826988
0.208645342202
0.207295329724
0.205941875275
0.204585064543
0.203224983171
0.201861717213
0.20049535305
0.199125976518
0.197753673426
0.196378529546
0.195000630612
0.193620062314
0.19223691029
0.190851260117
0.189463197312
0.188072807318
0.1866801755
0.185285387139
0.183888527425
0.182489681455
0.181088934512
0.179686371704
0.178282077933
0.176876137996
0.175468636578
0.174059658247
0.172649287447
0.171237608494
0.169824705567
0.168410662707
0.166995563805
0.165579492599
0.164162532669
0.162744767426
0.161326280164
0.159907154274
0.158487472796
0.157067318568
0.155646774248
0.154225922316
0.152804845071
0.151383624618
0.149962342874
0.148541081558
0.147119922189
0.145698946082
0.144278234343
0.142857867869
0.141437927342
0.140018493153
0.138599645383
0.137181463976
0.135764028646
0.134347418862
0.132931713852
0.131516992597
0.130103333827
0.128690816023
0.127279517411
0.125869515963
0.124460889392
0.123053715156
0.121648070453
0.120244032218
0.118841676732
0.117441080038
0.116042318072
0.11464546648
0.113250600614
0.111857795532
0.110467126
0.10907866649
0.107692491181
0.106308673962
0.104927288432
0.103548407908
0.102172105423
0.100798453736
0.0994275251988
0.0980593909467
0.09669412233
0.0953317905352
0.0939724664244
0.0926162205382
0.0912631230987
0.0899132440144
0.0885666528859
0.0872234190123
0.0858836113999
0.0845472987718
0.0832145495795
0.0818854320164
0.0805600140332
0.0792383627077
0.0779205437162
0.0766066235179
0.0752966683123
0.0739907440002
0.0726889161955
0.0713912502393
0.0700978112159
0.0688086639718
0.0675238731376
0.066243503153
0.0649676182956
0.0636962827144
0.0624295604677
0.0611675155553
0.0599102100128
0.0586577056053
0.0574100651154
0.0561673512453
0.0549296266598
0.0536969540359
0.0524693961196
0.0512470157916
0.0500298761424
0.0488180405591
0.0476115728254
0.0464105372372
0.045214998736
0.0440250230633
0.0428406765501
0.041662022794
0.0404891282134
0.0393220612673
0.0381608918935
0.0370056917962
0.0358565347858
0.0347134971794
0.0335766582783
0.0324461009359
0.0313219122392
0.0302041843289
0.0290930153924
0.0279885108725
0.0268907849472
0.0257999602148
0.0247161663544
0.023639551905
0.0225702837249
0.0215085508838
0.0204545700713
0.0194085926054
0.0183709136122
0.0173418841938
0.0163219277625
0.015311562274
0.0143114309468
0.0133223454016
0.0123453473191
0.0113817982454
0.0104335019153
0.00950290981433
0.00859344510967
0.00770998969675
0.00685967912335
0.00605318628073
0.00530674729546
0.00464508059365
0.00410448598407
0.00373253870345
0.00357661179116
0.0036589710121
0.00395980247585
0.00443041745243
0.0050194025921
0.0056866450704
0.00640467985636
0.00715551021488
0.00792737225528
0.00871245555207
0.00950545557289
0.0103026802726
0.0111014974845
0.0118999878959
0.0126967226625
0.0134906177563
0.0142808364855
0.0150667228925
0.015847755359
0.0166235116063
0.0173936409353
0.0181578589726
0.0189159292642
0.0196676529143
0.0204128611901
0.0211514098279
0.0218831746022
0.0226080478466
0.0233259356961
0.0240367558846
0.0247404359708
0.0254369119016
0.0261261268377
0.0268080301908
0.027482574585
0.0281497162685
0.0288094180167
0.0294616462839
0.0301063708034
0.0307435642537
0.0313732019746
0.0319952617249
0.0326097234748
0.0332165692275
0.0338157828654
0.034407350017
0.0349912579423
0.0355674954321
0.0361360526381
0.0366969192604
0.0372500869266
0.0377955490793
0.0383333002796
0.038863336159
0.0393856533763
0.0399002495799
0.0404071233735
0.0409062742858
0.0413977027437
0.041881410048
0.0423573983518
0.0428256706406
0.0432862307155
0.0437390829997
0.0441842319435
0.0446216833098
0.0450514436814
0.0454735203535
0.0458879213225
0.0462946552748
0.0466937315769
0.0470851602661
0.0474689520413
0.0478451182551
0.0482136709055
0.0485746226287
0.0489279866919
0.0492737769861
0.0496120079804
0.0499426947161
0.0502658528871
0.0505814987832
0.0508896492828
0.0511903218471
0.0514835345136
0.0517693058903
0.0520476551496
0.0523186020218
0.052582166789
0.0528383702793
0.0530872338595
0.0533287794294
0.0535630294268
0.0537900072928
0.0540097368937
0.0542222424198
0.0544275485878
0.054625680635
0.0548166643136
0.0550005258841
0.0551772921094
0.0553469902482
0.0555096480477
0.0556652937363
0.0558139560169
0.0559556640581
0.0560904474863
0.0562183365431
0.0563393628859
0.0564535580185
0.0565609537682
0.056661582432
0.0567554767705
0.056842670001
0.0569231957901
0.0569970882461
0.0570643819109
0.0571251117518
0.0571793131522
0.0572270219024
0.0572682741892
0.0573031065859
0.0573315566674
0.0573536632991
0.0573694647769
0.0573789997864
0.0573823074276
0.0573794272069
0.0573703990297
0.0573552631914
0.0573340603683
0.0573068316085
0.0572736183212
0.0572344622664
0.0571894055427
0.057138490576
0.0570817601218
0.0570192586792
0.0569510310246
0.0568771215352
0.0567975749519
0.0567124363716
0.056621751238
0.056525565333
0.0564239247666
0.0563168759664
0.0562044656668
0.056086740897
0.0559637489683
0.0558355374612
0.0557021542106
0.0555636475282
0.0554200678898
0.0552714650039
0.0551178885113
0.0549593883557
0.0547960147753
0.054627818293
0.0544548497062
0.054277160076
0.0540948007157
0.0539078231784
0.0537162792436
0.0535202209032
0.0533197003466
0.0531147699448
0.0529054830161
0.0526918946596
0.0524740587193
0.0522520291996
0.0520258603453
0.0517956066313
0.0515613227526
0.0513230636136
0.0510808843159
0.0508348401465
0.0505849865638
0.0503313791837
0.0500740737642
0.0498131261888
0.0495485924532
0.0492805303143
0.0490089979552
0.048734052622
0.0484557517454
0.0481741529317
0.0478893139525
0.0476012927344
0.0473101473475
0.0470159359936
0.0467187169929
0.0464185487703
0.0461154898405
0.0458095987919
0.0455009342696
0.0451895551403
0.0448755224408
0.0445588963424
0.0442397366244
0.0439181031864
0.0435940560396
0.0432676552968
0.042938961162
0.0426080339195
0.0422749339213
0.0419397215749
0.0416024573289
0.0412632016589
0.040922015051
0.0405789579853
0.0402340915281
0.0398874784507
0.0395391801804
0.0391892580792
0.0388377735686
0.0384847881211
0.0381303632516
0.0377745605072
0.0374174414573
0.0370590676827
0.0366995007635
0.0363388022667
0.0359770337327
0.0356142566605
0.0352505324927
0.0348859237471
0.0345204934422
0.0341543036118
0.0337874163017
0.0334198935636
0.0330517974483
0.0326831899986
0.0323141332413
0.0319446891796
0.0315749197843
0.0312048869846
0.0308346526585
0.0304642786222
0.0300938266194
0.0297233583759
0.0293529367073
0.0289826239795
0.0286124821797
0.0282425732663
0.0278729591657
0.0275037017683
0.0271348629253
0.0267665044444
0.0263986880866
0.0260314755623
0.0256649285277
0.025299108581
0.0249340772588
0.0245698960321
0.0242066264027
0.0238443301873
0.0234830688844
0.023122903911
0.022763896643
0.0224061084172
0.0220496005334
0.0216944342577
0.0213406708265
0.0209883714511
0.0206375973236
0.0202884096239
0.0199408695273
0.0195950382145
0.0192509768823
0.0189087462754
0.0185684067468
0.0182300191639
0.0178936443912
0.0175593432961
0.0172271767609
0.0168972056958
0.0165694910548
0.0162440938534
0.0159210751891
0.0156004962647
0.0152824184145
0.0149669031343
0.0146540121159
0.0143438071961
0.0140363478249
0.013731694149
0.0134299073774
0.0131310488307
0.012835179963
0.0125423623872
0.012252657903
0.0119661285287
0.0116828365367
0.0114028444939
0.0111262153067
0.0108530122711
0.0105832991296
0.0103171401344
0.0100545989739
0.00979573390592
0.00954060700381
0.00928928124568
0.00904181972922
0.00879828566568
0.00855874237102
0.00832325325355
0.00809188179776
0.0078646915433
0.00764174605856
0.00742310890776
0.00720884361074
0.00699901359412
0.00679368213276
0.00659290656625
0.00639673592987
0.00620522520338
0.00601842747092
0.00583639337656
0.00565917071066
0.00548680394928
0.00531933374523
0.00515679636997
0.00499922310735
0.00484663960146
0.00469906516322
0.00455651204279
0.00441898467782
0.00428647862016
0.00415896141711
0.00403638999294
0.00391871650839
0.00380587907838
0.00369780095634
0.00359438985005
0.00349553740654
0.00340111890377
0.0033109931847
0.00322500286569
0.00314297484531
0.00306472113229
0.00299004000281
0.00291871748761
0.0028505245402
0.0027851904111
0.00272245352868
0.00266205124176
0.00260371673741
0.00254718162036
0.00249217859384
0.00243844421377
0.00238572169744
0.00233376378131
0.00228233563749
0.00223121787648
0.00218020968417
0.0021291321633
0.00207783197577
0.00202616701863
0.00197399429308
0.00192123624339
0.00186785683472
0.00181386670915
0.0017593311507
0.00170437981656
0.00164921861767
0.00159414412108
0.0015395607482
0.00148600077704
0.00143414659671
0.00138485363581
0.00133917069841
0.00129835171058
0.00126379794845
0.00123706930029
0.00121985072978
0.00121381219921
0.00122046690687
0.00124102359387
0.00127627064865
0.00132652557559
0.00139166185107
0.00147119794163
0.00156441619999
0.00167047931387
0.00178852368497
0.00191772287654
0.00205732034424
0.00220661825644
0.00236503309465
0.00253207556598
0.00270733360644
0.00289046218682
0.00308117333679
0.00327922705358
0.00348442334982
0.00369659547014
0.00391560419402
0.00414133309699
0.00437368463084
0.00461257689098
0.00485794095327
0.00510971534916
0.0053678405684
0.00563227256377
0.00590297400785
0.00617991270391
0.00646306072884
0.00675239371749
0.00704789026331
0.00734953141495
0.00765730025228
0.00797118152815
0.00829116136507
0.00861722699747
0.00894936655229
0.00928756886118
0.00963182121683
0.00998211096938
0.010338427465
0.0107007601945
0.011069098705
0.0114434325243
0.0118237510945
0.0122100437145
0.0126022994904
0.0130005072915
0.0134046557128
0.0138147330411
0.0142307272261
0.0146526258546
0.0150804161142
0.0155140846003
0.0159536175777
0.0163990009235
0.0168502200582
0.0173072599334
0.0177701050207
0.0182387393019
0.0187131462602
0.0191933088722
0.0196792096004
0.0201708303872
0.0206681526485
0.0211711572687
0.0216798245952
0.0221941347138
0.0227140680301
0.023239603652
0.0237707200741
0.0243073952606
0.0248496066426
0.0253973311147
0.0259505450331
0.0265092242126
0.0270733439242
0.0276428788926
0.0282178032941
0.028798090754
0.0293837143443
0.0299746465813
0.0305708603924
0.0311723286754
0.0317790227866
0.0323909135606
0.0330079713119
0.0336301658336
0.0342574663963
0.034889841746
0.035527260103
0.0361696891603
0.0368170960818
0.0374694475001
0.0381267095155
0.038788847693
0.0394558271373
0.0401276140805
0.0408041736328
0.0414854698257
0.0421714662034
0.042862125822
0.043557411249
0.0442572845622
0.0449617073485
0.0456706407029
0.0463840452271
0.0471018810281
0.0478241077167
0.0485506844058
0.0492815697086
0.050016722118
0.0507561012492
0.0514996650185
0.0522473706904
0.052999175084
0.0537550345723
0.0545149050825
0.0552787420949
0.056046500643
0.056818135312
0.0575936002383
0.0583728491086
0.0591558351585
0.0599425111714
0.0607328294768
0.0615267428288
0.0623242043659
0.0631251656678
0.0639295779009
0.0647373918347
0.0655485578426
0.0663630259022
0.0671807455949
0.0680016661062
0.0688257362258
0.0696529043466
0.0704831184651
0.0713163261801
0.0721524746927
0.0729915108387
0.0738333823985
0.0746780364748
0.0755254192384
0.0763754765171
0.0772281537973
0.078083396225
0.0789411486066
0.07980135541
0.0806639607648
0.0815289084634
0.0823961419609
0.0832656043759
0.0841372384903
0.0850109867493
0.0858867914723
0.0867645958694
0.0876443420358
0.0885259715844
0.0894094258453
0.0902946458681
0.0911815724229
0.0920701460027
0.0929603068246
0.0938519948313
0.0947451496923
0.0956397108055
0.096535617298
0.097432808027
0.0983312215812
0.0992307967455
0.100131472707
0.101033187672
