0.0
-0.000187327056757
-0.00164430470785
-0.0041976409998
-0.00765660091745
-0.0118172354584
-0.016466169439
-0.0213847227857
-0.0263529924622
-0.0311539150918
-0.0355772250069
-0.0394231404444
-0.0425059896765
-0.0446573017974
-0.0457285531648
-0.0455935934409
-0.0441505606029
-0.0413231556632
-0.0370616560503
-0.031343385296
-0.0241724490183
-0.0155792933446
-0.00561963365973
0.00562697267562
0.0180589280709
0.0315547933431
0.04597559045
0.0611675048745
0.0769646772068
0.0931920455688
0.109668286373
0.126208818154
0.142628536684
0.158744604454
0.174379175856
0.189361518372
0.203530477466
0.216736242724
0.228841987546
0.239725424283
0.249279639077
0.257414104775
0.264055115406
0.269145985581
0.27264714976
0.274535804757
0.274805446194
0.273465233009
0.270539150855
0.266064890117
0.260092872303
0.252684986146
0.243913282125
0.233858660805
0.222609600606
0.21026071259
0.196911488043
0.182665037876
0.167626832731
0.151903551113
0.135602056764
0.118828372904
0.101686779433
0.0842790664842
0.0667038121268
0.0490557830231
0.0314254545125
0.0138986148195
-0.00344396822711
-0.0205267359682
-0.0372794939041
-0.0536374792371
-0.069541356934
-0.0849371443108
-0.099776109381
-0.114014595528
-0.127613842297
-0.140539721039
-0.152762525839
-0.164256631023
-0.175000265514
-0.18497517582
-0.194166364956
-0.202561770357
-0.21015199629
-0.216930032093
-0.222890998318
-0.228031911435
-0.232351449145
-0.235849739967
-0.238528208632
-0.240389398304
-0.241436870185
-0.241675058236
-0.241109241058
-0.239745428602
-0.237590399516
-0.234651625211
-0.230937359356
-0.226456605496
-0.221219244913
-0.215236050691
-0.208518836238
-0.201080517442
-0.192935267339
-0.184098617896
-0.174587610895
-0.164420923001
-0.153619009602
-0.14220422894
-0.130200976377
-0.117635780484
-0.104537423496
-0.0909369863159
-0.0768679470834
-0.0623661519042
-0.047469879454
-0.0322197242419
-0.0166586077485
-0.000831571727595
0.0152142904538
0.031430120489
0.0477654777813
0.0641686920271
0.0805871723177
0.0969678072251
0.113257408452
0.129403154117
0.145353142786
0.161056876783
0.17646588379
0.1915342353
0.206219181713
0.220481694866
0.234287050298
0.247605371476
0.26041209674
0.272688480696
0.284421899956
0.295606237328
0.306242011526
0.316336543561
0.325903916587
0.334964828681
0.34354638799
0.351681587988
0.359408936399
0.366771532369
0.373816520658
0.380593803834
0.387155307857
0.393553418076
0.399840045736
0.406064921843
0.412274474751
0.418510136983
0.424807089649
0.431192721662
0.437685370347
0.444293018646
0.451012239567
0.457827165018
0.464708872747
0.47161464385
0.478488001031
0.485258280075
0.49184145522
0.4981400701
0.504044880765
0.509435214417
0.514181341189
0.518145339577
0.521183999887
0.523150230284
0.523896228999
0.523275689209
0.521146566142
0.517373827144
0.511832228873
0.504408994894
0.49500642686
0.483544310263
0.469962111489
0.454220940266
0.436305154626
0.416223588973
0.394010474998
0.369725926298
0.343455889001
0.315311793565
0.285429749459
0.253969227754
0.221111383986
0.187057067353
0.15202442573
0.116246159049
0.0799666471138
0.0434388221221
0.00692086376829
-0.0293271200867
-0.0650464426758
-0.0999831761777
-0.133891347485
-0.16653598769
-0.197696006345
-0.22716675391
-0.254762307533
-0.28031747322
-0.303689405369
-0.324758789965
-0.343430761994
-0.359635413778
-0.373327829307
-0.384487852567
-0.393119516112
-0.399250094372
-0.402928845301
-0.404225587009
-0.403228999846
-0.400044699431
-0.394793247126
-0.387608030204
-0.378633056524
-0.368020747786
-0.355929754565
-0.342522792164
-0.327964579244
-0.312419877734
-0.296051643148
-0.279019342354
-0.261477451711
-0.24357408928
-0.225449841706
-0.207236825107
-0.189057866696
-0.171025899523
-0.153243571381
-0.135802913477
-0.11878528704
-0.102261452343
-0.0862916559951
-0.0709260055908
-0.0562048426552
-0.0421591853372
-0.0288113373317
-0.0161754477211
-0.00425815410408
0.00694066676913
0.0174272696558
0.0272133421413
0.0363152942905
0.0447535701525
0.0525520141209
0.0597372602698
0.0663381014704
0.0723849668654
0.077909410455
0.0829436433159
0.0875201072767
0.0916711048449
0.0954284794156
0.098823314295
0.101885697639
0.104644519101
0.107127306623
0.10936009406
0.11136732354
0.113171783245
0.11479456341
0.116255039413
0.11757087442
0.118758048808
0.119830892754
0.120802128516
0.121682943081
0.122483049906
0.123210770696
0.123873120252
0.124475858946
0.12502361217
0.125519928577
0.125967381173
0.126367639669
0.126721545381
0.127029200099
0.127290019807
0.127502818349
0.127665858921
0.127776917123
0.127833335952
0.127832073215
0.127769748637
0.127642678972
0.127446915718
0.127178272527
0.126832349536
0.12640456106
0.125890165303
0.125284270113
0.12458183181
0.123777667376
0.122866476416
0.121842847408
0.120701250972
0.119436040102
0.118041453054
0.116511626461
0.114840589304
0.113022268057
0.111050492312
0.10891899983
0.106621460467
0.104151478647
0.101502625322
0.0986684577317
0.0956425546204
0.0924185611504
0.0889902271969
0.0853514781953
0.0814964680021
0.077419662471
0.0731159210229
0.0685805897812
0.0638096118456
0.0587996349558
0.0535481361167
0.0480535537973
0.0423154209643
0.0363345113354
0.0301129876595
0.0236545365158
0.0169645381467
0.0100501805087
0.00292062403772
-0.00441288938066
-0.0119369247214
-0.0196357308099
-0.0274912132973
-0.0354828224703
-0.0435875860159
-0.0517800788713
-0.0600324745449
-0.0683146486789
-0.0765942515948
-0.0848369294287
-0.0930064782365
-0.101065125785
-0.108973816453
-0.116692538486
-0.124180713868
-0.131397607619
-0.138302758185
-0.144856483997
-0.151020342622
-0.156757660105
-0.162034068396
-0.166817947886
-0.1710810465
-0.17479883266
-0.17795106349
-0.180522137314
-0.182501447701
-0.183883782833
-0.184669416099
-0.184864445047
-0.184480740061
-0.183536030972
-0.182053813688
-0.180063127589
-0.177598372632
-0.174698885601
-0.171408545134
-0.167775255626
-0.163850337709
-0.159687886972
-0.155344100627
-0.150876438352
-0.146342982823
-0.141801489633
-0.137308707599
-0.132919548058
-0.128686251232
-0.124657837048
-0.120879186748
-0.11739066833
-0.114227415078
-0.11141894771
-0.108988833257
-0.106954295639
-0.105326202799
-0.104108843427
-0.103300053865
-0.102891311725
-0.102867950223
-0.103209495184
-0.103890065116
-0.104878804695
-0.10614047281
-0.107635984476
-0.109323082178
-0.111156971663
-0.113091018581
-0.115077440842
-0.117067975117
-0.11901456878
-0.120869994002
-0.122588485165
-0.124126268328
-0.125442097851
-0.126497690337
-0.127258134471
-0.127692220785
-0.127772679088
-0.127476374592
-0.126784456254
-0.125682413245
-0.124160068056
-0.122211517131
-0.119835003787
-0.117032787189
-0.113810951689
-0.110179122232
-0.106150183385
-0.10174005589
-0.0969673394353
-0.0918529521888
-0.086419821329
-0.0806925870712
-0.0746972316805
-0.0684607552949
-0.0620108736224
-0.0553757114661
-0.0485835725538
-0.0416626620512
-0.0346408102563
-0.0275453031967
-0.0204027474454
-0.0132388618305
-0.00607834199775
0.00105521152025
0.00813937542241
0.015152962411
0.0220760513415
0.028890026092
0.0355775385453
0.0421224452997
0.0485098205619
0.054725922232
0.0607580705756
0.0665945735534
0.0722246776888
0.0776384574157
0.0828267148575
0.0877808846585
0.0924929400261
0.096955287467
0.10116066843
0.105102054269
0.108772548699
0.112165327685
0.115273542158
0.118090205556
0.120608147136
0.122819974525
0.124717984267
0.126294107688
0.127539890825
0.128446459698
0.129004494303
0.129204219459
0.129035406162
0.128487379405
0.127549039109
0.126208893949
0.124455106448
0.122275542386
0.119657836868
0.116589483104
0.113057920916
0.109050636022
0.104555276358
0.0995597749092
0.0940525050209
0.0880224459593
0.0814593141934
0.0743537379877
0.066697479891
0.0584836233477
0.0497067589159
0.0403632151298
0.0304512836667
0.0199714419978
0.00892658610674
-0.0026777463807
-0.0148331413445
-0.0275280489503
-0.0407475648253
-0.054473280403
-0.0686830282772
-0.0833506469496
-0.0984458656584
-0.113934170437
-0.129776643586
-0.145929867974
-0.162345877895
-0.178972124244
-0.195751537773
-0.212622547698
-0.229519142789
-0.246371094918
-0.263104204735
-0.279640490383
-0.295898508156
-0.311793781779
-0.327239217035
-0.342145589335
-0.356422079468
-0.36997683311
-0.382717669506
-0.394552822499
-0.405391543316
-0.415144860517
-0.423726461464
-0.43105347493
-0.437047208046
-0.441634016297
-0.444746103134
-0.446322292164
-0.446308775403
-0.444659805123
-0.441338362837
-0.436316787246
-0.429577314008
-0.421112407122
-0.410925200978
-0.399029804317
-0.385451414046
-0.370226356155
-0.353402082333
-0.335037014479
-0.315200259153
-0.293971249005
-0.271439278071
-0.247702939274
-0.222869495063
-0.19705408378
-0.17037885532
-0.142972189141
-0.114967751409
-0.0865034733671
-0.0577205380393
-0.0287623983184
0.000226280048187
0.0291005674399
0.0577163983512
0.0859316347814
0.113606788186
0.140605897532
0.166797600646
0.192055875116
0.216260598593
0.239298309246
0.261062794557
0.281455600682
0.300386496487
0.317773776869
0.333544538893
0.347635005518
0.359990657621
0.370566275253
0.379326019892
0.386243468842
0.391301487317
0.394492088047
0.395816367858
0.395284323033
0.392914533463
0.388733914115
0.382777480991
0.375087981514
0.365715532014
0.354717248546
0.342156841911
0.328104186887
0.312634868221
0.295829674278
0.277774098765
0.258557870683
0.238274385756
0.217020122643
0.194894100682
0.171997302468
0.148432093899
0.124301636014
0.0997092417591
0.0747577913613
0.049549269786
0.0241841206596
-0.00123940008315
-0.0266256792431
-0.0518822352085
-0.076920191483
-0.101654693523
-0.126005407003
-0.149896877949
-0.173258745512
-0.196026086629
-0.218139677282
-0.239546114142
-0.260197911188
-0.280053658853
-0.299078069024
-0.317241878709
-0.334521798255
-0.350900415495
-0.366366034174
-0.380912532713
-0.394539100258
-0.407249960727
-0.419054128587
-0.429965094487
-0.440000479565
-0.449181690591
-0.457533612136
-0.465084215808
-0.471864177527
-0.477906519448
-0.483246244666
-0.487920012384
-0.49196580574
-0.495422512087
-0.498329605155
-0.500726930876
-0.502654360856
-0.504151483988
-0.505257387247
-0.5060104265
-0.506447987476
-0.506606287307
-0.506520199416
-0.506223093324
-0.505746716094
-0.505121056255
-0.504374198901
-0.503532271868
-0.502619389668
-0.501657562015
-0.500666649351
-0.499664339895
-0.49866612453
-0.497685277979
-0.496732859543
-0.495817714048
-0.494946487774
-0.494123648669
-0.493351505842
-0.492630238452
-0.491957935465
-0.491330634521
-0.490742358435
-0.490185165324
-0.489649198929
-0.489122738492
-0.488592251191
-0.488042454568
-0.487456378192
-0.486815424328
-0.486099436611
-0.485286776353
-0.484354394872
-0.483277908519
-0.482031687991
-0.480588951722
-0.478921861832
-0.477001628479
-0.474798609262
-0.472282426264
-0.469422115408
-0.466186249916
-0.462543070943
-0.45846065627
-0.453907091937
-0.448850642138
-0.443259939799
-0.437104191115
-0.430353390725
-0.422978563319
-0.414951997928
-0.406247482341
-0.396840597725
-0.386709024453
-0.375832800243
-0.364194621454
-0.351780185974
-0.338578516507
-0.32458229197
-0.309788181598
-0.294197136669
-0.277814780927
-0.260651793893
-0.242724142144
-0.2240533704
-0.20466696618
-0.184598619006
-0.163888401171
-0.142582995885
-0.120735822459
-0.0984071843575
-0.0756643625285
-0.052581494346
-0.0292394533594
-0.005725841933
0.0178652532737
0.041433738842
0.0648738493584
0.0880746156744
0.110920489391
0.133292027176
0.155066733888
0.176119989415
0.196325879545
0.215558266279
0.233692030368
0.250604213299
0.266175172143
0.280289938758
0.292839535391
0.303722234087
0.312844860905
0.320124071077
0.325487600499
0.328875338111
0.330240447355
0.329550256242
0.32678713548
0.321949169817
0.315050610125
0.306122180121
0.295211358007
0.282382344829
0.267715579833
0.251307408537
0.233269581102
0.213728258267
0.192822867747
0.170705015271
0.147537082103
0.123490626197
0.0987446921363
0.0734841487778
0.0478977408267
0.0221761584073
-0.00348987759003
-0.0289114526216
-0.0539034745095
-0.0782865552326
-0.101888630093
-0.124546680396
-0.146108290133
-0.166433043189
-0.185393569049
-0.202876686559
-0.2187842242
-0.233033602302
-0.24555823413
-0.256307773624
-0.265248116661
-0.272361185014
-0.27764455406
-0.281110927906
-0.282787400344
-0.282714602353
-0.280945731991
-0.277545457487
-0.272588766737
-0.266159691698
-0.258350088475
-0.249258273123
-0.238987772384
-0.227645990039
-0.215342994322
-0.202190256176
-0.18829947935
-0.17378160703
-0.158745802488
-0.143298492081
-0.127542552227
-0.111576652582
-0.0954946020895
-0.0793848639517
-0.0633301379784
-0.0474070543084
-0.0316859293391
-0.01623063642
-0.00109857662787
0.0136592961969
0.0279984221138
0.0418804603799
0.0552731063952
0.0681498184623
0.0804895144301
0.0922763359616
0.103499301292
0.11415188012
0.124231651768
0.133740047601
0.142681909541
0.151065110038
0.158900246857
0.166200311003
0.172980352461
0.179257176689
0.185049058442
0.190375473947
0.195256885052
0.199714491524
0.203770008444
0.207445504635
0.210763243042
0.213745522724
0.216414554072
0.218792326203
0.220900517814
0.222760445594
0.224392969345
0.225818404773
0.227056504759
0.228126422131
0.229046655339
0.229835026175
0.230508666015
0.231083997178
0.231576708292
0.232001746257
0.232373298138
0.232704790592
0.233008886164
0.233297449229
0.233581533035
0.233871385768
0.234176426471
0.234505209964
0.234865414422
0.235263816519
0.235706257549
0.236197610039
0.236741742396
0.237341478271
0.237998551127
0.238713558168
0.239485914536
0.24031379892
0.241194097857
0.242122354467
0.243092714412
0.244097875373
0.245129034699
0.24617583172
0.247226304201
0.248266870555
0.249282284194
0.250255604076
0.251168194593
0.251999728871
0.252728202878
0.253329967059
0.253779780644
0.25405088156
0.254115101464
0.253942971118
0.253503856677
0.252766156115
0.251697516988
0.250265054276
0.24843561776
0.246176083559
0.243453685872
0.240236425189
0.236493426001
0.232195311204
0.227314689269
0.221826627531
0.215709080338
0.208943382936
0.201514763354
0.193412837307
0.184632065868
0.175172225687
0.165038792321
0.154243383131
0.14280412899
0.130745913134
0.118100620118
0.104907309222
0.0912123025167
0.0770691129266
0.0625383671741
0.0476875648544
0.0325907688862
0.0173281721624
0.00198552364778
-0.0133465381
-0.0285732480621
-0.043596600059
-0.0583163037923
-0.0726308606483
-0.086438703004
-0.0996393873328
-0.112134841733
-0.123830620236
-0.134637201896
-0.144471169887
-0.153256482965
-0.160925603677
-0.167420604155
-0.172694065832
-0.176709967076
-0.179444363021
-0.180885891772
-0.18103614996
-0.179909867342
-0.177534899773
-0.173951875582
-0.169213839636
-0.163385657756
-0.156543162056
-0.148772139021
-0.140167127467
-0.130830054112
-0.120869023644
-0.110396695726
-0.0995285295745
-0.088381211314
-0.0770711763732
-0.0657128026973
-0.0544168163959
-0.0432889136993
-0.032428330036
-0.021926514671
-0.011865980038
-0.00231956040941
0.00665047774488
0.0149929901788
0.0226682764913
0.0296481910523
0.0359161073903
0.041466637208
0.0463052013537
0.0504473868298
0.0539181900927
0.0567510746147
0.058986973785
0.0606731578171
0.0618620664579
0.0626101059698
0.0629763896737
0.0630215824309
0.0628066599857
0.0623918723049
0.0618356204429
0.0611935337489
0.060517655575
0.0598558032808
0.0592508198935
0.0587400765795
0.0583553471744
0.058122553193
0.0580615532924
0.0581862790103
0.0585049546093
0.059020287558
0.0597298051154
0.0606263196493
0.0616984371644
0.0629310366481
0.0643058884113
0.0658022264956
0.0673973737385
0.0690672792653
0.0707871578171
0.0725320552268
0.074277301542
0.0759989811678
0.0776744287901
0.0792825990733
0.0808042833208
0.0822224284378
0.0835223701708
0.084691943279
0.0857215607597
0.0866042376407
0.0873355545043
0.0879136898972
0.088339291961
0.0886152104564
0.0887464001338
0.0887398700381
0.0886043324064
0.088349928649
0.0879880942923
