0.0
0.0129761735184
0.023059860152
0.0284728933097
0.0294561715788
0.0288776515068
0.0315636032114
0.0398297051038
0.0513177052773
0.0626413779974
0.07120145021
0.0755845219403
0.0763014117508
0.0764837282388
0.0807034682558
0.090806354781
0.10381418505
0.115174573145
0.12211177428
0.124613594481
0.124961078432
0.126461529573
0.131738149951
0.14126409401
0.153102257874
0.163999111673
0.171090927385
0.173530102241
0.173396447769
0.174927970287
0.181540238102
0.192831559925
0.205131434421
0.214672082295
0.219824584903
0.221391672158
0.221830745451
0.224135448547
0.230504670114
0.2409737446
0.253023125914
0.262941598751
0.268172461024
0.269098721487
0.269066494166
0.272214259042
0.280341705223
0.291688400721
0.302717307809
0.310628825968
0.314555044464
0.315542887674
0.316077664476
0.319187106931
0.326803310182
0.338129093734
0.349764321561
0.357956644655
0.361202434436
0.361282648138
0.362030292058
0.36660352528
0.375374185668
0.386133770895
0.395909156738
0.40254926997
0.405463969562
0.405891341454
0.406668401787
0.410919096841
0.419840456519
0.431426955842
0.44174762422
0.447789502327
0.449463503356
0.449436599434
0.451155908231
0.4566119268
0.465425512731
0.475497290709
0.484243687749
0.489713709593
0.491546492963
0.491526952461
0.492969554463
0.498612301827
0.508384917705
0.519279807016
0.527632684897
0.531689608037
0.532476766877
0.532763734537
0.535232262709
0.541115479862
0.549823812753
0.559324636633
0.567032256422
0.571133094604
0.57187582028
0.571823053724
0.574355851857
0.581170604104
0.590914412484
0.600313972557
0.606627456394
0.60925894979
0.60968324257
0.610312354174
0.613262062313
0.619453253158
0.628111708239
0.636938486908
0.643271731099
0.645827639124
0.645801384542
0.646249258291
0.649920667237
0.657220236326
0.666089218613
0.673718764072
0.678380333486
0.6801087371
0.680352046874
0.681223938579
0.684613325013
0.691166927435
0.699624522733
0.70732816394
0.711931442229
0.713111830076
0.71287671242
0.714114578862
0.718508731214
0.72552200053
0.733102213401
0.739160356392
0.742610048443
0.743672319224
0.743747297799
0.744907160177
0.74884076357
0.755621127518
0.763368802372
0.769435083281
0.772295706204
0.772608384283
0.772625176503
0.774526161319
0.779044831953
0.785307116514
0.791624315023
0.796416149842
0.798861807298
0.799312461936
0.799325420369
0.800949941832
0.80536717812
0.811879164202
0.818296213175
0.822529915502
0.824041675542
0.824030821344
0.824424010307
0.826615837992
0.830832366056
0.836243408242
0.841448953357
0.845092589688
0.846565699144
0.846530281877
0.846724944111
0.848867751156
0.853362633517
0.858953893072
0.863691843938
0.866334240315
0.867036981885
0.867004384393
0.867629694128
0.869791943558
0.873545831351
0.878118460861
0.882209759445
0.884664905495
0.885266868491
0.885031301325
0.885584800634
0.887985258851
0.891955026719
0.896178159148
0.899314312372
0.900826253829
0.901109087202
0.901099214965
0.901777390786
0.903755473724
0.906962272345
0.910573293314
0.913411926322
0.914721034359
0.914747053157
0.914596363147
0.915419409543
0.917593092616
0.920559988801
0.923344417425
0.925207810607
0.925976542352
0.926008108263
0.925984515576
0.92662025766
0.928289629566
0.930733615181
0.933144056738
0.934692313315
0.935127421659
0.93493819781
0.93494912472
0.935717911336
0.937224546503
0.939009312009
0.940527114721
0.941427315509
0.941671034735
0.94153381603
0.941494583429
0.941981460474
0.943079023146
0.944439398973
0.945525530759
0.946005464092
0.945962544473
0.945770728475
0.945791303557
0.946156924541
0.946761926493
0.947383729121
0.947813434833
0.947945859156
0.947825966945
0.947625890743
0.94753312206
0.94761329692
0.947769930134
0.947845170875
0.947760632261
0.947561620656
0.947342819534
0.947151460731
0.946956438177
0.946685827056
0.946285734305
0.945766875559
0.945220425574
0.944777040004
0.944504237368
0.944309568577
0.943961464718
0.943257900818
0.942213062574
0.941079528975
0.940168826897
0.939627907045
0.939353187048
0.939070042423
0.938479706649
0.937396783296
0.935862434578
0.934189261994
0.932838562013
0.932116097556
0.931886658972
0.931594332877
0.930646415357
0.92886452637
0.926618108775
0.924545135977
0.923124685809
0.922426531544
0.922125224063
0.921665080507
0.92049262695
0.918349634417
0.915522945473
0.912799957894
0.910994722409
0.910320941389
0.910160643973
0.909494355006
0.907645430022
0.904718531118
0.901446226
0.898680155628
0.896940006648
0.896206301153
0.895914568918
0.895145868634
0.893080710626
0.889581911199
0.885461790612
0.882046868632
0.880229208646
0.87977230692
0.879500254964
0.878179162424
0.875314158265
0.871321079427
0.867162875135
0.863839784567
0.861949676818
0.86134699451
0.861050449711
0.85967125098
0.856311898747
0.8513275803
0.8462290263
0.842640454727
0.841114108221
0.840803989181
0.840183952551
0.838070064793
0.834185037549
0.829143233553
0.824130379051
0.820412295702
0.818656315516
0.818336325991
0.817819848622
0.815376145453
0.810461186393
0.804214891899
0.798677291338
0.795324820686
0.794130104967
0.793793770589
0.792695414061
0.789733444523
0.784732256878
0.778535476255
0.772761872329
0.769012558536
0.767733724177
0.767642154541
0.766467453188
0.762584641342
0.756209786614
0.749199994152
0.743689177401
0.740703707298
0.739739203279
0.739285859719
0.737648705474
0.733664384973
0.727296877267
0.719917124522
0.713765764247
0.710511307663
0.709872912951
0.709661853625
0.707379838216
0.702009282854
0.694576160303
0.687263619425
0.681961449058
0.679305446943
0.678546359162
0.677965390763
0.6755959864
0.670219829977
0.662301462188
0.654066952798
0.648199388377
0.645845344353
0.645659853261
0.64486021063
0.641284236492
0.634693708402
0.626600526034
0.619166071218
0.614071536587
0.611797411286
0.611337620169
0.610492339095
0.606955547905
0.599839812293
0.59057507856
0.582203381948
0.5772487788
0.575818748041
0.575660676676
0.573977136959
0.569228854957
0.561713483362
0.553089890659
0.545525004982
0.540754571751
0.539100999108
0.538942920328
0.537409395227
0.532218057822
0.523394396681
0.513462873962
0.50574316539
0.501952496507
0.501126736871
0.500641089743
0.498063812395
0.492322588006
0.483928760872
0.474713173525
0.467160320058
0.463108121739
0.462290867284
0.462113779053
0.459315968845
0.452308861443
0.442336049952
0.432595811405
0.425980755928
0.423186386366
0.422612989285
0.421699058831
0.418306723136
0.41152996023
0.402114866824
0.392428091653
0.385412231661
0.382555780217
0.382453955287
0.381664662271
0.377256665956
0.368815870661
0.358532991536
0.349584573817
0.344080952797
0.342001966526
0.34155321582
0.340229637102
0.335911187689
0.327877350069
0.317515322562
0.307976076919
0.302253570873
0.300763128648
0.300856579961
0.298956287479
0.293121982772
0.284019044863
0.274138285207
0.266186044175
0.261665346093
0.260240080625
0.259941321084
0.258065888987
0.25255368557
0.243331361445
0.232768842151
0.224461874548
0.220604443721
0.220150466029
0.219838832128
0.216819143221
0.210278940024
0.201410702077
0.192489585352
0.185774279015
0.182449374676
0.181840706693
0.181562460025
0.178867455766
0.172394902815
0.163188180735
0.154256765529
0.148571595828
0.146742204186
0.146734367264
0.145837886453
0.142490739976
0.136717563807
0.129744490987
0.123419332841
0.119417258958
0.118172445381
0.118361068292
0.117802629936
0.115079717025
0.110499580255
0.105784712812
0.102711133119
0.101735785389
0.101920482856
0.102032412173
0.101481915928
0.100491494011
0.099778128956
0.10003483165
0.101372417578
0.103101824954
0.104230955351
0.104408582351
0.104487675583
0.105993491863
0.109691921952
0.114726069412
0.11935007202
0.122284282596
0.12342079551
0.123752530899
0.124897972809
0.128349055658
0.134501394998
0.142091026805
0.148784371975
0.152662695263
0.153599613383
0.15362295137
0.15570217451
0.161441427814
0.16979773797
0.178182220591
0.18439769958
0.187646622454
0.188596413935
0.189089292601
0.191522181678
0.197557234526
0.206700026525
0.216279338922
0.223217434655
0.226144522564
0.22635471958
0.226986462755
0.230809693537
0.238272525165
0.247529162613
0.256019064454
0.261876329676
0.264555592402
0.265056261452
0.265784644966
0.269496137157
0.277338070958
0.287622258525
0.296897038101
0.302449124843
0.304098486127
0.3041468424
0.305707940307
0.310655050225
0.318684824927
0.327888585736
0.335922822908
0.34102342016
0.342832808358
0.342910990003
0.344259724857
0.349450860047
0.358503036178
0.368673539972
0.37655506566
0.380466616096
0.381299661739
0.381619841158
0.383970165603
0.389541733509
0.39778595819
0.406794088914
0.414151280407
0.418149339438
0.418971984607
0.418983531432
0.42140302638
0.427920831765
0.437299996385
0.4464083705
0.452585250662
0.455218301558
0.45570191405
0.456365192299
0.459268224595
0.465313382647
0.473761621942
0.482405009911
0.488673987666
0.491291851141
0.491359105508
0.491833022224
0.495454874809
0.502687509461
0.511520247635
0.519159308875
0.523868495902
0.525666034667
0.525980880297
0.526909213326
0.530334320975
0.536918223542
0.545431959313
0.553241134181
0.557984274569
0.559284891878
0.55911283674
0.5603939735
0.564888740022
0.572087109464
0.579893335238
0.586159509053
0.589768378959
0.590940575174
0.591094271764
0.592341266093
0.59642962797
0.603472090047
0.611562717058
0.617964537295
0.62105891376
0.621475645298
0.621544576147
0.623579038287
0.628388839461
0.635062627476
0.641809859103
0.646958397706
0.649640701046
0.650212545848
0.650299248047
0.652077883232
0.656845617123
0.663902168918
0.670913609092
0.67560732042
0.677353349833
0.677417681554
0.67790271414
0.680361022269
0.685058903025
0.69108683694
0.696906608913
0.70102903486
0.702769676896
0.702826460824
0.703107255126
0.705551273942
0.710664522352
0.717070262092
0.722559359114
0.725685246396
0.726586832438
0.726627792085
0.727419830511
0.729993863197
0.734425889679
0.739832470606
0.744713830123
0.747715841916
0.748547152846
0.748361210907
0.749081859988
0.752016003651
0.756883083305
0.762112653684
0.766057893342
0.768028378465
0.768482483666
0.768565808906
0.769498343432
0.772057591898
0.7761812363
0.780860594176
0.784613917359
0.786444289848
0.786610811674
0.786511461941
0.787671357745
0.790644287659
0.79473090467
0.798625854337
0.801306324353
0.80250446531
0.802684631616
0.802775591348
0.80378146941
0.806265746816
0.809911364197
0.813586621932
0.81606445517
0.816907377019
0.816780947615
0.81692640533
0.81825280746
0.820792736661
0.82385005394
0.826540924047
0.82825915051
0.828893462571
0.828863645395
0.828976930749
0.830024454038
0.832245140324
0.835077332029
0.837511089341
0.838816262075
0.839042130068
0.838900239012
0.839200367192
0.840337275656
0.842163000542
0.844185295468
0.845850631133
0.846783407936
0.846971524116
0.846827802859
0.84699470518
0.847922843872
0.849526946038
0.851240920628
0.8524475306
0.852909347103
0.852862204089
0.852771554665
0.853013165648
0.853704015904
0.85470863585
0.855734379535
0.856467556221
0.856738742436
0.856643747001
0.856500415647
0.856626775832
0.85710823071
0.857756644885
0.858284797376
0.858522170496
0.858494863331
0.858351667554
0.858241971852
0.858239154971
0.858325669289
0.858418979416
0.858427098612
0.858314895561
0.858131049223
0.857956367964
0.857813407374
0.85763479205
0.857332052518
0.856892863824
0.856404122894
0.855984531149
0.855697495123
0.855508609325
0.855294770907
0.854893298542
0.854191303797
0.853229873853
0.852235748671
0.851498939343
0.851145720651
0.850998940714
0.850681055277
0.849893824311
0.848635328265
0.847185012692
0.845908438172
0.845053452571
0.844639215159
0.844433229663
0.844018417228
0.842991631434
0.841250053773
0.839155971375
0.837362331564
0.836349658365
0.836041491235
0.835849896172
0.835111816049
0.833532259379
0.83131268283
0.828971993559
0.827066373032
0.82594177845
0.825538352273
0.825321149959
0.824496880462
0.82252031563
0.819560783278
0.81648690583
0.814275357935
0.813292737795
0.813059564581
0.81265122325
0.81132420851
0.808888523609
0.805715128918
0.802537878368
0.800148756113
0.798980736177
0.79872830528
0.79837149796
0.796788738591
0.793592122326
0.789490747332
0.78581338432
0.783552052946
0.78271848843
0.782466254323
0.781711803552
0.779707259701
0.776325672107
0.772124620673
0.768184754374
0.765588779478
0.76466386273
0.764569067445
0.763756151557
0.761076245455
0.756641883674
0.751729604945
0.74783880519
0.745708690675
0.745001213057
0.744659244858
0.743485930188
0.740654059531
0.736126864179
0.730859497217
0.7264333552
0.724050618334
0.723549207494
0.723386054232
0.721745826838
0.717853783264
0.712433158599
0.707077245479
0.703177857513
0.70120769386
0.700625017936
0.700179115814
0.698430830339
0.69447385554
0.688627578674
0.682513852276
0.678115593596
0.676313558624
0.676150359072
0.675559110364
0.672890772621
0.667937815159
0.661836029353
0.656222318309
0.652363084361
0.650618393827
0.650242819749
0.649594458785
0.64692638956
0.641538205273
0.634486476723
0.628073616548
0.624238942506
0.623105552038
0.622978681542
0.62169822325
0.618049623427
0.61225405197
0.60560057781
0.599758753809
0.596052705621
0.594736461615
0.594591834656
0.593417195595
0.589417866629
0.582572939424
0.57482642618
0.568768437857
0.565764365108
0.565096643041
0.564721286633
0.562711483278
0.558209910121
0.55162360147
0.544393148437
0.538449677044
0.535222231727
0.534534766104
0.534394513613
0.532225079279
0.52671992866
0.518830232992
0.511091868797
0.505810885099
0.503560568387
0.503092721525
0.502372751222
0.499686672286
0.494307196457
0.486829469478
0.479124117126
0.473504474845
0.471163767188
0.471049461653
0.470451032396
0.466975858116
0.460235455157
0.451983404797
0.4447857955
0.440340300465
0.438639949916
0.438265084155
0.437214084997
0.433771435777
0.427339972766
0.419024121637
0.4113354219
0.406659679448
0.40538146288
0.405454374879
0.40398140445
0.399309578569
0.391943445796
0.383927569487
0.377465040302
0.373756750878
0.372545440867
0.372286507959
0.370803711737
0.366377684311
0.358900831733
0.350286785363
0.343441233632
0.340162803508
0.339711996721
0.339495521212
0.337093653203
0.331731987808
0.324381944603
0.316951871206
0.311297749322
0.308394082405
0.307770986968
0.307546424985
0.305375918861
0.299951759385
0.292046607971
0.284201827084
0.278996656661
0.277124278011
0.277028445145
0.276314219516
0.273369011155
0.268005407986
0.261246649326
0.254792421028
0.250311885701
0.248513522478
0.248465331529
0.247990430925
0.245112713742
0.239460713482
0.232566321817
0.226799728312
0.223667605977
0.222861127973
0.222788412118
0.221805029936
0.219032891801
0.214563880403
0.209358342223
0.204891303709
0.202375971975
0.201853248541
0.202026675223
0.201208314134
0.198564514013
0.194627922303
0.190783342908
0.188220474382
0.187199477502
0.187116023027
0.187074031925
0.186400869232
0.184901349307
0.182911278079
0.181126504119
0.18015901872
0.180068863663
0.180337621176
0.180369866926
0.180021334369
0.179645108144
0.179680499647
0.18024033859
0.181062028306
0.181763233376
0.182126042346
0.182258357656
0.182601508628
0.183718115767
0.185855873819
0.188586493411
0.190965020651
0.192229124278
0.192474318627
0.192684642203
0.19401898551
0.196931994037
0.200894238612
0.204836133891
0.207784480223
0.209294676127
0.209689617442
0.210090951283
0.211968747832
0.216136106724
0.221909836584
0.227414544694
0.230925908169
0.232109145472
0.232218071588
0.233181059985
0.236290852732
0.241489535819
0.247613863604
0.253112793705
0.256736909684
0.258138530564
0.258288953338
0.259243091425
0.262894709894
0.26941388681
0.276923072416
0.282900377134
0.285981015343
0.286717667309
0.287006762008
0.288817967771
0.293128113935
0.299567188513
0.306683741209
0.312591410507
0.315902803768
0.316681504576
0.316745386114
0.318694212496
0.323991854144
0.331724772166
0.339341588551
0.344592651561
0.346897030655
0.347374625909
0.347976545516
0.350460856157
0.355620342683
0.362860499994
0.370329178929
0.375828841691
0.378213622378
0.378358439666
0.378795169194
0.381960889368
0.388340394388
0.396202098571
0.403060736256
0.407338114464
0.409019306625
0.409363626834
0.410241855996
0.41335106387
0.419313118157
0.427057963951
0.43422672181
0.438658747615
0.439950179066
0.43984643299
0.441038478777
0.445205410132
0.451920161445
0.459240140795
0.465148676193
0.468589731249
0.469758240281
0.469964304107
0.47117502745
0.47504671651
0.481725778693
0.489449192375
0.495627363367
0.498681940193
0.499156690055
0.499258138479
0.501236714219
0.505913625437
0.512421621674
0.519019054151
0.524080547598
0.526762544673
0.527395071267
0.527534830138
0.529302942945
0.534004089018
0.540996807643
0.548001884586
0.552751676159
0.554574730111
0.554695185482
0.555215021036
0.55771649611
0.562484764911
0.568605994126
0.574532854281
0.578769835608
0.580616513859
0.58074749803
0.58107503222
0.583592048779
0.588864686665
0.595515785563
0.601267629868
0.604592888296
0.605600130365
0.605694289858
0.606566399986
0.609308472692
0.614007768778
0.619746062566
0.624959383906
0.628220273994
0.629191451963
0.629056858086
0.6298587202
0.633033210698
0.638324598788
0.644053739222
0.648419839487
0.650644172102
0.651207300241
0.65135754716
0.652436289581
0.655306420663
0.659915719982
0.665171074985
0.669438744525
0.671587227409
0.671861210979
0.671803312978
0.67315476054
0.676590018213
0.681340162629
0.685905489447
0.689088323921
0.690560326587
0.69084759308
0.691023461553
0.692263328509
0.695248641332
0.699638231008
0.704112894227
0.707198826564
0.708327242333
0.708257385194
0.708492847028
0.710181537549
0.713402563858
0.717306395135
0.720782105674
0.723053614593
0.723962376472
0.724020182047
0.724245566795
0.725671351571
0.728650203118
0.732489467585
0.735862940446
0.737759789841
0.738189957744
0.738089878296
0.738587041293
0.740270075851
0.742964236031
0.745984015538
0.748532165043
0.750044974185
0.750468400361
0.750377339208
0.7507326352
0.752267420951
0.754918990292
0.757834801833
0.760002487538
0.760966140358
0.761054814967
0.761041733469
0.761609796115
0.763019282645
0.765072476353
0.767251516239
0.768946598744
0.76976653519
0.769819954066
0.769720704274
0.77020047794
0.771575011829
0.773515033216
0.775323444593
0.776453460626
0.776829912677
0.77679273915
0.776820245358
0.777274387026
0.778265957896
0.779617770443
0.780931054036
0.781791513063
0.782043250003
0.781921446127
0.781893208222
0.78231146983
0.783172289208
0.784166962319
0.784941542098
0.78532283379
0.785367304364
0.785272560381
0.785258577396
0.785471251564
0.785914619204
0.786440728872
0.78683637773
0.78697154656
0.786890047256
0.786756788374
0.786713899532
0.786781937983
0.786880127447
0.786916708765
0.786856538274
0.786726004557
0.786577691784
0.786447344891
0.786321984922
0.786138293646
0.785829390679
0.785398728758
0.784949505625
0.78461529552
0.784437527232
0.784309235649
0.784048677627
0.783535835716
0.782793282431
0.781965617104
0.781240150713
0.780757698008
0.780528313476
0.780380419818
0.780013366391
0.779183659539
0.77791713045
0.776549940521
0.775510159603
0.774996208327
0.774828949359
0.77459494276
0.773931423865
0.772723889972
0.771132794969
0.769508906732
0.768248931554
0.767589148822
0.767401751727
0.767177082432
0.766315978917
0.764577519758
0.762311836913
0.760237227076
0.758921796711
0.75840238725
0.758220545937
0.757759212042
0.756577354302
0.75458736341
0.752100053273
0.749738596391
0.748145230016
0.747537774712
0.747442176043
0.746931340387
0.74528217748
0.742530136599
0.739447533753
0.736974487499
0.735594021325
0.735111393207
0.734865546101
0.734094665283
0.732263647647
0.729335612541
0.725908420899
0.722995061801
0.721388888549
0.721016449454
0.720888842066
0.719798376612
0.717199799151
0.713553602574
0.709926766319
0.707266444182
0.705902688101
0.7054775992
0.705150139324
0.70394339625
0.70122888161
0.697204630381
0.6929660201
0.689879536299
0.688580539216
0.688438258016
0.688019450289
0.686146265556
0.682648008047
0.678320193911
0.674325911334
0.671565134119
0.67029558721
0.669998811865
0.669520153612
0.667611426014
0.663749312366
0.658665963984
0.654007117549
0.651186469738
0.650326753601
0.650221079351
0.649287620808
0.646615984077
0.64235854402
0.637464577259
0.633158857435
0.630406991157
0.629401732565
0.629269879787
0.628400707383
0.625448541708
0.620364838952
0.614575553117
0.6100148071
0.607726671629
0.607202280742
0.60691501475
0.605401093049
0.602002622247
0.597027797078
0.591563191857
0.587054094646
0.584574128896
0.584014016614
0.583896765454
0.582262778745
0.578080171791
0.572045265748
0.566094582429
0.56200940573
0.560251071394
0.559875447593
0.559315502171
0.557242026089
0.55309055842
0.547317897936
0.541355619189
0.536974901621
0.535110138643
0.534990282326
0.534534742654
0.531851425023
0.526594989082
0.520125017272
0.514461712453
0.510947666558
0.509587406757
0.509275432287
0.508443466937
0.505738897847
0.500680871318
0.494123863528
0.488029487976
0.484277151043
0.483209421468
0.48325537604
0.482109150347
0.478405004328
0.47251726842
0.466088625447
0.460892994698
0.457891499459
0.45688473959
0.456655630639
0.455469201314
0.451925649621
0.445906637578
0.438931846632
0.433337868094
0.430603036352
0.430189503913
0.43002116905
0.428085979624
0.423698928731
0.417646930668
0.41151050553
0.406815154142
0.404360651595
0.403789845019
0.403590539732
0.401814028059
0.39731412199
0.390681613336
0.384026550566
0.37953390565
0.37785237066
0.37773488292
0.377142510025
0.374632612563
0.369992158274
0.364090737682
0.358398924623
0.354369285417
0.352662692127
0.352547827015
0.352139450309
0.349598527906
0.344460979527
0.338039961162
0.332520524756
0.329391402073
0.328491972096
0.328382785309
0.32744587646
0.324723819121
0.32020194685
0.314764676628
0.309892560041
0.306929667008
0.306119653795
0.306237074043
0.305378704106
0.302342744456
0.297460949915
0.292285373364
0.288444152305
0.286586450423
0.286171778759
0.286018437081
0.284986573152
0.282442122408
0.278532203866
0.274226635758
0.270880926433
0.26933992573
0.269240557152
0.269252997043
0.268104007234
0.265463575371
0.262033952469
0.258932139121
0.25694218419
0.256156396208
0.256082069251
0.255964303736
0.255137206494
0.253355995004
0.2509870917
0.24883577462
0.247597335862
0.247336227838
0.247484744098
0.247351742523
0.246635709407
0.245532109967
0.244470987416
0.243789302928
0.243569419831
0.243661278233
0.243804886019
0.243796622245
0.243638218831
0.243548785555
0.243770963431
0.244315216247
0.24491669417
0.24528416838
0.245392369071
0.245522921234
0.246034473468
0.247093830713
0.24857140315
0.250111193364
0.251297730621
0.251885069519
0.252028125117
0.252328097275
0.253502934982
0.255808663525
0.258718902468
0.261252274799
0.262703106739
0.26314051642
0.263311923126
0.264118579087
0.26609613583
0.269179521154
0.272744273017
0.275854439005
0.277721207211
0.278257349884
0.278341775352
0.279387294671
0.282313873616
0.286754513855
0.291300079191
0.294561039893
0.296074192213
0.296442625122
0.29685024224
0.298418861174
0.301705147633
0.306402512702
0.31136294606
0.315128610134
0.316855407915
0.317037068447
0.317353791147
0.319524821547
0.323988075699
0.329603346743
0.334600921537
0.337787650911
0.339092821311
0.339403041086
0.340084308244
0.342405760225
0.346875520225
0.35275314595
0.358286925918
0.361796189498
0.362891640065
0.362859499492
0.36379532007
0.367074284562
0.37242322063
0.378320083166
0.383132738668
0.385980585515
0.386994360888
0.387214381288
0.388230601584
0.39141545841
0.396940665467
0.4033996678
0.408644346717
0.411305241195
0.411774275498
0.411887077885
0.413578839533
0.417595454683
0.423220008506
0.428955103494
0.433389676229
0.435782270062
0.436397543027
0.436563412508
0.438127093394
0.442267545028
0.448473321345
0.454755100255
0.459075771014
0.460784239976
0.460938356222
0.461429576955
0.463713461436
0.468070324193
0.473677059777
0.479128474133
0.483062758754
0.484826825449
0.485007368283
0.485338743886
0.487675830853
0.49259158286
0.498843664052
0.504303412852
0.507504357149
0.508511543334
0.508637806203
0.509494562397
0.512133014257
0.516644769423
0.522163916395
0.527208606959
0.530410830608
0.531418891976
0.531336448828
0.532131019242
0.535231984214
0.540434342605
0.546110444253
0.550474457835
0.552730791968
0.553336591819
0.553526013016
0.554634985498
0.557528243789
0.562166950193
0.56747840958
0.571835284226
0.574081776427
0.574424656483
0.574400165895
0.575795007895
0.579338976372
0.584269774125
0.589040055046
0.59239453421
0.593978063349
0.594328761178
0.594558029407
0.595891288612
0.599054741917
0.60371660862
0.608508235527
0.6118649777
0.613147251845
0.613127115643
0.613410415379
0.615262126965
0.618799053443
0.62310729533
0.626967507432
0.629520813928
0.630584275951
0.630707830188
0.631004346391
0.63262521111
0.635992736898
0.640364494033
0.644257025337
0.646501412289
0.647067490443
0.647002849443
0.647615532259
0.649614589291
0.652815687483
0.65642162587
0.659494372112
0.661362760165
0.661945160806
0.661901907385
0.662376102988
0.664276905459
0.667571121247
0.671241822714
0.674029830744
0.675330014382
0.675518223894
0.675561303859
0.676344592644
0.678225060838
0.680964871421
0.683901293447
0.686236018333
0.687433743427
0.687602839797
0.687541541525
0.688256496126
0.690230506729
0.693052096482
0.695748093577
0.697506905503
0.698174290409
0.69821826632
0.698347034925
0.699125384125
0.700753602069
0.702989996295
0.705226447168
0.706786396225
0.707364493855
0.70729251591
0.707347432526
0.708190689761
0.709892474444
0.711935341122
0.71364104207
0.714617065511
0.714911755297
0.714892815223
0.715031582445
0.715699318398
0.716987658691
0.718615584918
0.720051160239
0.720851630502
0.720988163611
0.720870182528
0.721031161088
0.721743283497
0.722873826425
0.724047689325
0.724920219167
0.725347874143
0.725409668456
0.725344295653
0.725443566217
0.725904350433
0.726694223175
0.727549469825
0.728152035283
0.728359480002
0.72829221678
0.72821297997
0.728322921251
0.728647378603
0.72906893383
0.729434195049
0.729640260202
0.729669622177
0.72958622041
0.729498144235
0.729490031797
0.729563153565
0.729640176832
0.729639729283
0.729548919451
0.729421145417
0.729309929756
0.72921424692
0.72908442682
0.728868686959
0.728554646863
0.728183973334
0.727839285449
0.727599693031
0.727473440366
0.72735546856
0.727072810118
0.726515583342
0.725749933435
0.724995030818
0.724464603684
0.724208340116
0.724084830962
0.723864301722
0.723360139254
0.722515098286
0.721436471689
0.720375983353
0.719617726438
0.719284093466
0.719192020256
0.718925021387
0.718123186973
0.716769066481
0.71521671939
0.713934391439
0.713185488003
0.712893278063
0.71272917334
0.712295720878
0.711300739379
0.709707447378
0.707819512322
0.706180221237
0.705238880546
0.704984409329
0.704884383092
0.704248754422
0.702738692321
0.700596863455
0.698439782495
0.696833209662
0.69598637312
0.695698368923
0.695473613591
0.694724249213
0.693058425386
0.690576837453
0.687934526726
0.685975889692
0.685118875729
0.68499803937
0.684719745514
0.6835204276
0.681268727516
0.678465083918
0.675860889418
0.674043257736
0.673185839287
0.672962110581
0.672628477567
0.671363988267
0.668804902111
0.665412568179
0.662271191426
0.660337791285
0.659723132585
0.659633654711
0.658993168974
0.657164048108
0.654239147799
0.650867605505
0.64788940406
0.645966603163
0.645239322463
0.645122615426
0.644510834709
0.642454883758
0.638893581854
0.634807241585
0.631557975586
0.629903462797
0.62950742097
0.629292635354
0.628206027413
0.625767288421
0.622194610137
0.618263945713
0.615003989217
0.613184807464
0.612746470289
0.612646936082
0.611466603617
0.608428433906
0.60401366671
0.599632025615
0.596601550844
0.59528077829
0.594987136015
0.594563704238
0.593021907097
0.589940636033
0.585654070637
0.581213007488
0.577923136833
0.576490961869
0.57637349798
0.576032310464
0.574028355159
0.570069305026
0.565167412845
0.560857027092
0.558167894412
0.557113348528
0.556859170353
0.556215206922
0.554150663122
0.550291479029
0.545275236221
0.540586004108
0.537663384076
0.536799793079
0.536821144673
0.535946412761
0.533085741978
0.528506419665
0.523487504258
0.519419588646
0.517055376638
0.516243256376
0.5160441813
0.515110718764
0.512338899232
0.50761371602
0.50210790726
0.497653812514
0.495437899553
0.495076047708
0.494941655667
0.493411180508
0.489906098357
0.485047979905
0.480110596668
0.476318227916
0.474310579356
0.473814737298
0.473638085934
0.472211006858
0.46857632061
0.463177611712
0.457714979106
0.453981952325
0.452548111823
0.45242866962
0.451944104598
0.449871071562
0.44601009604
0.441080871557
0.43630640203
0.432892096834
0.431402307445
0.431264055787
0.430918866445
0.428787029463
0.424416971548
0.418889467077
0.414077077321
0.411297018009
0.410461361637
0.410346921575
0.409527110202
0.407129336833
0.403113961362
0.398244622335
0.393824449721
0.391066417068
0.390245899805
0.390318980102
0.389551103148
0.386762699116
0.382177425807
0.377215427258
0.373444749416
0.371551859782
0.371079161112
0.370901712305
0.369880015659
0.367333118563
0.363340637655
0.358829210378
0.355188949789
0.353384056437
0.353161528839
0.353159371215
0.351919880914
0.348927748815
0.344862022055
0.341003203804
0.338366417508
0.337190942861
0.336967673038
0.336769062929
0.335663144366
0.333165429785
0.329598370778
0.326034351506
0.32364238681
0.322821971889
0.322891485869
0.322649181454
0.321268674545
0.318774336576
0.315860777485
0.313366169038
0.311822871953
0.311265936064
0.311252264417
0.311051786396
0.310021344077
0.308027736298
0.305601403673
0.303602051011
0.302591834131
0.30244380783
0.302519510741
0.302193074711
0.301240222105
0.299862450941
0.298469055224
0.297436654498
0.296946999206
0.29690855889
0.296994915248
0.296838655973
0.296289286474
0.295523250351
0.294886657088
0.294606041744
0.294636892464
0.294764035488
0.294811143804
0.294757853137
0.294709545008
0.29479579141
0.295076939803
0.295492856265
0.295882768365
0.296100130787
0.296167521967
0.296323129014
0.296856597961
0.297842207462
0.299029835636
0.300022903659
0.300579846807
0.300775072941
0.300931235693
0.301430592831
0.302527656805
0.30420326924
0.306103362315
0.30766834819
0.308482989936
0.308641833464
0.308790793136
