0.0
-0.000160936214603
-0.0015433506577
-0.00398055409278
-0.00728788660329
-0.0112670137752
-0.0157097484172
-0.0204021362442
-0.025128594845
-0.0296759706284
-0.0338375195223
-0.0374165890368
-0.0402302374256
-0.0421124527875
-0.0429167870332
-0.0425188333862
-0.0408182044547
-0.0377399037568
-0.0332351523168
-0.0272820952794
-0.0198855246998
-0.0110764061125
-0.000910982561309
0.0105307120886
0.0231466036175
0.0368146644803
0.0513952582868
0.0667337107303
0.0826631415482
0.0990072646252
0.115583281183
0.132204803281
0.148684788525
0.164838101031
0.180484245931
0.195449858084
0.209570602788
0.222693487316
0.234678352003
0.245399239267
0.254745676776
0.262623504318
0.268955310937
0.273680813229
0.276757033493
0.27815778037
0.277873403901
0.275910193755
0.272289528085
0.267046713134
0.260230226956
0.251900327708
0.242127735067
0.230992437552
0.218582381227
0.204991949734
0.190320724026
0.17467232903
0.158152934316
0.140870214668
0.122932269302
0.104446573478
0.0855189240037
0.0662528310934
0.0467486409379
0.0271028776991
0.00740778810113
-0.0122490951526
-0.0317853781144
-0.0511240166231
-0.0701934317751
-0.0889277076074
-0.107266543463
-0.125155215547
-0.142544487607
-0.159390478886
-0.175654413475
-0.191302427668
-0.206305304183
-0.220638163371
-0.234280173958
-0.247214233353
-0.259426640595
-0.270906750213
-0.281646671549
-0.291640932741
-0.300886175967
-0.309380845306
-0.317124917723
-0.324119636111
-0.330367242808
-0.335870747615
-0.340633724016
-0.344660132055
-0.347954137728
-0.35051998621
-0.352361870041
-0.353483849962
-0.353889770784
-0.353583232348
-0.352567549739
-0.35084577159
-0.348420687479
-0.345294891797
-0.341470834748
-0.336950928924
-0.331737642352
-0.325833644215
-0.319241924487
-0.311966003776
-0.30401008102
-0.29537922876
-0.286079602196
-0.276118680308
-0.26550545293
-0.254250653274
-0.242367043936
-0.229869595699
-0.216775725381
-0.203105600976
-0.18888225374
-0.174131773733
-0.158883627887
-0.143170694375
-0.12702938749
-0.110499923014
-0.093626231438
-0.0764559585183
-0.0590406514608
-0.0414355276872
-0.0236993192344
-0.00589431130551
0.0119140504768
0.0296575031047
0.0472651222725
0.064663871306
0.0817791311548
0.0985351057247
0.114855496779
0.130664192825
0.145885951158
0.160447144627
0.174276546136
0.187306239651
0.19947230937
0.210715871907
0.220983762746
0.230229475055
0.238413924574
0.245506137673
0.251484085884
0.256335073069
0.26005648968
0.26265599486
0.264151957155
0.264573517892
0.26396056429
0.262363677986
0.259843635714
0.256471097401
0.252325791084
0.247495764141
0.24207636424
0.236169064629
0.229880190335
0.223319511669
0.216598620983
0.209829481855
0.203122527434
0.196585162393
0.190319890681
0.184422638854
0.178981280415
0.174073757577
0.169767116229
0.166115746722
0.163160722846
0.160928643282
0.159431075814
0.158664268531
0.158608757895
0.159229852572
0.160477734858
0.16228837995
0.164584428415
0.167276400695
0.170264208731
0.173438815951
0.176683993798
0.17987856296
0.182898160089
0.185617821106
0.187913866275
0.189666285339
0.190760958897
0.191091370648
0.190561086262
0.189084832187
0.186590661791
0.183020773134
0.178332798416
0.172500545789
0.165514268259
0.157381133894
0.148124776441
0.137785095798
0.126417456799
0.114091698273
0.100891000987
0.0869104319138
0.0722552679025
0.0570395048781
0.0413836193504
0.0254131132648
0.00925613458345
-0.00695816510162
-0.0231016218023
-0.039049043766
-0.0546795352988
-0.0698786106439
-0.0845390735638
-0.0985627144286
-0.111861073668
-0.124356397636
-0.135982329311
-0.14668418247
-0.156419338779
-0.165157139083
-0.172878757285
-0.179576887673
-0.185255161552
-0.189927555772
-0.193617636799
-0.196357565754
-0.19818738397
-0.199153704323
-0.199308975588
-0.198710180758
-0.19741792244
-0.195495392898
-0.193007248772
-0.19001891265
-0.186595416023
-0.18280085665
-0.178697488586
-0.174345191763
-0.169800907758
-0.165118145697
-0.160346690364
-0.155532260695
-0.150716355504
-0.145936142138
-0.141224393546
-0.136609550275
-0.132115796091
-0.127763180034
-0.123567867057
-0.119542264713
-0.115695392097
-0.112033052328
-0.108558201508
-0.105271218701
-0.102170196871
-0.0992513058134
-0.0965090027227
-0.09393641591
-0.0915255373918
-0.0892675385198
-0.0871529828655
-0.0851720479998
-0.0833147444348
-0.0815710657896
-0.0799311749269
-0.0783855208405
-0.0769249641433
-0.0755408714902
-0.0742251895336
-0.0729705129501
-0.0717701401953
-0.070618087396
-0.0695091050452
-0.0684386720015
-0.0674030208533
-0.0663991087973
-0.0654245927024
-0.0644778043477
-0.0635577084076
-0.0626638846809
-0.0617964646223
-0.0609561012737
-0.0601439122982
-0.0593614347466
-0.0586105747745
-0.0578935523849
-0.0572128611874
-0.0565712059405
-0.0559714534854
-0.0554165778161
-0.054909609337
-0.0544535812586
-0.0540514744198
-0.053706163639
-0.053420363146
-0.0531965718091
-0.0530370178132
-0.0529436014728
-0.0529178388104
-0.0529608062264
-0.0530730847456
-0.0532547025334
-0.0535050809434
-0.0538229776097
-0.0542064364507
-0.0546527330935
-0.0551583331463
-0.0557188514141
-0.0563290058784
-0.0569825876481
-0.0576724267827
-0.0583903946693
-0.0591273807304
-0.0598733006479
-0.0606171083792
-0.0613468160104
-0.0620495400523
-0.0627115435709
-0.0633183503822
-0.0638548120151
-0.0643052036505
-0.064653344171
-0.0648827571793
-0.0649768593726
-0.0649191186702
-0.0646932545779
-0.0642834661102
-0.0636746593049
-0.0628527011164
-0.0618046879788
-0.0605192289995
-0.0589867234712
-0.0571995791174
-0.0551525519211
-0.0528430237658
-0.0502712986206
-0.0474407813663
-0.0443581881832
-0.041033813556
-0.0374816807139
-0.0337197189519
-0.0297697538555
-0.0256576384327
-0.0214132162246
-0.0170702766092
-0.0126664466652
-0.00824295745141
-0.00384447174864
0.000481265160828
0.00468375936883
0.00871021217507
0.0125060058029
0.0160152247441
0.0191812365328
0.0219473408069
0.024257370625
0.0260564507783
0.0272915954357
0.0279124825386
0.0278720971517
0.0271273799123
0.0256399428506
0.0233765078533
0.0203096195809
0.0164179319278
0.0116867346574
0.00610817614185
-0.000318522743545
-0.00758689761878
-0.0156833438499
-0.0245870941116
-0.0342705194035
-0.0446993796431
-0.0558332399572
-0.0676259824822
-0.080026370166
-0.09297868502
-0.106423505088
-0.120298350094
-0.134538625007
-0.149078284241
-0.163850756944
-0.178789714376
-0.193829782888
-0.208907429626
-0.223961413612
-0.238933632265
-0.253769438635
-0.268418217842
-0.282833673975
-0.296974047889
-0.310802339678
-0.32428624737
-0.337398194041
-0.350115137052
-0.362418325881
-0.374293022512
-0.385728090639
-0.396715554256
-0.407250191289
-0.417328896859
-0.426950340978
-0.436114266676
-0.444821134378
-0.453071557446
-0.46086585577
-0.4682037514
-0.475083872987
-0.481503660088
-0.487458990081
-0.492944157501
-0.497951753759
-0.502472680156
-0.506496255183
-0.510010327961
-0.513001496393
-0.515455389303
-0.517356921852
-0.518690705021
-0.519441366368
-0.519593956899
-0.51913439232
-0.518049752826
-0.516328813161
-0.513962262699
-0.510943180756
-0.50726725868
-0.502933102469
-0.497942482369
-0.492300439659
-0.486015502558
-0.479099672801
-0.471568507032
-0.463441051922
-0.454739765211
-0.445490392599
-0.435721783858
-0.425465668322
-0.414756432785
-0.403630789847
-0.392127526828
-0.380287128959
-0.368151466617
-0.355763450183
-0.343166637107
-0.330404950472
-0.317522252233
-0.304562113015
-0.291567430196
-0.278580133438
-0.265640888491
-0.25278886286
-0.240061601892
-0.227494736422
-0.215121775757
-0.202973976881
-0.191080312897
-0.179467387234
-0.168159327022
-0.157177725421
-0.146541679689
-0.136267828452
-0.126370383147
-0.116861167522
-0.107749718059
-0.0990433678059
-0.0907473420014
-0.0828649052942
-0.0753974931348
-0.0683448681389
-0.0617052074714
-0.055475284523
-0.0496506317044
-0.0442257015829
-0.0391940181893
-0.0345482992176
-0.0302806441888
-0.026382658116
-0.022845608563
-0.0196605550246
-0.0168184845358
-0.0143104353331
-0.0121275988527
-0.010261442914
-0.00870380022945
-0.00744696484015
-0.00648375726852
-0.00580759539552
-0.0054125532761
-0.00529340455411
-0.00544565629838
-0.00586555647742
-0.0065501102955
-0.00749706714796
-0.00870490238728
-0.0101727755085
-0.0119004758155
-0.0138883615248
-0.0161372762433
-0.0186484536263
-0.0214233943198
-0.0244637410926
-0.0277711357779
-0.031347058603
-0.0351926541662
-0.0393085462852
-0.0436946336709
-0.0483498869818
-0.0532721173599
-0.0584577649067
-0.0639016575547
-0.0695967777134
-0.0755340407902
-0.0817020429246
-0.0880868871773
-0.0946719282838
-0.101437623911
-0.108361333476
-0.115417194278
-0.122576026635
-0.129805216341
-0.137068749741
-0.144327152706
-0.151537636397
-0.158654163969
-0.165627644449
-0.172406168825
-0.178935306168
-0.185158566547
-0.191017765786
-0.196453533067
-0.201405883611
-0.205814872192
-0.209621294275
-0.212767406677
-0.215197688798
-0.216859718341
-0.217704916125
-0.217689505112
-0.216775235254
-0.214930289674
-0.21213004903
-0.20835776065
-0.203605359012
-0.19787381958
-0.19117389042
-0.183526216923
-0.174961731837
-0.165521664731
-0.155257421643
-0.144230466504
-0.13251170558
-0.1201810773
-0.10732662816
-0.0940436290714
-0.0804334457999
-0.0666022298648
-0.0526595168861
-0.0387167316241
-0.0248854144584
-0.0112757307729
0.00200555026015
0.0148565710047
0.0271822837782
0.0388961482984
0.0499215057355
0.0601934499987
0.0696596074294
0.0782817831793
0.0860364075687
0.0929154437305
0.09892669902
0.104093763202
0.108456080225
0.112068099127
0.114998741811
0.117330134457
0.119156255771
0.120581349373
0.121717997479
0.122685020363
0.123605447721
0.124603813214
0.125804216958
0.127327394643
0.129288685035
0.131795518656
0.134945057964
0.138822584441
0.143498974801
0.149029838989
0.155453519585
0.16279054255
0.171042700092
0.180192661561
0.190204188237
0.201022168862
0.212573560184
0.22476824583
0.237500341694
0.250649877792
0.264084516369
0.277661598747
0.291230513042
0.304634635009
0.317714270334
0.330308498417
0.34225811232
0.35340765869
0.363607770224
0.372717539759
0.380605993498
0.387154489659
0.392257651422
0.395825152397
0.397782473733
0.398071765245
0.396652432799
0.393501202774
0.388612271236
0.381996927557
0.373683042079
0.36371441692
0.352149752035
0.339061609536
0.324535214551
0.308666904871
0.291562994315
0.273337861754
0.254112772259
0.23401401455
0.213171490891
0.191717217811
0.169783666245
0.147502681692
0.125003815093
0.102413440236
0.0798534241149
0.0574402731604
0.0352842643981
0.0134886573006
-0.00785080056813
-0.0286464457223
-0.0488189859468
-0.0682977489931
-0.0870208231002
-0.104935043751
-0.121995930331
-0.138167548657
-0.153422196166
-0.167740212457
-0.181109479223
-0.193525135765
-0.2049890398
-0.215509325653
-0.225099933964
-0.233780016155
-0.24157354611
-0.24850866839
-0.254617314826
-0.259934625491
-0.264498514877
-0.268349217701
-0.271528818665
-0.274080898124
-0.276050096565
-0.277481847357
-0.278422017693
-0.278916595732
-0.279011422195
-0.278751987635
-0.27818327466
-0.277349544299
-0.276294144002
-0.27505941871
-0.273686590381
-0.27221567436
-0.270685417763
-0.269133258317
-0.267595284419
-0.266106130741
-0.264699015409
-0.263405726817
-0.262256624033
-0.261280601537
-0.260505077069
-0.259956012323
-0.259657882456
-0.259633685615
-0.259904892072
-0.260491441992
-0.261411704677
-0.262682440211
-0.264318746201
-0.266333969254
-0.268739655295
-0.271545467
-0.274759088316
-0.278386087605
-0.282429795401
-0.28689118592
-0.291768740168
-0.297058278147
-0.302752794812
-0.308842287127
-0.315313592368
-0.322150195841
-0.329332067783
-0.336835498663
-0.344632906096
-0.352692689557
-0.360979053299
-0.369451953413
-0.378066944505
-0.386775113355
-0.39552302473
-0.404252706621
-0.412901756518
-0.421403338772
-0.429686394522
-0.437675774145
-0.445292551473
-0.452454330702
-0.459075628258
-0.465068388534
-0.470342473243
-0.474806348571
-0.478367742125
-0.480934448179
-0.482415180377
-0.482720488101
-0.481763754888
-0.479462261527
-0.475738241
-0.470520095368
-0.463743464099
-0.45535250046
-0.445300988304
-0.433553502001
-0.420086620968
-0.404889815112
-0.387966690117
-0.369335615173
-0.349030746588
-0.327102511044
-0.303618142328
-0.278662084409
-0.252335898037
-0.224758465324
-0.196065382287
-0.166408668587
-0.135955832497
-0.104888905015
-0.0734032119465
-0.0417057918968
-0.0100137452733
0.0214477283168
0.0524475261855
0.0827508372328
0.11212174418
0.14032571814
0.167132251703
0.192317780904
0.215668019009
0.236981157172
0.256069944724
0.272764635931
0.286915058381
0.298392764547
0.307093190598
0.312936772975
0.315870890887
0.315870240895
0.31293793669
0.307105491317
0.298432753801
0.287007510073
0.272944391545
0.256383807297
0.237490242864
0.216450284407
0.193470516341
0.168774860465
0.142601923914
0.115202192354
0.0868346574173
0.0577642298839
0.0282579166493
-0.00141769209199
-0.0309999968373
-0.0602331389882
-0.0888707329115
-0.116678893638
-0.143437997061
-0.168945523523
-0.193017266626
-0.215489308337
-0.236219010253
-0.255085886975
-0.271992298305
-0.286863446345
-0.299647441592
-0.310314822393
-0.318857810171
-0.325289468901
-0.329642401542
-0.331967376215
-0.332331899921
-0.3308182106
-0.327521912583
-0.322549621426
-0.316017483517
-0.308048980283
-0.298773126668
-0.288322774513
-0.276832536763
-0.264437568577
-0.251271582906
-0.237465810081
-0.223147504942
-0.208438925718
-0.193456414414
-0.178309491884
-0.1631003525
-0.14792327466
-0.132864327591
-0.118001183647
-0.103403005062
-0.0891305285004
-0.0752362246113
-0.061764471041
-0.0487520167363
-0.0362281959173
-0.0242155599096
-0.0127302155865
-0.00178243114998
0.00862283167246
0.01848544952
0.0278094515106
0.0366026550825
0.0448759805313
0.0526430810859
0.0599197962495
0.0667237331547
0.0730738836711
0.0789902007207
0.084493326513
0.0896042408723
0.0943440353171
0.0987336744513
0.102793805017
0.106544604223
0.110005651171
0.113195818414
0.116133220875
0.118835138516
0.121318018263
0.12359742544
0.125688056913
0.127603776306
0.129357641907
0.130961958261
0.132428248906
0.133767357663
0.134989491816
0.136104284537
0.137120832064
0.138047731622
0.138893155432
0.139664876029
0.140370325767
0.14101663367
0.141610669652
0.14215906018
0.142668206812
0.143144323965
0.143593467693
0.144021539286
0.144434276485
0.144837264325
0.145235941637
0.145635594633
0.146041342384
0.146458122706
0.146890674795
0.147343515366
0.147820911139
0.148326853915
0.148865026502
0.149438767339
0.150051034853
0.150704364502
0.151400826885
0.152141981087
0.152928835387
0.153761797186
0.154640628499
0.155564401351
0.156531447436
0.157539314213
0.158584717742
0.159663524502
0.160770705945
0.161900299545
0.163045376942
0.164198034114
0.16534940819
0.166489647182
0.167607916002
0.168692409845
0.169730405452
0.170708298929
0.171611654949
0.172425285602
0.173133326202
0.173719340855
0.174166429793
0.174457390848
0.174574867448
0.174501495038
0.174220069774
0.173713756108
0.172966297958
0.171962231561
0.170687085767
0.169127628619
0.167272087831
0.16511038128
0.162634346546
0.159837901404
0.156717302241
0.153271303387
0.149501358936
0.145411673991
0.141009304523
0.136304277521
0.131309622519
0.126041371552
0.120518368715
0.114762246948
0.108797277202
0.102650168208
0.0963497776127
0.0899267610138
0.083413261961
0.0768425382501
0.0702484881547
0.0636652003281
0.0571264282229
0.0506651206061
0.0443129183166
0.0380995782197
0.0320525646378
0.0261964457801
0.0205526006271
0.0151386973376
0.00996841990775
0.00505118228448
0.00039186801461
-0.00400916103887
-0.00815625073376
-0.0120582495673
-0.015728452516
-0.0191842841187
-0.0224469493809
-0.0255410099149
-0.0284938195457
-0.03133491023
-0.0340953423646
-0.0368068820852
-0.0395013125908
-0.0422095304491
-0.0449607491504
-0.0477817254779
-0.0506958119925
-0.0537224270764
-0.0568760866953
-0.0601660280828
-0.0635954933163
-0.0671613833696
-0.0708539766016
-0.0746566151386
-0.0785458468782
-0.0824913139288
-0.0864561350543
-0.0903971851221
-0.0942656133335
-0.0980074890709
-0.101564519628
-0.104874873123
-0.107874188966
-0.110496429767
