0.0
0.000339649207620675
0.0003996782022204562
0.00043892206581361976
0.00012493546834347474
0.0003702865344401389
0.0015043426223037282
0.002088872239081066
0.00017627689486964318
0.00023514310343185005
0.0008777177635029138
0.0008378423316629351
0.00025056495545946675
0.0003324460946695258
0.0019398424174150962
0.0016503665280837194
0.0003948578375743625
0.0003079808339914343
0.0008660839100497753
0.0007965364107996725
0.0005667600879939935
0.0005117509946975414
0.0013682417570561878
0.0015796636277726726
0.00139654489928865
0.0004587853633311878
0.0007618050065915233
0.0010353600721128078
0.0012973103361045395
0.0007563571686663335
0.0010715822253605893
0.0024141557225088213
0.0022082185907856614
0.0008833565862897998
0.0010239893039751327
0.0017917145848654614
0.0019779883304941147
0.0011064301081827148
0.0014222629857454996
0.002773455931768899
0.0023979621994346355
0.0014589508880283493
0.0012729147361981337
0.0019172150381495529
0.001972647563461806
0.0018850745845955183
0.001756377460859375
0.0025710182802441937
0.0028877246420732985
0.0025476595407227035
0.0017669311512796132
0.0020643974215420295
0.0028785632591829327
0.0032686957234794277
0.002172239164432224
0.0028162953156481464
0.003776444192099958
0.003481509079875156
0.0024614997650764733
0.0026170982209531013
0.0036181226471863025
0.0036843343649248933
0.002884839817523306
0.0031709623107847897
0.004445329932787241
0.004071548232308847
0.003357259717423306
0.003083109627600774
0.0038072926653353566
0.0044241039794286514
0.004333173323681404
0.003761344676712068
0.00482858824646476
0.004613166778190399
0.004552996507423621
0.003914401600338624
0.004227169442776499
0.005502313722541556
0.005569067440507211
0.004444254741810129
0.004969656622523851
0.005985994474524661
0.005728376029317545
0.004946443597982672
0.004940318677895069
0.006183295818185729
0.006645428682337487
0.0056240091099440045
0.005664295536042727
0.007155708174488538
0.006170740265597101
0.00608042635468178
0.0058239709937986835
0.006448639681724946
0.0076193909671786846
0.007244505897617357
0.006583435042536879
0.007319417467064545
0.007371311152093916
0.0074904335722988345
0.006954745684503209
0.007203994812971716
0.0085871154499849
0.008962586095259347
0.007570896379049008
0.007841273963202743
0.009198660802571892
0.008513395423431921
0.008265924734317021
0.008258690582780476
0.009505907748116979
0.010379425286811194
0.009059966619587145
0.009112823628592934
0.01017682527848789
0.009444400812730961
0.009641910933514554
0.00939492179629017
0.01007071539765152
0.010988847794424536
0.011000569006902827
0.010115120406549702
0.01049280491192995
0.011150643348514639
0.011149741929352336
0.010814477092404007
0.01107896326527516
0.012639315431072457
0.013393849979282543
0.011549248676466593
0.011838902838546567
0.013032358620699812
0.012431870454272333
0.0123659368938097
0.012418885166518522
0.013796634969162048
0.014021719506850664
0.013288150059434727
0.013159321590085878
0.013764058848526974
0.013807270591164982
0.014055063493005705
0.013796081829180806
0.014543322210406377
0.015481718236499239
0.015961577629723687
0.014649820403452949
0.01493578576061531
0.01577086851037856
0.01581959452686628
0.015494308973323025
0.015843220732920497
0.01773682261159722
0.017699612219089576
0.016360912244430804
0.016596949480017317
0.01749463097696008
0.01743552894954129
0.017351919863550898
0.017482393455497437
0.018898315684856483
0.0187602690984866
0.01856331141744006
0.018139547792532587
0.018675452194103086
0.019044577559997465
0.01935012288023677
0.01912078359381898
0.019828981305187336
0.021239254902114285
0.021240882474630043
0.020072904735771065
0.020347311578296588
0.02133210382941341
0.021568200135343163
0.02101808630761808
0.021675445773506757
0.02346562205278219
0.022806079999548517
0.02205012998332666
0.022111381203063964
0.023078040659586248
0.023233596510313675
0.023168149020018586
0.02347108034952515
0.024656709096469824
0.024875131382494104
0.024599765597121206
0.02410733322313608
0.024654790710565994
0.02535692505297467
0.02571412521596204
0.025242538493037835
0.026285307846425007
0.027474722445123136
0.027038775423694476
0.026301425918667232
0.026515225778764903
0.027872241086986823
0.027987056048710136
0.027365849713982388
0.028338746540897925
0.02971964877370024
0.029245646847116835
0.02859193917778376
0.02855154073108937
0.029700696304271645
0.03000885559346122
0.02992761737774507
0.030123440852910185
0.03152240260915523
0.03143323359775162
0.03125295635323028
0.03091839667771495
0.031350654931218414
0.03275391387798715
0.03281900969257845
0.03214795062137012
0.033483483873843006
0.034228504135280675
0.03397202735529538
0.03336639460229561
0.03352074085639368
0.035161137579429166
0.03521482336686495
0.03456027592621437
0.035351320159604
0.03695635926738876
0.036196142549793336
0.035950672003870164
0.035953786486684985
0.03694223734040594
0.03789365262777049
0.037587780558182314
0.03760892083137607
0.0390724174080442
0.038614562353023886
0.03880226307839386
0.038515202120856615
0.03893409164607704
0.04060082601609802
0.040506949422080635
0.039814530103216596
0.04073564564871933
0.041938037775425124
0.04155950264538993
0.041261127526980815
0.04146338882842632
0.04307933462216951
0.04354450273981836
0.04262487637300931
0.04329811143780091
0.04492299187013288
0.043863878980162405
0.04408620979571157
0.04408583396347249
0.04501486315095607
0.04612409778615026
0.04579054870088533
0.04571851261342516
0.04654655967432336
0.04686809488955366
0.04709825672893175
0.04689049883121772
0.047406945288669886
0.049046091373693076
0.049332034242932976
0.048291059969866296
0.0489549354303348
0.050465597570740026
0.049947002933759393
0.04988882091641726
0.05016268061717013
0.051807949489457036
0.05220215684670861
0.051383488786152454
0.051992148910341526
0.05292870958228475
0.052642221614718515
0.05298253474456164
0.052975001179933395
0.054038617945771306
0.05486205840057464
0.0549806149852011
0.054517857709383874
0.055011336918411646
0.05597682325204293
0.05623863340880082
0.05599794264775694
0.05662680996413179
0.05854346259615853
0.058699289323154435
0.0575770949419794
0.05826351249781493
0.059448548697113315
0.0592987042280218
0.0592803136581978
0.05968367516033006
0.06143844247066267
0.06122395673023023
0.060951748012187876
0.061111847969465186
0.06183219983639489
0.062292650725221374
0.06269283790906893
0.06265989617276936
0.06374010659455259
0.06485643232636631
0.06502659747893125
0.06428150207274251
0.06478231837372395
0.06588907626879424
0.06619773865827006
0.06590442324643017
0.06677287372594999
0.0688557523592528
0.06824758321563507
0.0676332036750505
0.06798990781864955
0.06921188432429148
0.06946370225671178
0.06946465067045973
0.07013765223355634
0.07164297121648086
0.07148016923050556
0.0713902634956887
0.07124855143323638
0.07207565312792846
0.07278164417717328
0.07311352374034194
0.0731440406369853
0.07433559375061513
0.07570785337695077
0.07535253663160815
0.07485773180714485
0.07520630163216718
0.07672116901665402
0.07694180271614953
0.07657829345766676
0.0780397437753548
0.07956191990999067
0.07883030616960843
0.07844321594821879
0.07854377709071737
0.08008387154173371
0.0803958765026635
0.08030573153975074
0.0811702923298391
0.08257925723832758
0.08263023142705833
0.08242352278945733
0.08238107332018459
0.08307473557700998
0.08428642028981505
0.08443930007426086
0.08434835518821934
0.0861092013438553
0.08681595462696193
0.08645340841326903
0.08613800307726922
0.0863326786709139
0.08833411000546759
0.08831988818301104
0.0879429917491992
0.08953831692355611
0.0908712424744046
0.09028600891685803
0.08997914713717485
0.09021510190093798
0.09167761318969575
0.09220647915643268
0.09205839622912598
0.09281788278439236
0.0945725264620379
0.09405404886700211
0.09415286919377923
0.09416631208562468
0.09470616155429243
0.09651957463574824
0.09631315193950377
0.09622266431241548
0.09791211352776644
0.09857403855521449
0.0983723780697724
0.09813226591093782
0.09848230076485463
0.1004886630812585
0.10050535206216421
0.10007680753744388
0.10137545264455783
0.103109190332915
0.1021728313968783
0.10225552231827058
0.10257062008935129
0.10378649618663938
0.10477803033644366
0.10446888593602355
0.10519853854607132
0.10658245709812883
0.10627658805502416
0.10661239917456997
0.10661586039205945
0.10727866009574669
0.10906225825471386
0.10892705583343804
0.10869994609137654
0.10979922620262109
0.11120162982563855
0.11091049396083869
0.11081433064130752
0.11137519602459597
0.11323336899369815
0.1134362722003064
0.11293255401002139
0.11423037773360231
0.11557369688802979
0.11489042358073989
0.11520103864688036
0.11549304684752404
0.1167536185653829
0.11761342315081022
0.1174961484849412
0.11790014407348237
0.11863034742095627
0.11937884335782858
0.11974429880883113
0.11968352866503548
0.12058772332116313
0.12235772395396244
0.12239377712113923
0.12189016104433621
0.1229102577980084
0.12437300029340033
0.1242287046508661
0.12414831986710873
0.12481760989472472
0.1267557376330548
0.12664020858248906
0.1264162704187481
0.12733813123983245
0.1281622248405645
0.12843359374071284
0.12879551305166617
0.12910144655318392
0.13045852569467228
0.1312174966634412
0.1313834783560076
0.13129079956833994
0.13192397701391015
0.13316329670312932
0.13359728373395724
0.13342746348715262
0.13448462146289306
0.13656185685328168
0.13617800764725008
0.13579036925257934
0.1366764039958444
0.13796299303891824
0.1381778194970299
0.13815766683029135
0.13916196534883232
0.14092982153693673
0.14052103818355074
0.14060535011247097
0.14087745768848112
0.14186649863805234
0.142673026419121
0.14300240085642396
0.14339849242818484
0.14471075050592577
0.1458754627989784
0.14578332522660498
0.1455729001603904
0.1462499938216856
0.14768586707910247
0.14800459973507457
0.14786645452128824
0.14946349359175887
0.15123335297742552
0.15045304228100065
0.1503419219035284
0.1506399920193272
0.15239232079287132
0.15279320400746532
0.1527406092265491
0.1541682595460755
0.15552142763753546
0.1553828746197336
0.15539843166202455
0.15555317568940608
0.15664863781167657
0.1576395709012134
0.15782400627991586
0.15828904816352757
0.15998007874729211
0.16091648100627684
0.16056739988494054
0.16053633539203177
0.16085583068454373
0.16295041993807244
