0.0
2.915274074806462e-05
1.5688342555532364e-05
5.058503331448194e-06
2.6013524821559553e-05
5.9435746652264365e-06
9.646956915645988e-06
1.7440878394697767e-05
9.597746133807594e-06
8.077410123916162e-06
2.4863301447491937e-05
1.1186604361800023e-05
1.6020522683922456e-05
3.615806317207315e-05
7.908721327269663e-06
3.458033027812363e-05
3.0492339934403562e-05
1.3424970173286921e-05
4.109409932366581e-05
2.0374001287307153e-05
2.3560152961045466e-05
3.4607748692142004e-05
2.40036432306856e-05
2.6399823847344378e-05
3.930150363643664e-05
3.135921774738426e-05
3.277438937095145e-05
5.574810727319163e-05
3.1941285534277386e-05
5.332144282167023e-05
5.9752916625605e-05
3.733769523030922e-05
6.960311712006506e-05
5.173998412585923e-05
5.13919685323147e-05
6.847104936949511e-05
5.396518985008314e-05
6.024174063241905e-05
7.057932318736346e-05
6.562768868242572e-05
6.662821970861155e-05
8.877533714269498e-05
7.15196618565686e-05
8.650662760314315e-05
0.0001023499433172037
7.736186891457025e-05
0.00011070961692631609
9.956169379228552e-05
9.343649969859036e-05
0.00011803193990515826
0.00010018608127872891
0.00010870877313432642
0.00011921628018263242
0.00011403978378202173
0.00011732674787311159
0.00013631670614294017
0.0001260279873819964
0.0001354523583520506
0.00015778010784121138
0.0001337066251650143
0.00016450273036348884
0.00016291586265851365
0.00015028056991627653
0.00018184097392632062
0.00016330377686031572
0.00017128417111503258
0.00018531526854106972
0.00017714244858011569
0.00018438416455208995
0.00019956912964707446
0.00019482782425203626
0.00020087747388369132
0.00022598181835828401
0.0002061532431102825
0.0002318269562080616
0.0002406269994096738
0.0002226277785011624
0.00025877871987924767
0.00024333432880419698
0.0002476374016051018
0.0002680814447121975
0.00025580515816722715
0.00026703558275474604
0.00027975221010312357
0.00027774757345166295
0.00028338298987765076
0.00030769584809153816
0.00029421082941696874
0.00031361583109988656
0.00033169515881579376
0.0003110779248074805
0.0003484523331048345
0.0003397199079407387
0.0003381540534921554
0.000366284931613281
0.00035077795789627275
0.0003641177567880183
0.00037733944728770424
0.0003748142064676427
0.00038293828529939455
0.0004039897181611768
0.00039727601351835506
0.0004110732506568196
0.0004356610779439503
0.0004158011227692847
0.0004508023905013085
0.0004515267529509176
0.0004434994857913585
0.0004787713782547151
0.00046259372270338744
0.00047523945165001136
0.0004923075421527263
0.0004866284665802148
0.0004987315576642642
0.0005160897364322875
0.0005146718521507401
0.000525251940934765
0.0005524662719444268
0.0005366921773054638
0.0005665285643462956
0.0005777313274456068
0.0005641946079896279
0.0006042803674219249
0.0005911520270482432
0.000600213100442254
0.0006238775258423021
0.0006140232898932223
0.0006299956366554969
0.0006451812824562995
0.0006461600478364082
0.0006565125350810642
0.0006827840445828709
0.0006732552584722412
0.0006969009965505576
0.0007173169291825286
0.000700993765382886
0.0007423743940406305
0.0007360609034236243
0.0007391448352882767
0.0007707635867460517
0.0007576396254719911
0.000775809346656671
0.0007916706257812649
0.0007919002573409939
0.0008047267866116287
0.0008278571492093129
0.0008247662449156826
0.0008429897277062864
0.0008696738985786226
0.000854159226486087
0.0008931883698563917
0.0008964064667541689
0.0008928157703159446
0.0009318360913262436
0.0009180266153872435
0.0009355064270938906
0.0009554159883950995
0.0009524117775383985
0.000969311919276919
0.000988848064042161
0.000990728139127671
0.0010058124808316193
0.0010350571250071113
0.0010234243269081622
0.0010573898073697949
0.0010709477731514622
0.0010619422112311365
0.0011058468479014302
0.0010951788466816575
0.0011088832527306192
0.0011357725974920803
0.0011283995893841478
0.0011492695310537267
0.001166696698814619
0.0011708457047290982
0.0011857913115331034
0.0012141125336788128
0.0012084196333943392
0.0012362993201528484
0.0012589383752780112
0.001247100648761261
0.001292299305098065
0.0012885175074907572
0.0012962784968984856
0.0013313396338595074
0.0013206324303047662
0.0013436615146057845
0.001362058506375604
0.00136514314163581
0.0013827353078042295
0.0014078066132733671
0.0014084395787563354
0.0014309613835914864
0.0014598284858651361
0.0014485640977890367
0.0014915692971335416
0.0014972219649883808
0.0014983084113906302
0.0015407977356666734
0.00152956221601918
0.0015518598792463936
0.0015746502527241545
0.0015742518998586932
0.0015960243079038983
0.001617563918911047
0.001622908828905898
0.0016423895266211505
0.0016736602572430884
0.0016662276542683957
0.0017042371851781618
0.0017201466329908321
0.0017157140658112247
0.0017632996224627023
0.00175514266423989
0.0017736597994096812
0.0018035643696056904
0.0017988349786169089
0.0018245573315926258
0.0018442888236343859
0.0018515295362351823
0.0018710968627536316
0.0019012885220602502
0.0018996631788954534
0.0019315344588058565
0.0019564885371028337
0.0019491592035619995
0.0019982083073585635
0.0019968548510244863
0.0020094107589570948
0.002047739333510136
0.0020396028859111064
0.002067478252774469
0.0020883514669422683
0.002094398068810458
0.002116674105467828
0.002143682385451727
0.0021480805668980738
0.00217481657039377
0.002205769997408305
0.002198955216190974
0.0022457126908191904
0.0022538913942444505
0.002259668451584939
0.002305728137874684
0.0022969375507977258
0.002324158813203688
0.002349660109215772
0.00235207868032147
0.0023785434824629657
0.0024021460086980917
0.0024109901132654543
0.002434864536692574
0.0024680508944176956
0.0024649375143123084
0.0025068176541933503
0.0025251416714063522
0.002525312821438485
0.002576470706589583
0.0025709068090399682
0.002594226796731141
0.0026272099810668754
0.0026251024323522207
0.0026556965935066283
0.002677592482928086
0.002688128323754105
0.0027121085188912507
0.0027442169108033918
0.002746667152420501
0.0027826128400226108
0.002809715120928792
0.0028070163502349477
0.0028597182830875784
0.002860984973039854
0.002878194023439619
0.0029198032444966646
0.0029142829553534984
0.0029470339569230147
0.0029703457838628038
0.002979457925070119
0.0030063451148619746
0.0030352541171914833
0.0030434866360460403
0.0030743013294671044
0.003107346530338652
0.0031050026262222884
0.0031555605326653927
0.003166167056034827
0.003176705802938457
0.0032261574407797533
0.0032200500645336097
0.0032520008103293536
0.003280268922097266
0.00328553124729283
0.0033167944010376003
0.003342304934839075
0.0033548099689850557
0.0033829226885518857
0.003418121784504468
0.003419251413427714
0.0034649387519117593
0.003485642429395343
0.0034904961641160637
0.003545174268879101
0.0035422290538361344
0.0035703757180269337
0.0036063230803400625
0.003606990161862767
0.003642354408812925
0.0036664094603209713
0.0036802815325605587
0.003708751041647005
0.0037426384750085494
0.0037492724208592343
0.0037891017958619627
0.0038185486096707043
0.0038203174663078293
0.0038766258043341113
0.0038804691778793615
0.0039025123477079773
0.003947216585837826
0.003944479770748244
0.003982074117539879
0.004007798954415269
0.004020000091037038
0.0040514914097678
0.004082195019099479
0.004094351407934321
0.004129225021597131
0.004164300072607784
0.004166481398232773
0.004220671544576855
0.004233867919041796
0.004249066136041223
0.004301843244544527
0.004298431056792666
0.004335293656214646
0.0043661106622330595
0.004374401524456478
0.004410370922835215
0.004437881276097039
0.004453972196843674
0.004486310641432668
0.0045233608136207235
0.004528920847583117
0.004578240348376901
0.004601382183251276
0.004610943180228054
0.004669062341779405
0.0046687913716521035
0.004701790400210053
0.004740575892427917
0.004744110962214606
0.004784317661085849
0.004810412458127231
0.004827744651430505
0.004860572100990532
0.004896341799187454
0.00490709780068729
0.004950731423744515
0.004982381290852059
0.0049888673359528395
0.005048534461203298
0.005055094888580563
0.005081949266110941
0.005129800668284865
0.005129795979236608
0.005172303601160628
0.005200287762996258
0.0052157495122854905
0.005251745645475387
0.005284242497194055
0.0053003866885633424
0.00533920294657049
0.0053763334255741285
0.005383067817260261
0.005440741661939204
0.005456513351808922
0.0054765239557347176
0.005532438725509476
0.005531856859244375
0.005573568854760784
0.005607041532939571
0.005618316714540064
0.005659009262618784
0.005688340615429808
0.005708256694390328
0.005744601128612702
0.005783555829665103
0.005793540907937985
0.005846511465732417
0.005872009164213123
0.00588634993313587
0.005947731569092309
0.005950261950482115
0.005988072786826698
0.006029644928938455
0.006036154067013209
0.006081111385591236
0.006109316134004009
0.006130148323240693
0.006167255142278047
0.006204786823618389
0.006219859803411474
0.006267093837719097
0.0063009935210180425
0.0063121611091895916
0.006375277554268581
0.00638445163629189
0.006416180107759177
0.006466993727400505
0.0064699561674553055
0.006517195382776331
0.0065474847877546
0.0065662358727441965
0.006606727635532269
0.006640982823662621
0.006661223712164412
0.0067038271300913915
0.006743039238290189
0.006754344698930281
0.0068153804664410345
0.00683376403516096
0.006858555535885113
0.006917678612238416
0.0069199065554390315
0.00696647956403992
0.007002448434998462
0.007016935256649589
0.007062169401106495
0.007093374401674877
0.007117098856782515
0.007157522848319255
0.007198285285360012
0.007212795715505312
0.007269195721480194
0.007297238881963972
0.007316227147474132
0.007380819780513154
0.0073861605294347765
0.007428822225322939
0.007473159227846131
0.0074827282892655465
0.007532400096811352
0.007562627231653022
0.00758706028725142
0.007628359588291479
0.007667644958888168
0.007687019801830324
0.007737896202111242
0.007773979387602107
0.007789868754842454
0.00785621025918521
0.007868258232857448
0.007904679432199482
0.007958441487044127
0.007964358140024386
0.008016443977921804
0.008048920751868291
0.008071129471751749
0.008116001955866186
0.008152076063260742
0.008176371874690336
0.008222709140349251
0.008263923578245708
0.008279868006610552
0.008344205205076942
0.008365211380155349
0.008394800671206348
0.008456954524432184
0.008462178019365624
0.008513537072713406
0.008551965632479185
0.008569686264443495
0.008619554017206592
0.008652527078804165
0.008680177512529374
0.008724504502832124
0.008767256626839331
0.00878616834009224
0.008845924977554421
0.008876399506846037
0.008900203811176725
0.008967831039731703
0.008976114443573567
0.009023594838033847
0.009070639355608975
0.009083344364435985
0.009137741228272808
0.009169891328733432
0.009198023546801763
0.009243483598516147
0.009284485533284658
0.009308240095074409
0.009362556060171515
0.009400986740306642
0.009421521140710942
0.0094909806449625
0.009505824417047334
0.009547122964004385
0.009603650354601645
