0.0
0.00203074083651
0.00402958835812
0.00608018466036
0.00802806194616
0.0100014052327
0.0120088901103
0.0139493413877
0.0158919756456
0.0178585436198
0.0198733717982
0.0217562717052
0.0236880959792
0.0255949279163
0.0275122852548
0.0294114872511
0.0313427949526
0.0332558563594
0.0351303439041
0.0370585997848
0.0388780175218
0.0407065200877
0.0425551919045
0.0444606750566
0.0462307398913
0.0480396740416
0.0498915735198
0.0516458568312
0.0533914950858
0.0551731745573
0.0569828277496
0.0586925143612
0.0605140781278
0.0622265523095
0.0638912403017
0.0656079588686
0.0673470973779
0.0689559153657
0.0706104838976
0.0723865239091
0.0739557086969
0.075533475771
0.0771918725287
0.07881926263
0.0803271722394
0.0820053278327
0.0836135863582
0.085084555491
0.0866904198795
0.0882513023986
0.0896611753243
0.0911553535572
0.0928112008791
0.0941761144544
0.0955974147116
0.0971746112507
0.0985740352938
0.0998871100297
0.101414628547
0.102875394864
0.104136994453
0.105656749503
0.107056880743
0.108263726046
0.109631426451
0.11111360548
0.112268581199
0.113554299609
0.11505856476
0.116224451601
0.117387662626
0.118796104626
0.120055742395
0.121125235407
0.122550226931
0.123812083291
0.124836558798
0.126136904379
0.127426878828
0.128385833924
0.129562523205
0.130967736898
0.131918591284
0.132989488628
0.134326419248
0.135364035106
0.136294542393
0.13761835641
0.138735000053
0.139608255717
0.140889411694
0.142009473592
0.142818192356
0.143933955825
0.145194830015
0.145969558468
0.146995303274
0.148284189313
0.14912201641
0.149991815176
0.151232958136
0.152189907336
0.152961292968
0.154223647658
0.155218574288
0.155937827502
0.157056144387
0.158155686214
0.158811222376
0.159820866144
0.161053954115
0.161742842867
0.162626408731
0.163824905521
0.164633628442
0.165369931806
0.166597932052
0.167498856804
0.168183315432
0.169352919911
0.170321278103
0.170934130217
0.171960688309
0.173109700914
0.173714545067
0.17465822567
0.175847065777
0.176552410137
0.177331159292
0.178526445425
0.179356089071
0.18005501774
0.181277182879
0.182176656144
0.182821728435
0.183910707615
0.184967439773
0.185560817991
0.186575778595
0.187767413938
0.188431760332
0.189317699916
0.190510197817
0.19130288973
0.192064377678
0.193316895917
0.194204303784
0.194931603408
0.196121837711
0.197121218228
0.197780192396
0.198870813909
0.200057749825
0.200742598548
0.201765804777
0.202994924907
0.203799707354
0.20467467432
0.205947928875
0.206865600747
0.207698784087
0.208993600837
0.2100008484
0.210787815104
0.21197491117
0.213156791789
0.213918859441
0.215068643275
0.216363414635
0.21722845204
0.218258481259
0.219573318482
0.22055775032
0.221508197094
0.222886682558
0.223961415134
0.224902969792
0.226214966871
0.227420609676
0.228311675303
0.229566548511
0.230934083669
0.231891765237
0.233090172181
0.234486124648
0.235569551938
0.236652448184
0.238100381337
0.239280043317
0.240365888655
0.241811731028
0.243089729927
0.24414462327
0.245505067468
0.246943426174
0.248013541147
0.249356982668
0.250868247032
0.252066715966
0.253301424077
0.254829322042
0.256132118809
0.257337830898
0.258903143517
0.260292551868
0.261512074529
0.262998642601
0.264516912135
0.265714970832
0.267167949906
0.268802412961
0.270108565007
0.271500824429
0.273137856391
0.274566879414
0.275878121894
0.277546118586
0.279060018382
0.280409122297
0.282035908428
0.283650748565
0.284984657903
0.28653477279
0.288277043214
0.289670680056
0.291197931563
0.292968324722
0.294505418387
0.295928308494
0.297694773487
0.29932304806
0.300756231536
0.302514019366
0.304230628242
0.305686812606
0.307346743136
0.309177883765
0.310643589042
0.312268298499
0.31416681218
0.315772373131
0.317315065353
0.319188381749
0.320906967621
0.322393962202
0.32426077741
0.326061881932
0.327599359924
0.329382316465
0.33128371615
0.332814401392
0.334516095095
0.336507514007
0.338134363866
0.339784401677
0.341767495541
0.343537152961
0.34507951118
0.347032654976
0.348883917886
0.350454565883
0.352350468384
0.354295742433
0.355879839457
0.357659951795
0.359699919431
0.361317113712
0.363041604829
0.36510973623
0.366878437114
0.368491037771
0.370513894086
0.372377865706
0.373947857713
0.375926676561
0.377876683435
0.379484930366
0.38134785739
0.383393090185
0.384992690061
0.386764436375
0.388866403256
0.390580507386
0.392262637701
0.394335298282
0.396172422787
0.397742228021
0.399764230782
0.401674605297
0.403269972857
0.405199514638
0.407206965946
0.408791231559
0.410597329345
0.412676623535
0.414305332233
0.416030225318
0.418113277237
0.419880897063
0.421469393568
0.423498511804
0.425336185529
0.426887722726
0.428847049845
0.430772760891
0.432333515717
0.434165196223
0.436172890573
0.437716166843
0.439450961738
0.441489588118
0.443145142979
0.444759678106
0.446762439755
0.448505236427
0.450010554882
0.451951760201
0.453757595158
0.455273970102
0.457108966339
0.459005410053
0.460481947466
0.462200654846
0.464143772232
0.465665922432
0.467285512294
0.469220588454
0.470849346765
0.472325605097
0.47420678189
0.47587655841
0.477321622011
0.479123293281
0.480876121742
0.482298159737
0.483981565583
0.485793477979
0.487190482914
0.488780553002
0.490604252493
0.492096157086
0.493554251881
0.495343443454
0.496879848754
0.498245562694
0.499971064559
0.501558526829
0.502919838989
0.504545673525
0.506205574917
0.507506783667
0.509035593375
0.510716174223
0.512060443862
0.513486407559
0.515154267774
0.516564158844
0.517861962592
0.519479081043
0.520904252442
0.522181539768
0.523722999155
0.525218766812
0.526449972139
0.527896619653
0.529422097513
0.53062980421
0.531994788355
0.533518529159
0.53479806076
0.536040710295
0.537532400038
0.538818750745
0.539998444615
0.541429496141
0.542756526219
0.543922493345
0.545273177877
0.546646656147
0.547748808044
0.549026177397
0.550397660871
0.551542594891
0.552726539673
0.554083518914
0.55525684733
0.556345120612
0.55765354608
0.558827254395
0.559909711121
0.561154545801
0.562382949392
0.563411237398
0.564588426297
0.565818190317
0.566836194621
0.567946395897
0.5691673024
0.570236585225
0.571249473378
0.572438716241
0.573491960891
0.574476059492
0.575610468765
0.576699663782
0.577667569319
0.578744893217
0.579854530768
0.580771401191
0.58179555658
0.582889697066
0.583852980649
0.584800525042
0.585880352949
0.586846941218
0.587737581362
0.588770049202
0.589736829707
0.590634778807
0.591619604668
0.592627085182
0.593475594733
0.594415277157
0.595405321876
0.596264160874
0.597149487395
0.598131962974
0.599027325507
0.599845778409
0.600796263182
0.601670808001
0.602488868824
0.603393500487
0.604306315275
0.605108335271
0.605977216597
0.606891980671
0.607664810775
0.608492898413
0.609392406485
0.610215677039
0.610985214149
0.611874052249
0.612689088095
0.613435020121
0.614280235076
0.615107722224
0.61586601778
0.61668172497
0.617540947092
0.61826000127
0.61904514495
0.619883075208
0.620631535863
0.621371082751
0.622212063839
0.622986027266
0.623685706056
0.624497460547
0.625259668665
0.625973542072
0.6267538912
0.627560839829
0.628256080494
0.629018270181
0.629819749772
0.630506163489
0.631233197862
0.632033725202
0.632768816108
0.633453199518
0.634251484009
0.634975660701
0.635656707528
0.636421906115
0.637175540248
0.637862566259
0.638618649802
0.639399306316
0.640054894023
0.640788787782
0.641558872837
0.642252411032
0.642947512132
0.643738405558
0.64444544967
0.645119660164
0.645890210917
0.64659930311
0.647286304181
0.648046960813
0.648805339587
0.649465544291
0.650222850847
0.650977838728
0.65163954461
0.652365269951
0.653142780409
0.653840723815
0.654537395058
0.655324967978
0.656011010929
0.656710244955
0.657483906337
0.658211549487
0.658900613323
0.659687552347
0.660438076104
0.661096582361
0.661867612821
0.662627093178
0.663316808488
0.664057614859
0.664857343761
0.665543924377
0.666274657298
0.667069059078
0.66776685061
0.668496846409
0.669308645343
0.670052264883
0.67074288343
0.671564661203
0.672311390174
0.673000586145
0.673797338934
0.674590881718
0.675292650066
0.676073128476
0.676889552455
0.677574563406
0.678352881176
0.679181119552
0.679907863938
0.680655810509
0.681519615489
0.68226182039
0.68297324083
0.683828786175
0.684600023458
0.685321963089
0.686160305037
0.686986202862
0.687683555192
0.688516868343
0.689355528499
0.690063006463
0.690877255118
0.691761899027
0.692500940401
0.693262796615
0.694169239698
0.694916892105
0.695663554122
0.696557077037
0.697368346549
0.698096961495
0.698987079251
0.699830414366
0.700531943463
0.701410406794
0.702292686762
0.703022316559
0.703852929955
0.704789198038
0.705522174289
0.706306758779
0.707244825007
0.708020433986
0.708787142112
0.709725261247
0.710559939076
0.711279140869
0.712214079022
0.713078396277
0.713796179114
0.714696113024
0.715630344388
0.71635661777
0.71719488461
0.718159843491
0.718896150405
0.719700401759
0.720669165682
0.721473514323
0.722229214149
0.723206737231
0.724046096794
0.72476102119
0.725717707034
0.726618853258
0.727338263609
0.728237035939
0.729202981499
0.729910831936
0.730754535695
0.731733545646
0.732487946783
0.733285660424
0.73428323541
0.73509011154
0.735820726262
0.736815183667
0.737664190508
0.738375463016
0.739325720287
0.740259092239
0.740952720962
0.741837979231
0.742806718963
0.743507838565
0.744341261336
0.745331943745
0.746093227119
0.74685425653
0.747862972286
0.748656394812
0.749363417697
0.750345191282
0.75121512549
0.751900030439
0.752822490158
0.753758740778
0.754418357617
0.755279779276
0.756239796167
0.756941144
0.757735037398
0.758729299087
0.759468751757
0.760182958075
0.761172710012
0.761961662031
0.762637861577
0.763581931608
0.764458564637
0.765094609967
0.765975816218
0.766888277851
0.767527486885
0.768343993453
0.769294435178
0.769977748704
0.770708271254
0.771681183988
0.7723910196
0.773057826983
0.774001635584
0.774793916225
0.775415844735
0.776305720874
0.777157985317
0.777745796531
0.778572239123
0.779457420774
0.78007680799
0.780823729757
0.781753041876
0.782393980855
0.783056556119
0.783979002835
0.78467312182
0.785282678137
0.786164246629
0.786940118309
0.787495332203
0.788319327118
0.789129298113
0.789683752185
0.790436537774
0.791296378939
0.791876348254
0.792539720072
0.793421501589
0.794023497137
0.794617926636
0.795472438367
0.796155879813
0.796690602935
0.797500143842
0.798233318707
0.798731371424
0.799477934555
0.800251998736
0.800769671554
0.801433990615
0.802255797133
0.802781495117
0.803363004145
0.804176081201
0.80475696652
0.80527597038
0.806057161243
0.80670863718
0.80716846582
0.807898234469
0.80858289718
0.809039058423
0.809697136804
0.810439355831
0.810904437866
0.811477119123
0.812237861228
0.812724031024
0.813226129554
0.813965579589
0.814527913927
0.814963995999
0.815668420651
0.816270797746
0.816672372258
0.817316569812
0.817967692538
0.818377112816
0.818943522139
0.81964157618
0.820051119661
0.82053952133
0.821229800703
0.821695769245
0.822117380463
0.822787404854
0.823311534385
0.823676166448
0.824300931845
0.824860475146
0.825218358074
0.825776225974
0.826397942177
0.826752047544
0.82723260525
0.827869893487
0.828247386222
0.828657861845
0.829284327815
0.829730177776
0.830074850922
0.830676221996
0.831155943936
0.831469519932
0.832016119456
0.832552779396
0.832862830563
0.833341006245
0.833922156151
0.834229371075
0.834635296013
0.835214599998
0.83557774258
0.835916569376
0.836489131728
0.836898956472
0.837186064061
0.837720364588
0.838171195392
0.838446374323
0.838923428232
0.839438961988
0.839700991598
0.840110513533
0.840642055125
0.840930217359
0.841271602151
0.841807138756
0.842153507614
0.84243304263
0.842953748902
0.843331599272
0.843581265437
0.844056569754
0.844498854936
0.844733376496
0.845152978294
0.84563776788
0.845868516593
0.846221920104
0.846716410916
0.846998615558
0.847287717771
0.847790249039
0.848108639238
0.848350849708
0.848824603557
0.849190764441
0.849412606495
0.849843451651
0.850274685574
0.850475613276
0.850849562617
0.851301652732
0.85152820596
0.85183796749
0.852311796991
0.852583232308
0.852836734084
0.853306983019
0.853609167129
0.853830147442
0.85426927784
0.854640265337
0.854833990796
0.855232618692
0.855645018319
0.855832755628
0.856172424942
0.856610088876
0.856838800687
0.857119978383
0.857580551451
0.857834613148
0.858071596261
0.858516472761
0.858822634974
0.859028161381
0.859448535521
0.859816880242
0.859993958856
0.860369183072
0.860766333742
0.860962605575
0.86128089504
0.861717596137
0.861941634973
0.862210006897
0.862655311806
0.862907951349
0.863137918355
0.863571017129
0.863890974845
0.864081964275
0.864491414934
0.864851512949
0.865031020549
0.865391357456
0.865792809244
0.865996392029
0.866307332599
0.866744701658
0.866961175715
0.867228753252
0.867666718699
0.867933884209
0.868158580862
0.868592859447
0.86891481327
0.869103550208
0.869505880376
0.869864791968
0.870059978218
0.870416900918
0.870829631095
0.871032324345
0.871346398174
0.871779779733
0.87200516728
0.872274121354
0.872716846165
0.873000632619
0.873221052513
0.873657309656
0.873978193847
0.87417836185
0.874578735573
0.874953499251
0.875156209079
0.875519433708
0.875939099186
0.876140442036
0.876460698782
0.876898555376
0.877141955983
0.877410557992
0.877865248264
0.878151228024
0.878377220607
0.878814322561
0.879142545359
0.879357911383
0.879765157327
0.880154858074
0.88035643929
0.880728718619
0.881149345204
0.881363394642
0.881685857559
0.882136801167
0.882393398438
0.882661742613
0.883121916109
0.883409813304
0.883647456257
0.884087856846
0.884435483798
0.884652945159
0.885070522815
0.885466563978
0.885667743127
0.886043845605
0.886474314173
0.886702594009
0.887023279286
0.887487793345
0.887742806917
0.888016223691
0.888477635977
0.888775381537
0.889020142002
0.889469614535
0.889828542682
0.890040098526
0.890462990017
0.890859997416
0.891070712941
0.891443160938
0.891887579898
0.892120603018
0.892438220129
0.892904342647
0.893160316263
0.893437297693
0.893901017334
0.894214823898
0.894451533625
0.894906957477
0.895267214573
0.895473920378
0.895891356276
0.896298601993
0.896513890091
0.896877993679
0.897330892672
0.897555820779
0.897870654067
0.898333789354
0.898596909372
0.898867515237
0.899336504402
0.89965339256
0.899875815882
0.900326416986
0.900684998765
0.900892418369
0.901296670302
0.901713631305
0.901922347251
0.902275517679
0.902722491071
0.902944449157
0.903249382535
0.903710575194
0.903981808173
0.904231905059
0.904697514504
0.905009229831
0.905218441252
0.905651696898
0.906018079459
0.906217196114
0.906604274324
0.907021535957
0.907214607993
0.907552969565
0.907991770101
0.908214633568
0.908498026204
0.908957995789
0.909222623853
0.90944863832
0.909897574969
0.910204535357
0.910402697176
0.910813500212
0.911183087832
0.911364123169
0.911730621876
0.91213460805
0.912319268259
0.912633252003
0.913065734399
0.91328692177
0.913538262175
0.91398472491
0.914238694509
0.914441884074
0.914863506259
0.915174952416
0.91535203193
0.91573790995
0.916099921483
0.916258585501
0.916598249736
0.916990894302
0.917168824174
0.917448558748
0.917873786634
0.918079991312
0.918298792752
0.918719371005
0.91896659947
0.919147412405
