0.0
0.0158047304594
0.0223425276547
0.0273572027541
0.0315774556179
0.0352879369917
0.0386447297533
0.0417298988931
0.044593610801
0.0472817064388
0.0498215626188
0.0522359875893
0.0545358800612
0.0567462227527
0.0588791605023
0.0609147780885
0.0628898213233
0.064811664735
0.0666685066451
0.0684355758138
0.070183455723
0.0718986045924
0.0735630048263
0.0751812210561
0.0767807320489
0.0783465752134
0.0798593613903
0.0813461379203
0.08282236188
0.0842601998462
0.085655291006
0.0870441248836
0.0884157953502
0.0897428780835
0.0910493859543
0.09235437106
0.0936444866535
0.0949078970471
0.0961401698887
0.0973626397314
0.0985656889076
0.0997390726911
0.100920064563
0.102096464116
0.103224414137
0.104344613897
0.105485579932
0.106601411885
0.10767352864
0.108753055716
0.109849004178
0.110904920239
0.1119337871
0.112966899118
0.114023216339
0.115007414885
0.11600786684
0.117012209648
0.117987340841
0.118918078543
0.119885074865
0.120858508207
0.121787759538
0.122711188794
0.12363720545
0.124562591072
0.125450425638
0.126354223089
0.12730404173
0.128173052184
0.129034429628
0.129923486352
0.130798578047
0.131508890655
0.132327363164
0.133204761386
0.134033675917
0.134816554415
0.135650270633
0.136486199395
0.137273337111
0.138059176421
0.138849815519
0.139634395776
0.140379767174
0.141155575428
0.141971360092
0.142652193601
0.143309761948
0.144102557286
0.144881339515
0.145503532312
0.146125863704
0.146917180519
0.14764386996
0.148318504117
0.149047689718
0.149789754281
0.150450544125
0.151103915464
0.151851580772
0.152565000557
0.153204429086
0.153878220425
0.154602013925
0.155255926763
0.155759976622
0.156415106869
0.157111083323
0.157787846824
0.158418961095
0.159130082728
0.159781766667
0.160359151475
0.160997090759
0.161701458489
0.162307929583
0.162842278967
0.163503022503
0.164202099821
0.164778426498
0.16537157329
0.16607451217
0.166723193073
0.16731947634
0.167906521051
0.168501378524
0.169058837111
0.169624243328
0.170257553643
0.170878857768
0.171394222967
0.171942236139
0.172614511545
0.173211958449
0.173709686949
0.174282018376
0.174892205769
0.175420277925
0.175934853456
0.176582665937
0.177277307834
0.177742004084
0.1782999901
0.178903614565
0.179355971898
0.179611945044
0.180205319082
0.180814180633
0.18129004679
0.181777139248
0.182334398143
0.182864467911
0.183320570514
0.183848230588
0.184377187575
0.18484655061
0.185280086878
0.185840449816
0.186401226227
0.186498189892
0.186952829555
0.187577735334
0.188032623683
0.188114853516
0.188643337331
0.18920395029
0.189604460678
0.19002631897
0.190519109425
0.190973748876
0.191299060231
0.191755656053
0.192313483149
0.19272929903
0.193093460173
0.193613833152
0.194109161836
0.19423169349
0.194421739297
0.194893556697
0.195361697734
0.195777914726
0.196224603674
0.196770952077
0.19713124241
0.197452445556
0.197992892231
0.198475105204
0.198726753785
0.199073433401
0.199628305989
0.200053084161
0.200352555649
0.200804673763
0.201372990416
0.201839111632
0.202172493557
0.202571116267
0.20296648432
0.203251969556
0.20367751319
0.204228252938
0.204612525558
0.204884538218
0.205371105495
0.205963395603
0.206298048822
0.206628474746
0.207125132713
0.207566089175
0.207843375736
0.208230605389
0.208873101162
0.209278907548
0.209622379444
0.210093521593
0.210511384289
0.210565090373
0.210838177086
0.211365785763
0.211799862623
0.212073657999
0.212438832571
0.21287143699
0.21318060591
0.213481185068
0.213953331372
0.214403429388
0.214631481683
0.214954846041
0.21545814864
0.215641583456
0.21551540292
0.216001418372
0.216519075498
0.216620638431
0.216572124341
0.217111128292
0.217466821718
0.217666923954
0.217995999907
0.218282767252
0.218503048954
0.218668551428
0.219081868798
0.219499373876
0.219580150995
0.219865852573
0.220335791841
0.220543552336
0.219887881809
0.220167604668
0.220571855275
0.220812459969
0.220970416738
0.221429968042
0.221735493515
0.22180125366
0.2220739435
0.222515417632
0.222772166884
0.222808128654
0.223149587367
0.223550836808
0.223611180602
0.223783447596
0.224172657331
0.224556633549
0.22486684913
0.225035818381
0.225312946402
0.225512720561
0.22571678985
0.22613946954
0.226575381997
0.226651810877
0.226836111979
0.22742241725
0.227823119707
0.227956516502
0.228319907902
0.228802246731
0.229030578789
0.229160564606
0.229449702681
0.230022751569
0.230192114275
0.230504273484
0.230911679396
0.231128853031
0.231022646286
0.23141699057
0.231937952667
0.232170058722
0.23235722139
0.232643973834
0.232981932318
0.233094645852
0.233410139387
0.234021117962
0.234301800549
0.234414838976
0.234757087532
0.235193917325
0.234877826049
0.235036109799
0.235580501048
0.235909414759
0.235731209534
0.23594776029
0.23637612393
0.236543519764
0.236684340539
0.236870667505
0.237054967065
0.237050473348
0.237186613811
0.237617408189
0.237779563976
0.237670165565
0.238026713535
0.238398797451
0.23789923361
0.237035114367
0.237479550478
0.237745411529
0.237754269471
0.237882964052
0.238217614154
0.238191821534
0.238117626614
0.238450543478
0.238696436271
0.238735960421
0.238774359787
0.23910301126
0.239207489054
0.238761469033
0.238940561926
0.239299309849
0.239559782839
0.239385367152
0.23959430811
0.239795329751
0.239772853459
0.239965737458
0.240439092022
0.240569092844
0.240370901802
0.240630552416
0.241180121035
0.241318847385
0.24143211037
0.241893067748
0.242192695152
0.24223147222
0.24230547979
0.242466839851
0.242728513534
0.242920476228
0.243246060989
0.243532959744
0.243516828224
0.243559529445
0.24409200513
0.244524764874
0.244565113898
0.244747195079
0.245082578194
0.245192918851
0.24523484932
0.245706820693
0.246439203404
0.246504434374
0.246641789318
0.246954018546
0.24714534014
0.246819672426
0.247189400514
0.247737155178
0.247845870796
0.247724535168
0.248083689372
0.248384646056
0.248425196591
0.248596124909
0.248662319109
0.248730649149
0.248590548188
0.248803496009
0.249300194649
0.249081976505
0.249133280925
0.249620668598
0.249744103478
0.248403827942
0.24824937084
0.248668278952
0.248709635084
0.248623602736
0.248827772337
0.24891669282
0.248648168322
0.24863218945
0.24890963275
0.249028535524
0.248907934991
0.249038549436
0.249249541347
0.248638320722
0.248034032327
0.24828123036
0.248525503879
0.248488836067
0.247947615941
0.24814360099
0.248122269435
0.247975730038
0.248262154848
0.248544474558
0.248266186169
0.248042137851
0.248407459347
0.248661922907
0.248621962979
0.248833047488
0.249245317725
0.249396473359
0.249072096585
0.249119560523
0.249228988521
0.249260547692
0.249445272641
0.249861549748
0.24998797836
0.249795779211
0.250067477832
0.250727259152
0.250928344196
0.25093154391
0.251194779145
0.25145949838
0.251342314088
0.251461925475
0.252111808976
0.252562687113
0.252638905201
0.252830589961
0.252989077304
0.252823682326
0.25290119242
0.253299054293
0.25372019074
0.253679214279
0.253766177868
0.254127965057
0.254286586656
0.254318643516
0.254534454479
0.254670125912
0.254528705514
0.25441348876
0.254756487936
0.255203302712
0.254978606302
0.255292833394
0.255785775887
0.255477610946
0.254289878244
0.254736404416
0.255022565776
0.254936188887
0.254955229376
0.255068950148
0.254926544491
0.254625695407
0.254736468249
0.254934367184
0.254854665321
0.254746355106
0.254937283938
0.254844653248
0.253265637622
0.253132532669
0.253456655496
0.25347461767
0.252848717431
0.252433002238
0.252417454365
0.25208236149
0.251988546688
0.25223961147
0.252256593348
0.251742309707
0.25166496401
0.25192125982
0.251853903755
0.251785165361
0.25206018076
0.252265902055
0.252132215572
0.251476676757
0.251510258762
0.251526462172
0.251557383834
0.25178096153
0.252076400574
0.251909312858
0.251721860789
0.25226433036
0.25273022904
0.252737081548
0.252878084213
0.253199838283
0.253176352386
0.252984625301
0.253123238306
0.253763779329
0.253878222209
0.253995566708
0.254163922144
0.254186108963
0.25393965225
0.254170262839
0.254692744669
0.254907450075
0.254854598999
0.255032568912
0.255393957133
0.25541441252
0.255613079338
0.255968145928
0.256088752787
0.255857265296
0.255886917195
0.256314694701
0.256566040525
0.256713710479
0.257189913922
0.257480970067
0.256862648625
0.25666835105
0.257140085201
0.257300856273
0.257250687962
0.257298685452
0.257311032167
0.256974478855
0.256766073462
0.256985245685
0.257155898204
0.256929072259
0.256962606598
0.257123830142
0.25633106324
0.254810898562
0.255150002876
0.255432045327
0.255188479009
0.25437143998
0.254128953214
0.253826352154
0.253408648049
0.253457319693
0.253503654981
0.253329453074
0.252891975496
0.252902125716
0.252909070833
0.252513751345
0.252560938094
0.252837044772
0.252880655369
0.251822866651
0.251242492233
0.251281006261
0.251131812944
0.251145567535
0.251429767728
0.251362017744
0.250887717142
0.250856049938
0.25141303218
0.251567239447
0.251574556655
0.251834730838
0.251970089355
0.251710113473
0.251554988693
0.251608463281
0.251936941761
0.252051848139
0.252134711306
0.252215392726
0.25211296104
0.252061750152
0.252391763672
0.252930771534
0.252977614818
0.252996848007
0.253279363809
0.253472957071
0.253499068772
0.253913100771
0.254418492958
0.254370150325
0.254211142926
0.254296470065
0.254685662994
0.254958720243
0.255186950886
0.25568930937
0.255745869109
0.25534119428
0.255691590177
0.256066008704
0.256167877965
0.256232522902
0.256185021934
0.256085085206
0.255686810934
0.255637713232
0.255993883143
0.256108273386
0.256014926002
0.256199420211
0.256201653323
0.254818012309
0.254498365622
0.254937113673
0.255071836337
0.254696883799
0.254232282571
0.253994851693
0.253546771181
0.253278125862
0.253329876171
0.253319654959
0.252999199765
0.252730418782
0.252703110872
0.252331424272
0.251944630621
0.252126081455
0.252296772618
0.251948121266
0.250122291532
0.24974382781
0.249641971218
0.24942709763
0.249460185931
0.249534478323
0.249102636621
0.248603828662
0.248706737214
0.248955827411
0.248986711919
0.249100498545
0.249299363286
0.24923008936
0.248672658689
0.24858355863
0.248630746848
0.248700195106
0.248777439437
0.248812755302
0.248841018194
0.248635337901
0.248761444062
0.249298722817
0.249643899014
0.249654288678
0.249756382279
0.250010106714
0.250020369794
0.250181061039
0.250676566376
0.25100912136
0.250959045486
0.250869882564
0.250881962191
0.251158595598
0.251483281939
0.251635177919
0.251985322147
0.251939406641
0.25193470061
0.252299449437
0.252624004356
0.252792726621
0.25290419982
0.252870224951
0.252602687495
0.252299699451
0.252405408686
0.252914742184
0.253092991605
0.253190284249
0.253389395327
0.2531520511
0.252285042929
0.252745204253
0.253130104774
0.25317826939
0.252952204609
0.252781857082
0.252491076223
0.252119714279
0.252028014268
0.252019075537
0.251953747517
0.251633467581
0.251447457347
0.251285442283
0.250656532435
0.250714699613
0.250977360424
0.250982105484
0.249959255531
0.248268611989
0.247968589556
0.247700016585
0.24754155387
0.24756047365
0.247437648969
0.246867512179
0.246523873011
0.246579411924
0.246643718216
0.246707343581
0.246850844312
0.246884371027
0.246575597722
0.245809812886
0.2457683686
0.245818767866
0.245839224308
0.24574880248
0.24559243472
0.245492000702
0.245325212348
0.245612451403
0.246037913886
0.246252518667
0.246325442472
0.246429028414
0.246468211492
0.246481661104
0.246667569995
0.247068112547
0.247152827629
0.247115283514
0.247034978134
0.247034307177
0.24729092589
0.247372735823
0.247653512867
0.247821031538
0.247810913813
0.247932522953
0.24828907667
0.248586066853
0.248917564779
0.249025434728
0.248983029496
0.248697307402
0.248542157534
0.248704321487
0.249308392119
0.249571984988
0.249720065335
0.2497921655
0.249535898189
0.249670608967
0.250060248191
0.250386299582
0.250467384805
0.250418882362
0.250321749243
0.250002103724
0.24978304924
0.24977636965
0.249773538288
0.249634154665
0.249398393185
0.249211892601
0.248876574254
0.248760744683
0.24908080735
0.249338166668
0.249217994443
0.247956433039
0.246839049401
0.246564742378
0.246354313655
0.246280609969
0.246266832664
0.246092921673
0.245649664673
0.245394715074
0.245380362601
0.245490344212
0.24563078892
0.245713494595
0.245648855685
0.244916804386
0.244265146451
0.244254955714
0.244286607097
0.24426276744
0.243910616604
0.243595063326
0.243374235706
0.243319304542
0.243580590101
0.24377086914
0.244017157098
0.244076800579
0.244043103715
0.244025414046
0.244130117157
0.244212499293
0.244422797935
0.24444348095
0.244259529591
0.244205615171
0.244240628939
0.244460121251
0.244485387294
0.244794752414
0.244916878951
0.244962638065
0.24506710146
0.245375645677
0.245744903884
0.246108856992
0.246185933694
0.246092016804
0.245913368355
0.245829804628
0.245990482531
0.246638823603
0.24673709818
0.246815693293
0.246812231321
0.2468991484
0.247229850939
0.247460065181
0.247761493292
0.247907774501
0.247899199314
0.247738741629
0.247506075316
0.247389544435
0.247374927096
0.247394461264
0.24732861779
0.247102192078
0.246873385989
0.246777357016
0.247325385047
0.247566714496
0.247771142967
0.247663359079
0.246677025841
0.246063517793
0.245889950673
0.245829641184
0.245793801437
0.245848085937
0.245664047407
0.245368739374
0.245129094051
0.245178264711
0.245562321294
0.24569942755
0.245699233716
0.245575726966
0.24478511411
0.244299148402
0.244306669599
0.244401701428
0.244298460959
0.243746517467
0.243486960714
0.243353536294
0.243311221869
0.243393692548
0.243551528094
0.243803610314
0.243742891841
0.243684726832
0.243839834909
0.243965914569
0.244010439827
0.244103646014
0.24405528834
0.243613366441
0.243617074437
0.243723195641
0.243841884382
0.243973108963
0.24420629712
0.244424197089
0.244439157996
0.244451184112
0.244742874677
0.245180303868
0.245351080643
0.245337413268
0.245312589456
0.245175517692
0.245154313855
0.245398516038
0.245818805819
0.245792323825
0.245764009815
0.245814656731
0.246066413922
0.246141504306
0.246344911177
0.246710028713
0.246816213249
0.246790843234
0.246576661979
0.246480751655
0.246326570033
0.246227811076
0.246365728143
0.2463306007
0.246031688549
0.245834013583
0.24642076724
0.246806331125
0.246921940895
0.247110698846
0.247098406265
0.246398910392
0.246091896857
0.246082745717
0.246072860635
0.246117436402
0.246160668293
0.246040667862
0.245753686802
0.245516205803
0.245977603993
0.24655380216
0.246588242281
0.246585749392
0.246689179197
0.246061170947
0.245729129527
0.245894870075
0.24608459733
0.245821485214
0.24547636116
0.245440648954
0.245400756046
0.245295956865
0.245298907373
0.245579843118
0.245694003291
0.245584168153
0.245739597855
0.246279536036
0.246332390753
0.246431229941
0.246450835981
0.246328854263
0.245714798464
0.245730108273
0.245961349353
0.246037020787
0.246114759299
0.24645863174
0.246750051503
0.246615487815
0.246639417261
0.247005519508
0.247292212476
0.247246091532
0.247262294271
0.247281519376
0.247135369415
0.24721890586
0.247635133225
0.247681123611
0.247590283605
0.247547173525
0.247714823252
0.247752830603
0.24767250683
0.247931844299
0.24833732276
0.248323791881
0.248146321331
0.248091898462
0.247997673583
0.24768763994
0.247576915602
0.247770425882
0.2476024688
0.247354290549
0.247436961579
0.248069474731
0.248040500375
0.248080466677
0.248300685452
0.248187574471
0.247716680252
0.247579811396
0.247668125243
0.247594631292
0.247706395596
0.247728139318
0.247637635236
0.247250526989
0.247101970364
0.248214551651
0.248508847088
0.248407270053
0.248580550029
0.249129753414
0.248402758017
0.248304497935
0.248700148678
0.248856089704
0.248608072123
0.24858963002
0.248758794657
0.24866775892
0.248598224607
0.248703102957
0.249066748705
0.249024306329
0.249039081379
0.249951286848
0.250639497727
0.250638828641
0.250901064297
0.25105139255
0.250716824889
0.250331206439
0.250532146791
0.250810959321
0.250776393582
0.250900660537
0.251493862851
0.251659705233
0.25144402745
0.251695646294
0.252135995505
0.252172219652
0.252122853845
0.252151134795
0.252182478956
0.252105747492
0.252242671795
0.25259417736
0.25256132664
0.252301416777
0.252354666368
0.252555131592
0.252330674844
0.252197607261
0.252592000821
0.252785936598
0.252584923308
0.252432382978
0.252532808052
0.252330305468
0.25190478229
0.252004682957
0.252063255934
0.25172677989
0.251692283239
0.252083648632
0.252077047819
0.251921341993
0.25196827505
0.252159342382
0.251893966929
0.251538726656
0.251559003909
0.251544745109
0.251373894488
0.251374497116
0.251481822672
0.251229535023
0.250755838975
0.251030634089
0.251974474363
0.251836773752
0.251699584308
0.25222839676
0.252443388165
0.251743006443
0.251892920677
0.252315153697
0.252305184257
0.252286498047
0.252483294009
0.252660547627
0.252482555825
0.252523890305
0.253031772988
0.253268116607
0.253168811005
0.253625008484
0.255694450873
0.255971288624
0.256078382957
0.256561357661
0.257037303045
0.256623303165
0.256729878386
0.257253479842
0.257410720868
0.257367402258
0.257608122915
0.258268143615
0.25823915401
0.258266350744
0.258879040541
0.259260996429
0.2592005297
0.259292533391
0.259448305109
0.259395665307
0.259392826612
0.259673004819
0.259814541314
0.259619555604
0.2594821438
0.259776269521
0.259839925237
0.259381218032
0.259439152423
0.259863176688
0.259693906994
0.259393375487
0.259529149418
0.259584901389
0.259446458663
0.25914262574
0.259322005707
0.259266478017
0.258944016917
0.259050018358
0.259277046277
0.259025487224
0.258759713377
0.25889160848
0.258896777331
0.258609505459
0.258290666164
0.258384744577
0.258009725267
0.257643049098
0.25762368524
0.257670937928
0.257198857158
0.256770594929
0.25736881856
0.257381929544
0.256993284997
0.256974297141
0.257585106419
0.2568673292
0.25644712391
0.256723926419
0.256939374657
0.256946117656
0.257042533482
0.257385476705
0.25739264854
0.257159365063
0.257549752764
0.258260437487
0.258225110188
0.258220473816
0.259799565765
0.261803047823
0.261684557577
0.262126204014
0.262810572626
0.263238251627
0.263205442002
0.263772780545
0.264331371717
0.264332997964
0.264308880377
0.264704194152
0.265143553624
0.265115109472
0.265599467582
0.266812960945
0.266982895372
0.267033320885
0.267185404564
0.268003988623
0.267875686916
0.267915622675
0.268401100201
0.268444075987
0.268144160902
0.268455150551
0.268975460459
0.268791075181
0.268471622475
0.268735148732
0.268945369804
0.268588896014
0.26855396649
0.268872165078
0.268807696675
0.26885375788
0.268914318147
0.268957224842
0.268608716916
0.268476693139
0.268640902433
0.268498925438
0.268157186127
0.267911634553
0.268056272521
0.267850683317
0.267384009201
0.267296505499
0.267195793473
0.266465192463
0.265919331888
0.265998901882
0.265796412547
0.265433861751
0.265181412369
0.265231092699
0.264932464075
0.26445870319
0.264573391668
0.264550263608
0.263568341006
0.263351695435
0.263572766751
0.26349060028
0.263679904959
0.263845159047
0.264138527871
0.263854449068
0.263597681276
0.264423349921
0.264706469097
0.264407213771
0.264703346177
0.267203312438
0.267598770209
0.267493954659
0.268183631779
0.26886745066
0.268970950514
0.269325025871
0.270081888028
0.270392573377
0.27037445453
0.270266274001
0.270835119009
0.271034224112
0.271218341729
0.27269726633
0.274102353716
0.274112551091
0.274466211369
0.275106034144
0.276478817919
0.276576911087
0.276960515647
0.277477713717
0.277415810687
0.277503038794
0.278272844601
0.278723851216
0.278458832692
0.278538563803
0.278866455405
0.278807978801
0.278615691542
0.278843827143
0.279342388213
0.279261967315
0.279355760147
0.27955871245
0.279514014819
0.278884948218
0.27887009144
0.279053741283
0.278705870067
0.278155505165
0.278142496606
0.278092269495
0.277688767532
0.277262164807
0.277358811606
0.276929121391
0.276110845566
0.275784302723
0.275828531116
0.27540210616
0.275407387105
0.275248548568
0.274763703617
0.274568949043
0.274218781031
0.274303826549
0.273632367239
0.272899247995
0.272763915547
0.272692571503
0.272454671669
0.272575054258
0.272849842831
0.272823340107
0.272286372983
0.272091684597
0.272599755757
0.272350149028
0.27198584816
0.272727160185
0.274126092968
0.273387300028
0.273441824586
0.274029937265
0.274312262101
0.274311351437
0.27484003792
0.275427399425
0.275462939497
0.275439886786
0.275618517502
0.276118624526
0.27621995192
0.276882756418
0.279640835842
0.280340564624
0.280428423471
0.281106310038
0.282804260042
0.28412715696
0.284598124392
0.285430906625
0.285799626261
0.285801433257
0.286195112132
0.287156451284
0.287383743984
0.28739760236
0.287686087143
0.287997603869
0.28787422169
0.288016578646
0.288609855883
0.289219990251
0.28918884168
0.289404080014
0.289477081652
0.289207552745
0.288935775479
0.289103112199
0.28918212946
0.288593674839
0.288280347831
0.288422012369
0.288118359943
0.287644790432
0.287665784905
0.2876764348
0.287210023534
0.286594939702
0.286587250373
0.286505041386
0.286119668143
0.286253853709
0.285963350131
0.285813528143
0.285356567282
0.285220507459
0.28507579472
0.284338881005
0.283681096129
0.283539264795
0.282934147204
0.282622555417
0.282609977602
0.282783148817
0.282379323888
0.281777632779
0.28152515681
0.281302754517
0.280799609822
0.280618396098
0.281346361048
0.280589567869
0.279911700993
0.280002148977
0.280265325413
0.280170290411
0.280243507934
0.280829416273
0.281066503938
0.280916136371
0.280997331605
0.281540494025
0.281751451259
0.281869151261
0.28351099335
0.285934775657
0.285854991418
0.28622897418
0.287201325239
0.289288211237
0.290317200243
0.29108313264
0.291906347329
0.292077338182
0.29211782216
0.29260507332
0.293373999573
0.293536464913
0.293853925967
0.294483089391
0.294659496883
0.29471676048
0.295098219878
0.296760759696
0.297261064976
0.297290794469
0.297732853219
0.297775899217
0.29761289655
0.297980646943
0.298439878661
0.298304341767
0.297806247566
0.297854620615
0.297958554484
0.297597299307
0.297482409025
0.2977883472
0.297611204753
0.297388160005
0.29720546375
0.297202091196
0.296823648322
0.296686441981
0.296732983814
0.296414075404
0.296347993244
0.2957855245
0.295749798768
0.295381507271
0.29460277279
0.294103557059
0.293730016352
0.292730049756
0.292296116591
0.292343727905
0.292218769539
0.291808251048
0.291219271835
0.290604763266
0.290395258801
0.289838775069
0.289848118467
0.289671467788
0.288232667339
0.287799316514
0.287792945483
0.287669508521
0.287616690503
0.28780684064
0.288222426078
0.288020398076
0.287772135241
0.288105299006
0.288446781575
0.288357491299
0.288619681926
0.290811043741
0.291121216234
0.290845153251
0.291391566764
0.292505608533
0.293793326265
0.294534279343
0.295353003597
0.295804654477
0.295840866085
0.295646124007
0.296302979528
0.296764395539
0.297018111372
0.297790774814
0.298667952344
0.298709592933
0.299116040636
0.300155391017
0.302713382487
0.303119351644
0.30345979167
0.303956969558
0.30410627202
0.304626361637
0.305417694246
0.305920131825
0.305679889851
0.305589683507
0.305734467544
0.305733417823
0.305597068937
0.305911938917
0.306312686579
0.306061665588
0.305995930272
0.30606830064
0.305988308597
0.30547585885
0.305431386664
0.305448061594
0.30523311606
0.30472048911
0.304490402558
0.304411217573
0.303914068152
0.303168101551
0.302914195448
0.302180885493
0.301229083874
0.300933587579
0.300983994907
0.300605098579
0.300545593215
0.299943429267
0.299393048124
0.299368349145
0.298989084424
0.298991016971
0.297978939356
0.297038132276
0.296618825848
0.296374531355
0.29603832678
0.296054119089
0.296329428995
0.296336958264
0.29575779819
0.295434999951
0.295678979534
0.295589076258
0.295369518044
0.295853090608
0.296643963847
0.295613167125
0.295418249724
0.295850989307
0.296546547809
0.296929818597
0.297464476348
0.29801110362
0.298081782376
0.298001530923
0.297908265542
0.298570298332
0.298837635732
0.299272948841
0.300708657315
0.301142431263
0.301228317781
0.301948823995
0.304241157027
0.306409643429
0.30683212326
0.307538328674
0.307934125298
0.308309279895
0.30916657257
0.310103843544
0.310397524605
0.310326570459
0.310326052156
0.310504035972
0.310499995713
0.310726320038
0.311385283549
0.311760475863
0.311576219095
0.311667320997
0.3116885415
0.311669364853
0.311643132972
0.311664644161
0.31165282529
0.311271689895
0.310860566076
0.310953198036
0.310787510235
0.310277445809
0.309970824086
0.309747310042
0.308930417153
0.308318027491
0.308309326845
0.308241755758
0.307849379057
0.307951900152
0.307410767691
0.307506246308
0.307139548065
0.307007596385
0.30682867093
0.305832629617
0.305085633101
0.304658302801
0.304008214763
0.303678870756
0.303662966712
0.30382310899
0.303388442805
0.302708271502
0.30229818439
0.302187574843
0.301885261275
0.301755558274
0.302090332021
0.300789988563
0.300009328886
0.299848482267
0.300041154913
0.300054257933
0.300121115942
0.300523865874
0.300651629213
0.300480874858
0.300380951889
0.300723666563
0.301123080789
0.301275496118
0.302075770667
0.303164152078
0.302966444391
0.303246318014
0.304224678902
0.306900488327
0.30795420715
0.308432158058
0.309073185945
0.309310799159
0.309727794569
0.310440537898
0.311193978779
0.311327710566
0.311390957333
0.311449796158
0.311616937084
0.311772655346
0.312278337265
0.313624603987
0.313701877599
0.313629031962
0.313948932161
0.314061794537
0.314540337199
0.315086597941
0.315341904756
0.315198165578
0.314768425122
0.314777706904
0.315005423808
0.314831979571
0.314637050483
0.314676867895
0.314310178234
0.313766559019
0.313592734671
0.313595868059
0.313345461538
0.313164263943
0.313151336259
0.312869101183
0.313026728555
0.312554883505
0.312551226246
0.312206142431
0.311379935871
0.310696160581
0.310179118057
0.309244356281
0.308945635662
0.309034500678
0.308921331756
0.308366781382
0.30774798273
0.307282105039
0.30718735554
0.306855761378
0.306837048315
0.30640896646
0.304795203678
0.304402275628
0.304248303321
0.304166525775
0.303948585319
0.304024733954
0.304204586329
0.303865258901
0.303625893548
0.303714715008
0.304115182133
0.304204827816
0.30431525693
0.30515118797
0.304743865929
0.304385095925
0.30477474
0.305907962428
0.307317924267
0.307626934927
0.308051004715
0.308309176869
0.308377125009
0.308447521685
0.309107937559
0.309515574793
0.309597095683
0.309723821476
0.310005345623
0.31009730591
0.310517075625
0.311509365796
0.313167765933
0.312928593653
0.313077524382
0.313479024166
0.313941985439
0.315151866005
0.315904513868
0.316240070788
0.315965890461
0.315829216743
0.315952695642
0.316172346585
0.316138739295
0.316352007933
0.316416445241
0.315940357679
0.315693037211
0.315771111627
0.315776560635
0.315496941323
0.315428829006
0.315364976704
0.31531455216
0.314974140826
0.31492623872
0.314998600979
0.31458018596
0.313806641776
0.313400108046
0.312670657097
0.311846161206
0.311723667317
0.311871859147
0.311518920539
0.31125031866
0.310730940296
0.310471921294
0.310448048744
0.31023990854
0.310206658664
0.309194274082
0.30844757034
0.308041051967
0.307861016498
0.307584331996
0.307451991223
0.307564044658
0.307390546511
0.306657278879
0.306420479377
0.306653417204
0.30676192419
0.306676275628
0.306815339889
0.3065885892
0.305451402045
0.305197153683
0.305505451754
0.306272508109
0.306308158529
0.306379219845
0.306550314053
0.306447660142
0.306370303026
0.306307607422
0.30691591244
0.307046110954
0.307103341927
0.307447030583
0.307594505848
0.307682206575
0.308308860823
0.310060590837
0.31070002959
0.310420571546
0.310787021053
0.311123327187
0.311873413889
0.313229123055
0.313964746043
0.31409590626
0.313874974263
0.313780253986
0.313932325554
0.314085690994
0.314297089081
0.314715031007
0.314585334714
0.314146051666
0.314142964816
0.314223768983
0.314530544581
0.314608578198
0.314575542401
0.314533074683
0.314348059196
0.314109280739
0.314455729168
0.314565881864
0.314141401457
0.313718382335
0.313483620227
0.312662400754
0.312198369284
0.312351171878
0.312410701046
0.311987503053
0.311965982814
0.311643044032
0.311732755129
0.311514171072
0.311424517545
0.311330357811
0.310484749107
0.310037405164
0.309660191775
0.309345496495
0.309058096176
0.30902582282
0.309099101288
0.308537884625
0.307731249065
0.307545291938
0.307664940754
0.307572952579
0.30749488247
0.307529330947
0.306092921671
0.3054912591
0.305322292314
0.305496769586
0.305538286244
0.305214184154
0.30519674348
0.305032213778
0.30472154046
0.30457970789
0.304832572862
0.305186429718
0.305116507505
0.30518955085
0.305372690806
0.305144361971
0.305325720243
0.30609633944
0.307698491946
0.306945475629
0.30680440697
0.307094690156
0.307252910207
0.307977760225
0.308919677567
0.309447826501
0.309338119145
0.309223231829
0.309036627275
0.309227683401
0.309379811179
0.309789553102
0.310419222336
0.309787884278
0.309475272909
0.309712125452
0.309987221638
0.31072570925
0.311188959514
0.311331481822
0.311212629462
0.31086877838
0.311097204773
0.311624940382
0.311694336861
0.311468898513
0.311412045476
0.311123259747
0.310471237796
0.310405719372
0.310598845459
0.310555842709
0.310275817585
0.310249422967
0.310147893461
0.310206215227
0.310096127739
0.310044186858
0.309930560646
0.309365979686
0.308868718441
0.308590751508
0.308129592926
0.307933630742
0.3081422055
0.308074204881
0.307329034503
0.306710053254
0.306646230543
0.306622241971
0.306503572976
0.30645618182
0.306161097938
0.304918154875
0.304742218648
0.304659594908
0.304715759111
0.304409673338
0.304199929247
0.30405877444
0.303513911298
0.303186969029
0.30315817961
0.303606772724
0.303651867919
0.303475660334
0.303443371365
0.302900477612
0.302559008834
0.302807891727
0.30367350925
0.303705071462
0.302647100802
0.30254779784
0.302543523354
0.30245754247
0.302878557784
0.303495658144
0.303681189964
0.303440528217
0.303337985797
0.303336376292
0.303445035477
0.303687406624
0.304338159897
0.304735018447
0.303624728649
0.30347412849
0.303819620468
0.304432924409
0.305425006611
0.306004561964
0.306243055273
0.305951791892
0.305783884788
0.306103890366
0.306620375791
0.3066605191
0.306756218789
0.30676461025
0.306333594056
0.305956666943
0.306137630795
0.306424694155
0.306316758694
0.306190912425
0.306180675054
0.306176128679
0.305987438071
0.306382042608
0.306510285162
0.306378415797
0.305852986944
0.30557720005
