0.0
0.0158047813187
0.0223438979458
0.0273543218848
0.0315793256166
0.0352932303423
0.038646400438
0.0417313954357
0.0445948053457
0.0472861151459
0.0498284425976
0.0522452853283
0.0545506821673
0.0567567187065
0.058884717786
0.0609180985105
0.0629004176809
0.0648092470655
0.0666729374195
0.068459270329
0.0702032483937
0.0719114014067
0.073568555308
0.0752076420724
0.0767827915898
0.0783523025913
0.0798716339443
0.0813661238255
0.0828399940446
0.0842712720828
0.0856982762116
0.0870733081589
0.0884410132365
0.0897687907966
0.091076271299
0.0923683754135
0.093630406967
0.094881885253
0.0960910356508
0.0973107758709
0.0984993730269
0.0996838597395
0.100868708553
0.102005941439
0.103190122536
0.104304325529
0.105451101499
0.106549933777
0.107638186196
0.108731418645
0.10976135542
0.110826177646
0.111845965168
0.11287880326
0.113843936921
0.114807290717
0.115805594121
0.116762124582
0.117778617005
0.118679025906
0.119670386813
0.120613058731
0.121549052774
0.122513880639
0.123451234139
0.124415935913
0.125290734581
0.126220723298
0.127064576868
0.127884420221
0.128800085189
0.129609998849
0.130575885076
0.131162320587
0.132048299005
0.132866293388
0.13366998833
0.134560656067
0.135306126199
0.136184435412
0.136947759767
0.137775920403
0.138594063898
0.139403602418
0.140240594922
0.140960721775
0.141818256357
0.142347030945
0.143121024584
0.143864405946
0.144569175394
0.145418201645
0.145826484649
0.146647766811
0.14729930803
0.14804913274
0.14878008027
0.14947567118
0.150274690748
0.150895100006
0.151686213775
0.152352710873
0.153076187485
0.153779640772
0.1544178421
0.155138075331
0.155575876728
0.156239002028
0.156840475034
0.157466530146
0.158080210385
0.158607440015
0.159281630528
0.15981864444
0.160557082741
0.161144693618
0.161833861103
0.162536406133
0.16310751305
0.163870620829
0.164388089172
0.165066391894
0.165593813458
0.166158956262
0.166737677552
0.167258686431
0.167832919227
0.16815226487
0.168742942597
0.16926143723
0.169836376172
0.170458643859
0.170936151002
0.171674033744
0.172115424242
0.172813824716
0.173396274173
0.173996481483
0.174649605253
0.175112499787
0.175807001988
0.175889679975
0.17650860803
0.176989569826
0.177502154288
0.178165887082
0.178151469032
0.178870094206
0.179220580713
0.179854094264
0.180375554331
0.180913363248
0.18154537648
0.181943905534
0.182575506843
0.183064778042
0.183684417296
0.184188201391
0.184658814399
0.185323985113
0.184980040925
0.185715540563
0.18599142671
0.186621605689
0.186982731948
0.187214795026
0.187825498163
0.188098251102
0.188741217938
0.189207844066
0.189798340487
0.190300086074
0.190707400066
0.191302726326
0.191574514371
0.192203260261
0.19254715077
0.193038737029
0.193362524085
0.193389752715
0.193866722261
0.194149176692
0.194651712641
0.194784072173
0.195262657949
0.195686171492
0.196011144394
0.196653519956
0.196971369178
0.197715149695
0.198035869581
0.198543312578
0.199019665754
0.199281409492
0.199766128695
0.199962468518
0.200310440559
0.20053897235
0.20083733183
0.201128710512
0.201291011153
0.201701830318
0.201885685467
0.202460153987
0.202762093187
0.203260208274
0.203809875115
0.20402920076
0.204722655672
0.204953401732
0.20553566454
0.205858508603
0.206219065621
0.206607901803
0.206302492272
0.206781287924
0.206956241939
0.207453219677
0.207479199212
0.207726139537
0.208164338121
0.208291599774
0.208905628077
0.209262499798
0.209847665201
0.21019033423
0.210525858528
0.211003443874
0.211076977897
0.211744641244
0.211888344364
0.212509024441
0.212363024437
0.212042006159
0.212535855662
0.2125234789
0.213380022251
0.212994256754
0.213648862336
0.213884719522
0.21411094463
0.214609165846
0.215082116378
0.215700402083
0.215860567278
0.216343535822
0.216526595246
0.216524717814
0.217069027996
0.217150069195
0.217834652516
0.217142260871
0.217448821564
0.21765322615
0.217814972157
0.218328045466
0.218123613046
0.218782852179
0.218824731488
0.219291245376
0.219689857967
0.220021831909
0.220736372919
0.220763919521
0.221344596076
0.221281170641
0.221498904583
0.221733068039
0.221845083806
0.222049948992
0.221823279842
0.222033682725
0.222056474591
0.222310840276
0.22253919188
0.222635601531
0.223273547451
0.223273847856
0.224068999623
0.224183068351
0.224561957884
0.224999215136
0.225022851415
0.225512351453
0.225536893503
0.225821225938
0.225573676659
0.225566130909
0.225753479889
0.225817420581
0.226228736226
0.225822390314
0.22638653457
0.226418864567
0.226681360492
0.22714547693
0.227454941125
0.228221467213
0.228186890237
0.228703479181
0.22862917753
0.22860660037
0.229068444143
0.229072165203
0.229938637083
0.228533072526
0.228972821405
0.228911190492
0.229072422999
0.229678068442
0.229344384242
0.230098165474
0.229937095706
0.230340032887
0.230780063535
0.231219384386
0.231804877391
0.231779752107
0.232427289566
0.231494785495
0.231747358299
0.231909395468
0.232054919664
0.232891920173
0.23154508651
0.23220576908
0.231924673461
0.23233180478
0.232425360877
0.232567579424
0.2331470444
0.232940911544
0.233543406636
0.23379091287
0.234281412639
0.234635233895
0.234707654579
0.235202746479
0.234371053801
0.234670526548
0.234637748161
0.234743794676
0.234731024072
0.234468455165
0.234666768433
0.234482297715
0.234917555317
0.234777779552
0.235268678877
0.235622770744
0.235629194787
0.236448440664
0.236243931669
0.2368520711
0.236786514101
0.236915333312
0.237085272188
0.236984040668
0.2370614595
0.236520706687
0.236609210579
0.236524873308
0.236640059486
0.236760793503
0.236607550753
0.23718378797
0.236835091161
0.237486995368
0.237666325835
0.238077164606
0.238686176439
0.238553686507
0.239136146235
0.238170969072
0.238453583585
0.238483782688
0.238638414102
0.239090613109
0.237855216437
0.238353392199
0.237921562092
0.238441976507
0.238347741629
0.238655436431
0.239114759816
0.238836454178
0.239301500807
0.239745900356
0.240272441828
0.240528413472
0.240674443567
0.241112989439
0.239071724469
0.239635790059
0.2393051682
0.240007936234
0.239976200036
0.239722451384
0.240022996205
0.239522698621
0.240145448144
0.23989205835
0.240480569536
0.240642123887
0.240620654655
0.241033643429
0.241134611601
0.241799717818
0.241726046748
0.242092273936
0.241924728452
0.240901683211
0.241150704717
0.240922702623
0.241276343038
0.240579236488
0.240936998364
0.240892900705
0.240799142958
0.241224685072
0.241019980265
0.241962412823
0.241759081983
0.242196217726
0.242474599643
0.242285085543
0.24275889655
0.242461676179
0.242590836992
0.242304314466
0.242205300709
0.242090410227
0.241826354716
0.241811727929
0.241439660005
0.241726850288
0.24147572912
0.241858936989
0.242100763666
0.241834156094
0.242634960239
0.242435039707
0.243196955064
0.24323085893
0.243320041797
0.243453947433
0.242425150345
0.242627792955
0.24245639663
0.242669978764
0.242174098709
0.24213420712
0.242153895783
0.241804380451
0.242348428682
0.242059356148
0.242821007346
0.242770798189
0.24276954944
0.243097438016
0.243153618403
0.243909447719
0.243777314136
0.244350035158
0.243514125283
0.242021471407
0.242210103556
0.241848809555
0.243044616232
0.242130555494
0.243058014316
0.242657275399
0.242509434324
0.242836069939
0.242860327156
0.243595169451
0.243343322958
0.243657671175
0.243676873401
0.243522907887
0.244115969906
0.243916977787
0.244773562612
0.243141580786
0.242893542262
0.242710425818
0.242603716517
0.243114636304
0.242439604958
0.243152411143
0.242648645222
0.242957418343
0.2430596641
0.243237420042
0.244109387417
0.243690027995
0.244379959939
0.243942742335
0.243940632124
0.244036869072
0.243873386159
0.243997311974
0.243261901136
0.24326063924
0.242990661219
0.242955896908
0.242765437583
0.242574491139
0.242936277892
0.242508345116
0.243379624539
0.243065390123
0.243383163753
0.243744763083
0.243481086491
0.244179577595
0.243849042118
0.244012299622
0.243491463103
0.243144291466
0.243091748109
0.242938871288
0.24299746038
0.242298295263
0.242637938476
0.242217861073
0.242300102794
0.242515070655
0.242499086095
0.243516469036
0.243015296334
0.243427422892
0.243249025357
0.243142082991
0.24365171132
0.243515982312
0.244287511873
0.242200937195
0.241941094429
0.241571826456
0.241651084303
0.242367877299
0.242139472891
0.242891164857
0.242120088123
0.242385102457
0.242551368119
0.242806184308
0.243461987112
0.243138128534
0.243591110778
0.24262181357
0.242643196325
0.242824064559
0.242932717679
0.243989025854
0.241935595189
0.242137930922
0.24144181014
0.241821494023
0.241698542519
0.242077899501
0.242462218959
0.241863757157
0.242296521861
0.24247924429
0.242976532103
0.243326983187
0.243202348429
0.243677055771
0.24246715352
0.242640373652
0.242454833502
0.242470148063
0.242481594236
0.242066570019
0.242100078003
0.241751678592
0.241901734174
0.241320029747
0.241754213399
0.241794770585
0.241647660802
0.242380123788
0.24194806292
0.242671473639
0.242435362588
0.242489124374
0.24271693977
0.242376276851
0.242380231775
0.241798169617
0.241707226077
0.241483345484
0.241388220618
0.24124412793
0.241056087386
0.241214526123
0.240575630498
0.24109948825
0.240961436206
0.241425845686
0.242106255073
0.241648593947
0.242126417941
0.241252635691
0.241374953589
0.241449533194
0.241487618489
0.241829531267
0.240319198518
0.240353689497
0.239871003849
0.240248020833
0.240139271863
0.240786410823
0.2408986018
0.240273853812
0.240574442678
0.240888028078
0.241405558952
0.241684854276
0.241628732568
0.241806057969
0.239806923524
0.240059296235
0.239948326306
0.240604662848
0.241077998545
0.240396711651
0.240179017487
0.239531076015
0.240083206053
0.239621396595
0.240505946872
0.240376830545
0.240136115823
0.240367500726
0.240718515624
0.241382453434
0.241315952115
0.241581510359
0.241406156209
0.239930457602
0.240044797887
0.239820076826
0.240187724453
0.240000787096
0.240303707511
0.240076180411
0.239900160557
0.239982852528
0.239553496411
0.240323438408
0.239957001966
0.240309717266
0.240466226096
0.240245349205
0.240802514492
0.240424316214
0.240624527401
0.240455159227
0.24025327144
0.240149881205
0.239914029606
0.239840884312
0.239567226579
0.239566042969
0.239297865946
0.239495339689
0.239332968648
0.238986954465
0.239548662233
0.239222117977
0.240152471344
0.240169864935
0.240050214684
0.240148522945
0.239273753896
0.239361148238
0.239331960867
0.239345375948
0.23919725937
0.238835988571
0.238713158294
0.238465664669
0.238740633038
0.238558824821
0.239283311812
0.238924099583
0.238694100447
0.238851336774
0.239003781865
0.239814724947
0.239762846139
0.239998401595
0.23935484945
0.237576348428
0.237680703688
0.237670907312
0.238619009533
0.238924373958
0.239098548846
0.238457859584
0.238270915321
0.238400380442
0.238335348036
0.239027573245
0.238656236196
0.238694268655
0.238867368742
0.238996752414
0.239615178833
0.239507791732
0.240080016226
0.238993519686
0.237914968521
0.237805199736
0.237768379008
0.238409593176
0.23881745901
0.239159165488
0.23867374287
0.238751558466
0.23856028096
0.238618249293
0.239221586877
0.238844975525
0.23928174795
0.23908693832
0.238997441674
0.239208738393
0.239020365146
0.239336487772
0.239035296045
0.238973981266
0.238852549012
0.23880576742
0.238668241256
0.238713048345
0.238756654516
0.23854867915
0.238871260577
0.238482283477
0.23860699451
0.238834591748
0.238628393975
0.239417842068
0.239143997794
0.239168883633
0.238935702809
0.238574403638
0.238603485151
0.238625104202
0.23859345091
0.238520008196
0.238506395124
0.238237616817
0.238241911629
0.238309407476
0.238411946918
0.23898385263
0.238450319861
0.238473883246
0.238427340496
0.238445428861
0.239104115588
0.239019392948
0.239317189903
0.238135604329
0.237234218402
0.237259147755
0.23736915679
0.238243586963
0.238948218152
0.238920450359
0.238335236112
0.238369172503
0.238284218562
0.238454199052
0.238911340975
0.238570771377
0.23863535131
0.238521025678
0.238515100575
0.238975737718
0.238988240427
0.239820611967
0.238435288166
0.237723657339
0.237595094484
0.237712083248
0.238520596868
0.239379482185
0.239373528361
0.23899392971
0.239042098477
0.238978284676
0.239229849956
0.239540226822
0.239362123849
0.23960102318
0.239078976171
0.239025223113
0.239114051318
0.239066792408
0.239833366377
0.239641565285
0.239611704122
0.239540359498
0.239521040896
0.239472341291
0.239712363237
0.239716054807
0.239680080384
0.239840621355
0.239590721388
0.239857145326
0.239853230614
0.239845807068
0.240283968594
0.239984189143
0.240006706146
0.239803762679
0.239792079097
0.24003338276
0.24006559985
0.240125763456
0.240176681309
0.240144483368
0.239904660137
0.239994055044
0.240028486986
0.240319291725
0.240648457481
0.240170292192
0.240205931751
0.239956127149
0.240000441078
0.240421139029
0.240358716557
0.24067118639
0.239704916091
0.239478681433
0.239602717892
0.239663023614
0.240611973319
0.241010091146
0.240812865351
0.240475365179
0.240459799779
0.240447528718
0.24073655661
0.241024443405
0.240723966884
0.240754265241
0.24014498027
0.240172621228
0.240595106123
0.240615694432
0.241939343268
0.240579930431
0.240219387186
0.240237092065
0.240312104079
0.241439163106
0.24179866044
0.241710662708
0.241476725101
0.241457968841
0.241547411682
0.241832051787
0.241998963626
0.241883074434
0.242090626763
0.241188612515
0.24122994673
0.241333555599
0.241404472804
0.243041083482
0.242645576082
0.242666242255
0.242616782947
0.242530662485
0.242745944029
0.242868895337
0.242946424496
0.242907859443
0.242969656685
0.242807340954
0.243031805392
0.242987052433
0.243035314885
0.243485113011
0.243170380333
0.243255051444
0.243213383052
0.243374881153
0.243998682237
0.244011634475
0.244216065835
0.244193105232
0.244090860647
0.243949709563
0.244041026962
0.244157186829
0.244425847542
0.24461696667
0.244110661158
0.244198425037
0.24387997934
0.243969097015
0.244323374438
0.244308777289
0.244799015118
0.244268497849
0.244372624829
0.244524073801
0.244640619025
0.245534678993
0.245444116479
0.245333398785
0.24501203565
0.245011871941
0.245002148838
0.245372547559
0.245547005689
0.245192525222
0.245336820987
0.244442174725
0.244686119901
0.244979749831
0.245108084666
0.2467859752
0.245482387425
0.245579068989
0.245498323445
0.245824274759
0.24657856595
0.246550541058
0.246582536039
0.246307553981
0.246277841583
0.246315260177
0.246652492565
0.246687948881
0.246623799702
0.247099929576
0.245903595591
0.246288544644
0.246201686383
0.246858882353
0.24850360654
0.247934588718
0.248194948196
0.247932336792
0.248139401638
0.248141284019
0.248275464774
0.248379810273
0.248251150761
0.248287680321
0.248005748536
0.248325696053
0.248164708159
0.248513176316
0.24912013225
0.24881361626
0.249018345656
0.249071586924
0.24969072189
0.250163520629
0.250201859935
0.250476731411
0.250284409838
0.250353300689
0.25002369461
0.25032036081
0.250333736728
0.250569850873
0.250639500642
0.250135905757
0.250383797399
0.250103749984
0.250444882261
0.250730125227
0.250884999469
0.251314671059
0.251346180534
0.25160828721
0.251651281236
0.25204743669
0.252394440404
0.252214775727
0.252229018179
0.251715116353
0.251850114799
0.251718108463
0.252215248386
0.252142677493
0.251923767457
0.252230595334
0.251476932692
0.251993332729
0.251995954989
0.252871610852
0.253493606984
0.252855472856
0.253205337355
0.25292179526
0.253694216423
0.253657656665
0.253740554289
0.253690126552
0.253423767051
0.253318492433
0.25316255342
0.253684693792
0.253389094211
0.253929268184
0.2542238099
0.253325573317
0.254044184179
0.253480782631
0.255580229109
0.255440050291
0.255343749505
0.255630834046
0.255283421217
0.255692425438
0.255412324196
0.255778044441
0.25560558098
0.25556834347
0.255503869775
0.255143471516
0.25557046314
0.255198305395
0.256722761223
0.256752717376
0.256669737374
0.256927483098
0.256797735262
0.25826744115
0.25795819333
0.258293031978
0.258324927151
0.258184647619
0.258266654857
0.257766461695
0.258341476425
0.25799335297
0.258454620097
0.258236069602
0.258048883677
0.258246853452
0.258195156973
0.259164878482
0.259307897085
0.259622904606
0.25977477907
0.260029079886
0.260465501497
0.260370212821
0.261046699153
0.260772828437
0.260891836883
0.260609246821
0.260203373549
0.260460693689
0.260134838812
0.260811644075
0.260464793064
0.260816488497
0.260751847341
0.260589191565
0.261127577946
0.261094995684
0.262769063205
0.262097943173
0.262175329887
0.262357033462
0.262221687579
0.262821795478
0.262410405894
0.262813804263
0.262341093768
0.262269010748
0.262186408667
0.261970831678
0.26253544735
0.261898130689
0.263867624948
0.262902395801
0.263001628296
0.263465273213
0.262934445479
0.265406684004
0.264038358313
0.264602381832
0.264449034023
0.264467216043
0.26455615625
0.264301921116
0.264764161481
0.264303791156
0.264563513115
0.264216440501
0.264178790861
0.264390828856
0.263962723857
0.266972630128
0.265910449155
0.266420778074
0.26636326316
0.26649087884
0.267503398851
0.266936874539
0.267651393922
0.267218699282
0.267388505212
0.267146123328
0.266960478283
0.267344967399
0.266942778758
0.267738433928
0.267211261785
0.267449089798
0.267469529111
0.267791284978
0.269175656972
0.269156069766
0.26960549395
0.269663756364
0.270078551651
0.270146127922
0.270174364415
0.270786477523
0.270141038618
0.270645705569
0.269735280395
0.269946136022
0.269944093169
0.269867732582
0.270438471535
0.270219185215
0.271053456918
0.270751220987
0.271006575142
0.271375183024
0.271650984889
0.272884383548
0.272264757533
0.272744101828
0.272433050815
0.27271530336
0.272786236783
0.272384061313
0.272850913565
0.27203211955
0.272478911536
0.272110274942
0.272355444102
0.272520605255
0.27218532812
0.274566009132
0.273111330578
0.273951902011
0.273753794286
0.274455139885
0.275022756473
0.274200219463
0.274949287483
0.274453984102
0.274486855429
0.27438330948
0.274390530087
0.274516268469
0.274137410752
0.275126470544
0.274256174675
0.274865517617
0.274422474672
0.275043639873
0.277068700445
0.276090986867
0.277108758091
0.276429333923
0.277729289823
0.277088940846
0.277085503088
0.277600667311
0.277161835819
0.277143157037
0.276654461246
0.277033464021
0.276800666089
0.27699007962
0.277948924972
0.277386101177
0.277851638163
0.277741210238
0.279201733207
0.279572212793
0.279608683658
0.280059917658
0.279908233207
0.280748809868
0.280083179713
0.280666182967
0.280637727745
0.280376356833
0.280658516921
0.279625128374
0.280311347142
0.279896076952
0.280444720715
0.280681896305
0.280826901611
0.281399146354
0.281569416268
0.282221086635
0.282394337063
0.283055327104
0.283214408673
0.283052395046
0.283591459783
0.282904864554
0.283492224397
0.28293441243
0.28313402425
0.283033085764
0.282538631594
0.283374078633
0.282813318886
0.283451344878
0.283276587642
0.284167603544
0.284687991979
0.284203740032
0.285034645314
0.284582660262
0.286290446
0.285274743951
0.285384301479
0.285672600042
0.285309457773
0.285057556129
0.284672293909
0.285126213744
0.284613679666
0.285093787158
0.286146532684
0.28547164252
0.286306637269
0.285171488347
0.287915687906
0.286820731351
0.287088271666
0.28777165484
0.287165452267
0.288601325433
0.287384323719
0.288008504159
0.287840699578
0.287666302437
0.287409275068
0.286874452324
0.287435156366
0.286724165525
0.288434112279
0.288533463546
0.288485363434
0.288823226498
0.288465521211
0.29110028471
0.290033471819
0.290604941617
0.29062571802
0.290664476694
0.29111779258
0.290303867821
0.291257028204
0.290499635469
0.290870847592
0.290578552459
0.290202552672
0.290631445873
0.290310724163
0.291633946033
0.291533509994
0.291890240466
0.292102469098
0.292522194797
0.293409095473
0.293412157829
0.294280469488
0.293776634217
0.294138807419
0.294013491227
0.29362840939
0.294173014034
0.293208089801
0.293980293966
0.293262983364
0.293673181866
0.293959333414
0.293842227209
0.294396567327
0.294434746675
0.296221750691
0.295384202101
0.295686337182
0.296037954071
0.295994422038
0.297130903155
0.296031468431
0.296751062591
0.29626209261
0.296200226971
0.296001364017
0.295490593863
0.29599810277
0.29512795069
0.297281948296
0.296943179775
0.297254114333
0.297524071186
0.296688102749
0.299550824988
0.297366143249
0.298552451325
0.298353531107
0.298708167557
0.298986309641
0.298274390262
0.298982756959
0.298436897632
0.29822940644
0.297910185609
0.297785441544
0.297885108022
0.297254256269
0.300664156087
0.299508175624
0.300333301772
0.300041883862
0.300359233208
0.301590716256
0.300554124454
0.301603364209
0.301043341265
0.301620643719
0.301276917508
0.301052754199
0.301546322405
0.300881600066
0.301411874863
0.300708370524
0.301077548168
0.300957482633
0.301254856376
0.302787470874
0.302514957675
0.303013511076
0.303194331363
0.304099889048
0.304210847126
0.304300012862
0.30493793705
0.304214681638
0.30494539653
0.303946511025
0.304400169874
0.30428240487
0.303898071513
0.304466694434
0.303861818307
0.304818108661
0.304626593756
0.304969954063
0.305308034805
0.305729452905
0.306930650994
0.306544775877
0.307210977301
0.306994950768
0.307533950144
0.307548109731
0.306912811266
0.307622193549
0.306722928976
0.307067129638
0.306581983588
0.306696465715
0.306654114176
0.306336611821
0.308986928421
0.307960801131
0.308832854294
0.308461614411
0.309244543219
0.309546198129
0.308648006204
0.309802052295
0.309187661155
0.309868833758
0.309488670609
0.309414017779
0.309602673608
0.309216847219
0.309370510611
0.308636517183
0.30916792509
0.308432463369
0.309289988812
0.311743314978
0.310820846283
0.31207627484
0.310984075611
0.312944015397
0.311539763191
0.311573739766
0.312272404717
0.311813248055
0.312082958475
0.311500208923
0.311930334949
0.311566673415
0.311620982953
0.312123562329
0.311439740311
0.312048217421
0.311553587167
0.313472407135
0.313595250051
0.313558524964
0.314069446816
0.313995869602
0.315514628801
0.314649806228
0.315229410453
0.315130393335
0.31492744258
0.315210709706
0.314131137434
0.314990651439
0.31416461986
0.314736138727
0.314729321325
0.314690794364
0.315309800378
0.315446325711
0.316339580743
0.316531975005
0.317177334525
0.317417526955
0.317528906384
0.318228706665
0.317684611654
0.318460746366
0.317604416655
0.317855903637
0.317767197607
0.317324869248
0.317885785085
0.317133358503
0.317759192646
0.317368334456
0.318419022853
0.319326962611
0.31900890563
0.319727775824
0.319334998629
0.321259661193
0.319949447707
0.320244902741
0.320694482957
0.320365803122
0.320571084095
0.31991213889
0.320399624687
0.319861098757
0.320144192165
0.320511264497
0.319873155058
0.320485992074
0.319186832999
0.322651775463
0.322001442197
0.322413205882
0.323110396667
0.322123842653
0.324071872678
0.32211827139
0.322926920457
0.322830948846
0.322734650014
0.322572168968
0.322072303281
0.322581056266
0.321776609172
0.323045225749
0.32284338797
0.322820445364
0.323077697432
0.322362473157
0.325820584009
0.32436191881
0.325041905874
0.325116379146
0.325254602702
0.325980903938
0.32508901922
0.325946817113
0.325238938159
0.325527812585
0.325173324979
0.324859422016
0.325193187776
0.324497593085
0.325813940472
0.32534583971
0.325730383378
0.325952293547
0.326391397727
0.327517748994
0.327565765274
0.328328562625
0.328146626032
0.328635756664
0.328631105979
0.328326744637
0.328810662155
0.327695255214
0.328516886889
0.32765236554
0.328138391652
0.328122381212
0.327877618188
0.328379289825
0.328307653233
0.33025518845
0.329888950487
0.330146048119
0.330480451211
0.330511492319
0.331822431025
0.330808176245
0.3316161174
0.331243629723
0.331313072516
0.331176009566
0.330542873189
0.331033655795
0.330208423766
0.331704452956
0.331147067381
0.331357828876
0.331375339489
0.330620743698
0.334628409624
0.332788804515
0.334022716685
0.333766221793
0.333949446681
0.33418940959
0.333243476387
0.33405386923
0.333615238744
0.333286184583
0.33310318263
0.332991108474
0.332933584077
0.332421892613
0.335150715288
0.333902384722
0.334798345749
0.334223428324
0.334439977343
0.336526925187
0.335232888415
0.336466247544
0.335918972609
0.336760752066
0.336240870989
0.335991346225
0.336382227432
0.335894357576
0.335955664907
0.335303154921
0.33574416931
0.335264782497
0.335459730047
0.336901551085
0.336337434106
0.336977571922
0.337099357407
0.338255302634
0.338405591066
0.338450559007
0.339095353327
0.338729293613
0.339478721033
0.338655655052
0.338979682799
0.338636542041
0.338332132443
0.338783910083
0.338009689551
0.338903359916
0.338422571203
0.33883964528
0.339054753301
0.339413706907
0.340865924619
0.340852220896
0.341455957295
0.341434895965
0.341889457108
0.342050125527
0.341670533526
0.342373361959
0.341640636069
0.34195005197
0.341291886351
0.341432496708
0.341271205755
0.341050940752
0.342928077691
0.341918289552
0.342617071276
0.342222088437
0.343238466997
0.344795645406
0.34401558637
0.345146324701
0.344463068252
0.345310841545
0.344581077762
0.344523712654
0.344771502415
0.344488664265
0.344117890494
0.343599668747
0.344032818052
0.343182068377
0.344259522281
0.346425622589
0.34541195744
0.3466581646
0.345172127845
0.347470805077
0.346550751432
0.346477290889
0.347408791168
0.346895837304
0.347540440312
0.346763312275
0.347045448242
0.346709891221
0.346681385983
0.346573848862
0.345996185208
0.346546527401
0.345576645463
0.347737983641
0.347818310997
0.347722327427
0.348394940689
0.348095347873
0.350053023746
0.349058524676
0.349458796714
0.34962278155
0.349560930448
0.349829824523
0.348919794423
0.349455674874
0.348456670663
0.349060077809
0.348846830129
0.348763445746
0.349218357948
0.349070708719
0.350223752704
0.350257109327
0.35083939618
0.351414992823
0.351699573608
0.352437236036
0.35212641706
0.352742416564
0.352219068069
0.352531638267
0.352476770052
0.35214015397
0.352375006995
0.351424329908
0.352138441234
0.35152023241
0.352516507333
0.353077004486
0.352778524023
0.353372576608
0.353186408412
0.355591781603
0.355150930206
0.355342748309
0.35584288292
0.35539852181
0.355846631191
0.355049788387
0.355501361316
0.355082281944
0.35512671887
0.354924128905
0.354402968293
0.354837795336
0.353624627161
0.357336813406
0.356847310334
0.357097696723
0.357778315824
0.356229280817
0.359022032318
0.357079590456
0.357842336364
0.358004856485
0.357990317688
0.3580180035
0.357495495362
0.357777496471
0.357161310676
0.357571091377
0.357128816708
0.357176727668
0.357179462163
0.356122667196
0.360332027957
0.358762035902
0.359615658398
0.359807074052
0.359468594919
0.360561103342
0.359479514936
0.360184621629
0.359931798598
0.360182320879
0.359876950319
0.359540763485
0.359491343453
0.358757049549
0.359799270304
0.359142845709
0.359649243906
0.359639560751
0.359923270642
0.361416491338
0.36132375346
0.362114907067
0.362259166461
0.362678622444
0.362814480338
0.362466040287
0.362877906702
0.362305791826
0.362957988183
0.362191376291
0.362571926334
0.362114850398
0.361794091541
0.362321612325
0.361960143829
0.363681273995
0.363388195203
0.363671378364
0.364050076883
0.364273100601
0.366293868191
0.365738291463
0.3662958436
0.366097039165
0.366057288124
0.365951089349
0.365465736969
0.365851036209
0.36518925404
0.365789570362
0.365046765006
0.365259213256
0.365133524377
0.364635812302
0.369100453916
0.367372904587
0.368450557678
0.368244550546
0.36790019051
0.368929478256
0.367843170392
0.368656958006
0.368430247305
0.368407189346
0.368257405882
0.368109364256
0.367875519865
0.367553967608
0.368783751391
0.367691053755
0.368575099299
0.367647062332
0.36781795981
0.370990782639
0.369464926601
0.371064365824
0.37044237965
0.370930428619
0.370371490234
0.369873467521
0.370332280328
0.370210156087
0.370126669637
0.36965069393
0.369857549398
0.368996607932
0.36922215051
0.370314018986
0.369664205685
0.370461041893
0.370234953166
0.371488818211
0.371856287049
0.371809226498
0.37267162041
0.372455416133
0.373093084884
0.372421852674
0.372364852452
0.372240074179
0.37233929922
0.372580305824
0.371875926254
0.372446497763
0.371463790652
0.372027307603
0.372126444931
0.372246019974
0.373514894605
0.373779254167
0.374469125734
0.374676026765
0.375204156623
0.376001365413
0.375750544452
0.376259797375
0.375665022979
0.375839114995
0.375259505083
0.375559759609
0.375277079634
0.375094288637
0.375800084996
0.374817072302
0.375513635499
0.375114102883
0.376405216874
0.378457295779
0.377674954417
0.3787361922
0.378087100749
0.378912981544
0.378467937991
0.378229619873
0.378577444095
0.378437274384
0.378220035589
0.377861625608
0.378121799463
0.377219452396
0.378031433835
0.379017973253
0.378196049128
0.379349274891
0.377546309371
0.380288043785
0.379918133954
0.379701479208
0.381094795195
0.380250886188
0.380989436587
0.379907557828
0.379879022765
0.379825808295
0.379813550474
0.379507947414
0.379132375996
0.379304300654
0.378037181998
0.380100354587
0.380112822493
0.380137576348
0.380867340281
0.379982708644
0.382374124836
0.381195999542
0.381606741949
0.382143513116
0.381962047681
0.382227989099
0.381310731791
0.381407177697
0.380903180663
0.381475639624
0.38116709612
0.381134906514
0.381139409573
0.380475799825
0.381956362968
0.381718005292
0.382183150754
0.382758020446
0.383241281979
0.384169204905
0.384140985508
0.384851467605
0.384844164339
0.38491223998
0.384858119268
0.384407908461
0.384445988506
0.383804999407
0.384566942859
0.383762028618
0.38444784482
0.384255268055
0.38394964308
0.384586339931
0.384540042267
0.387215611812
0.387075589716
0.387212235778
0.387774107759
0.387279827805
0.388067495262
0.387359882388
0.387523171433
0.387294775711
0.38731544488
0.387107134209
0.386829108794
0.387013132911
0.38588978223
0.388517223648
0.387667099529
0.38799818529
0.388599614368
0.386810378521
0.390408659769
0.388281355746
0.389080694876
0.389610669704
0.389423491024
0.389543726528
0.388768861462
0.388780544653
0.388495761295
0.388272724463
0.387950909983
0.388063728232
0.387592227013
0.386501294915
0.39043774868
0.388986540682
0.390188406577
0.390278650648
0.389135643306
0.390534608493
0.389080955829
0.389993763893
0.390105061382
0.390340019375
0.390038315678
0.389419076475
0.389122954553
0.38884786901
0.389354486013
0.388790299227
0.389340720841
0.388757606652
0.388816875087
0.390654595856
0.390254938286
0.391086826979
0.391360411861
0.391714041653
0.391987188969
0.391782608197
0.392443963135
0.392259583933
0.392575907595
