0.0
0.000310217076624
0.000227620509606
-0.000260036666138
-0.00115545567909
-0.00245058126496
-0.00412568662603
-0.00614892685737
-0.00847643385115
-0.0110529856101
-0.0138133148915
-0.0166839967351
-0.0195858942067
-0.0224370702171
-0.0251560337843
-0.0276652316261
-0.0298945731575
-0.0317849120978
-0.0332912472543
-0.0343855869122
-0.0350592791392
-0.0353247410223
-0.0352165078399
-0.0347915106392
-0.0341286010227
-0.0333272841949
-0.0325057076292
-0.0317979543512
-0.0313506928828
-0.031319319225
-0.0318636547337
-0.0331433642191
-0.0353132145255
-0.0385183080219
-0.0428895034293
-0.0485390266501
-0.0555566596151
-0.064006320739
-0.0739234886988
-0.0853132710842
-0.0981494235974
-0.112374187359
-0.127899076271
-0.144606565584
-0.162352535174
-0.180969589337
-0.200270890757
-0.2200546797
-0.240108975915
-0.260216698142
-0.280160672684
-0.299728648614
-0.318718069438
-0.336940375561
-0.354224982544
-0.370422492892
-0.385407437725
-0.399080155598
-0.41136813665
-0.42222646659
-0.431637715856
-0.439611095307
-0.446180949231
-0.451404776668
-0.455360624517
-0.458144115912
-0.45986501409
-0.460643552873
-0.460606452539
-0.459882825778
-0.45859999159
-0.456879303427
-0.454832111991
-0.452555959538
-0.450131101411
-0.44761754135
-0.445052623958
-0.442449376119
-0.439795644242
-0.437054169055
-0.4341636447
-0.431040768866
-0.427583337353
-0.423674243585
-0.419186366074
-0.413988115411
-0.407949492381
-0.400948404717
-0.392876954596
-0.383647499674
-0.373198011571
-0.361496786556
-0.348545865084
-0.334383408469
-0.319084501327
-0.302760627969
-0.285557620361
-0.267652265497
-0.249247671872
-0.230567585268
-0.211849923468
-0.193339768016
-0.175282125201
-0.157914720795
-0.141461115766
-0.12612440276
-0.112081625693
-0.0994792096022
-0.0884294095677
-0.0790079376501
-0.0712527681888
-0.0651641121428
-0.0607055468612
-0.0578061870792
-0.0563638242307
-0.0562488830393
-0.0573090652175
-0.0593745058447
-0.0622632745327
-0.0657870378901
-0.0697567026883
-0.0739878386051
-0.0783057346453
-0.0825498783396
-0.0865777657797
-0.0902678640464
-0.09352169764
-0.0962649449701
-0.0984475997572
-0.100043171462
-0.101047057749
-0.101474167778
-0.101355952589
-0.100737089362
-0.0996718689373
-0.098220688861
-0.0964465917552
-0.0944122813397
-0.0921774870188
-0.0897970270698
-0.0873194119261
-0.0847860816153
-0.0822313214572
-0.0796825560529
-0.0771612087894
-0.0746837255943
-0.0722628550112
-0.0699088412897
-0.0676307132026
-0.0654371798973
-0.0633374357394
-0.0613415758003
-0.059460722637
-0.0577068739647
-0.0560924287647
-0.0546295979317
-0.0533295463425
-0.0522016090108
-0.0512523934805
-0.0504850451505
-0.0498986232263
-0.0494876842012
-0.0492421155863
-0.0491472369905
-0.0491841825346
-0.0493305870068
-0.049561514702
-0.0498506620118
-0.0501717338903
-0.0504999907179
-0.0508138677563
-0.0510965910343
-0.0513377623912
-0.0515347193735
-0.0516937284993
-0.05183076825
-0.0519719722118
-0.0521535632605
-0.0524212723949
-0.0528292636056
-0.0534384399852
-0.0543143867405
-0.0555247007553
-0.0571361250979
-0.0592113471467
-0.0618057842491
-0.0649643142787
-0.068718261412
-0.0730827639869
-0.0780544757502
-0.0836100636172
-0.0897051562887
-0.0962742450627
-0.10323116304
-0.110470438918
-0.117869252165
-0.125290090436
-0.132583930936
-0.139593749035
-0.146158480623
-0.152116974569
-0.157312113457
-0.161594749002
-0.164827503483
-0.166888224941
-0.167673098493
-0.167099287301
-0.165107078038
-0.161661497289
-0.156753360694
-0.150399735782
-0.142643859588
-0.133554418544
-0.123224331692
-0.111768940252
-0.0993236936246
-0.0860413482911
-0.0720887225488
-0.0576431231898
-0.0428883705245
-0.0280107237893
-0.0131945365408
0.00138193123364
0.0155507489125
0.0291582176101
0.0420684524904
0.0541665033746
0.0653607772487
0.0755849320103
0.0847987761005
0.0929885689614
0.100166243677
0.106367978477
0.111651825907
0.116094691556
0.119788700536
0.122836974425
0.125349225137
0.127436956244
0.129208884396
0.130766290948
0.132198843359
0.133580762133
0.13496762291
0.136393854454
0.137870929085
0.139386518326
0.140904360632
0.142365141731
0.143688132864
0.144773717375
0.145506647056
0.145759984756
0.145399616209
0.144289202766
0.142295428321
0.139293380554
0.1351718629
0.129838499234
0.123224335198
0.115287875741
0.106018243809
0.0954373836196
0.0836011376788
0.0705990957163
0.0565532373537
0.0416152268383
0.0259626602018
0.00979408167776
-0.00667671731548
-0.0232271230328
-0.0396325159393
-0.0556731137319
-0.0711407062891
-0.0858447235936
-0.0996177373187
-0.112319777569
-0.123841659383
-0.134106949022
-0.143072650878
-0.150728652041
-0.157095949406
-0.16222393389
-0.166186709947
-0.169078952593
-0.171011247958
-0.172105366934
-0.172489607002
-0.172294346416
-0.171648123162
-0.170674170874
-0.169487684385
-0.168193718663
-0.166885815703
-0.165645247694
-0.164540903975
-0.163629678395
-0.162957282222
-0.162559368722
-0.162462854566
-0.1626873253
-0.163246418199
-0.16414908488
-0.165400652967
-0.167003623915
-0.168958164614
-0.171262284655
-0.17391167691
-0.176899304467
-0.180214729307
-0.183843317657
-0.187765363089
-0.191955273512
-0.196380910764
-0.201003162932
-0.205775894753
-0.210646263262
-0.215555557841
-0.220440398702
-0.225234486727
-0.22987060957
-0.234283008002
-0.238409837603
-0.242195666491
-0.245593801862
-0.24856834992
-0.251095803773
-0.253166114358
-0.254783092624
-0.255964141676
-0.256739270523
-0.257149471217
-0.257244449784
-0.25707991696
-0.256714445217
-0.256206163451
-0.255609348519
-0.254971109951
-0.254328342894
-0.253705027929
-0.253110046991
-0.252535571368
-0.251956125462
-0.251328327111
-0.250591354744
-0.24966811248
-0.248467060474
-0.246884660953
-0.244808367482
-0.242120043382
-0.238699752534
-0.234429741478
-0.22919855441
-0.222905082757
-0.215462486764
-0.206801782268
-0.196875024698
-0.185657948979
-0.173151918267
-0.159385227017
-0.144413491966
-0.128319323559
-0.111211064909
-0.0932208297345
-0.0745016636066
-0.055224126342
-0.0355722989124
-0.0157393574558
0.00407707097602
0.0236797744847
0.0428765990266
0.06148507092
0.0793364811506
0.09627966438
0.112184053077
0.126942134385
0.140471230914
0.152714422324
0.163640879205
0.173245331283
0.181547032361
0.18858791945
0.194430407887
0.199154613527
0.202855258261
0.205638274312
0.207617195134
0.208909484364
0.209632803453
0.209901387495
0.209822557882
0.209493493893
0.208998328336
0.208405658094
0.207766551261
0.207113117088
0.206457687085
0.205792713405
0.205091333247
0.204308704115
0.203383999817
0.202243117916
0.200801970929
0.198970265769
0.196655698408
0.193768265406
0.190224781032
0.185953079027
0.180896019915
0.175014938112
0.168292440936
0.160734422496
0.152371167306
0.143257515424
0.133472025386
0.123115281714
0.112307246204
0.101183941351
0.0898934598143
0.0785915974005
0.0674371861764
0.0565873506394
0.046192927423
0.0363940454163
0.027316247521
0.0190670233706
0.0117330745808
0.00537819056829
4.19064207619e-05
-0.00426111923227
-0.00754098784937
-0.00983174443796
-0.0111899160207
-0.0116924387371
-0.0114340874779
-0.0105244534596
-0.00908458755345
-0.0072433962106
-0.00513389851958
-0.00288945712864
-0.000640091698825
0.00149100840292
0.00339066336462
0.00495847011833
0.00610906778804
0.00677382239468
0.0069018899873
0.00646060936777
0.00543525226992
0.00382814546859
0.00165723091208
-0.00104586010028
-0.00423806535787
-0.00786742835341
-0.0118756796373
-0.0162008232173
-0.0207795375087
-0.0255492913534
-0.030450088321
-0.0354258149502
-0.0404251007794
-0.0454017690082
-0.0503148424793
-0.0551282059747
-0.0598100200119
-0.0643319335998
-0.0686682046962
-0.0727948538491
-0.0766888757142
-0.0803276376999
-0.0836884476962
-0.0867483977732
-0.0894844025729
-0.0918735052033
-0.0938933517527
-0.0955228562082
-0.0967429519657
-0.097537419405
-0.0978936982297
-0.0978036546665
-0.0972642342631
-0.0962779648634
-0.0948532635042
-0.0930045189978
-0.0907519310971
-0.0881210842399
-0.085142266985
-0.0818495376
-0.0782795651978
-0.0744702727243
-0.0704593401516
-0.0662826180694
-0.0619725322955
-0.0575565569292
-0.0530558310539
-0.0484840261383
-0.0438465406885
-0.0391400840738
-0.034352718174
-0.0294643995414
-0.0244480211732
-0.0192709597746
-0.0138970605278
-0.00828898803618
-0.00241086601638
0.0037689525163
0.0102750906172
0.0171224905599
0.0243140119429
0.0318384816978
0.0396691958233
0.0477630951704
0.0560605406781
0.0644858340695
0.0729483652943
0.0813444419453
0.0895596511521
0.0974717286415
0.104953770115
0.111877688539
0.118117795466
0.123554360777
0.128077045846
0.131588097013
0.134005203575
0.135263938157
0.135319726318
0.134149282672
0.131751500878
0.128147769818
0.123381719475
0.117518412379
0.11064299349
0.102858850253
0.0942853109842
0.0850549527723
0.075310576613
0.0652019205462
0.0548822051548
0.0445045907672
0.0342186434089
0.0241669077333
0.014481686977
0.00528211972007
-0.00332835730014
-0.0112640773818
-0.0184586846051
-0.024866092037
-0.030460840608
-0.0352378251507
-0.0392114381319
-0.0424141164091
-0.0448943945914
-0.0467144961068
-0.0479475717897
-0.0486746698254
-0.0489815578466
-0.048955466397
-0.0486819155564
-0.0482416619258
-0.0477079226374
-0.0471438940569
-0.0466006862838
-0.0461156974944
-0.0457114872384
-0.0453951619396
-0.0451583006406
-0.0449774073552
-0.0448148846091
-0.0446205010455
-0.0443333133459
-0.0438839951044
-0.0431975076783
-0.0421960414398
-0.040802141477
-0.0389419223406
-0.03654826787
-0.0335639043162
-0.0299442361226
-0.0256598191325
-0.0206983760083
-0.0150662422306
-0.00878917057248
-0.0019124166606
0.00549990417293
0.0133662153502
0.0215895852562
0.0300604821966
0.0386600794101
0.0472639860169
0.05574620656
0.0639832526177
0.0718580891183
0.0792638939066
0.086107370294
0.0923114597502
0.0978174306845
0.102586185565
0.106598821306
0.109856371602
0.112378869422
0.114203733673
0.115383636341
0.115983974034
0.116080043476
0.115754134252
0.11509261021
0.114183173955
0.113112346072
0.11196332187
0.110814195831
0.109736640566
0.108795024802
0.108045969251
0.107538296044
0.107313326813
0.107405471197
0.107843017357
0.108649062667
0.109842488216
0.111438907081
0.113451505573
0.115891713716
0.118769651777
0.122094314651
0.125873475318
0.130113290519
0.134817658335
0.139987348522
0.145618966073
0.151703829216
0.15822687152
0.165165624476
0.172489427076
0.180158921362
0.188125928387
0.196333764321
0.204717997538
0.213207709082
0.221727139621
0.230197745192
0.238540489977
0.246678319453
0.254538633681
0.262055661006
0.269172543806
0.27584308102
0.282032927838
0.287720288957
0.292895947922
0.297562721958
0.301734299687
0.305433560643
0.308690459372
0.311539569716
0.314017432091
0.316159843466
0.31799918147
0.319561956664
0.320866643809
0.321921922043
0.322725392825
0.323262826473
0.323507971485
0.323422930333
0.32295909165
0.322058585521
0.320656209669
0.318681760587
0.316062685666
0.312726975982
0.308606187091
0.303638486768
0.297771629753
0.290965732496
0.283195762319
0.274453625936
0.264749777409
0.254114269178
0.242597198117
0.230268491769
0.217217062234
0.203549289805
0.189386932616
0.174864488468
0.160126104282
0.145322147955
0.130605561506
0.116128124611
0.102036725664
0.0884698339649
0.075554219007
0.0634020829
0.0521086296978
0.0417502094245
0.0323829926368
0.0240422822994
0.0167423804681
0.0104770547346
0.00522052394122
0.000928930215617
-0.00245777356374
-0.00501356849646
-0.00682384881499
-0.00798267781124
-0.00858991652521
-0.0087482780551
-0.00856038803792
-0.00812591118505
-0.00753881247569
-0.00688481363536
-0.00623910626952
-0.00566437996125
-0.00520921934407
-0.00490692173832
-0.00477478209934
-0.00481387355338
-0.0050093552691
-0.0053313082887
-0.00573609890439
-0.00616823818622
-0.00656268236323
-0.00684752654385
-0.00694698190549
-0.00678452831808
-0.0062861533955
-0.00538352004817
-0.00401694053472
-0.00213804963428
0.000287956476077
0.00328061826627
0.00684308289136
0.0109616292661
0.015605838893
0.0207294158769
0.0262716004183
0.0321591024296
0.038308469706
0.0446287889202
0.0510245739728
0.0573987802785
0.0636557631697
0.0697041336708
0.0754593591875
0.0808461042525
0.0858001809252
0.0902701324416
0.094218381151
0.0976219591027
0.100472816521
0.102777728537
0.104557824523
0.105847769952
0.10669463453
0.107156486039
0.107300749055
0.107202371264
0.106941843452
0.106603120744
0.106271494976
0.106031474911
0.105964724899
0.106148125072
0.106652000426
0.10753857552
0.10886070163
0.110660889496
0.112970672858
0.11581032168
0.119188885155
0.123104571428
0.127545406075
0.132490133801
0.13790930994
0.143766504376
0.150019561034
0.15662186738
0.163523519272
0.170672408807
0.178015124458
0.185497700831
0.193066177254
0.200666987158
0.208247181966
0.21575454471
0.223137609956
0.230345628402
0.237328529229
0.244036905084
0.250422056134
0.256436114164
0.262032274675
0.267165129527
0.271791107107
0.275869027101
0.279360737059
0.28223182595
0.284452389038
0.285997816665
0.286849576661
0.286995959185
0.286432743657
0.285163755317
0.283201268591
0.280566220176
0.277288199404
0.273405179535
0.268962976412
0.264014411138
0.258618189222
0.252837506779
0.246738429119
0.240388074832
0.23385269136
0.227195709003
0.220475870703
0.213745502576
0.207049086489
0.200422170282
0.193890732795
0.187471028326
0.181169974187
0.174986031023
0.168910603436
0.162929824089
0.157026692197
0.151183396776
0.145383751778
0.139615541896
0.133872674897
0.128157025216
0.122479820616
0.116862550245
0.111337261814
0.105946318594
0.100741547159
0.0957828639369
0.0911364282923
0.0868724165037
0.0830625247055
0.0797773055589
0.0770834608413
0.075041205298
0.0737018071809
0.0731053983784
0.0732791388903
0.0742358031862
0.0759728311799
0.0784718780239
0.0816988735868
0.0856045851268
0.0901256653354
0.0951861432106
0.100699318528
0.106569982949
0.112696904949
0.118975495624
0.125300554404
0.131569032358
0.137682684615
0.143550558853
0.149091210827
0.154234596635
0.158923563696
0.163114907655
0.166779967147
0.169904744617
0.172489565439
0.174548298284
0.176107187477
0.177203336373
0.177882943749
0.178199311562
0.178210763701
0.177978489681
0.177564440903
0.177029292911
0.176430575319
0.175820983695
0.175246938899
0.174747391253
0.174352918316
0.174085098984
0.173956186003
0.173969064109
0.174117489233
0.174386593471
0.174753646608
0.17518904792
0.175657532543
0.176119562889
0.176532876882
0.176854156739
0.177040777104
0.177052586622
0.176853670922
0.176414036292
0.175711160556
0.174731341278
0.173470788819
0.171936394762
0.17014614465
0.168129118175
0.165925071781
0.163583579901
0.161162756291
0.158727597638
0.156347989119
0.15409644317
0.152045674657
0.150266094545
0.148823338268
0.14777591855
0.147173148392
0.147053341942
0.147442461384
0.148353179675
0.14978444583
0.151721530516
0.15413653059
0.156989318517
0.160228846479
0.163794744134
0.167619154185
0.171628659673
0.175746277136
0.179893408627
0.183991670014
0.1879645675
0.19173893953
0.195246154958
0.198423049324
0.201212580559
0.203564228212
0.205434143423
0.206785088401
0.207586196657
0.207812600135
0.207444969089
0.206469013199
0.204874993777
0.202657294697
0.199814090776
0.196347154972
0.192261816353
0.187567104604
0.182276053328
0.176406167721
0.169980013073
0.163025882727
0.155578472895
0.147679529711
0.139378333884
0.130732014762
0.12180554476
0.112671436741
0.103409028546
0.094103380759
0.0848437742542
0.075721839584
0.0668293754444
0.0582559730052
0.0500864687074
0.0423984638605
0.0352599415602
0.0287271330323
0.0228427541173
0.0176347439515
0.0131155048883
0.0092817446741
0.00611494225945
0.00358239871392
0.0016388374079
0.000228493058828
-0.000712400493481
-0.00125284273391
-0.00146411140921
-0.00141676399023
-0.00117770129109
-0.00080740920507
-0.000357478147382
0.000131500833148
0.000631593640382
0.0011286733934
0.00162301928225
0.00212934242618
0.00267623387859
0.00330504292422
0.00406822591811
0.00502720825546
0.00624983366894
0.00780748244445
0.00977197455852
0.0122123551318
0.0151916920051
0.0187640286452
0.0229716158411
0.0278425321973
0.0333888243
0.0396052480125
