0.0
0.00597475634015
0.0122075259237
0.0189108562098
0.0262535501933
0.0343544031299
0.0432828141737
0.0530638390093
0.0636852663079
0.0751045898799
0.087255326361
0.100052589947
0.113396996821
0.127178744152
0.141280084555
0.155578192327
0.169947008649
0.184259232931
0.198388075527
0.212208282452
0.22559821256
0.238440157496
0.250622229515
0.262038965399
0.272592469659
0.282193171813
0.290760789849
0.298225165186
0.304526893196
0.309618437981
0.313464337948
0.316042506941
0.317344511208
0.317376541419
0.316159711193
0.313731018063
0.310144009018
0.305469029152
0.299794161504
0.293225228778
0.28588683249
0.277921708069
0.269491230248
0.260774314828
0.251966006458
0.243274747895
0.234917464522
0.227113088802
0.220072236291
0.213985563799
0.209008416345
0.205247182906
0.202746364035
0.201481978852
0.201361751155
0.20223242882
0.203893228552
0.206111513981
0.208639173321
0.211225752075
0.213629394738
0.215623522393
0.217001399515
0.217578352248
0.217192708314
0.215706361493
0.21300445289
0.208996626413
0.203616998524
0.196827396602
0.188620586117
0.179027379109
0.168127586035
0.156069667703
0.14310403593
0.12964024434
0.116345420697
0.104293688967
0.0951260502816
0.0909731003944
0.0937140053422
0.103848241875
0.120358308524
0.141672822281
0.166425457941
0.1936245754
0.222572123715
0.252758384683
0.283787940987
0.315334634078
0.347115713436
0.378876744128
0.410383510784
0.441417210918
0.471772380967
0.501255761969
0.529686168442
0.556894636062
0.58272490418
0.607033783261
0.629691702116
0.650582964742
0.669606049053
0.686673661269
0.701712695735
0.714664002244
0.725482167663
0.734134983618
0.740603087812
0.744879280693
0.746968073498
0.74688498218
0.744656023621
0.740317185681
0.733913839866
0.725500426421
0.715139905414
0.70290359999
0.688870738793
0.67312832498
0.655770865403
0.636900164987
0.616625092598
0.595061314986
0.572331050389
0.548562617365
0.523890093549
0.498452607154
0.472393881426
0.445861320026
0.419005272162
0.391978159408
0.364933347085
0.338024477556
0.31140417269
0.285223561296
0.259631318406
0.234773822952
0.210794780043
0.187836937188
0.166043686489
0.145563028095
0.126554294157
0.109196511335
0.0937020175028
0.0803278739545
0.0693774815154
0.061159459462
0.0558755028214
0.0534475085471
0.0534337269109
0.0551505943644
0.0579049110109
0.0611501848471
0.0645193435209
0.0677989996975
0.0708838192918
0.0737461651415
0.0764082279359
0.0789269913309
0.0813819413792
0.0838658515276
0.0864798985642
0.089325997826
0.0925051190338
0.0961112156646
0.100231121391
0.10494157492
0.110309727916
0.116392773712
0.123238721876
0.13088799609
0.139373113909
0.14872029886
0.158948529456
0.170070717941
0.182092189831
0.1950109792
0.208816757035
0.223490491467
0.239004193614
0.255320021533
0.272391174916
0.290161089862
0.308564439971
0.327527028044
0.346966828455
0.366794502256
0.386914088512
0.40722411896
0.427618286807
0.447986631673
0.468216083456
0.488191628902
0.507796988862
0.526915619871
0.545431269973
0.563228771528
0.580194788386
0.596218244713
0.61119117792
0.625009039477
0.637571471853
0.648782682241
0.658552148896
0.666795076535
0.673433060292
0.678394718113
0.68161627987
0.68304241168
0.682626745996
0.680332876892
0.676134763852
0.670017816214
0.661979350408
0.652029401757
0.640191186662
0.626501747095
0.611012278443
0.593788426009
0.574910532173
0.554473475536
0.532586792086
0.509374252909
0.48497375075
0.459536758886
0.433228119716
0.406225936031
0.378721491786
0.350920204506
0.323042678548
0.295327838928
0.268037221716
0.241462878576
0.215938520755
0.191856417608
0.169688784172
0.150008667581
0.133493201415
0.120865700756
0.112725927303
0.10927647933
0.110121535368
0.114345025753
0.120821825943
0.128509146702
0.136578306184
0.144423498787
0.151620634879
0.157882128171
0.163020197048
0.166921880939
0.169532490932
0.170846284295
0.170901319904
0.169778151967
0.167601475158
0.164544054191
0.16083283607
0.156755585796
0.152666934259
0.14898836205
0.146197739746
0.144799418196
0.145271844278
0.147999066322
0.153208006435
0.160936681422
0.17104686846
0.183270412943
0.197265810052
0.212665682909
0.229107586525
0.246250583315
0.263781430573
0.281415656339
0.298895937732
0.315989860743
0.332487985159
0.348201881116
0.362962809345
0.376620775749
0.389043851753
0.400117695018
0.409745020328
0.417845317481
0.424354581838
0.429224881092
0.43242400747
0.433935016424
0.433755778425
0.431898466964
0.428388944485
0.423266338355
0.416582275009
0.408400446493
0.398795898039
0.387854652798
0.375672960327
0.362356929039
0.348021910646
0.332792179854
0.316800645924
0.300188253737
0.283104133969
0.265705239268
0.248156887847
0.230632640889
0.21331540379
0.196397993944
0.18008422373
0.164590096159
0.150142997438
0.136979300339
0.125335435773
0.115431517846
0.107441921027
0.101457988972
0.0974521186002
0.0952630361144
0.0946142510984
0.0951621046371
0.096552986585
0.0984693252931
0.100655569216
0.102926703945
0.105165330266
0.107313548849
0.109362685759
0.111342799304
0.113312520393
0.115348510001
0.117535543348
0.119957086649
0.122685729977
0.125776750573
0.129261852736
0.133147094974
0.137412479935
0.142014727957
0.146890718576
0.151962481133
0.157142779226
0.162339151266
0.167459171821
0.172413145836
0.177117885892
0.181498285916
0.185489668382
0.189039020456
0.192106050429
0.194664290779
0.196701411046
0.198220105145
0.199238036803
0.199788428004
0.199919308482
0.199693564348
0.199187681859
0.198490183492
0.197699827802
0.196921957379
0.19626540398
0.195836874447
0.195736606635
0.196051680354
0.196851275282
0.198181606991
0.200062419126
0.202485870084
0.205416233054
0.208792687831
0.212532343342
0.216535613194
0.220690167926
0.224876424241
0.228971699475
0.232853967369
0.236405423518
0.239514590434
0.24207934917
0.244007840636
0.245221328587
0.245655044603
0.245260655963
0.244008244257
0.241889016598
0.238918756757
0.235141876738
0.230636880204
0.225522244373
0.219964812642
0.214187559254
0.208478340401
0.203195237082
0.198766503918
0.195677760188
0.194441853204
0.195548876507
0.199402943184
0.206264356234
0.216216650578
0.229171477353
0.244903616313
0.263099736648
0.283403592633
0.305448718414
0.32887851675
0.35335582417
0.378566372983
0.404218791196
0.430043248921
0.455789771141
0.481226651302
0.506139267908
0.530329175444
0.553613523294
0.575824705188
0.596810199058
0.616432307827
0.634568048033
0.651109017512
0.665961104482
0.679044186548
0.690291753768
0.699650427887
0.707079397889
0.712549919913
0.716044605229
0.717556863
0.717090251402
0.714657901153
0.710282001247
0.703993273967
0.695830613581
0.685840709173
0.674077836655
0.66060361118
0.645486925263
0.62880388969
0.610637767199
0.591079056852
0.57022546217
0.54818196668
0.525060784897
0.500981444666
0.476070741187
0.450462673375
0.424298498751
0.397726815067
0.37090380053
0.343993689778
0.317169790406
0.290616128116
0.264530421965
0.239128479988
0.214651454829
0.191376435853
0.169631383887
0.149813874721
0.132408375487
0.117984159454
0.107138046109
0.100339155548
0.0976992058467
0.098825567326
0.102916172266
0.109028479509
0.116312978533
0.12411179035
0.131959481298
0.139545695618
0.146675490876
0.153237136183
0.159179238059
0.164494518713
0.169208867111
0.17337323683
0.177057891352
0.180347685395
0.183338280973
0.186132507559
0.188837180253
0.191559857859
0.194405783465
0.197474649851
0.20085792174
0.204636297118
0.208877796163
0.213636477127
0.218951908179
0.224849389012
0.231340880031
0.238426338977
0.246095553325
0.254329980597
0.26310461027
0.272389625576
0.282151860632
0.292355881468
0.30296482335
0.313940870043
0.325245498011
0.336839522592
0.348682953213
0.360734780967
0.372952666689
0.385292595226
0.397708575054
0.410152350212
0.422573163051
0.434917600576
0.447129503872
0.459149986023
0.470917487514
0.482367939471
0.493435019828
0.50405041293
0.514144224259
0.523645369442
0.532482080674
0.540582413943
0.547874823638
0.554288785546
0.55975545563
0.564208312857
0.567583971328
0.569822858198
0.570870052219
0.570676049145
0.569197590992
0.566398455144
0.562250293063
0.556733396161
0.549837452195
0.541562188486
0.531918047293
0.520926704188
0.508621509905
0.495047813684
0.480263233041
0.464337699764
0.447353532742
0.429405289839
0.410599589412
0.391054925795
0.370901414914
0.350280665305
0.329345684922
0.308261172165
0.287203999674
0.266364114994
0.245946168185
0.226171379322
0.207280000873
0.189533167022
0.173212796247
0.158616436878
0.146042465923
0.135760024846
0.127962225825
0.122711276963
0.119898053218
0.119240918095
0.120331332334
0.122706403262
0.125917455839
0.12957572587
0.133373302915
0.137086237326
0.140569588544
0.143749315782
0.146614479591
0.149210531307
0.151633636446
0.154024760651
0.156562965536
0.159456224709
0.162929214894
0.167207988727
0.172502540084
0.178989161032
0.186795946448
0.195993748094
0.206593845487
0.21855156573
0.231774547812
0.246132858319
0.261469323085
0.27760849573
0.294364266702
0.311545335452
0.328959650358
0.346417323499
0.363733094825
0.380728028159
0.397230928876
0.413079556259
0.428121537832
0.442215239702
0.455230482468
0.467049143654
0.477565662992
0.486687320885
0.494334642936
0.500441385534
0.504954718631
0.507834985517
0.509055692966
0.508603164357
0.506476351217
0.502686410771
0.497256446101
0.490221063151
0.481626114569
0.471528301494
0.459994908744
0.447103587066
0.432942173239
0.417608586811
0.401210910803
0.383867417762
0.365706943381
0.346869296989
0.327506150192
0.307782075872
0.287876136289
0.267984105475
0.248321495454
0.229127128069
0.210667510622
0.193240894216
0.177179141015
0.162843628343
0.150608168398
0.140821743494
0.133747527531
0.129490419535
0.127944026083
0.128791340053
0.131564755545
0.13573563198
0.140793356173
0.146293350694
0.15187532799
0.157262309039
0.162251430147
0.166701907185
0.170524278327
0.173670881409
0.176128480431
0.177912188389
0.17906066713
0.179632285426
0.17970147065
0.179355876786
0.178693375755
0.177819002577
0.176842097037
0.175872931213
0.175019253332
0.174382458098
0.174054131826
0.174112294962
0.174618636602
0.17561628352
0.177128708591
0.179160031694
0.18169615074
0.184707299673
0.188150767126
0.191974503297
0.196120153599
0.200526298199
0.205130927488
0.209873563511
0.214696840741
0.21954757672
0.224377486347
0.229143467548
0.233807723727
0.238337543553
0.242704999309
0.246886466502
0.250862088297
0.254615123344
0.258131264112
0.261397947273
0.264403678268
0.267137329197
0.269587520469
0.271742097694
0.27358765088
0.275109182095
0.276289948389
0.277111403733
0.277553375954
0.277594378358
0.277212184592
0.276384579378
0.275090397547
0.273310715294
0.271030449836
0.268240173162
0.264938317655
0.261133732437
0.256848732466
0.252122600961
0.247015694901
0.241614049918
0.236034479433
0.230429681161
0.224993037499
0.21996181213
0.215617001782
0.212277618347
0.210286992853
0.209989517486
0.211699334852
0.215665839397
0.222044600757
0.23088188843
0.242116348511
0.255595765421
0.271101935916
0.288376009271
0.307139794291
0.327111142923
0.348013498137
0.369581362758
0.391562935032
0.413720992342
0.435833031781
0.457691018426
0.479101083605
0.499883263906
0.519871276915
0.538912387969
0.556867318963
0.573610089825
0.58902797818
0.603021295738
0.61550322616
0.626399443109
0.635647824895
0.643197953557
0.649010693021
0.653057655334
0.655320673229
0.65579126442
0.654470117687
0.651366607489
0.646498359515
0.639890895855
0.631577296401
0.621598044496
0.610000816673
0.596840433778
0.582178881711
0.56608540547
0.548636597211
0.529916637999
0.51001758283
0.489039649712
0.467091614954
0.444291340626
0.420766482528
0.396655295961
0.372107945625
0.347288261287
0.322376309054
0.297572113506
0.273101124727
0.249221912519
0.22623703151
0.204506968552
0.184466277162
0.16663622329
0.151619477306
0.14005082208
0.13247541649
0.129166067048
0.129973974527
0.13433447381
0.14143675792
0.150434617471
0.160586331289
0.171304483063
0.182150826237
0.192810351051
0.203063647925
0.212763490846
0.221817527767
0.230175317344
0.237819170321
0.244757357788
0.251019136797
0.256650745954
0.261712338669
0.266275183915
0.270419248487
0.27423088853
0.277800398872
0.281219756946
0.284580143463
0.287969463792
0.291469865143
0.295155405017
0.299089841602
0.303324864262
0.307898669804
0.312835173204
0.318143733963
0.32381954003
0.329844527224
0.336188787873
0.342812339823
0.349667154263
0.356699267972
0.363850951745
0.371062723486
0.378275221767
0.385430849343
0.392475148664
0.399357932115
0.40603407409
0.412464105731
0.418614482793
0.424457654121
0.429971864315
0.435140805479
0.439953063835
0.444401446398
0.448482186582
0.45219408444
0.455537599609
0.458513934489
0.46112415587
0.463368312671
0.465244764845
0.466749477726
0.467875544801
0.468612796102
0.468947646417
0.468863002332
0.468338429348
0.467350408612
0.465872792478
0.463877374074
0.461334551904
0.45821418356
0.454486405412
0.450122564163
0.445096203634
0.439384044262
0.43296690455
0.425830710664
0.417967328277
0.409375440376
0.400061276006
0.390039284038
0.379332738272
0.367974206271
0.356005960939
0.343480294832
0.330459813026
0.317017571472
0.30323731769
0.289213638206
0.275052153212
0.260869714231
0.246794685892
0.232967096096
0.219538680002
0.206672386712
0.194541089738
0.183324576236
0.173204258995
0.164354413714
0.156929880752
0.151050560187
0.146785657071
0.144141467946
0.143057478845
0.143413210777
0.14504460435
0.147765435196
0.151388769343
0.155744020573
0.160688207033
0.166111791342
0.171940095541
0.178131685005
0.18467488453
0.191583187207
0.198889898348
0.20664239799
0.2148962145
0.223709153914
0.233135715095
0.243222066223
0.254001795223
0.26549258132
0.27769413177
0.290586941471
0.304132251475
0.318272857332
0.332934543062
0.348027937988
0.363450804948
0.379090348705
0.394825713523
0.410530262926
0.426073950402
0.441325388907
0.456153880505
0.470431198483
0.484033236209
0.496841470345
0.508744170339
0.519637574839
0.52942670042
0.538026100407
0.545360449094
0.551364874285
0.55598519636
0.559178046984
0.560910852413
0.561161714384
0.559919201402
0.557182078639
0.552959022392
0.547268289103
0.540137386773
0.53160274861
0.521709480457
0.510511067078
0.498069205824
0.484453686376
0.469742301917
0.454020903884
0.437383519604
0.419932605115
0.401779411386
0.383044650187
0.363859120909
0.344364920411
0.324716731404
0.305083727541
0.285651800555
0.266626314434
0.248234989591
0.230730703659
0.214392627997
0.19952410185
0.186443405513
0.17546383273
0.166859878561
0.160821936977
0.157411067168
0.156531615841
0.157937476683
0.161271732144
0.166122885479
0.172077834226
0.178758694026
0.185841692562
0.19306205358
0.200211358885
0.207130885596
0.213704350812
0.219850858685
0.225518838524
0.23068101382
0.235330223213
0.239476156691
0.243142362382
0.246364110192
0.249186310848
0.25166180873
0.253849647192
0.255813569887
0.257620327376
0.259338081485
0.261034571682
0.262775321658
0.264621692698
0.266628861877
0.26884399832
0.271304412672
0.274036148166
0.277052724821
0.280354537573
0.283928578719
0.287748822609
0.291777072945
0.295964211851
0.300251887766
0.304574418174
0.308860892695
