0.0
0.00507514216196
0.0043155568714
0.00167999091096
0.00621227511386
0.00340181017192
0.00439100093052
0.006810286903
0.00221086121863
0.00711086280017
0.00616821703226
0.00417317960651
0.0083807901157
0.00402540898747
0.00715719266634
0.00765642327401
0.00367958668322
0.00846326235512
0.00497605539541
0.00590425051064
0.00777285394799
0.00256260379365
0.00708605062284
0.00517559516923
0.00345716526118
0.0067543238954
0.00209919247849
0.00462987012956
0.00516739017593
0.000342069303913
0.00503867485654
0.00387787561413
0.00156216356977
0.0055259329777
0.00311615041144
0.00358674939166
0.00616665371738
0.00181819887689
0.00610938216175
0.00598239916541
0.00314368764131
0.00778422732962
0.00412904532535
0.00623543918979
0.00769546040071
0.00319388719424
0.00809720568394
0.00553119571713
0.00532941882109
0.00811253986849
0.0029523637807
0.00707995203166
0.00588536804369
0.00336839504767
0.00718825360377
0.0027642942957
0.00483791922288
0.00552356063559
0.00065745175451
0.00525766221122
0.00370035971269
0.00178002017013
0.00514760414701
0.0027409171148
0.00317400618901
0.00549060976314
0.00148133666397
0.00515108765008
0.00555061978758
0.00216798094903
0.00697445470097
0.00411267437834
0.0051853107483
0.00746584235673
0.00280391217877
0.00749541176123
0.00588251577494
0.00462762979132
0.00817154877983
0.00337993541532
0.00682529425125
0.00643862834723
0.00319330373977
0.00742966789083
0.00352219283853
0.00486795158256
0.00600780934293
0.00111728583969
0.00556114168538
0.00388404465497
0.0020609420437
0.00511987536724
0.00238754485435
0.00315676025214
0.00492839216378
0.00117571512459
0.00439845603688
0.00497380900025
0.0013932107136
0.00608981024482
0.00397209678929
0.00414869327235
0.00700797323817
0.00255189572879
0.00671606019159
0.00597847082973
0.00386949728374
0.00791917924714
0.0037596632833
0.00631861223922
0.00676738700951
0.00300390416332
0.00742793326418
0.00425680966341
0.00471951377645
0.00646370516711
0.00173107334468
0.00579258581068
0.00434731934901
0.00228833278412
0.00532330559706
0.00227977256286
0.00333650282448
0.00463381878162
0.00095995668181
0.0039819712423
0.00439396466019
0.00100687558796
0.00527955896147
0.00370099687425
0.00325168036704
0.00636845040421
0.00237848171839
0.00581922988663
0.00581477084048
0.00311861784154
0.00738437243998
0.00404007798117
0.00561443359852
0.00685864783485
0.00289074711958
0.0071846746798
0.00486919722155
0.0044305761874
0.00675963849611
0.00239602596735
0.00583893616041
0.00489775989774
0.00242788282871
0.00557348484925
0.00255036932783
0.00350496785954
0.00465640310881
0.000960978547544
0.00389981544483
0.00395564376945
0.00105381086413
0.00466839159549
0.00332614856899
0.00260014016545
0.00562681234791
0.00222521404989
0.00489779014692
0.0054470021746
0.00246137999945
0.00665136676355
0.00418849158201
0.00480784620412
0.00671547539866
0.00287392966998
0.0067170776378
0.00526849766934
0.00403441024972
0.00680849480309
0.00299606089318
0.00564739965444
0.0053717941423
0.00249765237231
0.00573857066946
0.00307352767917
0.00357299424125
0.00489511734087
0.00125401181532
0.00401654091313
0.00376576430092
0.00129238542164
0.00432757608387
0.00294182319296
0.00227646721266
0.00490929501791
0.00208597526171
0.00408389311898
0.00496097422113
0.00198874733712
0.00582609083677
0.00417017246481
0.00399442063621
0.00634407916054
0.0028823134047
0.00605406406916
0.00540868568724
0.00356856893714
0.00659443692503
0.00346554189153
0.00524335715825
0.00568408356574
0.00256441878363
0.00576463306483
0.00364470160492
0.00354284753811
0.00518172365537
0.00173049169275
0.00416860892481
0.00383123477755
0.00155677367667
0.00423926296158
0.00268988263806
0.00226441176546
0.00435659642809
0.0019784548088
0.00350835126821
0.00444034430108
0.00174073093965
0.00500966320944
0.0039767541923
0.0032572619721
0.00578160846181
0.00285473138855
0.00526252952298
0.00531370883107
0.0031074405589
0.00617243015243
0.00378485034187
0.00471318584616
0.00580131642275
0.00267764666458
0.00563557816886
0.00411576753255
0.00343852870348
0.00537542311172
0.00224740711216
0.0042424507809
0.00405143670471
0.00181094278763
0.00430543442162
0.00267644953583
0.00243406220511
0.0040546427977
0.00193940028981
0.00323038245319
0.00396716056708
0.00170053770354
0.00429817368564
0.00366419627257
0.00268885413167
0.00511879205955
0.00280056108886
0.00445518238374
0.00505264860141
0.00274559820813
0.00562478724277
0.00394586183954
0.00415038137646
0.00570982472481
0.00281353697673
0.00534437360815
0.00440713823574
0.00327963354817
0.00540426370976
0.00271860278085
0.00419763637043
0.00429961589767
0.00207374896844
0.00441174751078
0.00288221689566
0.00265953187641
0.00397833692949
0.00202466612073
0.00319309728671
0.00362479321411
0.00183099117439
0.00377892923178
0.00334228724933
0.00238480672291
0.00447656722636
0.00275998249151
0.00375580028009
0.00469268334824
0.00253448085191
0.00501672410549
0.00394638612531
0.00361817601025
0.00541740829022
0.00292269797227
0.00490677108019
0.00450641114351
0.00310181404827
0.00526485692996
0.00310229456554
0.00405325592967
0.004480087447
0.00235765617934
0.00446746242196
0.00318010056618
0.00286288961647
0.00401448533492
0.00224165638229
0.00327171122772
0.00345881124391
0.00207399109526
0.00349485992358
0.00311480695415
0.00236831821816
0.00395364701141
0.00275566625607
0.00325344055617
0.00428275133974
0.00246643833825
0.00439666444726
0.00381569108424
0.00316698432205
0.00497121489238
0.00299438959024
0.00438104640574
0.0044480667214
0.0029573654322
0.00498940299707
0.00336832155404
0.00384387950671
0.00452918745712
0.00262482790868
0.00441002845705
0.00343583466753
0.0029951907206
0.00404893592151
0.00251947978787
0.00336684898855
0.00343758312899
0.00236269659483
0.00341444304804
0.00302026817925
0.00255241689507
0.00359175141027
0.00279193103704
0.00298462248617
0.00387039244654
0.00252405358928
0.00382546398269
0.0036222927839
0.00286523176078
0.00445233159734
0.00305148549724
0.00385362636523
0.00427468969489
0.00287692288611
0.0046085732221
0.00349421228198
0.00358817313332
0.00441809077567
0.00281985903536
0.0042175455906
0.00357758495272
0.00304366944055
0.00402698503567
0.00277493798812
0.00343823463511
0.00347849684793
0.00264111895046
0.00345333747107
0.00302091421655
0.00281604673662
0.00337801271254
0.00286323364788
0.00293801982099
0.00350897539867
0.00269526447336
0.00338298403579
0.00344080380253
0.00277641057264
0.00394265254344
0.00311717237249
0.00340498260545
0.00401875640701
0.00286152376333
0.00414927857747
0.0034951174284
0.00330907538906
0.00416964158521
0.00293186391125
0.00392227915416
0.00360440106341
0.00303398362879
0.00394402709062
0.00295578110527
0.00347145879942
0.00350112330901
0.00285928978322
0.00352104400919
0.00304278359396
0.00306774015263
0.00327323973663
0.00295000236378
0.0030636142434
0.00323674264392
0.00294743324658
0.00313430580385
0.00331007949212
0.00290036317374
0.00349791827672
0.003206708235
0.00309814802042
0.00371718273493
0.00292339140539
0.00366098648185
0.00343582012268
0.00306860893016
0.00384951183992
0.00300368162041
0.00358999890315
0.00354908268144
0.00299984734541
0.0038012668823
0.00303976757484
0.00344503978077
0.00345886825228
0.00297917860894
0.00355632810154
0.00302992650066
0.00325786639741
0.00324306817847
0.00302178424695
0.00328922525697
0.00305538269051
0.00322355884768
0.00308718507744
0.00322148588525
0.00316797968611
0.00314930273498
0.00332525266524
0.00298547601242
0.00341819070485
0.00309170552173
0.00322434237966
0.00338926147368
0.00295485847605
0.00352050331011
0.0030902778556
0.00327725394295
0.0034404959425
0.00296491245033
0.0035897263717
0.00303951900061
0.00334340734824
0.0033523818466
0.00299790667665
0.00353977271048
0.0029717664864
0.00336929512884
0.00326296344304
0.0030453765364
0.00353389404502
0.00293476803501
0.00345520673518
0.00318808098768
0.00313458715601
0.00348823029403
0.00291758418325
0.00345264119291
0.00308949811008
0.00315691224486
0.00336520972164
0.00292515529541
0.00338121219411
0.00302549433822
0.00320794355223
0.00322279392007
0.00302159880056
0.00329957170376
0.00296479052734
0.00331390858821
0.00300846880444
0.00318698400326
0.00321634502326
0.00295374405155
0.00347401316041
0.00288925665072
0.00339381507641
0.00329729213522
0.00298991922698
0.0037160597508
0.00284084574298
0.00357674793685
0.00336334830121
0.00300512254001
0.00378392213322
0.00282029134983
0.00354357695209
0.00337181439697
0.00293602479108
0.00369024754452
0.00281903759834
0.00338320434465
0.00327125792611
0.0029146970955
0.00340208349175
0.00287241166834
0.00314737231613
0.0030588167917
0.00300877777239
0.00301333180341
0.00303462358837
0.00307617675959
0.00290726705724
0.00335216798282
0.00280592970531
0.00332166869292
0.00329697980855
0.00284741936498
0.00377535304902
0.00276812049271
0.00354894224474
0.003555938339
0.00281685391337
0.00400127866505
0.00286120821241
0.00354927845152
0.00374126114878
0.00273924600522
0.00398529630998
0.00290999204886
0.0033444117306
0.00363197054765
0.00265698102249
0.00360279264644
0.00289867249343
0.00299467948349
0.00329066157082
0.0027283532754
0.00308373109526
0.00296137714479
0.00291954710005
0.00292382557631
0.00316200882429
0.00274268867272
0.00316924276951
0.00322961267068
0.00266668614077
0.00369673862322
0.00274177051101
0.0033782255677
0.0037210565401
0.00259496410802
0.00410017204504
0.00300572932749
0.00343229779117
0.00409067195557
0.00255958245986
0.00417253316125
0.00315489040963
0.00322084759164
0.0040322605163
0.0024818734232
0.00378120826575
0.00313589420035
0.00283076726662
0.00364391738067
0.00253360940036
0.00319576904983
0.00303566409319
0.00272086094254
0.00305762870532
0.00292885668634
0.00272095174728
0.00301456047778
0.00309470967407
0.0025510477335
0.00350875293339
0.00276905961766
0.00311356598871
0.00380574226563
0.00239209440134
0.00404644791117
0.00318437895432
0.00317684195406
0.00433353428017
0.00242517391012
0.00420205692289
0.00349025810587
0.00299526545452
0.00440224659191
0.00245454663777
0.00388855272479
0.00353885075622
0.00263748959683
0.00404638142572
0.00249440725908
0.00329583338212
0.00328935236159
0.00248088629867
0.00331292309643
0.0027440260429
0.00273492331075
0.00298030837481
0.0029035675594
0.00258355970624
0.00326410484293
0.00280304435466
0.00283578660342
0.00375759685977
0.00227181065237
0.00382898500126
0.00333465937117
0.00281105502201
0.00442541896824
0.00240061288574
0.00406239686359
0.00384707237122
0.00268807834444
0.00467779170697
0.00260824085785
0.00387829738163
0.00400467797846
0.00241602644046
0.00440167996676
0.00266453325428
0.0033224688798
0.00368871271248
0.00223877170725
0.00362381128515
0.00273451493963
0.00273349616969
0.00314785331662
0.00266764206179
0.00275195232747
0.00303921512822
0.00277947749332
0.0026553233526
0.00355982942654
0.00228804265473
0.00348730368263
0.00342244357053
0.00242704196285
0.00435810304599
0.0025228072971
0.00377006356539
0.00414622436007
0.00235429379272
0.0047954303791
0.00290171506173
0.00371002649432
0.00442513074758
0.00220699161272
0.00462126286129
0.00303274806179
0.00322514071859
0.0041496870514
0.00207279459566
0.00389529560815
0.00297334220537
0.0026568872248
0.00348899319274
0.00242963432028
0.00297388083255
0.00294489579935
0.002666419147
0.00267667898582
0.00325274519679
0.00243080466843
0.00311999921312
0.00342136223298
0.00216527890967
0.0041374328603
0.00273358152954
0.00335600441308
0.00430659167123
0.00207773548464
0.00470408636022
0.00325141799386
0.00336712443751
0.004722599615
0.00210061827054
0.00465104655098
0.0035220972793
0.00298753433205
0.00457748537116
0.00208630536046
0.00404931502788
0.00341572802419
0.0024801123842
0.00389906955219
0.00229733206942
0.0031576017056
0.0030813532798
0.00246659495124
0.00290765295908
0.00292879171423
0.00260519348192
0.00286714135056
0.00329642905386
0.00213532646573
0.00378001448073
0.00292484670773
0.00288025151297
0.00427616919021
0.00196541549922
0.0043929022732
0.00358208891362
0.0028841405045
0.00485764440075
0.00218753261578
0.00447774157227
0.00402502548337
0.00263556703101
0.00488580209653
0.00232609339383
0.00403412416623
0.00394431381798
0.00222181715709
0.00426576888201
0.00240011191379
0.00322722175901
0.00344863756666
0.00220331449949
0.00324624778504
0.00271882181513
0.0026984969833
0.00285820473865
0.00302928862113
0.00232270865475
0.00334434214162
0.00302044733948
0.00247198938372
0.00405569785304
0.00207649731254
0.00390786908034
0.00383008232152
0.00235784848527
0.00481125994476
0.00244770604568
0.00411373862592
0.0044331461502
0.00222955962781
0.00500588379991
0.00272805922922
0.00382212455884
0.0044453132005
0.00194925436152
0.00450777808548
0.00276491490999
0.00313697998562
0.00394513228637
0.00193962630411
0.00357081751247
0.00275207330385
0.00264735871479
0.00311765532395
0.00266205138311
0.00261177975586
0.00296382323477
0.00299008139167
0.00231400292222
0.00368996731194
0.00232693977794
0.00334288878154
0.0039314762026
0.00193708610038
0.00457146626513
0.00276211271803
0.00358727751135
0.00466659307081
0.00187584214331
0.00490341488381
0.00318847911263
0.00341994828771
0.00483888459724
0.00179598365635
0.00458202801941
0.00328820447794
0.00288284822355
0.00443986359946
0.0018112602339
0.00378946471464
0.00305700843351
0.00244673463969
0.00353269589037
0.00231952203799
0.0028702493515
0.00281505391383
0.00282199623678
0.0024751185576
0.00324762534579
0.00256234355365
0.00282699025541
0.00383795576809
0.0017873799616
0.0041482676979
0.00302746813431
0.00295929994171
0.00469358359461
0.00174023948949
0.00458903385784
0.00361894921923
0.00287882863617
0.00506998557862
0.00189619071314
0.00446925779273
0.00382728726089
0.00250002644112
0.00481525801751
0.00195846149377
0.00383736117443
0.00352763659288
0.00213106835874
0.00394593757036
0.00218653104583
0.00299764005976
0.00298048060314
0.00251998031886
0.00281930043754
0.00282824955426
0.00267991598362
0.0025188464471
0.00354763941216
0.00195688350738
0.00360057618791
0.00319311230967
0.00235269704248
0.00452202471695
0.00190743096973
0.00410606886506
0.00393989355278
0.00228914994279
0.00509301193916
0.00222190337044
0.00415951267209
0.00426424560054
0.00205875816284
0.0049872371032
0.00236362500217
0.00368006088482
0.00402211461497
0.00178083100103
0.00424151284304
0.00238279303654
0.00294920252079
0.00336391794576
0.00213687332335
0.00317272094988
0.00258076912518
0.0026502101866
0.00253444600082
0.00311565715123
0.00229353626087
0.00304602499595
0.00322824482028
0.00195678016523
0.0041750214751
0.0022339656748
0.00351161600112
0.00408107865708
0.00177806239159
0.00487861823169
0.00262778588855
0.00366183460161
0.00453026489277
0.00168681418562
0.00492230604626
0.00288804838284
0.00332844465206
0.00443344607032
0.00155539862305
0.004360193413
0.00283082178098
0.00273293268613
0.00379829058397
0.00181116567119
0.00342076611928
0.00263744079138
0.00248065815598
0.0028149792652
0.00264339554383
0.0026051449836
0.0026470233328
0.00310199646323
0.00192277167038
0.00368534503782
0.00253161318758
0.00288481290465
0.00400784751858
0.00152341719161
0.00443889977486
0.00299900542371
0.00302960194034
0.00460466638305
0.00156906883415
0.00463564550084
0.00339563560426
0.00283562373392
0.0046890633108
0.00162405515125
0.00427760875039
0.00335698543237
0.00238600593156
0.00415092335825
0.00174459527183
0.00349689132318
0.00297315672521
0.00219021674886
0.00318538847171
0.00227320750036
0.00277269432515
0.00255125702663
0.002806070145
0.00217832789801
0.00312226083688
0.00270588652481
0.00236315706001
0.00373891454229
0.00163207351131
0.0038398980605
0.00326561684077
0.00237066720531
0.00449052908134
0.00175571129676
0.0041673651476
0.00378180215398
0.00227639886814
0.0047410690147
0.00195235024831
0.00398960627502
0.00382641473448
0.00196711227463
0.00434710306826
0.00201403339352
0.00337596971171
0.00343416881441
0.00182706847991
0.00350412142824
0.00216556120688
0.00275711704788
0.00276419818705
0.00238720976069
0.00252137331805
0.00262113516194
0.00273196636405
0.00213036114847
0.00333124831527
0.00194350647704
0.0031867821611
0.00337442946274
0.00183839885329
0.00419527203035
0.00207207132477
0.00356535688744
0.0039827913391
0.00174966353358
0.00457479879767
0.00237372134048
0.00351987961126
0.00416536512334
0.00158649543583
0.00436180684633
0.00247345075462
0.00307595277491
0.00386927659385
0.00150930163568
0.0036904894823
0.00236931121044
0.00257277413169
0.00313048829373
0.00195755246202
0.00279864702117
0.0023592192873
0.00260768337224
0.00224353563265
0.0028542159125
0.00223882631282
0.00260463391317
0.00329338222809
0.00160554293914
0.00374061663305
0.00236072637053
0.00289629421144
0.00398411854606
0.00142004548715
0.00421683522057
0.00276749386623
0.00292969333102
0.00433652490065
0.00141938876044
0.00419678725685
0.0029433161976
0.0026463019077
0.00417079552006
0.00141860909386
0.00369972352556
0.00275251871168
0.00225899752326
0.0034792874136
0.00168500833709
