0.707106781187
0.711026512473
0.719785823054
0.726275826991
0.723489909169
0.708460034787
0.684567724027
0.661684590562
0.6528615823
0.666969152603
0.701700650675
0.744042504024
0.777245176391
0.78746416746
0.767506469121
0.718994238481
0.654213716629
0.597191919589
0.578085817407
0.61262824672
0.685755598162
0.76576774985
0.82426233336
0.842765032771
0.813270153764
0.738682069363
0.635066311403
0.536838868673
0.497213636638
0.548951646609
0.660017458724
0.776434002439
0.860334295451
0.890384646005
0.857778704653
0.765148995834
0.62850513143
0.485564251058
0.41265624997
0.477302711459
0.625746559354
0.776654989733
0.885282760985
0.929001876653
0.898451757796
0.795490340875
0.634226075275
0.448828133878
0.328129422393
0.399645609947
0.584806347868
0.76742125193
0.899236210581
0.957690505064
0.933159185446
0.826711389816
0.650293301446
0.431269262305
0.250462206212
0.319061660214
0.539837344099
0.750144971993
0.902650343799
0.975893390372
0.960206724578
0.856017246466
0.67363852876
0.434562758444
0.194070041846
0.241328808781
0.494497808123
0.726709850471
0.896322502306
0.983406462046
0.978308011467
0.880963558202
0.70073887055
0.456245524861
0.182604527855
0.17976933195
0.453704054632
0.69951332381
0.881414335051
0.980372359891
0.986562523656
0.899509822337
0.728161163927
0.490901459663
0.222026475029
0.16183024041
0.423578903942
0.671471027808
0.859475023597
0.967282776468
0.984441120116
0.910028434762
0.752865464217
0.532438968909
0.289357873236
0.201810767424
0.410454551065
0.645939391981
0.832450986798
0.94498829154
0.971774420734
0.911298480838
0.77232095569
0.575571522828
0.365629960081
0.274690856383
0.418548372464
0.626483666695
0.802673432738
0.914710133307
0.948745199458
0.902489530666
0.784523363518
0.616217040133
0.441895516693
0.358576004533
0.447764552985
0.616415850348
0.7728117305
0.87805136077
0.915888490033
0.883137988653
0.787969053858
0.651380585222
0.513751991998
0.443968005842
0.493999916595
0.618135451327
0.745757776551
0.837009076009
0.874101542971
0.85312671707
0.781610109668
0.67893335953
0.57864583679
0.526387319165
0.551491815213
0.632519067888
0.724391047014
0.793981296409
0.824665509515
0.81267572592
0.764808970219
0.697427142685
0.634916331051
0.603193336169
0.614781485374
0.658707930297
0.711204794812
0.751739753774
0.76928509128
0.762342591556
0.737307779799
0.705964660768
0.681448480632
0.672569695688
0.679427531286
0.694425064259
0.707860736112
0.713322865992
0.710154682298
0.703032933843
0.69921327565
0.704124516516
0.717541267503
0.733188172472
0.742000545058
0.736598017998
0.714822134522
0.681779985547
0.650035765524
0.636026401466
0.650992796528
0.691937800038
0.742858410742
0.784083047286
0.799876777994
0.781952629736
0.731258392891
0.659772585574
0.592364769783
0.563070156506
0.59347958969
0.669880363235
0.757407816405
0.824597340268
0.851049404086
0.827397542756
0.755251944852
0.649050234119
0.541289262868
0.486587180009
0.527930134003
0.638900010405
0.761553755391
0.85437240425
0.894004944852
0.870210541548
0.784194060947
0.649970671556
0.501401264224
0.410077917702
0.456155291266
0.600498092316
0.756068078251
0.873382903406
0.927663963404
0.908108954413
0.815212857688
0.661358213156
0.476941812754
0.339033561139
0.380880684129
0.556841733783
0.742125542048
0.881921602624
0.951319568912
0.939247724097
0.845512962484
0.680795766461
0.470401455765
0.28247070338
0.306645944874
0.510974643417
0.721349028436
0.880618693753
0.964621192082
0.962197960459
0.872577480345
0.705167814961
0.481272745693
0.253339561436
0.24204215903
0.467077664713
0.695856429393
0.870454698809
0.967564203557
0.975919937987
0.894261652258
0.731209137096
0.506129516478
0.261346527965
0.203386925167
0.43062913475
0.668292026789
0.852780641134
0.960486563328
0.97974362618
0.908817278164
0.755882316674
0.540008689453
0.301737527821
0.209383694485
0.407993067958
0.641796329639
0.829337558997
0.944073519308
0.973357483281
0.91488973706
0.776564068591
0.577894942109
0.360704083665
0.257282886273
0.40474918633
0.619849562832
0.802256966734
0.919369477777
0.956801448823
0.911509277428
0.791105047581
0.61551665759
0.426811573689
0.327590205273
0.423114745343
0.605911217636
0.77402579215
0.887790589891
0.930464468927
0.898078444746
0.797831466139
0.649531910203
0.493097861312
0.406053861859
0.460790067197
0.602830018914
0.747395813232
0.851132455494
0.895089701729
0.874354658057
0.795523488725
0.677445710193
0.555426205668
0.485298768571
0.512555874702
0.612173912378
0.725202328927
0.811570291952
0.851789250236
0.840436207185
0.783381649008
0.697473266265
0.611194127866
0.561283976465
0.572680512693
0.63381444424
0.710056789476
0.771639587829
0.802070959057
0.796759717311
0.760992345581
0.708421456543
0.658690134275
0.631475032217
0.636235428988
0.666027260421
0.703933854677
0.73416132375
0.747883088703
0.744111919927
0.728305987629
0.709600501399
0.696797190934
0.694118745303
0.699355413212
0.706026940033
0.707773238072
0.702059319859
0.691674116659
0.683655586802
0.685632073735
0.700777510887
0.724865526952
0.747969589177
0.759092192075
0.750605331262
0.721261190287
0.678018840633
0.636449675217
0.616991479317
0.63364798126
0.682158196319
0.742639721104
0.792159865513
0.813197191002
0.796611994451
0.742932038363
0.664047097761
0.585799322601
0.546298544691
0.57343161761
0.65440154899
0.750240023066
0.826151828834
0.85996461202
0.841207358733
0.770496123909
0.661019372554
0.543758324236
0.474622851086
0.506563372072
0.618663623315
0.748171858528
0.849726297826
0.898138146448
0.881965369979
0.80124969514
0.668407762597
0.51425972175
0.406339070651
0.435335904207
0.576695331705
0.737368157592
0.863005663455
0.926863012152
0.916896631764
0.832436405944
0.684401039757
0.500186840046
0.347946827853
0.363299474855
0.530986711171
0.719190931736
0.866442366689
0.945639945283
0.94443046296
0.861492643971
0.706318557495
0.50226843584
0.30845197856
0.296462766786
0.485007277193
0.695474758499
0.860836669463
0.954316385595
0.963392084277
0.886180563169
0.731115703693
0.518638538889
0.296875844689
0.245500860895
0.443457424009
0.668566772044
0.847347076109
0.953080754668
0.972978802526
0.90464213134
0.755803482151
0.545500449036
0.315576995555
0.226093821482
0.412256058068
0.641336324141
0.827505963989
0.942461400412
0.972744275254
0.915405732468
0.777703204163
0.578346797603
0.357552437521
0.247447287555
0.397628543732
0.617090988365
0.803230971003
0.923332181605
0.962590488164
0.917376651912
0.794556627252
0.612927049272
0.412519581716
0.300254623052
0.403851768805
0.59931796564
0.776809282471
0.896924394129
0.942764778658
0.909827743199
0.804551250526
0.645688338099
0.472219741262
0.369076126712
0.430990014771
0.591191343278
0.750830043496
0.864837207223
0.91386205197
0.892390566322
0.806312586425
0.6738507851
0.531163047769
0.443462163995
0.47507018201
0.59490702687
0.728039681214
0.829036666947
0.876834596745
0.865044592674
0.798886179861
0.695336885394
0.585797999094
0.51751007611
0.530402032188
0.61111181212
0.711092517563
0.791835115458
0.833010325062
0.828110477073
0.781713187851
0.708677514453
0.633778727373
0.587703896617
0.591582052634
0.638761301889
0.702191847406
0.755833178356
0.784120785021
0.782256125318
0.754605742512
0.712932343066
0.673544881042
0.651744235681
0.654231153655
0.675490514911
0.702690257302
0.723786544425
0.732341672831
0.72852161589
0.717734494548
0.707629032627
0.704104214105
0.708031064449
0.71498664048
0.718244152816
0.712796469523
0.698345825327
0.680326713692
0.668362774119
0.671635122719
0.692736308464
0.724935275764
0.755455196362
0.77130212831
0.763842686528
0.731535579316
0.681675175797
0.631216522892
0.603748933403
0.61723814637
0.668656114693
0.735918175601
0.793284366444
0.821247256273
0.809334250986
0.756990290651
0.675032548222
0.588537650118
0.537338819742
0.555937623756
0.636255373437
0.73732170355
0.821122067263
0.863376856639
0.852145827373
0.786683486305
0.678469868361
0.555879584159
0.47278372479
0.489749631175
0.596932680205
0.729823031413
0.838907203477
0.896668542591
0.890134748292
0.81794694713
0.690770199812
0.536175983802
0.415078795302
0.421629099958
0.552733241553
0.714539000425
0.846919815413
0.92047387422
0.921579853142
0.84820569219
0.709745549351
0.530881055887
0.370800542095
0.356167521587
0.506528287049
0.693041508999
0.845780720939
0.934489317111
0.945159743767
0.87514499131
0.73266184725
0.539357466053
0.347102940923
0.30077922527
0.462265186072
0.667397543685
0.836467157225
0.938751575188
0.959931095387
0.896795779364
0.756657925741
0.559020296803
0.348434238542
0.266553548053
0.425135989737
0.640196177043
0.820321213936
0.933635544519
0.96530910421
0.911564721859
0.779048829538
0.586141025224
0.373144033688
0.26448342502
0.401229257928
0.614520634597
0.79905906156
0.919854819331
0.961055177535
0.918232007128
0.797494213639
0.616760187613
0.414535006741
0.295518948157
0.396005215509
0.593783828196
0.774769735385
0.898467075739
0.947271803958
0.91593958435
0.810062907862
0.647290888563
0.464926150123
0.349508298374
0.411824017155
0.581342851041
0.749875446939
0.870884203718
0.924402574299
0.904182746579
0.815240504448
0.674765693943
0.51811036275
0.415055978114
0.44667832394
0.579886517561
0.727021137923
0.838877449829
0.893238130473
0.882804668709
0.811918631827
0.696865520097
0.569675111882
0.484315469971
0.495591328038
0.590778051466
0.708867181823
0.804562898232
0.854929439897
0.851991538527
0.799381492126
0.711866522065
0.616584469642
0.55242444282
0.552968279901
0.613696279774
0.697776274778
0.770352558416
0.811007668735
0.812272944111
0.777289525654
0.718577595628
0.656761464889
0.616271768365
0.613956979463
0.646800522728
0.695432603151
0.738848605802
0.763409079978
0.764536174182
0.745663779553
0.716288764027
0.688817991035
0.673753474876
0.674748920739
0.687289776257
0.702506805221
0.71264765101
0.714502710397
0.710063021145
0.704882414189
0.704732417252
0.711905812979
0.723410190305
0.732447483366
0.732023117237
0.718508191684
0.69401789367
0.66708265388
0.650587146503
0.6556989301
0.6840704001
0.725638624276
0.764254723856
0.784861328934
0.777963847928
0.741914770698
0.684519815619
0.62431134003
0.58841814471
0.599292296888
0.654896647704
0.730038958487
0.795684180245
0.830344552416
0.822410417349
0.770502535672
0.68466436555
0.589485170476
0.526625832311
0.537374077875
0.618287101621
0.725528491612
0.817438433668
0.867688890317
0.86306981575
0.801727321984
0.693785312478
0.565564426701
0.469286846845
0.47239996582
0.575886432501
0.712956304861
0.829607614121
0.896087858464
0.898078749223
0.83303173951
0.71015752544
0.554442989148
0.421604464347
0.407972990649
0.530045417015
0.693625493957
0.832625895514
0.915088160196
0.925974700843
0.862053572186
0.731378936647
0.556363748789
0.389525309431
0.349585549553
0.484026880518
0.669317241732
0.827277511617
0.924573178869
0.945675583433
0.886732771022
0.754762326692
0.569751583199
0.378000171005
0.305424619907
0.442238049325
0.642324548774
0.814710417118
0.924761652609
0.956460858875
0.905362343757
0.777662012072
0.591664342699
0.38829704247
0.285486359772
0.410236367065
0.615456011189
0.796440772761
0.916208391423
0.95795648895
0.916602937109
0.797685633472
0.618551696848
0.416964110904
0.295963695178
0.393937377476
0.591951562267
0.774351898176
0.899805287681
0.950126446361
0.919476343595
0.812802537485
0.646914492071
0.457841908318
0.333366969939
0.397577517222
0.575215875076
0.750673503596
0.876784664059
0.93327014329
0.913353852577
0.821379112542
0.673683539584
0.504735591961
0.38803489482
0.421522085494
0.568305805444
0.727908609617
0.848724045367
0.908024853271
0.897949403182
0.822176131869
0.696356087917
0.552678370733
0.450945394239
0.462207000419
0.573255020899
0.708672160087
0.817540693853
0.875373910344
0.873317787592
0.814336994446
0.712997832768
0.598036679134
0.515848547307
0.514225194397
0.590530299678
0.695423065786
0.785455986095
0.83666120917
0.839855719187
0.797378099665
0.72219891304
0.638239095475
0.578673962834
0.572311964092
0.618947854212
0.690111371965
0.754909242494
0.793608420725
0.798309697826
0.771180152278
0.723029919927
0.67150563571
0.636709980499
0.632154112239
0.656089623034
0.693823731381
0.728398686715
0.748328802553
0.749799467423
0.735982127519
0.715008234861
0.696663319467
0.688090674622
0.690430988156
0.698934066103
0.706561261165
0.708231371631
0.703324263598
0.695861945434
0.692387946078
0.698078419549
0.713047851091
0.731537689712
0.74463560112
0.744393966923
0.72724625995
0.696174030521
0.661422666206
0.638523234403
0.64140064183
0.672605908939
0.720438585723
0.76621734599
0.792879771279
0.789634599839
0.753975538944
0.693130379139
0.62562957968
0.580420998635
0.584497595247
0.639398644126
0.719027489798
0.791679162215
0.833768211588
0.832212350525
0.784375826545
0.698924894783
0.598782272396
0.524952251536
0.523777587744
0.599770867064
0.709412568761
0.807816481071
0.866308801944
0.870098082232
0.815943857127
0.712336030894
0.58302068478
0.476360614853
0.462215848188
0.555651489204
0.692635278706
0.814882987538
0.889897105737
0.901684416305
0.846288485829
0.73133383277
0.57919387405
0.439504843795
0.40408886527
0.509742054631
0.67020537597
0.813477320259
0.904266386077
0.925744430117
0.873273849049
0.753465883648
0.58658736148
0.418964419035
0.355515089657
0.46572632458
0.644131192398
0.804555348003
0.909480989287
0.941415534014
0.895086104423
0.776185799169
0.603077985189
0.417300062243
0.324361266271
0.428413582236
0.616940415372
0.789441652578
0.905937139244
0.94818338841
0.910262168011
0.797094377909
0.625675031582
0.43360999576
0.317784867414
0.403442150752
0.591644524639
0.769828456897
0.894365599739
0.94587082026
0.917695809708
0.814083886017
0.651133119781
0.463887451053
0.337437482231
0.395970062922
0.571571515172
0.747759992205
0.875832486078
0.934632676324
0.916630214384
0.825407855953
0.676402702448
0.502834416849
0.377992963107
0.408473793622
0.559974437268
0.725584200886
0.851738786869
0.914955375514
0.906647868281
0.829700458691
0.698866409261
0.545459370477
0.431322681119
0.439431613278
0.559410008589
0.705835991433
0.823816604922
0.887660724274
0.887665726315
0.825969972976
0.716416871065
0.587737998127
0.490378893436
0.484362536338
0.571088757949
0.69101830426
0.794107842425
0.853914954199
0.859936577535
0.81358798358
0.727450141998
0.626652598448
0.55011671976
0.537965689106
0.594553347511
0.683281567462
0.764900564686
0.815241936005
0.82405525554
0.792283710818
0.730832197044
0.660025531878
0.607081821562
0.595515720181
0.627889694689
0.684062976334
0.738599489397
0.773533604998
0.780973091946
0.762141987158
0.725869501317
0.686346443629
0.658892368593
0.653255712226
0.668305454113
0.69380570583
0.717515322479
0.73104641771
0.732029524187
0.723606522763
0.712289514718
0.704647838375
0.703891282844
0.708313417615
0.712732831872
0.711876632369
0.703568859527
0.690351758548
0.678996852266
0.677495580519
0.690235871651
0.71444475422
0.74096584093
0.758526690326
0.758242850443
0.736721175746
0.697969309137
0.654220629371
0.624162281256
0.625053681945
0.660270312705
0.715680395859
0.769426992999
0.802277270194
0.80224916453
0.766183043924
0.700969080915
0.625375912293
0.570423614606
0.56804809649
0.623410530446
0.708714810836
0.788969550859
0.838395105307
0.842576510404
0.797847391695
0.711798145939
0.606085680748
0.521367286521
0.508950689444
0.581209611345
0.694320736956
0.799633985986
0.86608972573
0.877459273702
0.829319687418
0.728817103375
0.5976496231
0.481147112384
0.451201683381
0.535882526922
0.673733115302
0.801834885087
0.884945561766
0.905534237067
0.858406200435
0.749823464237
0.600018671452
0.453961880765
0.399587603494
0.49047949043
0.6486652823
0.796328886291
0.89487297392
0.925800901779
0.883205422596
0.772400440368
0.611783187588
0.442938842604
0.360416778573
0.449071549014
0.621344599378
0.78423676016
0.896109630548
0.937607807987
0.902146376623
0.794178466398
0.630512034593
0.448793435999
0.34054157324
0.416741645577
0.594509719157
0.767049204123
0.889221797431
0.940639855587
0.91400261562
0.813006504966
0.653279839167
0.469366229918
0.344300981647
0.398914756305
0.57131848255
0.746616430534
0.875107624289
0.934910877882
0.917893379564
0.827046925581
0.67713869641
0.500533425313
0.37043636905
0.399637898583
0.555078398138
0.725111843799
0.854995953465
0.920761293574
0.913276890185
0.834818955394
0.699422245417
0.537651243865
0.413006215575
0.419612533895
0.548733107013
0.70494780663
0.830439022374
0.898859372499
0.899942609794
0.835208343515
0.717892045063
0.576545017395
0.465013914473
0.455896232724
0.554190112616
0.688608783738
0.803295140976
0.870205088223
0.878008862208
0.82745953199
0.730779802238
0.613864260259
0.520678734093
0.503582355286
0.571795584101
0.678379398129
0.775684589388
0.83613718299
0.847927368737
0.811166837369
0.736776060372
0.647079070729
0.575802303982
0.557661459388
0.600283940451
0.675997141263
0.749891659406
0.798340440984
0.81049388367
0.78627266251
0.735003590057
0.674361675606
0.627434429531
0.613916766842
0.637220193023
0.68232857947
0.72819045304
0.758841656391
0.766868002939
0.753072297094
0.724997761215
0.694465821217
0.673507898918
0.669060643052
0.679630681787
0.697200101605
0.712594522063
0.71997718096
0.71860900381
0.712226896854
0.706697993106
0.706642100984
0.71259392414
0.72059961943
0.724519265593
0.71945520485
0.704551157886
0.684288062904
0.667715587094
0.664790357296
0.680455128325
0.710596643793
0.743760224772
0.76666504998
0.769159596116
0.747211592339
0.704684593599
0.654343279274
0.616696790692
0.612277976672
0.647043011308
0.706454172383
0.76648325374
0.805881277824
0.811215122337
0.778194855788
0.712661215236
0.632421257062
0.568607741538
0.556780298686
0.607712735969
0.694758988824
0.780616929361
0.837286372962
0.848762150885
0.810039479579
0.727254934319
0.62010605332
0.527006160681
0.501158168162
0.564287326992
0.676477769307
0.786366550508
0.860283097347
0.880275808319
0.840505457135
0.746573933421
0.617883241661
0.495607465178
0.449255147187
0.519297186096
0.653052618011
0.784310995566
0.874635490868
0.904616080724
0.867607415092
0.76837493725
0.624988390613
0.477581215473
0.406077855432
0.476147678298
0.626416256499
0.775376194893
0.880428411068
0.920991151159
0.889670358526
0.790355498172
0.639582916142
0.474543147484
0.377427177784
0.439214428789
0.599018904567
0.760854071614
0.878070220651
0.928946303329
0.905350239129
0.810352517157
0.659152804373
0.485829648771
0.368277258548
0.413573996192
0.573786912537
0.742402800971
0.868294774373
0.928353935763
0.913639297244
0.826461060535
0.680955769295
0.508690539804
0.380202946812
0.403926287082
0.553948662417
0.722022586055
0.852164138168
0.919408850628
0.9138649287
0.837095944041
0.702364055423
0.53925552537
0.410287370263
0.412765100911
0.542643580275
0.701990956158
0.831063730443
0.902628136861
0.905684482553
0.841019180875
0.721065945557
0.573548336718
0.452915169487
0.439122292312
0.54230982834
0.68473342395
0.806685286687
0.878853319627
0.889080109354
0.837345081446
0.735157770778
0.608082761582
0.502290730821
0.479201166529
0.55405153959
0.672601557875
0.780991063008
0.849252975113
0.864358944556
0.825533542826
0.743168449716
0.640060212949
0.553685477815
0.528162229081
0.577339995014
0.667558503109
0.75614079032
0.815325359884
0.832160065356
0.805383676413
0.744049204867
0.667359282584
0.603583712699
0.581491097886
0.610242634052
0.670837828939
0.734354751627
0.778895370299
0.793468530416
0.777035958791
0.737154116566
0.688456985166
0.649453306001
0.635502276275
0.650003952369
0.682699951333
0.717698227362
0.742090441612
0.749639033881
0.740983415512
0.722228297136
0.702346092768
0.689499487589
0.687341457812
0.69363375871
0.702396993174
0.707808873041
0.707269529443
0.702428243973
0.69809143755
0.6994106456
0.708483625059
0.722500833987
0.734852957893
0.738304712248
0.728352021351
0.70561300649
0.676864161407
0.65402967708
0.649638726374
0.669246430368
0.706755542316
0.747692047983
0.7764291349
0.781534244557
0.75847299154
0.711163181747
0.653145168454
0.607110742601
0.597396167502
0.632715677095
0.697464339009
0.764707668558
0.81091380154
0.821245733828
0.790464334023
0.723618129402
0.637870623634
0.56477396419
0.543750496483
0.591297756452
0.681333306503
0.773553682653
0.837536091967
0.855762755528
0.822071032658
0.741410128984
0.631938300488
0.530383300606
0.49188985398
0.547080621501
0.659521832377
0.774594792471
0.855880431279
0.883793225633
0.851238472048
0.762503850582
0.635122864436
0.507044195464
0.44591268569
0.502896332982
0.633672681499
0.768568052264
0.865880297608
0.904410412566
0.876198894921
0.784690077749
0.646123005877
0.496876382557
0.410757670396
0.462459953527
0.605928813102
0.756561467668
0.867786678633
0.917022592947
0.895502590934
0.805817392402
0.662842318413
0.500263049841
0.391367853073
0.430327104567
0.578938420064
0.740027112094
0.862170507713
0.921364471342
0.908026934371
0.823937791333
0.68278380912
0.515631891835
0.390882131275
0.411326825573
0.555759861328
0.720771948062
0.849923762953
0.917489510831
0.912976641674
0.837386194717
0.703410175351
0.539968368252
0.408906798477
0.409179540465
0.539589670116
0.700913760087
0.832259434081
0.905767233558
0.909881805641
0.844818625533
0.722387831081
0.569680267223
0.441687917626
0.424853626097
0.533256126371
0.682781099502
0.810700086738
0.886884209168
0.898594554886
0.84522889963
0.737718402263
0.60130665531
0.484008120543
0.456109973248
0.538564874629
0.668734411605
0.787046756869
0.861845834584
0.879286609987
0.837951484839
0.747795140719
0.631883798702
0.530917345703
0.498708507708
0.555795359868
0.660895597705
0.763319225542
0.83197522565
0.852451813229
0.822656773499
0.75141641839
0.659051854112
0.578433338835
0.548029151792
0.583664589298
0.660817096802
0.74164954253
0.798906938264
0.818914954821
0.799347955026
0.747776967063
0.6810373484
0.623569122299
0.600016233946
0.619769051448
0.669187511232
0.724107571538
0.764567157845
0.779847084641
0.768367118275
0.736454171213
0.696596119875
0.664154593419
0.651430947242
0.661203803235
0.685698288297
0.712459417612
0.731122021711
0.736788811146
0.73041286357
0.717402789435
0.704953967172
0.698656935533
0.699783592524
0.705060913341
0.709133771605
0.707897019465
0.70085835538
0.691670066468
0.686566222023
0.690965940362
0.705775320338
0.726065593882
0.743210154017
0.74871389121
0.737632572463
0.710822724542
0.675984883782
0.646829076923
0.638343784404
0.657896001032
0.699136251744
0.745795133818
0.780339486585
0.789921020292
0.769009294871
0.720781550507
0.658355249545
0.604988802607
0.587778958331
0.619396220478
0.685527142088
0.757649163875
0.810220661165
0.826847379751
0.801023792283
0.736546655979
0.649141106016
0.569125544317
0.537535064295
0.577195183444
0.665863570296
0.761797158834
0.832266956711
0.858043195845
0.831568169654
0.756342850735
0.648587753058
0.542172979855
0.491028220528
0.533660507516
0.641509920838
0.758771670489
0.846239660161
0.882430157621
0.858782441819
0.778101694037
0.655904233239
0.526423230177
0.452365114677
0.491911493503
0.61431971595
0.749475978054
0.852239452727
0.899279130237
0.881109146406
0.7997139995
0.669447741189
0.522935859816
0.425961058771
0.455874221875
0.58664465403
0.735165751638
0.850681990532
0.908185752729
0.897309628829
0.819206617507
0.687034962951
0.531131901514
0.415430473754
0.430024797546
0.561301013329
0.717453808305
0.842299349211
0.909063926793
0.906466682927
0.834847433354
0.706287280486
0.548932892661
0.422090677977
0.418520608985
0.54139715451
0.698286161341
0.828138918206
0.902139784795
0.907982191162
0.845198121903
0.724905878657
0.573351843484
0.444236069406
0.42375541068
0.529948498963
0.679870436201
0.809558543517
0.887949873894
0.901575139051
0.849137619758
0.74084214704
0.601168808216
0.477951144835
0.445258686353
0.529283498212
0.664532263795
0.788205240471
0.867342382807
0.88727986868
0.845872519668
0.752383558416
0.629405310568
0.518649324714
0.479989121431
0.540436712407
0.654484245919
0.765965812785
0.841476966131
0.865446094031
0.834939536785
0.758189325549
0.655549618515
0.562167623928
0.523700633561
0.562866945203
0.651519802666
0.744878183217
0.811817770878
0.836743283328
0.816203287846
0.757299232038
0.677617626129
0.605157853837
0.572193855802
0.594682715443
0.656698665176
0.726988464376
0.780114591588
0.802170489805
0.789856603523
0.749128185964
0.694138831243
0.645080086855
0.621906319077
0.633204397127
0.670138397518
0.714143944953
0.748360904849
0.763070634182
0.756430279785
0.733458115307
0.704117486737
0.680076539778
0.670017238944
0.675533046528
0.691008183875
0.707743180059
0.718709944962
0.721150041233
0.716816421932
0.710438932445
0.706994987684
0.708853137402
0.714370248699
0.718935302701
0.717723032408
0.708494786057
0.693305492898
0.678477229955
0.672297397242
0.68060610692
0.702629175022
0.730590179058
0.753357942673
0.761021703028
0.748247694704
0.716294483097
0.674057440082
0.63747902841
0.624609302355
0.644909228748
0.691277135186
0.744872463118
0.785824892189
0.799800145821
0.780391137294
0.730249445794
0.662348251265
0.600846170163
0.57601611874
0.604765726068
0.673610595671
0.751664924538
0.811009143039
0.833673269327
0.812025000445
0.748844982472
0.658768343664
0.57131598443
0.529397851661
0.562143209298
0.650730997313
0.751292670122
0.82849438243
0.861407945111
0.841216303285
0.77019106594
0.662988044353
0.551282336646
0.48827331479
0.519664991951
0.624201452832
0.744451801017
0.838211981865
0.882133291136
0.866311451903
0.792251484519
0.673781705743
0.542228193197
0.456567404775
0.480686052975
0.596073569516
0.732202400212
0.840419382222
0.895307834348
0.885962996171
0.813053252927
0.689293954033
0.544318463494
0.437980036205
0.449229096411
0.568881659852
0.715956137031
0.83568785673
0.900706698998
0.899139220366
0.830814160904
0.707339615923
0.556290367864
0.43483752733
0.429500828534
0.54555609256
0.69746757278
0.824900253292
0.898415713246
0.90512275186
0.844017061905
0.725690894962
0.575788980835
0.447067544896
0.424812770269
0.529160481239
0.678789623244
0.809245504539
0.888826366489
0.903507335882
0.851443709452
0.742282560349
0.599933386497
0.472178869544
0.436281260534
0.522402447156
0.662168067003
0.79020578565
0.872633723446
0.894196195837
0.852188302228
0.755329161755
0.625830815228
0.506287621492
0.462322583732
0.527005871887
0.649851726545
0.769521418135
0.850836129689
0.877401727145
0.845663928627
0.763379747582
0.650895912501
0.545310172851
0.499432446382
0.543229726735
0.643817869531
0.749118896652
0.824730580109
0.853647281406
0.831605367625
0.765339623887
0.672988980915
0.585668103661
0.543492997285
0.569832781208
0.645456283137
0.730990847258
0.795896205439
0.823772518149
0.810069691397
0.760476429678
0.690447665417
0.624503457559
0.590695010927
0.604494761355
0.655307147292
0.717020366354
0.766157623706
0.788941997273
0.781440064322
0.748417827224
0.702073935266
0.659648992674
0.637890670174
0.644409650968
0.672961012566
0.708756170452
0.737515719405
0.750655165198
0.746439538903
0.729148571455
0.70710634035
0.689529812688
0.682611901434
0.686766267876
0.697167069555
0.707179729525
0.712027146898
0.710750608016
0.70615510756
0.703017229562
0.705198482506
0.713082165325
0.722991054182
0.729028899352
0.726093696439
0.712523222335
0.691599751576
0.671383193818
0.662073993818
0.670758964134
0.696401800385
0.729678670739
0.757654079695
0.769038393095
0.757632451769
0.724240166808
0.677757495694
0.634972445297
0.616139817333
0.633532457751
0.681162907693
0.739082445045
0.785648872928
0.805033785219
0.78965169333
0.741108142877
0.671374166174
0.60403788591
0.570806512928
0.592980113026
0.660343207632
0.741427526905
0.806396366542
0.835635485335
0.820164595655
0.761438692507
0.672499051195
0.580912236327
0.529065431157
0.551308616325
0.635240189287
0.737204744507
0.819650743454
0.859812439668
0.847419949806
0.783316683641
0.680344623181
0.567333096841
0.494339414368
0.511367306709
0.607618102213
0.727275627998
0.825507310565
0.876883582928
0.869962442161
0.804796465447
0.693405354248
0.56398576391
0.470064748358
0.47664097174
0.57972021692
0.712863343651
0.824382035179
0.886486032176
0.886642632871
0.824064257944
0.709745467803
0.570320635826
0.458951477136
0.451020123257
0.55422736758
0.695534383914
0.817000845492
0.888565620733
0.896621586639
0.839531078776
0.7272634246
0.584658159552
0.462047711688
0.438104747788
0.53409786313
0.67717331272
0.80439479682
0.88337270034
0.899368074488
0.849884843432
0.74391786307
0.604587306795
0.478269576526
0.440097992728
0.522203357351
0.659909838121
0.787888174799
0.87145732442
0.894655253748
0.854112211462
0.757877921371
0.627439592988
0.504802799255
0.456902960358
0.520766073101
0.645971758715
0.769074268967
0.853665986811
0.882559467819
0.851506348323
0.767604216961
0.650661110255
0.538046799987
0.486190798278
0.530782780862
0.63744825524
0.749762094304
0.83113782678
0.863460824561
0.84167125111
0.771884325813
0.672025815122
0.57445517864
0.524368933987
0.551751803721
0.635986774198
0.731877712461
0.805293359598
0.838046022877
0.824525395431
0.769846822045
0.689722440413
0.610977950614
0.567644645298
0.581877262871
0.642500015986
0.717311773326
0.777805045454
0.807313462363
0.800304947856
0.760966833834
0.702372528055
0.64518389047
0.612647720637
0.618596889257
0.656991278177
0.707717569322
0.750538943409
0.772578850826
0.769570765547
0.745067327514
0.709021720069
0.675231899615
0.656629466252
0.659125440249
0.678574200664
0.704286398673
0.725456274342
0.735478190531
0.733225717217
0.722321162455
0.709122018854
0.699799864417
0.697444916984
0.700825011483
0.705673087776
0.707550795616
0.704451445148
0.697947470904
0.69253644955
0.693262667773
0.702523691237
0.71803499068
0.733487790547
0.741391964454
0.736311815663
0.717288175156
0.689137909476
0.662179935904
0.649175137521
0.658815032177
0.689460168171
0.729489194327
0.763596291474
0.778905897874
0.768391111944
0.732573037497
0.680611831436
0.630514565666
0.60525996872
0.620334740734
0.670558620908
0.734094148664
0.787005529406
0.81183223417
0.799890300012
