0.0
0.05498651607695343
0.03702939789749668
0.10540285356627647
0.21603271703705126
0.19938455751878015
0.014891119141588338
0.03909895778735996
0.057935872208812966
0.2866768672981872
0.004103316765496728
0.12275130722575553
0.07608902545458393
0.023034237932867935
0.17218493691682893
0.19005259932412727
0.2130509405453013
0.059706357107017334
0.12181396343569525
0.04374544322055437
0.015886679098331136
0.1725016767398628
0.04849245018418674
0.05553004340655083
0.09105688979351366
0.1716989870220663
0.07180918853214767
0.05229609610329647
0.04635275470034272
0.23766359640240703
0.03426786721522916
0.03523378426326972
0.04426148441186622
0.12470611179958142
0.2662016694973385
0.1449759853936348
0.07444644578881009
0.049290913436623056
0.0363131270162716
0.1658084511837009
0.05696626409503241
0.10836591903639169
0.06919739144336054
0.1025327124232779
0.1148278531199812
0.11578302076495715
0.09182822229692475
0.06638972856697506
0.08031429543845489
0.1717295146690829
0.07633465069853465
0.06378662519100659
0.04781267141163541
0.07880898474955175
0.21553149860075152
0.09693449550438697
0.062277710257661115
0.05198808807666597
0.09267012921064433
0.18341571246132474
0.07852419517091165
0.06877005727773138
0.07102674228547741
0.08705655783837152
0.16656101478929017
0.09661058282768692
0.05723216634556461
0.07295005779090892
0.08420384959763408
0.2059818610180315
0.06541212598348553
0.043536022787671165
0.06503833976995711
0.10056916701484599
0.20555370426627148
0.09251357705133222
0.050136657580317136
0.08056131982064874
0.08195884300145943
0.14050484070883176
0.07715922179620414
0.05940469309965436
0.11670514157613014
0.10349059528948502
0.1193157311879961
0.05391559616989138
0.05425470462299733
0.12180052037195203
0.0893894604432593
0.18661712171605038
0.10604892415055764
0.051192640621783685
0.08199383368506329
0.09742992768613395
0.240480153155023
0.04560352570903182
0.051323378949837864
0.05640972455594869
0.1004445324278546
0.1873087922296166
0.059848161873567216
0.0431252803104426
0.09513311895191066
0.08808621161807861
0.09444362771914402
0.09219326177038016
0.05269128392498627
0.16987013112155663
0.11108851753097282
0.08415729744765363
0.04401157160300031
0.07292251434446206
0.19476087606877804
0.07840543846389139
0.14862973350240574
0.04638062772250442
0.05155676493507806
0.1431227373357915
0.1205558572329528
0.1945987417935072
0.07242825352885246
0.040424867602056686
0.08889246062399894
0.06898760664271475
0.17101082909414617
0.058635667350840706
0.08053457411272248
0.09859314957094606
0.12892482059122634
0.10959745212650022
0.04268260186213123
0.07251645832423315
0.16285180584864076
0.06026501307491153
0.07002943233013151
0.044926503854039505
0.04181937852592591
0.21757066649650939
0.13399039695314902
0.06823520648540335
0.05234289138680481
0.08068559082059812
0.21405069161337156
0.05570674238510993
0.09317143471325202
0.055131168174842496
0.08739062309282197
0.1626952471192447
0.1295062337387273
0.12326446848332054
0.05368819844701403
0.04238594450250518
0.10819219192932561
0.06306305725508762
0.12536597915135952
0.05199278019634103
0.09798187996729395
0.11904359481550526
0.10615929547465415
0.08765466183718847
0.045304835841561975
0.08249145889311572
0.21475318409239294
0.0908693354466707
0.03737193767005824
0.035895454244627464
0.044662827970746964
0.28176993866682587
0.060568224069372414
0.024692725867018643
0.04637208044744696
0.13935335693626244
0.20873469759959998
0.1335380822260242
0.06108189080517141
0.08447396536883009
0.02091993144597741
0.07760575809639637
0.01676536038517048
0.09093378991746663
0.10683476786795751
0.1437991943725515
0.0831936163153516
0.14931970674390418
0.07203392217634914
0.0704193540021387
0.04485731206804857
0.23894672967185984
0.029121234894513418
0.03743960262340063
0.014549038350168016
0.11286466037615316
0.3129954076786325
0.08772677625379832
0.034666590496907665
0.02460012252572831
0.08381047559649456
0.1823556921532731
0.10505987359374377
0.04827938237626848
0.11455759492517867
0.08137513381127204
0.040536678622578724
0.011355145291142905
0.04660314329731675
0.18501950820786775
0.11286090981423902
0.09104643566917793
0.11884296165780911
0.051486865968900425
0.1432068869706872
0.06415978806755561
0.24167743194891517
0.05283268511277786
0.062448109178357
0.0434353141599135
0.12511133047330575
0.2624544902245732
0.034888419200880684
0.03847838982546959
0.026712756666346614
0.06136166276214845
0.13350793387778853
0.0943815317713582
0.030747850637130703
0.12838069617563824
0.12303926074842118
0.050366413336647604
0.04332510693369707
0.07557620278693725
0.21675809403653865
0.0688648614000175
0.10830394210646149
0.042412143554824665
0.06053999671176694
0.17740235326715795
0.11189587099834392
0.1869791247274931
0.06697090290888282
0.028168541513987455
0.08765249173796577
0.08194955936010646
0.1637992117039879
0.04339356885974856
0.07966071898737725
0.09763506268925636
0.09618306237844389
0.08447427934091213
0.044088433626908057
0.059372749884292364
0.19100545887702694
0.09656469422363527
0.06703695537356681
0.05404781191502462
0.046667915325427724
0.21064144675033933
0.07952583247079079
0.11696565540459003
0.04105070643620515
0.09078419900092277
0.13017968430650415
0.10832307214204337
0.13610014475852267
0.04096647639212956
0.03789683803726285
0.10698257023250042
0.06631015163372131
0.0823639671670977
0.0486984986655552
0.09557492504655367
0.2042615325747721
0.11112811761078531
0.028483125642399545
0.040398366540514846
0.058318465875726186
0.26040757318539387
0.06500958069306956
0.04570242526584199
0.04334452144905325
0.06773456187101984
0.16147415863262282
0.09496307443418993
0.09760241774890378
0.06709852058713082
0.10749594326202055
0.06619662675075448
0.08711593999891502
0.10090094171843914
0.06763114889078593
0.026988236061323775
0.14977889011870651
0.05339536843249296
0.04970252551706915
0.03145151550744113
0.14544877173876886
0.28777662643688
0.1275686328850428
0.01652744386099153
0.018145676392509084
0.010968817541194999
0.25586023382794304
0.010599498571379238
0.03572835589720176
0.07110629434725928
0.15084998865923344
0.09804772154010034
0.1359358069343168
0.060467549647780686
0.13218696524631413
0.02481386139233733
0.05412716984944252
0.031528480227794586
0.05431806760958621
0.12121756008579126
0.13423448510655037
0.18266854971420204
0.06527595922223503
0.0426346204090975
0.05168199158048161
0.051526644335489646
0.28095704032633884
0.1043039523044781
0.04304170686340073
0.01538593337986602
0.11144655113267495
0.2144762542458708
0.016670893755550184
0.03592827292816683
0.06927719467974834
0.07735517240809513
0.0917438799589451
0.07570497788531876
0.0329932883750731
0.15704441150019913
0.0904255462400996
0.06374644445057909
0.07692387724829634
0.05584040541281849
0.1860760362051191
0.09784335680116653
0.1356906764457168
0.0271863563550164
0.060492241035203516
0.1401314670479654
0.07268068051589426
0.20055164207258122
0.051062178241662884
0.03126745922151919
0.07866310964428477
0.11376730474812374
0.18893888886918256
0.06759487434746261
0.038874622896656025
0.07155481263132013
0.05727889830876267
0.1281527708598551
0.044427879859442285
0.07567058556993772
0.1276713826507312
0.1264090600317864
0.0708616234210041
0.03201350873616509
0.05597881020409333
0.19624588604148824
0.044919319134536104
0.0571508889434194
0.04261387842091024
0.030460228735999233
0.2196063233348756
0.13478310152218537
0.09218784609945951
0.049284958462105656
0.08123984500283601
0.16770154500041545
0.03816651815364419
0.13413778853465028
0.04448206157172891
0.07112380946694932
0.09354805072138511
0.13449497151121192
0.135317569522409
0.041716334190610334
0.029647563939232582
0.10065102290667287
0.04142841777508078
0.08533332162518784
0.0381464910943482
0.10712764594872787
0.19738889246262478
0.11933178772010697
0.03230875115010533
0.02989767710795504
0.0485130556909779
0.26314719133383696
0.0593266780799626
0.030237176879683563
0.037164272656013415
0.06423053717734743
0.19962587983006885
0.08659004152641174
0.06606247087479428
0.06460980919215993
0.10672161961714478
0.09452674724354168
0.0894080361693701
0.08451448100580927
0.07504010107913386
0.029843951621289496
0.11107569624519566
0.04885888989813509
0.06228832393079589
0.04828677045562673
0.12875693568403793
0.21906178956209793
0.11163939388717543
0.03473554365509709
0.02327140358767875
0.034172299342049614
0.24634430428021925
0.03410786611125874
0.03521065954342969
0.045527772205453745
0.11923550922484394
0.16300971506311787
0.09901315027444332
0.04412538422292625
0.09516565621678236
0.05214472585683151
0.10959510053092295
0.051328181669006455
0.039362482068657216
0.10885017959355713
0.10730156691776853
0.15718978075256462
0.06585507929629943
0.038334378479467586
0.07918044964643116
0.0636944779686889
0.20187032655429218
0.06605141687806954
0.04529105484881277
0.06333209105312572
0.10530255331704418
0.16142266506081593
0.04864579650675597
0.038746972581576465
0.09644321099448291
0.06431683884806495
0.1183582110775599
0.07015504293605522
0.03501017894654049
0.13322484494883863
0.11150612431255973
0.15010115046475722
0.0354139143602763
0.04751198157385224
0.11430262665825708
0.056903057382632766
0.1881266418829911
0.05520506488707964
0.0397840263662389
0.07755528490234838
0.12158037194164907
0.1450080896877574
0.0634685337809391
0.039733027226452375
0.10791525671578413
0.045611405215477845
0.06680987864405452
0.023230252479546624
0.0664324867392051
0.19102289462593866
0.13280163223706448
0.06891624866549213
0.04112672992490499
0.03454493902287774
0.2048712565359968
0.03292918521975788
0.14979129437854977
0.060692076550507346
0.03910264733519169
0.10894815883316446
0.14420034769608442
0.18614589215801117
0.03475728404423874
0.094085590934762
0.047354556935094515
0.019479542282903262
0.11532705390972257
0.02749491255987617
0.019270706755905375
0.14170437692343857
0.15460118592949937
0.020708842299321847
0.038031057064969565
0.06460112685166566
0.274023786189415
0.0066300668190938765
0.014473302240239766
0.035292316324035435
0.09813026056882747
0.24173241096255624
0.1599198860401664
0.08730240490833628
0.04176513254636348
0.002595421325366488
0.087148100567241
0.0010050621773178183
0.13138070681857272
0.057068038155755126
0.1275987048580222
0.052043919039213904
0.15042433999877725
0.09135561425152776
0.04234190001211352
0.02973719795212542
0.19362371343082177
0.015484269305120408
0.02641594923787553
0.012499785942981349
0.08026102019140814
0.2930065376879757
0.1146529480704861
0.01375943361065402
0.02562426948574842
0.0920041467896712
0.20636596475357533
0.05665499069911055
0.04487886740059955
0.07657559900767849
0.03613695223356511
0.08253269809516678
0.059305204287666426
0.06030345129981245
0.0991627624360306
0.12383560608694026
0.10445636715401474
0.09684061370116245
0.04606653704568493
0.06757897968449274
0.029006948971259258
0.20740847968530765
0.029439317356464784
0.0352656054407009
0.031342206405399545
0.12296646502595658
0.22870262897639748
0.08694777035206976
0.036266006789995676
0.045048943753110686
0.04553261043003851
0.16574955901068322
0.052477233605246594
0.03249662732607281
0.08969076193484227
0.10784162707020443
0.12442570108365603
0.050924186197011105
0.03071408886994389
0.11328903775475027
0.06739781307664125
0.1377218340752482
0.05959603696060473
0.039833419563698694
0.10966638375065528
0.09038799886036328
0.149889073009079
0.05311051161830869
0.04244736045139897
0.10636949202108537
0.08593156026719101
0.14001093023138433
0.04676101384515333
0.03811362008681566
0.11527391185276013
0.07494669589573894
0.1440747677364548
0.039088476642660394
0.038456714933263456
0.1138210285267316
0.09900813195379367
0.15546985686117365
0.05274322305409407
0.03759722929073392
0.100144370950338
0.06331634841178733
0.13588866141285957
0.045508041621191785
0.050092664034191284
0.11627600120612393
0.1061544674412211
0.09089119974248226
0.02799520099784089
0.05568723990074827
0.16571321224098592
0.05740363391400454
0.06823740079656324
0.03603741183288173
0.03281370700218109
0.19133172963363498
0.1065593267546596
0.09405260031538289
0.04297993834860959
0.05932578125597743
0.15556145491500944
0.059044354640813264
0.12491950664978962
0.03700142009742888
0.06862717358495349
0.10655412116691679
0.09845475025223997
0.1142650252341269
0.0339676890741458
0.033691630281234494
0.12383588849015756
0.06885427716746771
0.07449440756143863
0.03149086498386009
0.07951599874168701
0.18813263015418283
0.0810590291035312
0.045052159586758615
0.0289582940290028
0.06113538296183991
0.2124270366950641
0.08365808275866753
0.045010834941809616
0.03612319695243958
0.05089310032986295
0.17973905609555219
0.06032638685578996
0.05679532274118897
0.048352253239419246
0.0875233817162406
0.14252340983948236
0.09222777028847903
0.061149062424201775
0.05138799998039012
0.053660393477417245
0.1385198041973117
0.05354891106685906
0.05816523124617357
0.04672860973799538
0.07646502115248907
0.1611873613962367
0.07705386146524684
0.04855226186450481
0.043564373204766464
0.08281304027642025
0.19101265268077908
0.07463488491069473
0.03343341557813442
0.04132240883198576
0.05437177313168765
0.2108289413956898
0.04227795175426302
0.02513204968972897
0.04727228628028025
0.10549310538754218
0.18349381112084406
0.09018807392327982
0.03199119568176729
0.07410844336378546
0.04428016515248537
0.11412397018280515
0.044230269134190835
0.0401386484113295
0.11129659538655672
0.11240825991788754
0.09541602519266541
0.04374339767120733
0.03696892029456389
0.11803997450530282
0.04721880256176201
0.1709366678971525
0.09081545185043244
0.03571943154470847
0.07129732625322072
0.10967041986413463
0.2399889458990898
0.017833259111503078
0.03543301680615408
0.027264066906822305
0.05559100262797655
0.19027299703500736
0.04863235848565289
0.022418377121547407
0.0642312861636377
0.1037575988835724
0.06984654813251612
0.07958097186813744
0.034683702460922367
0.1662750193267481
0.06353313522891677
0.038138487194590315
0.01405158758825715
0.06533799529129929
0.21514363511926832
0.09745654015169296
0.13257250031349116
0.03244717002633803
0.029297713999593373
0.13768527372451606
0.06985160850573009
0.21319694681991916
0.06463319398005157
0.015615974886188494
0.035911723635625614
0.09051737825827717
0.16871459632836405
0.030378966522554302
0.08512644310439471
0.06406125463718267
0.0756195299614876
0.058040293995903935
0.021467163656705267
0.039812144579420145
0.19854441233552925
0.081525120811597
0.01680213862565754
0.037198002462403575
0.018944525152515265
0.2547142856871196
0.08217486674743835
0.07410115062181549
0.033365098933100454
0.1009202190290441
0.15840928901991594
0.07029716338102635
0.13038990307631346
0.03444527195917668
0.023334527220160477
0.06787478772034616
0.08868508343834132
0.1101846033888395
0.04047168021769923
0.062179901552550716
0.1236432666798207
0.059399063083849644
0.050261781229181804
0.02733453103682324
0.07986186043050778
0.22605881352236992
0.09155320131359722
0.02829759060048791
0.019434396383477257
0.031752756318498686
0.21295243002287526
0.05276164455016496
0.052074915256870066
0.04009218825761931
0.09718810355599787
0.12966036316448393
0.0882877069993801
0.06419741515500287
0.05776849663854957
0.03793268363980269
0.13138604159680833
0.0496625091677642
0.0424522590409411
0.04497285222823421
0.09488492192184639
0.20074079468881298
0.08474100293406119
0.025195122677569348
0.03104999810238133
0.04440390671110488
0.19749967865432813
0.04034057690423653
0.035678405750097876
0.05361052144288309
0.09985161723122124
0.12646886615026645
0.08888831197083216
0.04448204943698675
0.08517131917383179
0.04105745516496262
0.12273280327510816
0.027779221929595393
0.031781664765954856
0.07558058517654664
0.11165799754921946
0.20117630860637042
0.07713129321325772
0.023812287686784922
0.040737088675971526
0.034548488014757135
0.21995488220541434
0.05302312786359232
0.029977528725180252
0.04570797387171774
0.12299437174844677
0.12935121293463184
0.024314740155424334
0.02834128244489112
0.11067539938147881
0.029674310120869254
0.06451366433058811
0.08329957748668877
0.03063136368492084
0.16122310603818438
0.12957209709867637
0.11915136725097411
0.028790102203171433
0.045119393423726666
0.1266224321570353
0.027902481736015308
0.20574195837304565
0.023922667183213415
0.029978289345985783
0.054182871622309635
0.12995464595598166
0.1954772179495108
0.06723027228909069
0.016435035943222733
0.04954852264412928
0.030085904520829484
0.09828190553449109
0.033869278733174316
0.05689350021215512
0.13614001098694561
0.12381517172496019
0.03809730554597098
0.015650973157960133
0.05204253069684482
0.21278499595756015
0.03759941607900611
0.07050968042678109
0.03862975569497454
0.012596660591342113
0.1858357932074939
0.11083723354933608
0.13271436597166517
0.040508667010939046
0.06277269743869728
0.1029926372709275
0.05183293472505079
0.1468249251692819
0.029079200264579587
0.06356761057106965
0.07658400852234383
0.0906551829293763
0.1019336379882244
0.025904900476415315
0.018677773919935522
0.13738015642779644
0.07263203121540245
0.049412499841783114
0.023925731372487675
0.07723375883881564
0.2130274259571876
0.06400110009427308
0.02969854065180571
0.024308877210668187
0.05907162803442016
0.2192346109387771
0.09565029211330993
0.0431533553888602
0.03341895580588271
0.03243907867798763
0.1582414160923855
0.03776239899730151
0.06864228032278194
0.04502817272189817
0.09500209696263578
0.10292757893050446
0.10816833007063084
0.07698882296993566
0.046275645543987845
0.03607263122543728
0.1176309234760312
0.029565572464028744
0.05680861901157301
0.03168234519163715
0.07398055949078101
0.19741124237411026
0.09057618204839958
0.0259778632796761
0.01711476175235171
0.07962057420818702
0.24508707816368724
0.05750449673468456
0.014615916721023905
0.029157195846143617
0.03818497474151272
0.1849948143116409
0.04125360629137556
0.02906081272961344
0.07111936670125876
0.11455192642858474
0.0904965109566133
0.09722155783912156
0.040663832522730245
0.10551652833950496
0.019273668589644157
0.09299947333751835
0.01371970854842532
0.03367538446785436
0.08755091003303556
0.1277273369958814
0.1914332874907396
0.07662418874473984
0.02778433648177689
0.03611204723781918
0.017882014585665785
0.2416013803934882
0.05682223216032129
0.02863736315075798
0.023385757315018352
0.12785320555345311
0.164293027909257
0.017080658824952584
0.020499233759551802
0.08221341124270931
0.02476226571573957
0.07068934346023924
0.07355865513587682
0.02294081092421916
0.1545393083201538
0.12326906499677238
0.08597136818674928
0.03631130174612724
0.04570376158035157
0.1528080688624011
0.03320640152475825
0.16477392946253586
0.022819289858661863
0.03541666181369973
0.0884162609940509
0.11730054265624726
0.18253001143227976
0.05164512854399977
0.014461233296539533
0.06183885598955714
0.04065104653320057
0.11799441437641606
0.03153413221189059
0.04796539274415243
0.11705218231744642
0.11027807542588015
0.06762804671689174
0.025505012285543624
0.04832373642712059
0.17729106040922527
0.0463511000450243
0.08851984709069577
0.03555640496688497
0.023329997458043265
0.15815610739223812
0.10338876137715251
0.12082280033597073
0.025472650847164525
0.05937736510765221
0.10960884668478091
0.048920380089770975
0.10119411975460227
0.02408012825550879
0.03966128143900279
0.1314021229495473
0.09934477142139791
0.054754861623927446
0.03103902696816396
0.04744998256889923
0.19286415576606192
0.04550008704980385
0.04671157827446912
0.026020002971986665
0.06380637501623118
0.18141259953988423
0.10191535107525736
0.08030867735968433
0.025648114972355546
0.03032397358141434
0.10966135851407889
0.03346034371568965
0.09172151649770763
0.03437229215958929
0.08961138975089056
0.11502662482383055
0.11091035804514476
0.05237659295743944
0.027642685845473462
0.022674917642545995
0.21313692729099432
0.01730489730712292
0.010665610652919853
0.0152613964127802
0.09143779238956917
0.24252403725770352
0.11438728287022848
0.017753280285721155
0.03494343181809595
0.04485617948293123
0.138301286963116
0.017521862784502417
0.0516270508230947
0.07285529690635303
0.06602710132401139
0.06327372385369122
0.08675719571222004
