1.0
0.999997021311
0.999992162077
0.999986920347
0.999983865561
0.999979351773
0.999986628464
0.999990503158
0.999993835132
0.999997745545
0.999997464708
0.999994008496
0.999990868485
0.999992894375
0.99998928279
0.999993542029
0.999994281601
0.999994151381
0.999994885759
0.999994740223
0.999994886651
0.999995055875
0.999993837578
0.999994609349
0.999994704244
0.99999530511
0.999995749017
0.999996312203
0.999994308021
0.999991718227
0.999989050166
0.999986625807
0.999983869309
0.99998929366
0.999992933665
0.999995944889
0.999999377327
0.99999788264
0.999989707956
0.999980440683
0.99998128376
0.999973166028
0.999984799031
0.999991849818
0.999996007094
0.999998231335
0.999997095179
0.999990940439
0.999985362935
0.999989296036
0.999985789701
0.999991557938
0.999994269091
0.999994778231
0.9999948302
0.999995520122
0.999995275357
0.99999471527
0.999995165848
0.999994786992
0.999995326869
0.999995277081
0.999994736878
0.999994883524
0.999995044328
0.99999271528
0.9999894958
0.999990864742
0.999985492771
0.999991219394
0.999994836151
0.999996897897
0.999997286893
0.999995503085
0.999986851799
0.999977129768
0.999981495533
0.999976239996
0.999987580189
0.999995351364
0.999998588133
0.999997241347
0.999995590427
0.999989928043
0.999983505275
0.999985366674
0.999985955642
0.999989395522
0.999993283018
0.999996166695
0.999995932381
0.999995646287
0.999994966458
0.999993918141
0.999992604681
0.999994572046
0.999994128964
0.999994512244
0.999994806532
0.999994214015
0.99999481212
0.999994032062
0.999991974907
0.999993974434
0.99999065974
0.999994071505
0.999996296173
0.999996920088
0.999994782401
0.999993608715
0.999988621143
0.999981755405
0.999984601743
0.999984507995
0.999989947135
0.99999539337
0.99999942204
0.999997802417
0.999994458596
0.999989679477
0.999983754412
0.999978238421
0.999984332174
0.999986242396
0.999992079264
0.999997687562
0.999998096344
0.999994317888
0.99999184874
0.999991247561
0.999986367408
0.999992339969
0.999992276058
0.99999373074
0.999994903521
0.999994668764
0.999994640914
0.999995027755
0.99999465804
0.99999465883
0.999994484532
0.999995026224
0.99999531239
0.999995781448
0.999994455364
0.999993258367
0.999991424264
0.999988048175
0.999985221217
0.999988983892
0.999990423893
0.999994368966
0.999998986006
0.999998889288
0.999991880522
0.999985299304
0.999981504496
0.999971359051
0.999982781289
0.999986526178
0.999993934329
0.999998898804
0.999998653257
0.999991158255
0.999986667634
0.999987455258
0.999981770948
0.999989716526
0.999992133206
0.999994142331
0.999994778765
0.999995652283
0.999994850646
0.999994270195
0.999994715148
0.999994208985
0.999994878009
0.999994878222
0.99999447134
0.999994565555
0.999994909417
0.999993244251
0.999992124132
0.999991946447
0.999986892574
0.99999175217
0.999992427721
0.999995466488
0.999997594619
0.999997200314
0.999988770896
0.999982208667
0.999982067845
0.999973737789
0.999985720305
0.999991390091
0.999996833779
0.999997970067
0.999997768691
0.999990817617
0.999984408335
0.99998453279
0.999982590281
0.999986570828
0.999991284531
0.99999508869
0.999995680185
0.99999612266
0.99999536691
0.999992891185
0.999991330908
0.999993401381
0.999992306449
0.999993873232
0.999994438361
0.999994019185
0.999994475006
0.999993976035
0.999993636101
0.999994395084
0.999991215858
0.99999415754
0.99999483946
0.999995815911
0.99999501521
0.999995122422
0.999990059097
0.999984927668
0.999985767623
0.999982866309
0.999988145495
0.999993201012
0.999997833407
0.999997647907
0.999996407089
0.999992355653
0.99998440918
0.999978578089
0.999982056834
0.999981631127
0.99998957745
0.999996162795
0.999997991324
0.999995161243
0.999993376242
0.999989357565
0.999984082666
0.999990358948
0.999988621667
0.9999927792
0.999994645686
0.999994392624
0.99999381524
0.999994686053
0.999994728202
0.999994054446
0.999994190267
0.999994525946
0.99999474258
0.999994921227
0.999993958437
0.999993856172
0.999992840895
0.999989392922
0.999987059993
0.999988970747
0.999988594342
0.999992812698
0.999997454398
0.999998547141
0.999993799643
0.999989782661
0.999982187806
0.999972073486
0.999980984086
0.9999804647
0.999991273901
0.999998174646
0.999999181253
0.999992041594
0.999989062586
0.999985613485
0.999978462858
0.999987264514
0.999988373089
0.999992830624
0.999994456749
0.999995627989
0.999994194848
0.999993778921
0.999993938974
0.999992901482
0.999993831585
0.999994157851
0.999993930391
0.999993902596
0.999994256668
0.99999326772
0.99999337645
0.999992415962
0.999988911343
0.999992283531
0.999990498596
0.999994207905
0.999996843428
0.999997221648
0.999990408357
0.999987081318
0.999982859441
0.999973592025
0.99998426591
0.999986474725
0.999994423057
0.99999780481
0.999998960312
0.999991790614
0.999986477568
0.999984302393
0.999979565959
0.999983571742
0.999988308514
0.999992966975
0.999994760451
0.999996517427
0.999995861811
0.99999198124
0.999990333016
0.999991444052
0.999989655032
0.999992677804
0.999993292508
0.999993530661
0.999993881317
0.999993576259
0.999993848516
0.999994173217
0.999992157305
0.999993907371
0.999993356102
0.999994738161
0.999994643279
0.999995110675
0.999990771824
0.999988060285
0.999987074413
0.999982284446
0.999986893539
0.999990716082
0.99999555673
0.999996563998
0.999997543974
0.999994477073
0.999985801538
0.999980211137
0.999980094003
0.999977544766
0.99998649156
0.999992881424
0.999996934609
0.999996262468
0.999995087748
0.99998773588
0.999982999197
0.999987599469
0.999983731917
0.999991095138
0.999993450693
0.999993884119
0.999992969735
0.999994177425
0.99999382853
0.999992975859
0.999993663696
0.999993435937
0.999993989196
0.9999939578
0.999993090146
0.999993504043
0.999993216245
0.999990420976
0.999988840291
0.999989095928
0.999987643806
0.999991490984
0.999995073735
0.999997134644
0.999995067749
0.999993142012
0.999983327087
0.999974909564
0.999979564017
0.999974938295
0.999988223061
0.999995415274
0.999998528265
0.999993504535
0.999991874398
0.99998413011
0.999976749452
0.999984412895
0.999983156281
0.999990661765
0.999993474949
0.999995302399
0.999993482041
0.999993457671
0.999993015839
0.999991062189
0.999992179274
0.999992842062
0.999992945503
0.999992943367
0.999993301546
0.99999287063
0.9999933937
0.999992278768
0.999990658791
0.999992553296
0.999989431061
0.999993148298
0.999995102775
0.999996095549
0.999991604276
0.999990641113
0.999983767161
0.999975709325
0.99998329956
0.999981457953
0.999991616317
0.999996370229
0.999998869867
0.999992754598
0.999989216547
0.99998477703
0.999977595422
0.999980794636
0.999984472215
0.999989746791
0.999993021935
0.999996390392
0.999996257396
0.999991606627
0.999989910738
0.999988853705
0.999986526728
0.99999076979
0.999990918725
0.999992596674
0.999993252199
0.99999299274
0.999992792639
0.999993394074
0.999992750367
0.999993114749
0.999992086462
0.999993617524
0.999993726792
0.999994027117
0.999990834578
0.999990272279
0.999988233861
0.99998284781
0.999986211153
0.999988197535
0.999992869414
0.999994774253
0.999997486955
0.999995703247
0.999987736056
0.999982852056
0.999978781673
0.999974564884
0.999983109434
0.999987893672
0.999994754104
0.999996884651
0.999996563295
0.999987020923
0.999983287246
0.999984268574
0.999978442782
0.999988542306
0.999990524506
0.999992937584
0.999992462448
0.999993607048
0.999992088531
0.999991673289
0.999992721762
0.999991559823
0.999992914675
0.999992865804
0.999992092248
0.999992407337
0.999992638807
0.999990887517
0.999990126036
0.999989181926
0.999987439016
0.999990508191
0.999992309422
0.999995025098
0.999995265537
0.999994949204
0.999984817018
0.99997896138
0.999978659219
0.999971140089
0.999985068483
0.999990464854
0.999996670542
0.999994984733
0.999994341319
0.999983422813
0.999977035023
0.999981508783
0.999977241734
0.999987572643
0.999991241311
0.999994429364
0.999992824692
0.999993356294
0.999992126962
0.999989088944
0.99999008961
0.999990693303
0.999991293231
0.999991654024
0.999992076308
0.999992101245
0.999992556203
0.99999164747
0.999991419057
0.999992318125
0.999989239303
0.99999219498
0.999992730256
0.999994362406
0.999992082091
0.999992300522
0.999984586893
0.99997927433
0.999982838288
0.999977459331
0.999988760319
0.999993468463
0.999997492918
0.999993351421
0.999991836131
0.99998579765
0.999977127791
0.999978727776
0.999980181458
0.999985687548
0.999990309735
0.999995269788
0.999996199727
0.99999186749
0.999990208838
0.999986046289
0.999983478521
0.999987991013
0.999987152372
0.999991048864
0.999992348341
0.999992304899
0.999991121647
0.999992235699
0.999992314364
0.999991739425
0.999991101888
0.999992178991
0.999992371309
0.999992456729
0.999990241099
0.999990998036
0.999988852097
0.99998418328
0.999986033059
0.999986019804
0.999990253911
0.999992460584
0.99999618065
0.999995651067
0.999989624221
0.999985871396
0.999978287294
0.999973285089
0.999979782255
0.999982024113
0.999991512854
0.999996122242
0.999997315839
0.999987457736
0.99998479337
0.999980738157
0.99997392971
0.999985108086
0.999985462774
0.999991329675
0.999992099228
0.999993016601
0.999989965936
0.99999042544
0.999991180053
0.999988919996
0.999991354925
0.99999137298
0.99999101314
0.999990884245
0.999991298861
0.999990618353
0.999990580367
0.999989011701
0.999987655656
0.999989787533
0.999989809644
0.9999926202
0.99999418761
0.999995098126
0.999986309854
0.999983077329
0.999978236109
0.999969929928
0.999982149173
0.999984000316
0.999993817574
0.99999555959
0.999995808259
0.999983605382
0.999979127498
0.999978905328
0.999971781329
0.999983730118
0.999987307348
0.999992756143
0.999992038173
0.999993364208
0.999991383156
0.999987421373
0.999987884101
0.999987648836
0.999988830327
0.999989864821
0.999990440383
0.999990963294
0.999991293149
0.999990721039
0.999990870212
0.999991424638
0.999989483941
0.999991156117
0.999990266089
0.999992397352
0.999991657485
0.999992115578
0.999985084978
0.999983002989
0.999982719388
0.999975350212
0.999986155279
0.999989324972
0.999995083813
0.999993194919
0.999993590128
0.999986970467
0.999978176279
0.999977726424
0.999976034143
0.999981235743
0.999986625847
0.999992854734
0.999995268479
0.999992488117
0.999991157731
0.999983630967
0.999981047225
0.99998429437
0.999982265988
0.999988691189
0.999990516267
0.999991450426
0.999989595928
0.999990922616
0.999990473769
0.999989904658
0.999990178294
0.999990067301
0.999990682781
0.999990782689
0.999989175098
0.999990180823
0.999988642508
0.999985629015
0.999986125277
0.99998439816
0.999987949986
0.999989949412
0.999993877395
0.999994250508
0.999990870091
0.999988586029
0.999978630106
0.999973699697
0.999976831414
0.999976340094
0.999987439482
0.999993282657
0.99999694296
0.99998887129
0.999987008019
0.999977593521
0.999971147578
0.99998090147
0.999978517996
0.999988788516
0.999991143555
0.999992328351
0.99998807626
0.99998942513
0.999988992151
0.999985840108
0.999989183222
0.999989061009
0.999989753444
0.999989190759
0.999989505757
0.999989592685
0.999990093877
0.999988451826
0.999987741362
0.999989086051
0.999987951016
0.999990275039
0.999991960433
0.999993800889
0.999987419601
0.999986214857
0.999978195522
0.999971227591
0.99997969679
0.999977292928
0.999990254306
0.999994341886
0.999995903134
0.99998461102
0.999982272087
0.999976905721
0.999967955789
0.999979497508
0.999981621968
0.999990026934
0.999990759149
0.999993223889
0.999990772236
0.999986414738
0.999985999208
0.999983941916
0.999985544912
0.999987325267
0.999988184938
0.999989376615
0.999989826993
0.999989697443
0.999989212889
0.999989877225
0.999989350536
0.999989827753
0.999988173604
0.999990270354
0.999990292816
0.999990624564
0.999985134062
0.999985597555
0.999982652817
0.999975380269
0.999983996703
0.999984549493
0.999991984319
0.999992030897
0.99999399005
0.999987811206
0.999980299395
0.999977914618
0.999972693437
0.999976919261
0.999982166613
0.999989108792
0.999993117835
0.99999285389
0.999992424555
0.999982213448
0.99997964902
0.999979855241
0.999976892011
0.999985357977
0.999987032634
0.999990193746
0.9999886266
0.999989674751
0.999987432516
0.999987821134
0.999988832378
0.999987100866
0.999988721187
0.999988972263
0.999987832909
0.999988247489
0.999987510744
0.99998642159
0.999986161244
0.999983372574
0.999986009936
0.999987516412
0.999991017271
0.999991719391
0.999990973431
0.999990320406
0.999979614313
0.999975421244
0.999974492568
0.99997186965
0.999982943729
0.999988253069
0.999995160526
0.999990507637
0.999989275071
0.999975501009
0.999970542021
0.999976182886
0.999970702482
0.99998513929
0.999988549045
0.99999130976
0.999986888327
0.999988752496
0.999986311445
0.999982826189
0.999986401447
0.999985609413
0.999988017299
0.999987357487
0.99998757054
0.999987921548
0.999988738475
0.999987479101
0.999987227304
0.999988069395
0.999986712413
0.999988216274
0.999989027074
0.999991415245
0.999987727131
0.999987759473
0.999978380854
0.999974132956
0.999977805142
0.999971843018
0.999986345791
0.999990817361
0.999994540543
0.999986025635
0.999985436943
0.999975687631
0.999966542693
0.999975410984
0.99997472403
0.999986099237
0.99998847116
0.999992586241
0.999990122189
0.999986170149
0.999984828247
0.999980110106
0.999981658806
0.999983787985
0.999985103394
0.999987195705
0.999988076274
0.999988650246
0.999987039964
0.999987880985
0.99998805721
0.999988034519
0.999986597295
0.999987845291
0.999988126678
0.999988472611
0.999984670132
0.999986264225
0.999982296047
0.999977011706
0.999982362067
0.999980016941
0.999988533903
0.999989754353
0.999992915075
0.999987861284
0.999982686579
0.999979071136
0.99997069978
0.999973315481
0.999977300603
0.99998428839
0.999989611953
0.99999221594
0.999993408931
0.999982098676
0.999979519905
0.99997515574
0.99997183509
0.999980960472
0.999981528197
0.999988185622
0.999987944957
0.999988616184
0.99998397806
0.999985729014
0.999986506414
0.999983399613
0.999986468101
0.999986606258
0.999986304234
0.999985857007
0.999985611473
0.999985977041
0.999985767159
0.999982769692
0.999984337491
0.999985290891
0.999988042129
0.999988528266
0.999989715349
0.999990538792
0.999980816107
0.999977801269
0.999972880178
0.999969251776
0.999978516881
0.999981669552
0.999991897734
0.999991204161
0.999990927031
0.999974962274
0.999971926539
0.999971367653
0.999963516401
0.999980409302
0.999983457925
0.999989581703
0.999986387131
0.99998836392
0.999983509497
0.999980385023
0.999983176817
0.9999810248
0.999985425281
0.999985115052
0.999985669794
0.999985796065
0.999986719955
0.999986158601
0.999985893564
0.999986464595
0.999985664876
0.999986448371
0.999985987099
0.999988347401
0.999986912107
0.999987592497
0.999978595278
0.999977281207
0.999976389057
0.99996878859
0.99998249649
0.99998518206
0.999991860731
0.999987107209
0.999987660034
0.999975254801
0.999967590944
0.999972027246
0.999967705365
0.99998107683
0.999984691393
0.999991064332
0.999989113522
0.999986479248
0.999984531778
0.999976852327
0.999977685352
0.999979167027
0.999981059826
0.999984225583
0.999985716103
0.999987456518
0.999984989773
0.999985801109
0.999985267816
0.999985674004
