1.0
0.999968779238
0.999882483823
0.99975687064
0.999599853122
0.999410156255
0.999179990509
0.998901113835
0.998572440872
0.998196087793
0.997772232191
0.997298862837
0.996779468538
0.996224414449
0.99564367141
0.995035599774
0.994383029872
0.993664110673
0.992872826048
0.992028231707
0.991163317514
0.990295417855
0.989411161709
0.988476344683
0.987462264975
0.986369345045
0.985227746649
0.984074510586
0.982922644094
0.981754042534
0.980534162885
0.979238457939
0.977869793572
0.976455273625
0.975022432107
0.973582888684
0.972128571173
0.970637205137
0.96908529488
0.967462183612
0.965778160447
0.964059063893
0.962334503425
0.960614686349
0.958879445312
0.957089054798
0.955213087308
0.953255670703
0.951256109728
0.949263458375
0.947299545319
0.945337074218
0.943316945617
0.941193868032
0.938974898794
0.936715186366
0.934475921279
0.93227947444
0.930089918071
0.927843288318
0.925494945988
0.923051207296
0.920559865225
0.918079449913
0.9156406681
0.913222501138
0.910769962364
0.908231163746
0.905591944027
0.902883742225
0.900164928313
0.897483205122
0.894844276996
0.892205511623
0.889500713761
0.886684374743
0.883768387777
0.880819309175
0.87791326484
0.875076986177
0.872265519972
0.869395449064
0.866405743149
0.863303868552
0.860160463073
0.85706001055
0.854037279579
0.851052270109
0.848020159269
0.844874171736
0.841614639886
0.838308679477
0.835036804535
0.83183568112
0.828678268326
0.825494546737
0.822219492947
0.818835750637
0.815386337186
0.811944860137
0.808569400205
0.805259965428
0.801955462512
0.798575455708
0.795077624937
0.791489996795
0.787892072938
0.784362073662
0.78092151808
0.777515080004
0.774046293882
0.770448110094
0.766736610608
0.763002777296
0.75934411821
0.755793249368
0.752292093299
0.748737293875
0.745056419917
0.74125961237
0.737427608181
0.73365561728
0.729990467986
0.726394018249
0.722772554653
0.719043473582
0.715193494311
0.711285173533
0.707413044768
0.703639276954
0.699953401452
0.696280360836
0.692529082067
0.68865301519
0.684685517367
0.680722182967
0.676855029489
0.673103767112
0.66939836693
0.66563056932
0.661732282042
0.657726080808
0.653707592161
0.649779032139
0.645975745405
0.642239436395
0.638460307476
0.634557216791
0.630537760053
0.626493831398
0.622531187348
0.618691090689
0.614927132953
0.61114164617
0.607254780076
0.60325708966
0.5992156999
0.595226568534
0.591351618714
0.587574825632
0.583810827541
0.579965341026
0.576002487278
0.57197176614
0.567970996631
0.564080233304
0.560307192668
0.556579353362
0.552791635464
0.548880929246
0.544875187718
0.540878188682
0.536993044263
0.533245813139
0.529565303402
0.525837096359
0.521988042184
0.518038299618
0.514082733884
0.510222553885
0.506499494512
0.502863363277
0.499208546447
0.495449986983
0.491584480864
0.487690696395
0.483871269275
0.48018123423
0.476592813162
0.473018391973
0.469369709525
0.465615681786
0.461804036829
0.458032947969
0.454383584189
0.450860531164
0.447385452305
0.443854409009
0.440213099103
0.436497034522
0.432803476129
0.429222795276
0.425776475511
0.422400300427
0.41898985347
0.415475484643
0.411874072585
0.408278683678
0.404789016915
0.40143559442
0.398162571058
0.394872048823
0.391494731562
0.388034999259
0.38456598395
0.381177104549
0.377914731892
0.374750764055
0.371599879403
0.36838057489
0.365073352242
0.361736185997
0.358459353261
0.355303072608
0.352258506975
0.349253974366
0.346202992269
0.343063699709
0.339870277849
0.336713269327
0.333674571538
0.330765676969
0.327918423523
0.325036035434
0.322065040648
0.319032944338
0.316025175401
0.313121691209
0.310346459016
0.307649471851
0.304941503187
0.302158169717
0.299306874579
0.296460925468
0.293704059634
0.291070859008
0.288525114605
0.285990142424
0.283402247837
0.280751344887
0.278085194967
0.275479775198
0.272987866252
0.270600805019
0.268252244945
0.265866377353
0.263413029526
0.260930266451
0.258494199317
0.25616338636
0.253941590513
0.251774787757
0.249588821919
0.24734128212
0.245052936255
0.242794833032
0.240636462213
0.238591468162
0.236610061116
0.234619022808
0.232575747505
0.230495066476
0.228435732138
0.22645811026
0.224584308671
0.222785040052
0.220997871578
0.219171855227
0.217303773837
0.215442557023
0.213650020124
0.211956453487
0.210343341146
0.208758065719
0.20714997126
0.205503340911
0.203847864316
0.202240796583
0.200727820615
0.199307372197
0.197930866934
0.196539001836
0.195106573953
0.193659673929
0.192254457943
0.19093382441
0.18970217173
0.188523563038
0.187345437792
0.186135658214
0.184905900167
0.183704611873
0.182579215263
0.181541251575
0.180559762896
0.1795876755
0.178595911148
0.17759052546
0.17660414572
0.175675325877
0.174823887776
0.174036770697
0.173275669516
0.172504615639
0.171716514952
0.170939012404
0.170212406907
0.169557484908
0.168965671756
0.168406435618
0.167848135445
0.167278437364
0.166713027122
0.166186193259
0.16572664063
0.165333750317
0.164977931067
0.164625147347
0.164263312726
0.163908655267
0.163590616077
0.163330487568
0.163128360418
0.162965947395
0.162817300213
0.162666970822
0.162520670481
0.162403751323
0.162339778232
0.162331166026
0.162361138009
0.162407770558
0.162459812233
0.162521725476
0.162608350856
0.162735656572
0.162912267203
0.163131179225
0.163373782716
0.163624140268
0.163882341587
0.164163484036
0.164484928162
0.16485087535
0.165252726303
0.16567820836
0.166118032158
0.166571259462
0.16704526962
0.167553154652
0.168102245753
0.168687076307
0.169293669143
0.169912446569
0.170546592026
0.171207799477
0.171903834308
0.172633832042
0.173391419399
0.174169373436
0.174963705111
0.175776246956
0.176614156904
0.177485366047
0.178391834407
0.179323388731
0.18026881583
0.181226487123
0.182204958979
0.183214371508
0.184257915212
0.185331024302
0.186425402082
0.187533696014
0.188653372395
0.189790306014
0.190956301889
0.192159836051
0.193396628767
0.194652385185
0.195914443139
0.197183224336
0.198470033067
0.199788133488
0.20114277842
0.202529972555
0.203937939672
0.205351567624
0.20676549116
0.208189711263
0.209643779728
0.211140870067
0.21267595312
0.214228902889
0.215781699003
0.217330339657
0.21888660266
0.220470252328
0.222096421209
0.223763940192
0.225454506343
0.227143681302
0.228819546575
0.230494821165
0.232196234546
0.233943869109
0.235734950427
0.237548890931
0.239361567245
0.241160331006
0.242952685129
0.244762068876
0.246612787822
0.248512148229
0.250442489868
0.252373386965
0.254285096819
0.256182518196
0.258090948687
0.260037538843
0.262032817091
0.264063550892
0.266102397935
0.268122462973
0.270118199871
0.272112595344
0.274140784183
0.2762229807
0.278347940907
0.280482200662
0.282594356111
0.284677861105
0.286754224639
0.288857903632
0.291012599325
0.293214576725
0.295432772807
0.297630601472
0.299793221964
0.301939629668
0.304107596416
0.3063255158
0.308591784249
0.310877909836
0.313149478228
0.315386511104
0.317598377874
0.319818115739
0.322080575879
0.324396951625
0.326744993589
0.329083420614
0.331383054173
0.33364758185
0.335909833751
0.33820885562
0.340563217594
0.342957218039
0.345350399383
0.347705562841
0.350014924992
0.352308803716
0.354633308328
0.35701612612
0.359444247255
0.361875703679
0.36427082057
0.36661825251
0.368942501919
0.371286068693
0.373680271093
0.37612323545
0.378580337703
0.381008178078
0.383386273282
0.385731097287
0.388083596737
0.390479505492
0.392924975748
0.395392538026
0.397841737258
0.400243901738
0.402602078071
0.404951842427
0.407336448265
0.409775026192
0.412246577301
0.414706059171
0.417116149296
0.419474909088
0.421816482537
0.424186037354
0.426607567144
0.429067419373
0.431522686092
0.43393132716
0.436283347818
0.438608483303
0.440953719481
0.44334844006
0.445783549664
0.448219156769
0.450614991086
0.452955755051
0.455261283901
0.457572521084
0.45992375189
0.462318791966
0.464727486916
0.467105847421
0.469427506484
0.471702729702
0.473970142393
0.476269768881
0.478615597933
0.480985520692
0.483335223927
0.485629883863
0.48786791751
0.490084067311
0.492324694567
0.494614078373
0.496934739093
0.499241078776
0.501494441457
0.503688584763
0.505853660005
0.508033563961
0.510255043552
0.51250910667
0.514758099
0.516962458754
0.519108692941
0.521217953175
0.52333003258
0.525474654001
0.527651691015
0.529831788275
0.531978513948
0.534071676126
0.536119595737
0.538155322474
0.540213811006
0.542307246862
0.544414311718
0.546496470475
0.548524472281
0.55049979619
0.55245401649
0.554425433285
0.556431268316
0.558455797793
0.560461364348
0.562414653282
0.56431175489
0.566180877248
0.568061071447
0.569973032018
0.571905030018
0.573821861651
0.575692158478
0.577508820754
0.579292479186
0.581076285647
0.582883010204
0.584710264637
0.586532338267
0.588318020144
0.590051689224
0.591744229967
0.59342451017
0.595119588502
0.596836703834
0.598558515734
0.600253413018
0.601898518095
0.603495059263
0.605068142303
0.606649344697
0.608254262662
0.609869936422
0.611463859069
0.613010118621
0.614506138417
0.615974211946
0.617444503679
0.618933401564
0.620431981857
0.621913719608
0.623354493969
0.624748968934
0.626112973185
0.62747104159
0.628838759643
0.630213269137
0.631576196956
0.632907622986
0.634199002667
0.635456528003
0.636697828703
0.637940073232
0.639188858608
0.640432881076
0.64165306767
0.642835067393
0.643978927752
0.645100311696
0.646218946944
0.647344107801
0.64846778898
0.649570932041
0.650636444233
0.651662735283
0.65266463353
0.653661692001
0.654662942947
0.655661632115
0.656640446336
0.6575853618
0.658495148572
0.659380492271
0.660255666621
0.661128324965
0.661995760307
0.662847434003
0.66367308754
0.66446849342
0.665237440394
0.665988399184
0.666729406057
0.667463924731
0.668189153916
0.66889595748
0.669575656677
0.670225939138
0.670852231775
0.671464361655
0.672070013303
0.672669055217
0.673252386363
0.673811056537
0.67434138305
0.674847341713
0.675337228562
0.675817422313
0.676287543747
0.676741697184
0.677175000309
0.67758624381
0.677977152431
0.678349813279
0.678705094203
0.679043649393
0.679366735982
0.679675637661
0.6799703898
0.680247359066
0.680502128977
0.680733032872
0.680943751577
0.681140181978
0.681327205809
0.681504557201
0.681665250225
0.681802025075
0.681912842957
0.682002383878
0.682077873736
0.682144538164
0.682201484605
0.682243579741
0.682265168884
0.682263070344
0.682237563015
0.682193493655
0.682137543628
0.682073807252
0.68200135666
0.681913559278
0.681802285715
0.681663094536
0.681499873478
0.681322647698
0.681141809543
0.68095972128
0.680767257937
0.68054967099
0.680297950429
0.680017108498
0.679723593825
0.679431699271
0.679143163162
0.678846406525
0.678524191589
0.67816623633
0.67777693182
0.677373134176
0.676970593716
0.676574535116
0.676175193136
0.67575444069
0.675298964587
0.674809568304
0.674300097327
0.673787404194
0.673282394022
0.672782010608
0.672269878081
0.671726616995
0.671143495104
0.670530048447
0.669908816549
0.669299183898
0.668703526093
0.668104030315
0.667475293756
0.666802507769
0.666093054933
0.665371423852
0.664662534885
0.663974148375
0.663288879799
0.662577640461
0.661821218816
0.661024680905
0.660212651957
0.65941189249
0.658632127492
0.65786013435
0.657069697178
0.656239439232
0.655366788627
0.654470806956
0.653579924041
0.652710984903
0.651858025046
0.65099587033
0.650097988365
0.649154551116
0.648180349217
0.647204505767
0.646251209772
0.645322700777
0.644395609231
0.643436847561
0.642427710077
0.641379144533
0.64032499384
0.639296358009
0.638298750499
0.637309167392
0.636292094912
0.635224900498
0.634113881525
0.632991263103
0.631891083747
0.630825806438
0.629777192877
0.628708757175
0.627592580716
0.626429287879
0.625247270837
0.624080978881
0.622949342083
0.621842973775
0.620729616491
0.619575916244
0.618370847589
0.61713457798
0.615905602024
0.614713118782
0.613556047184
0.612403321307
0.611215956195
0.60997475079
0.608694210667
0.607412714004
0.606165721483
0.604961510976
0.603772921167
0.602556976681
0.601286467385
0.59997052363
0.598647233657
0.597355875001
0.596109121214
0.594884791023
0.59364259762
0.592352253018
0.59101382445
0.589658046765
0.588326294688
0.587039949827
0.585785640107
0.584524770211
0.583221385627
0.581867058061
0.580487138122
0.579122562161
0.577801643965
0.576521405107
0.575247949434
0.573939729296
0.572577131584
0.571178191369
0.569786751895
0.568440077526
0.567141422061
0.565858859242
0.564548135119
0.563184110948
0.561777982865
0.560370658397
0.55900329445
0.557688155226
0.55640001849
0.555093379112
0.55373585875
0.552331531026
0.550918168095
0.549537945932
0.548209513086
0.546916325253
0.545617618284
0.54427652218
0.542885731779
0.541473300859
0.540083858467
0.538746792055
0.537454829066
0.5361694636
0.534848609668
0.533476559604
0.532074527222
0.530685957114
0.529345922465
0.52805769291
0.526788839558
0.525493821236
0.524147088236
0.522762490629
0.521383187373
0.520049595801
0.518770959417
0.517519396102
0.516250851286
0.514936152306
0.513580650154
0.512220062216
0.510897144557
0.509630278954
0.508400255175
0.507164319635
0.505887288494
0.504566242552
0.50323227443
0.501928001447
0.500677251701
0.499470426289
0.498270398544
0.497038044335
0.495759544441
0.494457461558
0.493175631196
0.491947067616
0.490769688346
0.489608812166
0.488422416265
0.487190954157
0.485930097962
0.484680221095
0.483478217786
0.482331127806
0.481211519058
0.480076121898
0.478897425551
0.47768351591
0.476472979465
0.475304929494
0.474191940543
0.473113299281
0.472029413876
0.470909404954
0.469752288395
0.468587928967
0.467456506501
0.466380143324
0.465346439873
0.464317837132
0.463258898248
0.462161759773
0.461050460492
0.459963807335
0.458927971337
0.457939486006
0.456967283438
0.455973829799
0.454941994469
0.453887998357
0.452850407754
0.451861083231
0.45092280153
0.450007891757
0.44907890178
0.44811511774
0.447126313729
0.446144949118
0.445204971052
0.444317361103
0.443461626734
0.442600758366
0.441708266824
0.440787140148
0.439867037319
0.438982835044
0.438148974984
0.43735159221
0.436558419445
0.435740999949
0.434893994369
0.434039517081
0.433212324442
0.432434329841
0.431698576816
0.430974941792
0.430232384689
0.429460976558
0.428677606564
0.427913675772
0.427193878246
0.426518670435
0.425864447633
0.425199438286
0.424506660787
0.423796063833
0.423098406391
0.422441534797
0.42183005623
0.421244314978
0.42065440758
0.420041184658
0.419408952837
0.418782468311
0.418189626202
0.417641978835
0.417125791207
0.41661223466
0.416078624415
0.415525071324
0.414972967611
0.414449173482
0.413967065313
0.413518322859
0.413079456987
0.412627481807
0.41215596236
0.411679572912
0.411224759626
0.410809546286
0.410430767425
0.410067029636
0.409694550052
0.409304008724
0.408906310038
0.408523847989
0.408175970969
0.407865686413
0.407576559232
0.407284483887
0.40697529193
0.406655337488
0.406346218456
0.40606926134
0.405829020624
0.405611823852
0.405396316482
0.405168170135
0.404929271014
0.404696181014
0.404489266643
0.404317487484
0.404171926366
0.40403267721
0.403883796168
0.403724639278
0.403569093081
0.403434624989
0.403331081375
0.403254107036
0.403188743857
