0.0
0.0172602253897
0.0277249845893
0.0251192696749
0.00951864390751
0.0109347943375
0.0245749649348
0.0266698028584
0.0176160274698
0.00250532787232
0.0188519134335
0.0287466916296
0.0240409619815
0.0087204441606
0.0115030456905
0.024362853252
0.0277446772246
0.0187416947556
0.00691353396874
0.0211050388525
0.0286664485437
0.0237637839803
0.0117276327127
0.0139195565681
0.0268200330517
0.029702643906
0.0197766891071
0.0122550184238
0.0230899810028
0.029688774101
0.0264943286663
0.0165940125502
0.019258887565
0.0303924963176
0.0313323555121
0.0226869241937
0.018279801833
0.0266414238267
0.0335868870634
0.0306239146009
0.0221148853198
0.0255100045808
0.0338328101886
0.0344142968624
0.0283406628123
0.0251719044974
0.0327006733954
0.0386648757205
0.0349259435948
0.0287354448529
0.0318476061643
0.0385929142727
0.0400807704353
0.0350587388343
0.0328948399196
0.0396071694522
0.0436704767564
0.0404885925492
0.0364423130487
0.0390440471244
0.0454679583393
0.0467370935933
0.0419865865788
0.0410660201907
0.0464261805626
0.0497331013469
0.0478776775009
0.0447023095514
0.0473882061965
0.0530757950396
0.0533528544633
0.049647939725
0.0494962962256
0.0539757687738
0.0574839599012
0.0559437667369
0.0532595952153
0.0561272434707
0.0605367900812
0.0607285937192
0.0582917419956
0.0583318277866
0.0626794631152
0.0658176066618
0.0640029715866
0.0622021292543
0.0648502809276
0.0685788002244
0.0693304328848
0.0673510553402
0.067648194639
0.0717649995455
0.0740114522327
0.0725502331657
0.0715435547017
0.0739171467827
0.0776364609654
0.0783604389403
0.0764825048993
0.0772239447652
0.0807224220959
0.0826325049379
0.0818739774557
0.0811464801396
0.0835655302129
0.0870289190135
0.0872924214197
0.0859066111162
0.0868807761337
0.0899625419911
0.0920643241497
0.0914840839627
0.0909296675248
0.0934315554988
0.0962584754192
0.0965117434798
0.0957321705768
0.0967146925882
0.0997824220832
0.101757983861
0.101047169597
0.10088787123
0.103215112437
0.105702733257
0.106304412167
0.105727709549
0.106811207421
0.109786657583
0.111297264768
0.110786853946
0.110981720379
0.113120462385
0.11565151326
0.116273131155
0.115736222666
0.1170201438
0.119634295025
0.120979693685
0.120863883047
0.121157323736
0.123317937202
0.125735473029
0.126112338012
0.125841134998
0.127194756696
0.129556888384
0.131043419081
0.131030744639
0.131398144196
0.133590431512
0.135641170055
0.136029947428
0.136079260071
0.137387355604
0.139750288518
0.141183494327
0.141101135364
0.14167839173
0.143727845474
0.145574603802
0.146182979736
0.146328196839
0.147673982031
0.149981129997
0.151149622703
0.151194261211
0.151936616424
0.153837272509
0.15571924097
0.156348748057
0.156513102819
0.157959612262
0.16002566422
0.161099431367
0.161376964386
0.162141867886
0.164040392748
0.165857821859
0.166351451019
0.166671385333
0.168115856072
0.170006103669
0.171174420387
0.171508022807
0.172304343119
0.17420657934
0.175790591621
0.176298960407
0.176794249728
0.178172027622
0.180053091536
0.181193819955
0.181489402742
0.182399108612
0.184178344484
0.185628383691
0.186273390387
0.18680689429
0.188188964177
0.190023759164
0.191001073866
0.191380396393
0.192361862443
0.194015850562
0.195482556597
0.196139719133
0.19667939138
0.198103481835
0.199766808912
0.200686795491
0.201202714927
0.202166763042
0.203800111376
0.205218578072
0.20579464087
0.206428075828
0.20781816803
0.209348532973
0.210324447436
0.210865276478
0.211832450899
0.213447621902
0.214711709426
0.215303073163
0.216025890095
0.217340116763
0.218847901419
0.219801057869
0.220318210477
0.221343552905
0.222852855234
0.224022017719
0.224694168997
0.225419542554
0.226713968171
0.228175670131
0.229026471304
0.229597621821
0.230639946649
0.232040767574
0.233209283517
0.233881224107
0.234601792841
0.235902700485
0.237237365345
0.238050545919
0.238695867058
0.239698499284
0.241062798877
0.242189373558
0.24281168441
0.243583074624
0.244832672858
0.246064566266
0.246904413804
0.247551090502
0.248537637599
0.249868297399
0.250888328834
0.25152202842
0.252330133265
0.253501622719
0.254699694919
0.255515570919
0.256143632976
0.257148785197
0.258388281277
0.259340045269
0.260015114892
0.260802610094
0.261937760072
0.263087293097
0.263836012022
0.264495352191
0.265485846534
0.266631722323
0.267568104223
0.268232034608
0.269003468229
0.270118855081
0.271173025571
0.271897185075
0.272587727004
0.273526117113
0.27462448186
0.275519308325
0.276150262461
0.27694183196
0.277998907232
0.27897222286
0.279701453358
0.280376177502
0.281283300471
0.282336276979
0.283157560564
0.283794325181
0.284587136497
0.285568347106
0.286499888189
0.287201547966
0.287857366315
0.288755453782
0.28973022914
0.290501575468
0.291150840089
0.291908725171
0.292841618833
0.293722605786
0.29437995712
0.29504732728
0.295910535642
0.296806334704
0.297551948951
0.298180385351
0.298912893822
0.299807778757
0.30061602396
0.301255340478
0.30192439082
0.302730161042
0.303571987361
0.304275707028
0.304879954801
0.305607559659
0.306442120466
0.307187944329
0.307816297833
0.308457848763
0.309221732198
0.310010466754
0.31066241319
0.311265314591
0.311970776009
0.312735747158
0.313434972561
0.314032650863
0.314652511347
0.315385909387
0.316108164461
0.316724173259
0.317318474048
0.317980910919
0.31869095492
0.319338094397
0.319905580881
0.320519976434
0.321207030028
0.321864225336
0.32244780589
0.323014397807
0.323643732849
0.324302969499
0.324895193947
0.325447615265
0.326042300433
0.326672016958
0.327272699155
0.327814440659
0.328360855203
0.328965752564
0.329565931015
0.330111201544
0.330640733593
0.331201062912
0.331782267096
0.332325635645
0.332831563164
0.33336829989
0.333935088521
0.334474645849
0.334972122
0.335468784891
0.336004508042
0.336539711846
0.33702722247
0.337506789061
0.338019615035
0.338540497802
0.339023018525
0.33946897288
0.339944571759
0.340459591155
0.340942263068
0.341378736498
0.341821768383
0.342303158419
0.342785880732
0.343209836196
0.343614874235
0.344075537927
0.344555541529
0.344985359112
0.345366460749
0.345768948462
0.346232058082
0.346674820811
0.347043279559
0.34741440967
0.347843721427
0.348286465374
0.348665634965
0.348988296584
0.349366807782
0.349811495159
0.350205983886
0.350524501695
0.35084926144
0.351245514546
0.351661480126
0.351984361547
0.352261337181
0.352619927231
0.353029196871
0.353379485559
0.353642694831
0.353918682118
0.35430018278
0.354682516606
0.35495036233
0.355189874169
0.355509953559
0.355886922687
0.35619736747
0.356398648609
0.356645543539
0.357010007142
0.357346677315
0.357569199699
0.357757762442
0.358040206557
0.358400404338
0.358659388202
0.358810436517
0.359034124314
0.359361259398
0.359661401214
0.359835100406
0.359967521716
0.360235052212
0.360568288195
0.360773182833
0.360886441596
0.361066822934
0.361362968905
0.361635889338
0.361747529675
0.361844348896
0.362096135508
0.362385341795
0.362551153536
0.362614611895
0.362750915296
0.363037194069
0.363266313757
0.363323858656
0.363395557508
0.363608355562
0.363866987217
0.363994726205
0.363996875313
0.364114828642
0.364380863673
0.364557095011
0.364579088584
0.364606442733
0.364786279565
0.365030084944
0.3650996124
0.365058469112
0.365161465113
0.36538566698
0.365529543795
0.365507995204
0.365484555246
0.36565758156
0.365866790887
0.365879402011
0.365813113341
0.365877281058
0.366074297853
0.366193310559
0.366108631435
0.366059610355
0.366218659671
0.366377994111
0.366359323182
0.366251532292
0.366278546177
0.366470545932
0.366538323061
0.366402958758
0.366340233234
0.366460747753
0.366593628566
0.366542000354
0.366377538632
0.3663956648
0.366563668806
0.366574704498
0.36641541481
0.366316191682
0.36641019725
0.366531486411
0.366418584346
0.366219476963
0.366229510042
0.366352389521
0.366337462464
0.366143415279
0.366001171284
0.366095492458
0.366176493713
0.366007663551
0.365795598926
0.365771649062
0.365872804539
0.365837854042
0.365583637419
0.365426583912
0.365507805276
0.365534900198
0.365344592891
0.365101152072
0.365048483583
0.365149621322
0.36506025059
0.364761667302
0.364600467802
0.36464366459
0.364650684347
0.364435435998
0.364143242788
0.364091536408
0.364165364586
0.364017634943
0.363707372692
0.363518485886
0.363542522864
0.363543273478
0.363268480851
0.362951585335
0.36289630293
0.36292306659
0.36275785665
0.362423736678
0.36220207298
0.362233932754
0.362190687518
0.361863422247
0.361545593219
0.361461261084
0.361473050553
0.361295314845
0.360908241354
0.360682250181
0.360700825474
0.36060215293
0.36026495081
0.359926795653
0.359823503159
0.359841248756
0.359608836421
0.359186153502
0.358964854557
0.358946194222
0.35883488444
0.358483653456
0.358107369277
0.35801403454
0.358002358029
0.357713828652
0.357291784316
0.357051146655
0.357021501619
0.35691078512
0.356505395058
0.356116027458
0.356023127746
0.355963244432
0.355667123106
0.35523352243
0.354971448485
0.354956752314
0.354801950807
0.35435125646
0.353971561388
0.353853598357
0.353786506678
0.353487482118
0.353011218075
0.352756380294
0.352728540174
0.352518479103
0.352069718113
0.351681143708
0.351554040372
0.351499923316
0.351150619316
0.350649742572
0.350406160677
0.350342008251
0.350128066864
0.349677421121
0.349263574295
0.349155933464
0.349071787938
0.348670829826
0.348182917548
0.347927770675
0.347860903979
0.347656133431
0.347160920944
0.346745934602
0.346641106185
0.346509281358
0.346111862122
0.34562510196
0.345360528954
0.345316184667
0.345069483997
0.344538684465
0.344143468683
0.344017116821
0.343885733684
0.34349691103
0.342980491709
0.342733643798
0.342676555066
0.342378354458
0.341861663178
0.341467729455
0.341341884125
0.341230940244
0.340799197487
0.340271009143
0.34004153429
0.339949116135
0.339656298568
0.339150580882
0.338744659146
0.338646451392
0.338507497008
0.338032670789
0.337528519053
0.337293357355
0.337206099532
0.336931990425
0.336393743338
0.335999628482
0.335906656672
0.335721779507
0.335261354444
0.33477052897
0.334536954081
0.334479285661
0.334169430151
0.333608051507
0.333241391785
0.333129306373
0.332952758054
0.332512437605
0.332006339646
0.331801009501
0.331731901487
0.331376126183
0.330840587145
0.330483912569
0.330380592364
0.330232207789
0.329760007784
0.329255462074
0.329071123145
0.328968293758
0.328627476526
0.328115169453
0.327759374978
0.327691259953
0.327518269816
0.327013684373
0.326543282922
0.326357716059
0.326266446305
0.325954157474
0.325423544704
0.325090768058
0.325029186785
0.324814844437
0.324335535155
0.323888236992
0.323713685089
0.323658056375
0.323318040058
0.322777980034
0.322479225002
0.32240013926
0.322201241803
0.321753054371
0.321304194511
0.321165603315
0.321100852115
0.320724314359
0.320220220358
0.319937035802
0.319872903298
0.319709153249
0.319241352325
0.31880736462
0.318692528499
0.318596207959
0.318242985778
0.317772359349
0.317500454036
0.317476504641
0.317294168088
0.316807160608
0.316414394986
0.316300155842
0.316220558372
0.315904041871
0.315429093903
0.315190135442
0.315173821568
0.314955803914
0.314503392154
0.314140671453
0.314043675625
0.314004012877
0.313670170338
0.313199374321
0.312997203259
0.312964210473
0.31276772299
0.312355226172
0.312002561138
0.311946961402
0.311900618586
0.311540739941
0.311113866781
0.310929990266
0.310915137642
0.310759007018
0.310340016107
0.310012629663
0.309980598887
0.309906255549
0.309577165656
0.309190128412
0.309024530445
0.309052094579
0.308883636186
0.308458422037
0.308176732977
0.308145172391
0.308090497365
0.307804165489
0.30742453511
0.307297209537
0.307332416387
0.307136630668
0.306752864936
0.306503578177
0.306491739512
0.306478686494
0.306184906509
0.305821202066
0.305731062122
0.305749983221
0.305579581085
0.305240776593
0.305008990041
0.305039301042
0.30502260504
0.304714641217
0.304398817387
0.304325584911
0.304363184241
0.304235154305
0.303900644371
0.303701389276
0.303753459322
0.303712509448
0.303439982051
0.303166049987
0.303113273025
0.303191900592
0.303058393579
0.302729386613
0.302575209591
0.302625469521
0.3026050114
0.302377552668
0.302118847667
0.302105696671
0.302190826101
0.302038136025
0.301753969194
0.301630365322
0.301698806
0.301718349157
0.301492503345
0.301257355023
0.301277327366
0.301346554639
0.301221439674
0.300982420836
0.300878893156
0.300986354369
0.301004186803
0.30077424573
0.300586912724
0.300619639648
0.300705177862
0.300621354509
0.300393863223
0.300324294857
0.300449007365
0.30044769186
0.300254908506
0.300106218268
0.30015708238
0.300278832985
0.300194545696
0.299980799318
0.299952194421
0.300071833039
0.300089524202
0.299939770867
0.299809038585
0.299895307522
0.3000215544
0.299926452754
0.299756679024
0.299752354922
0.299885711733
0.2999384783
0.299795812769
0.299691847776
0.299804844133
0.299915437216
0.299847163229
0.299718227532
0.299731457155
0.299896700603
0.299949227236
0.299810542263
0.299749183173
0.299868396129
0.299991111748
0.299959441097
0.299844737621
0.299888872207
0.300065485352
0.300103273868
0.300000050744
0.299970074195
0.300101566355
0.300252699573
0.300224110921
0.300127087413
0.30020367824
0.300371619514
0.300425780977
0.300359578719
0.300345538825
0.300504770261
0.300657318813
0.300624104274
0.300566274099
0.300658670423
0.30083390985
0.300916037278
0.300859081228
0.300869621985
0.301046568946
0.301184658132
0.301175628894
0.301150269553
0.30125419111
0.301451812434
0.301533614828
0.301485055938
0.301529934509
0.301706237086
0.301851402837
0.301871517913
0.301858894551
0.301986123547
0.302188487492
0.302260063173
0.302242352516
0.302308450598
0.302489565326
0.302653843204
0.302677674416
0.302682593573
0.302832166268
0.303022920031
0.303106868068
0.303117516501
0.303193981958
0.303392564179
0.303555148746
0.303578980937
0.30361487837
0.303770719677
0.303962221513
0.304065485523
0.304084241411
0.304179662268
0.304386632984
0.304535984085
0.304579605858
0.304637573264
0.304797211877
0.305000549158
0.305102769918
0.305131236706
0.30525004039
0.305450109572
0.305601929499
0.305665803595
0.3057320071
0.305905540842
0.306107189435
0.306202450965
0.306254883541
0.306384339861
0.306581729977
0.306743316226
0.30680987619
0.306889854918
0.307074464421
0.307263003047
0.307366655914
0.307437312663
0.307570104645
0.307774290687
0.307930974474
0.307999683364
0.308100920397
0.308283307107
0.308467101596
0.308581262723
0.308656738392
0.308800340597
0.309003987016
0.309149399855
0.309232580728
0.309344998538
0.309523672416
0.309709501391
0.309820814498
0.309904620496
0.310060398232
0.310252677423
0.310396546557
0.310490908653
0.310605729372
0.310788172761
0.310966962855
0.311074029538
0.311173622098
0.311330174172
0.311513855007
0.311658936486
0.311753626297
0.311876555774
0.312059757259
0.312225019481
0.312336555097
0.312444439091
0.312597456219
0.312778157029
0.312915763721
0.31301312641
0.31314678493
0.313321016943
0.313477797566
0.313591925914
0.313700345017
0.313855706502
0.314028407635
0.314156680211
0.314262598589
0.314397712513
0.31456223363
0.314712939072
0.314822438217
0.314935913608
0.315092555401
0.31525140794
0.315375483429
0.315484156851
0.315616077231
0.315775297535
0.315914855852
0.316021696964
0.316142556664
0.316292093097
0.316438612713
