0.0
-0.000316181366367
-0.00214303066885
-0.00527866244163
-0.00950005326426
-0.0145687384003
-0.0202360084799
-0.0262485352107
-0.0323537785211
-0.0383053639498
-0.0438681424971
-0.0488229259397
-0.0529709522702
-0.0561374200012
-0.0581747371946
-0.0589651037861
-0.0584222891421
-0.0564925517228
-0.0531554046463
-0.0484230418608
-0.0423394607657
-0.0349789758896
-0.026444039065
-0.0168625563256
-0.00638492344838
0.00481932650597
0.0165651716179
0.0286559232566
0.0408870478463
0.0530500071918
0.064936148432
0.0763402082807
0.0870637200082
0.0969183612872
0.105728362731
0.113333363868
0.119590245171
0.124374737296
0.127582849367
0.129131650376
0.12895950852
0.127026431181
0.12331364471
0.117822807504
0.110575300046
0.101611032076
0.0909867991698
0.0787749473388
0.0650616879743
0.0499450138171
0.0335330703187
0.0159423035957
-0.00270463300727
-0.0222805854611
-0.0426554968715
-0.0636984003406
-0.0852787499022
-0.107267817251
-0.129540117108
-0.151974540212
-0.174455123535
-0.196872171261
-0.21912277573
-0.241111333241
-0.262749999967
-0.283958995352
-0.304666552461
-0.324809128066
-0.3443312257
-0.363185200426
-0.381331027274
-0.398736002477
-0.415374262336
-0.431226434614
-0.446279134328
-0.460524448468
-0.473959436783
-0.486585611048
-0.498408378743
-0.509436523289
-0.519681727683
-0.529158036141
-0.537881350797
-0.545868987414
-0.553139276521
-0.559711106276
-0.565603560111
-0.570835558999
-0.57542553887
-0.579391173811
-0.58274909395
-0.585514678051
-0.587701807575
-0.589322762141
-0.590388009403
-0.590906160828
-0.590883810147
-0.590325561003
-0.589233910864
-0.58760933524
-0.585450226971
-0.582753030995
-0.579512244314
-0.575720592412
-0.571369089146
-0.566447273101
-0.560943338779
-0.554844364913
-0.548136553851
-0.540805497733
-0.532836468002
-0.524214734847
-0.514925912392
-0.504956320429
-0.494293384122
-0.482926044825
-0.470845132165
-0.458043861648
-0.444518274544
-0.430267620284
-0.415294919274
-0.399607360997
-0.383216633072
-0.366139537708
-0.348398242854
-0.330020560303
-0.311040504357
-0.291498290841
-0.271440551025
-0.250920691748
-0.229998572167
-0.208740601809
-0.187219756976
-0.165514901603
-0.143710675994
-0.121897059191
-0.10016837913
-0.0786228418174
-0.0573614971036
-0.0364872344902
-0.016103661977
0.00368618420107
0.0227811899252
0.0410836082048
0.0585006286923
0.0749458264657
0.0903409210394
0.104617158509
0.117717093959
0.129595841029
0.14022267065
0.149582107361
0.157675092418
0.164519883139
0.17015255908
0.174627636766
0.178017812959
0.180414087439
0.181924800856
0.182675005204
0.182804910549
0.182468352393
0.181830708473
0.181066503527
0.180356787406
0.179886118161
0.179839343945
0.180398350009
0.181738253555
0.184024262311
0.187407525961
0.192022282183
0.197981851881
0.205376119565
0.214268257004
0.224692568092
0.236652453709
0.25011873664
0.265029157915
0.281287474138
0.298764413461
0.317298012496
0.336695706852
0.356736259091
0.377172724929
0.39773592443
0.418138216265
0.438078069781
0.45724470494
0.475323069727
0.491999375983
0.506965787359
0.519926584855
0.530602238942
0.538735488266
0.544094796752
0.546479490035
0.545722655375
0.541694658683
0.534305414713
0.523505975491
0.509289904226
0.491693045182
0.4707935737
0.446710410665
0.419601576156
0.389661685234
0.357118664511
0.322230495488
0.285280800068
0.246574810153
0.206434551378
0.165194016218
0.123194643355
0.0807798621986
0.0382912629358
-0.00393695808019
-0.0455811809585
-0.0863332596501
-0.125903224586
-0.164022964832
-0.200448479542
-0.234962133104
-0.267374310846
-0.297524361422
-0.325281408981
-0.350544308027
-0.373241395654
-0.393329803987
-0.410794145878
-0.425645315778
-0.437918527153
-0.447671504088
-0.4549821993
-0.459946528286
-0.462676003012
-0.463295245967
-0.461939706474
-0.458753118242
-0.453885128566
-0.447489357789
-0.439721285125
-0.430736143896
-0.420687287641
-0.409724698062
-0.397993649324
-0.38563354253
-0.372776644696
-0.359547557548
-0.346062906668
-0.332430402276
-0.318748580816
-0.305107025865
-0.291586217726
-0.278257635101
-0.265183852376
-0.252418825709
-0.240008766675
-0.227992280281
-0.21640040653
-0.205257688164
-0.194582721791
-0.18438837694
-0.174682498993
-0.165468456273
-0.156745693663
-0.148510270738
-0.140755133631
-0.133470683649
-0.126645395519
-0.120265968357
-0.114317651328
-0.108784775575
-0.103650961293
-0.0988992816179
-0.0945125832206
-0.0904736852488
-0.08676552157
-0.0833712900478
-0.0802745567813
-0.0774593878629
-0.0749104475566
-0.0726129932654
-0.0705529375578
-0.0687169305319
-0.0670923416931
-0.0656672699819
-0.0644305536682
-0.0633717618088
-0.0624812007631
-0.0617498840483
-0.0611695078946
-0.060732450512
-0.0604317452993
-0.0602610500437
-0.0602146311654
-0.060287342876
-0.0604745977534
-0.0607723463456
-0.0611770664484
-0.0616857313913
-0.0622957820084
-0.0630051233608
-0.0638121027508
-0.0647154751927
-0.0657143909675
-0.0668083758083
-0.0679973050761
-0.0692813790155
-0.0706610851357
-0.0721371744751
-0.0737106343804
-0.0753826371795
-0.0771544969782
-0.0790276231559
-0.0810034681014
-0.0830834739684
-0.0852689891415
-0.0875611935743
-0.0899610454576
-0.0924691843119
-0.0950858306363
-0.0978106954562
-0.100642878211
-0.103580792158
-0.106622040312
-0.10976327521
-0.113000143163
-0.116327188935
-0.11973772713
-0.12322377247
-0.126775982209
-0.130383583823
-0.134034330661
-0.137714470209
-0.141408762014
-0.145100571621
-0.148771834884
-0.1524031157
-0.155973892316
-0.159462670792
-0.162847104145
-0.166104319247
-0.169211209199
-0.17214474742
-0.174882344161
-0.177402178131
-0.179683750956
-0.181708427215
-0.183459668839
-0.184923571084
-0.186089459957
-0.186950413906
-0.187503854009
-0.187751579085
-0.187700257133
-0.187362256821
-0.186755576435
-0.185903948262
-0.18483726714
-0.183591571289
-0.182208775544
-0.180736652138
-0.179228603718
-0.177743223947
-0.176343756953
-0.175097131595
-0.174073433284
-0.173345251587
-0.172986283467
-0.17307028183
-0.173670142528
-0.174856496671
-0.176696368684
-0.179252030623
-0.182579717927
-0.186728500907
-0.191738924239
-0.197641639805
-0.204456891165
-0.212193665788
-0.220848549005
-0.230405403601
-0.240835188093
-0.252095568353
-0.264130974133
-0.276873038074
-0.290240992554
-0.304142317485
-0.318473643332
-0.333121844806
-0.34796553849
-0.362876401124
-0.377720418988
-0.392359887666
-0.406655209235
-0.420466412822
-0.43365510794
-0.446086328578
-0.457630248328
-0.468163865232
-0.477572347803
-0.485750625103
-0.492605037571
-0.498054016301
-0.502028846201
-0.504474846478
-0.50535174665
-0.504633754741
-0.502309857517
-0.498383716916
-0.49287326065
-0.485810185322
-0.477239270499
-0.467217615179
-0.455813732351
-0.443106144425
-0.429182243762
-0.41413753192
-0.398073919953
-0.381098251254
-0.363321303745
-0.344856371071
-0.32581790248
-0.306320308823
-0.286476805101
-0.266398425474
-0.246193010286
-0.22596409197
-0.205810316308
-0.185824967866
-0.16609507718
-0.146701000102
-0.127716287636
-0.109207339282
-0.0912332649352
-0.0738458621011
-0.0570896639688
-0.0410021006995
-0.0256136412436
-0.010947958788
0.00297754745717
0.0161513661454
0.0285678100829
0.0402264668977
0.0511317074553
0.0612922019835
0.0707204192541
0.0794326126107
0.0874481709411
0.0947888935603
0.101478962936
0.107544566004
0.113013312861
0.117914018447
0.122276517078
0.12613129062
0.129509220418
0.132441302911
0.134958483145
0.137091627623
0.138871190379
0.140327045978
0.141488627611
0.142384752102
0.143043361107
0.143491601871
0.143755782433
0.143861367779
0.143832954083
0.143694126761
0.143467577068
0.143175133363
0.142837605489
0.142474828092
0.142105780864
0.141748498107
0.141420048157
0.141136539252
0.140913106637
0.140763973346
0.140702359121
0.140740409657
0.140889267444
0.141159018646
0.141558594913
0.142095765066
0.142777086626
0.143607832031
0.144591929059
0.145731899934
0.147028781666
0.148482044748
0.150089533976
0.151847389213
0.153749949459
0.155789689797
0.157957159187
0.160240912437
0.162627452496
0.165101164788
0.167644300958
0.170236990379
0.172857185553
0.175480674563
0.178081179203
0.180630388015
0.18309803242
0.185452028494
0.187658627866
0.189682623432
0.191487553917
0.193035930159
0.194289594463
0.195210072311
0.195758883316
0.195897973407
0.195590166032
0.194799660504
0.19349256291
0.191637347375
0.189205442889
0.186171841416
0.182515608221
0.178220444764
0.173275318196
0.167674991378
0.161420476458
0.154519495334
0.146986860039
0.138844951686
0.130123962773
0.12086189678
0.11110480693
0.100906795863
0.0903297484854
0.0794431192008
0.0683236122006
0.0570545840488
0.0457253476869
0.0344304540303
0.0232687608409
0.0123423925886
0.00175556606772
-0.00838669547763
-0.0179796967161
-0.0269204999083
-0.0351095952377
-0.0424521743657
-0.0488594791527
-0.0542503217328
-0.0585524308205
-0.0617036911987
-0.0636532524294
-0.0643624238563
-0.0638057924869
-0.0619718987414
-0.0588632342372
-0.0544967759331
-0.0489041447797
-0.042131096228
-0.0342370709079
-0.0252945491202
-0.0153881039213
-0.00461330860932
0.00692473326999
0.019112947815
0.0318317586667
0.044956995573
0.0583618085466
0.0719183463209
0.0854996557574
0.0989818274963
0.112245668457
0.125178121528
0.137673951955
0.149637064292
0.160981684004
0.171633283739
0.181529120253
0.190618791124
0.198864399258
0.206240357187
0.212733143715
0.218340903254
0.223072479681
0.226946372148
0.229989820143
0.232237484206
0.23373020293
0.23451350192
0.234636123738
0.23414894194
0.233103421572
0.231549961269
0.229537137387
0.227110851665
0.224313001608
0.221180846117
0.217746628507
0.21403705368
0.21007310989
0.205870071463
0.201437658032
0.196780381455
0.191897876447
0.186785363474
0.181434667616
0.175834946145
0.16997303464
0.163834602234
0.157405086043
0.150670298155
0.143617285239
0.13623507707
0.128515356747
0.120453033693
0.11204663327
0.103298707637
0.0942163994247
0.0848113605643
0.0750995156023
0.0651014646887
0.0548423116163
0.044351157509
0.0336609140673
0.0228079281885
0.0118315939557
0.000773852094554
-0.0103216916023
-0.021410094372
-0.0324452723484
-0.0433810736373
-0.0541718697397
-0.064772725833
-0.0751400915251
-0.0852323298938
-0.0950101414629
-0.104436979722
-0.113479118097
-0.122106091676
-0.130291248316
-0.138011526145
-0.145247507894
-0.151983810816
-0.158208979283
-0.163915376294
-0.169099169315
-0.173760200905
-0.177901976087
-0.18153143039
-0.184658542679
-0.187296349399
-0.189460789637
-0.191170248458
-0.192445377715
-0.193308942063
-0.193785509726
-0.193901225471
-0.193683568086
-0.193161129785
-0.192363452905
-0.191320760502
-0.190063728329
-0.188623420136
-0.187031106326
-0.185318046707
-0.1835153983
-0.181654090156
-0.179764744805
-0.177877582371
-0.17602226551
-0.17422789063
-0.172522963497
-0.170935264742
-0.169491812847
-0.168218860897
-0.167141830284
-0.1662852676
-0.165672805003
-0.165327116192
-0.165269877079
-0.165521711085
-0.166102127499
-0.167029458123
-0.168320781842
-0.169991835489
-0.172056922158
-0.174528806261
-0.177418574028
-0.18073549547
-0.184486901881
-0.188678004566
-0.193311696709
-0.198388382991
-0.203905774725
-0.209858679499
-0.216238768534
-0.223034322566
-0.23023003747
-0.237806795656
-0.2457413929
-0.254006324446
-0.262569583143
-0.271394468473
-0.280439422055
-0.289657858871
-0.298998066196
-0.308403169759
-0.317811089946
-0.327154579352
-0.336361366564
-0.345354319211
-0.354051703069
-0.362367516182
-0.370211910935
-0.377491753632
-0.384111232581
-0.389972566544
-0.394976844703
-0.399024954922
-0.402018567179
-0.403861248379
-0.404459674287
-0.403724877068
-0.401573572168
-0.397929484397
-0.392724754275
-0.385901339039
-0.377412379678
-0.367223530748
-0.355314223706
-0.341678873916
-0.326327900265
-0.309288640053
-0.290606045049
-0.270343305161
-0.248582170081
-0.225422768375
-0.200983570503
-0.175400969185
-0.148828331053
-0.121434937769
-0.0934046366802
-0.0649342082348
-0.0362314877641
-0.00751284590212
0.0209993136428
0.0490786395438
0.0764980024242
0.103032674831
0.128462977823
0.152577400298
0.175175712059
0.196071840754
0.215096516132
0.232099942278
0.246954145291
0.259554821652
0.269823088855
0.277706676025
0.283180755101
0.286248322231
0.286940072012
0.285313883388
0.281453782717
0.275468437767
0.267489215947
0.257668062976
0.246174780252
0.233194021107
0.218922274782
0.203564544788
0.187330899523
0.170432976025
0.153080712214
0.135478960729
0.117824358307
0.10030253533
0.083085423767
0.0663290923066
0.0501718182473
0.0347326412642
0.020110338757
0.00638278710186
-0.00639316872016
-0.0181814934453
-0.0289662812392
-0.0387507529832
-0.0475558559712
-0.0554186475823
-0.0623903662395
-0.0685343371658
-0.0739237848162
-0.0786394530385
-0.082767355108
-0.0863964002007
-0.0896161899239
-0.0925149327572
-0.0951774452052
-0.0976834765545
-0.10010613582
-0.102510658035
-0.104953318682
-0.107480676206
-0.110129264299
-0.112925245289
-0.115884355594
-0.119012255587
-0.122305014668
-0.12574982782
-0.129325750611
-0.133004442046
-0.136751504411
-0.140527641642
-0.144289512227
-0.147991082241
-0.151584820374
-0.155022700121
-0.158257274653
-0.16124272607
-0.163935739754
-0.166296217925
-0.168287997544
-0.169879395368
-0.171043668045
-0.171759326215
-0.172010297194
-0.171786029779
-0.171081463685
-0.169896988677
-0.168238203483
-0.166115561418
-0.163544153807
-0.160543352089
-0.157136265104
-0.153349296115
-0.149211700148
-0.144755132784
-0.140013217958
-0.135020865555
-0.129813856586
-0.124428611699
-0.118901594716
-0.113268904245
-0.107566023502
-0.101827466312
-0.0960864686735
-0.0903747552844
-0.0847223303738
-0.0791573732003
-0.0737060843045
-0.068392430345
-0.0632382228918
-0.0582631646303
-0.0534846413027
-0.0489177660936
-0.04457550107
-0.0404686397797
-0.0366058631277
-0.0329938223599
-0.0296372199659
-0.0265389091473
-0.0236999719414
-0.0211197944659
-0.018796203791
-0.016725565967
-0.0149028473902
-0.0133217291407
-0.0119746998794
-0.0108531389551
-0.00994740188172
-0.0092468908878
-0.00874013494506
-0.00841486469254
-0.00825807281791
-0.008256077738
-0.00839458904302
-0.00865876464789
-0.00903326952738
-0.00950233766369
-0.0100498318598
-0.0106593021947
-0.0113140549189
-0.0119972310916
-0.0126918719145
-0.0133809992775
-0.0140477196527
-0.0146753151467
-0.0152473451493
-0.0157477687296
-0.0161610707362
-0.0164723980895
-0.0166677024014
-0.0167338861356
-0.0166589762664
-0.0164322974868
-0.0160446193457
-0.0154883431591
-0.0147576976428
-0.0138488912577
-0.0127602760348
-0.0114925094766
-0.0100487049191
-0.00843457337013
-0.00665849477163
-0.00473157260409
-0.00266774138928
-0.000483761797502
0.0018008771319
0.00416399500371
0.00658085038491
0.00902434938071
0.0114652847142
0.0138726609147
0.0162140417591
0.0184559691024
0.0205644954395
0.0225057233248
0.0242463472441
0.0257543443017
0.0269996827585
0.0279549739548
0.0285962163876
0.0289035325589
0.0288618886255
0.0284617860227
0.0276998655024
0.0265795061658
0.025111360117
0.0233137418597
0.0212128775105
0.0188430424341
0.0162465658457
0.0134737231185
0.0105823594148
0.00763728520819
0.00470966685336
0.00187612695474
-0.000782404167186
-0.00318190294386
-0.00523665091807
-0.00686077576801
-0.00796993068133
-0.00848308155494
-0.00832431792551
-0.00742461216229
-0.00572374678363
-0.00317211831527
0.000267839394546
0.00461997895257
0.00989298696576
0.0160794539938
0.0231550325899
0.0310777730067
0.039787899667
0.0492080310823
0.0592435657267
0.0697835172388
0.0807016413462
0.0918580232064
0.103101170366
0.114269957457
0.125196025903
0.135706664298
0.145627638301
0.15478600653
0.163013334334
0.17014880052
0.176042012032
0.180555992667
0.183569819665
0.184981085009
0.184708020603
0.182691271899
0.178895367641
0.173309610213
0.165948694237
0.156852770995
0.146087073065
0.133741105652
0.119927393581
0.104779809845
0.0884515152889
0.0711127765945
0.0529482455149
0.0341537986791
0.0149337834345
-0.00450181046658
-0.0239410362756
-0.0431731801287
-0.0619913933666
-0.0801959027614
-0.097596722447
-0.114016211405
-0.12929140782
-0.143275795286
-0.155841070443
-0.166878425973
-0.176299420627
