1.00000001039
0.998891143968
0.995945465418
0.991175603927
0.984601660506
0.976250719066
0.966156734709
0.954360380228
0.940908855598
0.925855605058
0.909260069747
0.891187369041
0.871708012686
0.85089752324
0.828836143043
0.805608451878
0.781302992694
0.756012003478
0.729831050271
0.702858779549
0.675196580237
0.646948505758
0.618221176838
0.589123649325
0.55976777218
0.530268324117
0.500743617863
0.471316476902
0.442115308462
0.413276108647
0.384944805892
0.35728067221
0.33046076368
0.304685631304
0.280186290336
0.257232067895
0.236137763382
0.217266689545
0.201023379221
0.187826834966
0.178054863707
0.171963146738
0.169602610671
0.170776858549
0.175069189035
0.181927700472
0.190763837104
0.201027684321
0.212247084588
0.224037648115
0.236096532089
0.248190168749
0.260140602368
0.271813603389
0.28310907871
0.29395333323
0.304293197295
0.31409169265
0.323324544134
0.331977527577
0.340044551092
0.347526005723
0.354427480989
0.360758832481
0.366533327399
0.371766948197
0.376477885866
0.380686036196
0.384412596606
0.387679752151
0.390510362768
0.392927702239
0.394955263208
0.396616544035
0.397934869609
0.398933273884
0.39963434728
0.400060123795
0.400232010426
0.400170648668
0.399895905238
0.399426744747
0.398781231629
0.397976446743
0.397028471456
0.395952353101
0.394762075261
0.393470556167
0.392089607941
0.390629954625
0.389101211033
0.387511892666
0.385869418616
0.384180104663
0.382449189641
0.380680825361
0.378878110674
0.377043095629
0.375176790028
0.373279193599
0.371349318948
0.369385198905
0.36738391827
0.365341632426
0.363253610733
0.36111424669
0.358917091921
0.356654904503
0.354319664456
0.351902625701
0.349394355198
0.346784787801
0.344063246626
0.341218553068
0.338239041416
0.335112644579
0.331826972012
0.328369382872
0.324727067458
0.320887186674
0.316836943907
0.312563738125
0.308055282458
0.303299791757
0.2982861376
0.29300405968
0.287444429787
0.281599473724
0.275463109197
0.269031373337
0.262302749738
0.255278765667
0.247964706602
0.240370189525
0.232510283027
0.224406750033
0.21608927738
0.207597580724
0.198983574442
0.190314311993
0.181675511614
0.173175711532
0.164950995154
0.157169588308
0.15003551062
0.143788928938
0.13870042146
0.135055499645
0.133127524016
0.133141748095
0.13523963121
0.139456806591
0.145723495311
0.153886110504
0.163739501739
0.17505775932
0.187617080068
0.201208537182
0.215643819441
0.230755554252
0.246395784061
0.262432935912
0.278749125707
0.295237442719
0.311799799975
0.32834521572
0.344788377398
0.361048737108
0.37704964721
0.392717937905
0.407983497292
0.422779087253
0.43704026464
0.450705308107
0.463715308909
0.476014243942
0.487549105869
0.498270098192
0.508130712693
0.517088056185
0.525102853251
0.532139855819
0.538167776197
0.543159672403
0.547092947429
0.549949575716
0.551716177336
0.552384137273
0.551949677778
0.550413885437
0.547782797322
0.544067320582
0.539283294138
0.533451408462
0.526597113111
0.5187505923
0.509946595829
0.500224401442
0.489627595856
0.478204009958
0.466005552888
0.45308805284
0.439511259174
0.425338530367
0.410637060094
0.395477543191
0.379934531462
0.364086300526
0.348015281885
0.331808257151
0.315556971373
0.299358776686
0.283317470238
0.267544465882
0.252159951717
0.23729428477
0.223089216087
0.209698560987
0.197287952047
0.18603222404
0.176109980923
0.167693340554
0.160933220977
0.155940801099
0.152768886989
0.15139900557
0.151738281459
0.153629512045
0.156869670345
0.161233230473
0.166492472059
0.172433008
0.178862699677
0.185615579647
0.192552099521
0.19955729355
0.206538076639
0.213420288534
0.220145763861
0.226669718105
0.232958573879
0.238988060213
0.244741637474
0.250209140438
0.255385653819
0.26027067781
0.264867317361
0.269181483033
0.273221408107
0.27699722981
0.280520491507
0.283803768311
0.28686036706
0.28970405425
0.292348864391
0.294808775922
0.297097493314
0.299228537375
0.301214975074
0.303069210396
0.304803022894
0.306427513521
0.307952978523
0.309388923887
0.310743987764
0.312026030433
0.313242110251
0.314398429875
0.315500391529
0.316552709833
0.317559369618
0.318523665481
0.31944828622
0.320335345761
0.321186449755
0.322002734784
0.322784913926
0.323533339826
0.324248047022
0.324928788389
0.325575104306
0.326186366187
0.326761769568
0.327300411765
0.327801308742
0.328263438894
0.328685749121
0.329067181424
0.329406704226
0.329703328845
0.32995612523
0.330164205672
0.330326783312
0.330443167785
0.330512745322
0.330535009154
0.330509571595
0.330436154559
0.330314593558
0.330144840864
0.329926980999
0.329661224744
0.329347909477
0.328987469792
0.328580508492
0.328127751038
0.32763004445
0.327088370956
0.326503855368
0.325877754399
0.325211462425
0.324506521332
0.32376460408
0.322987566767
0.322177374659
0.321336184051
0.32046629622
0.319570207615
0.318650575487
0.31771024962
0.316752293561
0.315779981454
0.314796819639
0.313806537049
0.312813159534
0.31182098996
0.310834621601
0.309858989138
0.308899380402
0.307961468067
0.307051318989
0.306175441078
0.305340797058
0.30455484101
0.303825518464
0.303161290393
0.302571157898
0.30206465264
0.301651821864
0.301343234162
0.301149918048
0.301083354006
0.301155379665
0.301378132348
0.301763917869
0.302325140876
0.303074117965
0.304022946464
0.305183325247
0.306566358714
0.308182355407
0.310040638953
0.312149313128
0.314515059463
0.317142944668
0.32003625048
0.323196282835
0.32662224016
0.330311129325
0.334257657445
0.338454190297
0.342890762841
0.34755510506
0.352432672849
0.357506765476
0.362758613332
0.368167565239
0.373711233589
0.379365660968
0.385105527868
0.390904382014
0.396734824825
0.402568749343
0.408377541886
0.414132346647
0.419804263067
0.425364555062
0.430784881338
0.436037537278
0.441095602724
0.445933165316
0.450525512466
0.454849313874
0.458882777012
0.462605802107
0.466000164577
0.469049599388
0.471739978788
0.474059355583
0.475998133725
0.477549092595
0.478707467775
0.479471004399
0.479839988071
0.479817267332
0.479408233555
0.478620822083
0.477465466983
0.475955065397
0.474104886732
0.471932450947
0.469457490852
0.466701781669
0.463688979713
0.460444466392
0.456995200758
0.453369456233
0.449596636299
0.445707021741
0.441731513798
0.437701358379
0.433647851785
0.429602067697
0.425594515866
0.421654862663
0.41781159573
0.414091719691
0.410520454598
0.407121003939
0.403914255099
0.40091854678
0.398149522226
0.395619969865
0.393339739265
0.391315677481
0.389551670386
0.388048682404
0.386804914892
0.385815913818
0.385074806698
0.384572584217
0.384298288256
0.384239334868
0.384381824402
0.384710826037
0.385210658823
0.385865157938
0.38665798679
0.387572797152
0.388593498087
0.389704416721
0.390890449451
0.392137213007
0.39343109576
0.394759389497
0.396110319972
0.397473075139
0.398837797535
0.400195612429
0.401538619122
0.402859827944
0.404153123782
0.405413246904
0.406635725913
0.407816816111
0.408953434863
0.410043125038
0.411083972858
0.412074544229
0.413013829405
0.41390119242
0.414736304129
0.41551907774
0.41624963449
0.416928254848
0.417555311659
0.418131247059
0.418656512719
0.419131563163
0.419556800899
0.419932536276
0.420258983862
0.420536235826
0.420764212213
0.420942664709
0.421071170725
0.421149109549
0.421175617838
0.421149644579
0.42106988871
0.420934836632
0.420742729338
0.420491554465
0.420179088339
0.419802881424
0.419360250331
0.418848287369
0.418263900217
0.417603794168
0.416864465614
0.416042271516
0.415133431164
0.414134015911
0.413039992629
0.411847243982
0.41055162686
0.409148967424
0.407635056948
0.406005767053
0.40425708123
0.402385056883
0.400385931181
0.398256165187
0.395992476143
0.393591929801
0.391051915503
0.388370262663
0.38554532169
0.3825760124
0.379461835481
0.376203015814
0.372800542803
0.369256242177
0.365572849044
0.361754074461
0.357804717065
0.353730719432
0.349539155411
0.345238393988
0.34083816478
0.336349526715
0.331784936997
0.327158299848
0.322484959699
0.317781677017
0.313066582473
0.3083591141
0.303679932505
0.299050762266
0.294494161616
0.29003334495
0.285691876579
0.281493302814
0.277460788477
0.273616651742
0.269981911895
0.26657575094
0.263414977705
0.260513519318
0.257881947894
0.255527021649
0.253451302051
0.251652925503
0.250125444024
0.248857822216
0.247834536791
0.247035837398
0.246438189057
0.246014734603
0.245735868546
0.245569908003
0.245483798148
0.245443830651
0.245416340833
0.245368396513
0.24526854759
0.245087488618
0.244798528217
0.244378264624
0.243807178984
0.24307002834
0.24215636201
0.241060941957
0.239784182074
0.238332583559
0.236718977962
0.234962845264
0.233090620528
0.231135811991
0.229138985803
0.22714775544
0.22521648119
0.223405575075
0.221780653127
0.220411310062
0.219369517478
0.218727626778
0.218555877451
0.218919821925
0.219877746136
0.221478011283
0.22375685797
0.226736957582
0.230426445575
0.234818753631
0.239893455166
0.245617639957
0.251947667409
0.258831246923
0.266209546153
0.274019290031
0.282194635659
0.290668633425
0.299374626784
0.308247462703
0.31722417822
0.326244564029
0.335251685433
0.344192183617
0.353016477669
0.361678866494
0.370137599217
0.37835489471
0.386296917946
0.393933674344
0.401238995707
0.408190505142
0.41476938103
0.420960268121
0.426751234224
0.432133552647
0.437101596316
0.441652651699
0.445786753952
0.449506556683
0.452817108771
0.455725685719
0.458241630788
0.46037617807
0.462142153229
0.463553847079
0.464626860565
0.465377878747
0.465824442457
0.46598479982
0.465877703269
0.465522257174
0.46493768143
0.464143152849
0.463157752968
0.462000252493
0.460688900866
0.45924139337
0.457674727675
0.456005113478
0.454247876238
0.452417366006
0.450526954521
0.44858898303
0.446614622163
0.44461393522
0.442595958452
0.440568589099
0.438538619006
0.436511821312
0.434492941563
0.432485786294
0.430493232934
0.428517307114
0.426559300052
0.424619819231
0.422698773416
0.420795544686
0.418909057144
0.417037823915
0.41518002034
0.413333542348
0.411496095891
0.409665270258
0.407838566644
0.406013454947
0.404187477267
0.402358233284
0.400523418278
0.398680910446
0.396828794669
0.394965361995
0.393089164336
0.391198998554
0.389293991154
0.387373592082
0.385437540268
0.38348590175
0.381519159994
0.379538118502
0.377543923576
0.375538125689
0.373522649185
0.371499793265
0.369472233653
0.367443000025
0.365415557808
0.363393716986
0.361381621197
0.359383805445
0.35740518416
0.355450961025
0.353526659465
0.351638125548
0.349791482254
0.347993103851
0.346249549512
0.344567561391
0.342954061481
0.341416038477
0.339960459517
0.33859431936
0.337324527799
0.336157807214
0.335100639715
0.334159166051
0.33333918174
0.332645994737
0.332084273718
0.331658034003
0.331370621973
0.331224492375
0.33122119566
0.331361320002
0.331644400473
0.332068896569
0.33263209361
0.333330102766
0.334157866601
0.33510910783
0.336176327263
0.337350854841
0.33862286697
0.339981408171
0.34141446873
0.342909017117
0.344451094926
0.346025886586
0.34761780135
0.349210549096
0.350787267285
0.352330593197
0.353822774936
0.355245760661
0.356581324719
0.357811153111
0.358916954593
0.359880569107
0.360684062424
0.361309859487
0.361740815296
0.361960327546
0.361952472909
0.361702075233
0.361194854187
0.360417497278
0.359357795828
0.358004769751
0.35634876993
0.354381609666
0.352096675339
0.349489098228
0.346555925402
0.343296176031
0.339711076895
0.335804234351
0.331581803931
0.327052696562
0.322228802961
0.317125230571
0.311760576777
0.306157153503
0.300341296248
0.29434372038
0.288199805704
0.281949860555
0.275639494466
0.26931986593
0.263047852836
0.256886134332
0.250903075898
0.24517240119
0.239772499944
0.23478526733
0.230294471775
0.226383620975
0.223133185423
0.220617397888
0.21890080581
0.218034882132
0.218055154344
0.218979019791
0.220804722599
0.223511642003
0.22706171755
0.23140182983
0.236466850788
0.242182919006
0.248470613582
0.255247833195
0.262432190295
0.269942901993
0.277702190769
0.28563625317
0.293675879249
0.30175681075
0.30981989088
0.317811078419
0.325681371249
0.333386667797
0.340887596504
0.34814934731
0.355141452287
0.36183762407
0.368215530179
0.374256654834
0.379946075095
0.385272331742
0.390227223253
0.394805665462
0.399005484102
0.402827280931
0.406274269123
0.409352077068
0.412068576236
0.414433727519
0.416459361987
0.418159062156
0.419547919947
0.420642358247
0.42145996673
0.422019289387
0.42233965629
0.422440952926
0.422343498495
0.422067793385
0.421634376086
0.421063659128
0.420375736902
0.419590234769
0.418726173293
0.417801817514
0.416834541825
0.415840746531
0.414835759372
0.413833732171
0.412847586986
0.411888986814
0.410968286783
0.410094540125
0.409275447878
0.408517437719
0.407825709134
0.407204250551
0.406655828326
0.406182199172
0.405784120661
0.405461404593
0.405213051071
0.405037337205
0.404931917776
0.40489390435
0.40491995682
0.405006387318
0.405149279879
0.405344500339
0.405587806192
0.405874955553
0.406201724685
0.40656397329
0.406957677011
0.407379009806
0.407824353811
0.408290355721
0.408773885138
0.409272126059
0.409782550843
0.410302915011
0.41083129523
0.411366063777
0.411905884537
0.412449702111
0.412996725296
0.413546421831
0.414098501014
0.41465286954
0.415209632245
0.415769041651
0.416331512371
0.416897532877
0.417467666076
0.418042537735
0.418622750281
0.419208873509
0.419801420449
0.420400786582
0.421007210744
0.421620736108
0.422241180137
0.422868091904
0.423500676394
0.424137804852
0.42477792843
0.425419070561
0.426058760564
0.426694024511
0.427321331879
0.427936585601
0.428535048008
0.429111369662
0.429659556525
0.430172953961
0.430644215608
0.431065333027
0.431427654113
0.431721858758
0.431937990569
0.432065506578
0.432093311948
0.432009787821
0.431802866215
0.431460066564
0.430968631254
0.430315575214
0.429487738175
0.428471968593
0.427255195001
0.425824546885
0.424167483371
0.422271962045
0.42012658519
0.417720722777
0.415044716197
0.412090015085
0.408849434685
0.405317289043
0.401489573508
0.397364214133
0.392941290888
0.388223205195
0.383214961435
0.377924351574
0.372362247436
0.36654282967
0.360483788557
0.354206596728
0.347736798884
0.34110418343
0.334342988566
0.327492099487
0.320595169783
0.313700700783
0.306861975776
0.300136879683
0.293587594812
0.287279986418
0.281282776207
0.275666406932
0.270501549735
0.265857194848
0.261798510353
0.258384471561
0.255665311309
0.253680095646
0.252454619101
0.251999815349
0.252310995277
0.25336771731
0.255134573676
0.25756280137
0.260592335347
0.264154234883
0.268173247088
0.272570280781
0.27726462811
0.282175914459
0.287225755035
0.292338933679
0.297444341373
0.302475686224
0.307371935091
0.312077546535
0.316542664959
0.320723156149
0.324580541261
0.328081942995
0.331199991427
0.333912645712
0.336203053876
0.338059412175
0.339474766434
0.34044682208
0.340977783865
0.341074161045
0.340746553156
0.340009459166
0.338881069471
0.33738304567
0.335540278273
0.333380682736
0.330934940901
0.328236170428
0.325319709689
0.322222848195
0.318984418348
0.315644428107
0.312243824921
0.308823997264
0.305426312249
0.302091722749
0.298860291027
0.295770641528
0.292859482722
0.290161086645
0.287706808872
