1.0
0.999999820764
0.999999658026
0.999999669734
0.999998657797
0.999995201826
0.99999002815
0.999986090388
0.999985391815
0.999986186664
0.999984529087
0.999978964854
0.999972725859
0.999970279419
0.999972095501
0.999974118853
0.999972751218
0.999969119441
0.999967196177
0.999968131848
0.9999681247
0.99996296509
0.999953993329
0.999947944061
0.999950207215
0.999959082442
0.999967652987
0.999970992496
0.999970445325
0.999970690802
0.999973845481
0.999977620063
0.99997897437
0.99997816297
0.999978230658
0.999981039397
0.999985049671
0.99998742485
0.999987471368
0.999987161814
0.999988535748
0.999991455401
0.999994171149
0.999995469861
0.99999565239
0.999995592796
0.999995580245
0.99999542909
0.999995214256
0.999995190532
0.999995035209
0.999993884316
0.99999150387
0.999989024341
0.999987935352
0.999988315438
0.999988518801
0.999986959951
0.999984030028
0.999981825458
0.99998191446
0.999983747405
0.999985496767
0.999986111921
0.999986047418
0.999986034073
0.999985757956
0.999984249199
0.999981463719
0.999978956868
0.999978617579
0.999980811305
0.99998403332
0.999986401956
0.999987268937
0.999987335655
0.99998752174
0.999988042941
0.999988534067
0.999988723499
0.999988735741
0.999988796099
0.999988884552
0.999988815764
0.999988563394
0.99998835199
0.999988422329
0.999988796606
0.99998929264
0.999989703593
0.999989933227
0.999990000967
0.999989972666
0.999989901406
0.99998981274
0.999989721704
0.999989656335
0.999989659395
0.999989749962
0.999989880941
0.999989964137
0.999989958724
0.999989918421
0.999989935066
0.999990052091
0.999990243566
0.999990436249
0.999990490796
0.999990173317
0.999989273673
0.999987894868
0.999986614087
0.999986178663
0.999986888772
0.999988291758
0.999989568974
0.999990229408
0.999990374512
0.999990321214
0.99999013364
0.999989678209
0.999989077049
0.99998883235
0.999989304616
0.999990183581
0.999990732831
0.999990606742
0.999990248412
0.999990371819
0.999991158561
0.999992114147
0.999992681521
0.99999280086
0.999992773544
0.999992771364
0.999992746362
0.999992740195
0.999992869385
0.999992837032
0.999991848657
0.999989486553
0.999986608425
0.999984841299
0.999984807778
0.999985104397
0.999983632448
0.999980112624
0.999976751931
0.999975895086
0.999977281351
0.999978356087
0.999977398367
0.999975528026
0.999974901818
0.999975299309
0.999973694957
0.999967977058
0.999960546182
0.999956942779
0.999960337808
0.999968035265
0.999974197074
0.999975783761
0.999974996158
0.999975811101
0.999979124367
0.999982222255
0.999982718627
0.999981740725
0.999982426914
0.999985881726
0.999989844162
0.999991601734
0.999991234817
0.999991197317
0.999993153604
0.999996206691
0.999998389357
0.999999042025
0.999999022074
0.999999004262
0.99999864072
0.99999766942
0.999996837897
0.999996722623
0.999996076744
0.999992733845
0.999986642799
0.999980974396
0.99997899074
0.999979894268
0.999979044136
0.999973164041
0.999964699302
0.999959694824
0.999961148482
0.999965662446
0.999967530094
0.999965286249
0.999962686048
0.999963087825
0.999964514939
0.999961896305
0.999954014118
0.999946468511
0.999946400427
0.999954753726
0.999965143822
0.999970657081
0.999970662813
0.99997017478
0.99997335241
0.999979101424
0.999983327358
0.999984229537
0.999984039051
0.999985681814
0.99998912111
0.999991887938
0.999992516385
0.99999218512
0.999992839761
0.999994724724
0.99999646429
0.999997084134
0.999997028602
0.99999706695
0.999997025173
0.999996274076
0.999995065822
0.999994397133
0.999994323899
0.999993312595
0.999990076133
0.999985690452
0.999982881887
0.999982851875
0.999983460213
0.999981378865
0.999976067816
0.999970870596
0.999969661812
0.999972789915
0.999976969817
0.999979028961
0.999978912392
0.999978639903
0.999979056218
0.999978683293
0.99997601656
0.999972178704
0.999970385229
0.999972640598
0.999977543441
0.999981757081
0.999983350073
0.999983254152
0.999983614617
0.999985333295
0.999987505976
0.999988867764
0.99998920512
0.999989226012
0.999989461877
0.999989744579
0.999989726683
0.999989499381
0.999989466942
0.999989801903
0.999990274866
0.999990594647
0.999990732212
0.999990851054
0.999991034926
0.99999120465
0.999991280104
0.999991295896
0.999991300998
0.999991243229
0.999991059186
0.999990828499
0.999990714463
0.999990737176
0.999990698704
0.999990393912
0.99998987201
0.999989442472
0.999989407614
0.999989800698
0.999990379292
0.999990831529
0.999990968676
0.999990781527
0.999990407502
0.999990063665
0.999989941721
0.999990094876
0.99999040877
0.99999069997
0.999990856399
0.9999908867
0.999990855076
0.999990808814
0.999990775479
0.999990775465
0.99999079085
0.999990751384
0.999990604011
0.999990390779
0.999990215659
0.999990126011
0.999990062553
0.999989955459
0.999989843855
0.99998983995
0.999989973902
0.999990159608
0.999990343805
0.999990553917
0.999990671159
0.999990283647
0.999989047632
0.999987274776
0.999985908699
0.999985603178
0.999985807356
0.999985104012
0.999982768879
0.999979872182
0.999978417494
0.999979256584
0.99998118715
0.999982366879
0.999982320377
0.999982034625
0.999982076587
0.999981307528
0.999978188886
0.999973334077
0.999969937882
0.999970925034
0.999975792362
0.999980920798
0.999983214336
0.999982995467
0.999983015107
0.99998502316
0.999987992036
0.999989798905
0.999989960876
0.999990001591
0.999991259899
0.999993194911
0.999994320773
0.999994255335
0.999994061057
0.999994640085
0.999995561349
0.999995851006
0.999995442711
0.999995149307
0.999995256277
0.999994941889
0.999993568935
0.999991944436
0.999991313252
0.999991144534
0.999989095055
0.999983957324
0.999977963059
0.999974849118
0.999975300534
0.999975358784
0.999970559939
0.999961560277
0.999954368688
0.99995419464
0.999959779451
0.999964944602
0.999965534381
0.999963422518
0.999962999891
0.999964893771
0.999964986447
0.999960087827
0.99995313202
0.999950997832
0.999957037246
0.999967147273
0.99997414397
0.999975286113
0.99997434695
0.999976478377
0.999982402242
0.999988412383
0.999991247552
0.999991530169
0.999992109917
0.999994221606
0.999996491623
0.999997402912
0.999997317083
0.999997479621
0.99999798218
0.999997788941
0.999996580531
0.999995480611
0.999995440586
0.99999561817
0.999994340315
0.999991571601
0.999989303811
0.999988874194
0.99998873231
0.999986105439
0.999980819808
0.999976160725
0.999975075455
0.999976137446
0.999974600293
0.99996795403
0.999959578183
0.999955773976
0.999959201815
0.99996621538
0.999971041491
0.99997170344
0.999970913011
0.999971605275
0.999973088114
0.999972435906
0.999968980762
0.999965995695
0.999967296088
0.999972866046
0.999978811496
0.999981592082
0.999981477392
0.999981534323
0.999983894558
0.999987743458
0.999990804714
0.999991975356
0.999992034909
0.999992182007
0.999992650406
0.999992963421
0.999992950019
0.999992915764
0.999992971199
0.999992771636
0.999992100856
0.999991362589
0.999991168402
0.999991526284
0.999991757981
0.999991334686
0.999990553427
0.999990128344
0.999990229859
0.999990286903
0.999989817761
0.99998911298
0.999988799667
0.999988864454
0.999988473472
0.999986936981
0.999984713554
0.999983212127
0.999983515121
0.999985397597
0.999987647646
0.999989196021
0.999989800842
0.9999897891
0.99998946861
0.999988945851
0.9999883536
0.999987986303
0.999988088464
0.999988578876
0.999989100847
0.999989363021
0.999989374262
0.999989345308
0.999989439123
0.999989652344
0.999989877667
0.999990011245
0.999990002267
0.999989849108
0.99998958396
0.999989262269
0.9999889529
0.99998873081
0.999988668227
0.999988804239
0.999989104471
0.999989468062
0.999989788756
0.999989987916
0.999989986935
0.999989718541
0.99998923752
0.999988784068
0.999988602372
0.999988600053
0.999988263448
0.999987119547
0.999985390931
0.999984051098
0.999984014703
0.999985254371
0.999986852113
0.999987928613
0.99998833806
0.999988350333
0.999987876134
0.999986425027
0.999984026593
0.999981897346
0.999981658721
0.999983689996
0.999986546457
0.999988318838
0.999988498685
0.99998827074
0.999988999826
0.999990733487
0.999992370447
0.999993079851
0.999993146419
0.999993331075
0.999993809759
0.999994147986
0.999994130493
0.999994057414
0.999994090313
0.999993783822
0.999992683299
0.999991201141
0.999990363791
0.999990495979
0.999990592097
0.999989502675
0.999987559261
0.999986275055
0.9999861678
0.999985624252
0.999982773256
0.999978250887
0.999975006464
0.999974743743
0.999975186883
0.999972095451
0.999964418164
0.999956554578
0.999954383635
0.999959098703
0.999965955347
0.999969473927
0.999968984152
0.999968144249
0.999969517423
0.999971190742
0.999969625289
0.999965016264
0.999962153702
0.999965279499
0.999973065346
0.999979909629
0.999982044869
0.999981233026
0.999982067566
0.999986573301
0.999992432036
0.999996226532
0.999997214357
0.999997302017
0.999998105966
0.999999291212
0.999999880375
0.999999930117
0.999999993899
0.999999609286
0.99999761519
0.999994145931
0.999991244288
0.999990614569
0.999991171851
0.999989967827
0.999985886425
0.9999814118
0.999979711335
0.999980435265
0.999979860403
0.99997564092
0.999970138537
0.999967666351
0.999968709136
0.999968491978
0.999962402083
0.999952222592
0.999945405743
0.99994752467
0.999956379229
0.999964538669
0.999967198906
0.999966256014
0.999966515711
0.999969379357
0.999971696998
0.999970581873
0.999967716055
0.999967682
0.999972492223
0.999979166467
0.999983211432
0.999983558952
0.999983176845
0.999985217742
0.999989629981
0.999993829509
0.9999958765
0.999996153658
0.999996123062
0.999996415434
0.99999667772
0.999996700455
0.99999673138
0.999996629881
0.999995585834
0.99999323095
0.999990610339
0.999989342386
0.99998970885
0.999990105713
0.999988823955
0.999986145878
0.999984101277
0.99998405985
0.999985142865
0.999985445577
0.999984429281
0.999983362365
0.999983309228
0.999983378198
0.999981626731
0.999977667447
0.999973776144
0.999972936445
0.999975890039
0.999980482983
0.999983901356
0.999985154559
0.999985254998
0.999985456558
0.999985895034
0.999985971663
0.999985551741
0.999985305129
0.9999858581
0.999986972598
0.999987824002
0.999987964652
0.999987759221
0.999987876443
0.999988564404
0.999989501074
0.999990211211
0.999990489613
0.999990449846
0.999990301824
0.999990170498
0.999990084729
0.999990031322
0.999989981318
0.99998991981
0.999989886491
0.999989952583
0.999990133428
0.999990350869
0.999990502474
0.999990553678
0.999990552947
0.999990571932
0.999990640756
0.999990721272
0.99999071099
0.999990480695
0.999989974981
0.999989332759
0.999988877726
0.99998890573
0.999989439524
0.999990204231
0.999990845829
0.999991151429
0.99999106846
0.999990604578
0.999989839111
0.999989055738
0.999988706805
0.999989057603
0.999989857734
0.999990509215
0.999990640823
0.999990461804
0.999990491207
0.99999097753
0.999991664996
0.999992132209
0.999992248451
0.999992201982
0.999992169946
0.999992158504
0.999992168111
0.999992253339
0.999992262677
0.999991732752
0.999990357153
0.999988572468
0.999987374588
0.999987291662
0.99998764716
0.999987205952
0.999985662089
0.999984108919
0.99998367227
0.999983938453
0.999983363435
0.999981347585
0.999979238455
0.999978631773
0.999978876361
0.999977176031
0.999971844834
0.999965124713
0.99996177328
0.999964380216
0.999970596534
0.999975584161
0.999976927758
0.999976408298
0.999976934165
0.999978706794
0.999979332988
0.999977500996
0.999975343992
0.999976266446
0.999980827511
0.999985889713
0.999988163157
0.999987791445
0.999987778116
0.999990295152
0.999994425456
0.999997664733
0.999998842293
0.999998866502
0.999998958789
0.999999191189
0.999999121058
0.999998952682
0.99999903722
0.999998532246
0.999995838368
0.999990899992
0.999986218023
0.999984477611
0.999985170631
0.999984647779
0.999980287094
0.999973988583
0.999970307242
0.999971026612
0.99997287706
0.999971547762
0.999967095543
0.999963756217
0.999964135518
0.99996511549
0.999961140408
0.999951505653
0.999942733928
0.999942389812
0.999951018016
0.999961553322
0.999966864439
0.999966651199
0.999966166252
0.999969166692
0.999973827576
0.999975948387
0.999974759487
0.999973965924
0.999977036993
0.999982931136
0.99998753093
0.999988621827
0.999988118456
0.999989277471
0.999992854105
0.999996752535
0.999998879436
0.999999256912
0.999999162533
0.999999172415
0.999998920007
0.999998371493
0.999998128068
0.999998075727
0.999996730958
0.999992947709
0.999987982897
0.999984768616
0.999984650476
0.999985465106
0.999983732707
0.999978785102
0.999973870835
0.999972618714
0.999974962057
0.999977438019
0.999977381844
0.999975729268
0.999975079379
0.999975758289
0.999975073997
0.999970861375
0.999964953415
0.999962062195
0.99996501441
0.999971779991
0.999977659862
0.999979959027
0.99997992201
0.999980354929
0.999982275701
0.999984365885
0.999985185246
0.999985032369
0.999985323809
0.999986659617
0.999988169257
0.999988782299
0.999988575089
0.999988539125
0.999989322319
0.999990593106
0.999991595666
0.999991996675
0.999992037238
0.999992049847
0.999992103073
0.999992134085
0.999992165733
0.999992199397
0.999992034752
0.999991459802
0.999990628104
0.99999003094
0.999989984582
0.999990239725
0.999990217208
0.999989637848
0.999988847444
0.999988476467
0.999988826371
0.999989648547
0.999990463645
0.999990958096
0.999991054961
0.999990769768
0.999990164229
0.999989432556
0.999988902433
0.999988844277
0.999989257878
0.999989873335
0.99999037455
0.999990614637
0.999990640033
0.999990574945
0.999990517434
0.999990503189
0.99999050872
0.999990478506
0.999990374148
0.999990214025
0.9999900602
0.999989958096
0.999989898645
0.999989853336
0.99998982967
0.999989865507
0.999989985513
0.999990189241
0.999990436507
0.999990576477
0.99999033809
0.999989538558
0.999988376875
0.999987425594
0.999987154472
0.999987390394
0.999987385296
0.99998660445
0.999985406578
0.999984709473
0.999984922719
0.999985465069
0.999985531459
0.999985115414
0.999984857605
0.99998481463
0.999983838639
0.999980762452
0.999976289991
0.999973144382
0.9999737283
0.999977649432
0.999982003965
0.999984241182
0.999984418131
0.999984435781
0.999985444786
0.999986627098
0.999986662899
0.999985806469
0.999985788737
0.999987632887
0.99999026284
0.999991769829
0.99999169295
0.999991421854
0.999992372777
0.999994350732
0.999996017885
0.999996594776
0.999996523543
0.999996474611
0.999996379058
0.999995899714
0.999995361075
0.999995304335
0.999995083102
0.999992924626
0.999988141896
0.999982781946
0.999979978283
0.999980301482
0.999980527403
0.999977014249
0.999970220574
0.999964768454
0.999964403974
0.999967676765
0.999969713334
0.99996802471
0.99996512197
0.99996464785
0.999965982431
0.999964442112
0.999957367576
0.99994874114
0.999946070053
0.999952478225
0.99996315941
0.999970455784
0.999971667635
0.999970780526
0.999972838024
0.999978123447
0.99998272076
0.999983909392
0.999983393569
0.999984723504
0.999988697653
0.999992671927
0.999994204804
0.999993954792
0.999994350376
0.999996343996
0.999998567665
0.999999498932
0.99999933815
0.999999193276
0.999999173713
0.999998386363
0.99999674228
0.999995515365
0.999995333196
0.999994468229
0.999990541836
0.999983998484
0.999978560727
0.999977250748
0.999978447613
0.999977172734
