1.0
0.99999987277
0.999999766366
0.999999724772
0.999998908713
0.999996772041
0.999994259563
0.999992897516
0.999993026928
0.999993488933
0.999992777945
0.999990368246
0.999987360195
0.999985708061
0.999986127995
0.999987002269
0.999986278996
0.999984204541
0.999982911777
0.999983220548
0.999983206496
0.999980606517
0.999975839537
0.999971933095
0.999971672517
0.999975028691
0.999979182941
0.999981146561
0.999980621046
0.999980000539
0.999981248117
0.999983469114
0.99998440459
0.99998367249
0.999983196334
0.999984528617
0.999986980604
0.999988673649
0.999988666467
0.999987835132
0.999988063506
0.999990472514
0.999994154127
0.999996986574
0.999997913001
0.999997815476
0.999997929858
0.999998333983
0.999998520694
0.999998538038
0.99999876141
0.999999112241
0.999999205686
0.999998957425
0.999998613421
0.999998413065
0.999998386715
0.999998221298
0.999997389008
0.999995822675
0.999994327549
0.999993789467
0.999994090877
0.999994383205
0.999994298548
0.999994194591
0.999994184803
0.999993646219
0.999991990462
0.999989544689
0.999987434209
0.999986714718
0.999987561015
0.999989098721
0.99999013407
0.999990256925
0.9999900923
0.999990342049
0.999990915062
0.999991278518
0.999991300511
0.999991286266
0.999991359759
0.999991249734
0.999990708643
0.999989930232
0.999989538123
0.999990171198
0.999991908097
0.999994024157
0.999995464985
0.99999564738
0.999994775272
0.999993503055
0.999992475311
0.999992084885
0.999992372849
0.999993048095
0.999993699343
0.999994067563
0.999994160009
0.999994172452
0.999994309858
0.999994615053
0.999994940761
0.99999507321
0.999994829874
0.999994097355
0.99999299311
0.999992048562
0.999991974012
0.999993030234
0.999994723332
0.999996228877
0.999997033933
0.999997156247
0.999996935496
0.999996707461
0.999996575743
0.999996478203
0.999996507069
0.999996946574
0.999997785596
0.999998478327
0.999998580458
0.999998391523
0.999998487549
0.999998791556
0.999998639457
0.999997700445
0.999996377156
0.999995323984
0.999994886094
0.999994926049
0.999995006326
0.999994896084
0.999994868642
0.999995053131
0.999994599727
0.999992377786
0.999988762933
0.999985823409
0.999985150893
0.999986079075
0.999986548811
0.999985350226
0.999983185385
0.999981811285
0.999982283234
0.999983844453
0.999984698201
0.999984125947
0.999983334525
0.999983593233
0.999984135226
0.999983050729
0.999980136467
0.999977698189
0.999978177878
0.999981663479
0.999985983695
0.999988782563
0.999989419373
0.999989240018
0.999990002613
0.999991876953
0.99999339662
0.99999361987
0.999993501241
0.999994430862
0.999996241892
0.999997662931
0.999998118653
0.99999804283
0.999997886946
0.999997795116
0.999997920787
0.999998297826
0.999998670117
0.999998858202
0.999998871307
0.99999855244
0.999997826588
0.999997232925
0.999997151724
0.999996571507
0.999994028919
0.999990014639
0.999987027617
0.999986643919
0.999987551758
0.99998709171
0.99998414419
0.999980181277
0.999977852036
0.999978493616
0.999980691793
0.999981652843
0.999980401182
0.999978872152
0.999979034521
0.999979819413
0.999978396469
0.999974230741
0.999970336724
0.999970127132
0.999973926365
0.999978883525
0.999981749537
0.99998169757
0.999980850303
0.999981894697
0.999984997595
0.999987741509
0.999988402412
0.999988120179
0.999988990952
0.999991150566
0.999992974083
0.99999341469
0.999992988662
0.99999289716
0.999993991
0.999996190667
0.999998422126
0.999999577624
0.999999720049
0.999999736998
0.999999929794
0.999999891046
0.999999627821
0.999999588689
0.999999534626
0.999998625638
0.999996873529
0.999995432998
0.999995085859
0.999995208319
0.999994540085
0.999992500976
0.999989709468
0.999987586844
0.999987246353
0.999988336198
0.999989293702
0.999989161478
0.999988604757
0.999988521392
0.999988332186
0.999986704201
0.999983689536
0.999981110137
0.999980707111
0.99998248744
0.99998488512
0.999986175524
0.999985915457
0.999985308457
0.999985906247
0.999987812592
0.999989647099
0.999990378322
0.999990426774
0.999990643469
0.999991015659
0.999990974839
0.999990466229
0.999990158366
0.999990805863
0.999992612278
0.999994963026
0.999996742987
0.999997251904
0.999996828783
0.999996326323
0.99999614272
0.999996122539
0.999996163939
0.999996387121
0.999996759055
0.999997013787
0.999997012019
0.999996911599
0.999996950216
0.999997199167
0.999997475809
0.999997400265
0.999996665366
0.999995395576
0.999994179759
0.999993663556
0.99999411033
0.999995276104
0.999996561322
0.999997329354
0.999997289797
0.999996662756
0.999995928919
0.99999543339
0.999995241795
0.999995259697
0.999995381737
0.999995552451
0.999995729354
0.999995827522
0.999995823774
0.999995930685
0.999996395054
0.999996957008
0.999996821323
0.999995497763
0.99999348846
0.999991851539
0.999991222692
0.999991459209
0.999992032697
0.999992536176
0.999992902163
0.999993183255
0.999993054484
0.999991837875
0.999989469622
0.999987162524
0.999986356706
0.999986999857
0.999987551627
0.999986824137
0.999985267962
0.999984310128
0.999984865884
0.999986597859
0.999988316641
0.999989087746
0.999989088288
0.999989137689
0.9999893049
0.999988665863
0.99998692272
0.999985523828
0.999986269737
0.999989159228
0.999992422653
0.999994454545
0.999995055564
0.999995062593
0.999995425664
0.999996472699
0.999997645466
0.999998192699
0.999998239703
0.999998578105
0.999999342115
0.999999833832
0.99999982489
0.999999868318
0.999999977763
0.999999247258
0.999997356085
0.999995384381
0.999994520629
0.999994731643
0.999995091028
0.999994794097
0.999993740673
0.999992640334
0.999992276466
0.999992117348
0.999990399561
0.999986565968
0.999982793758
0.999981655347
0.999982695661
0.999982814775
0.999980034013
0.999975742631
0.999973091984
0.999973893584
0.999977083389
0.999979784357
0.999980089761
0.999978979975
0.999978846871
0.999980016324
0.999980082114
0.999977462538
0.999974227909
0.99997396395
0.999977588002
0.99998256944
0.999985813878
0.999986347973
0.999985651887
0.999986126108
0.999988801103
0.999992199933
0.999994092047
0.999994304556
0.999994620939
0.999995980527
0.999997408468
0.999997934684
0.999997882567
0.999997808357
0.999997657915
0.999997457572
0.999997615388
0.999998166077
0.999998638632
0.99999874242
0.999998445412
0.999997686392
0.999996753845
0.999996322771
0.999996254762
0.999995213064
0.999992577638
0.999989885287
0.99998899587
0.999989394201
0.999988692773
0.999985619188
0.999981473025
0.9999787272
0.999978830708
0.999981096757
0.999983273935
0.999983632622
0.999982740346
0.999982450866
0.999983028097
0.999982603689
0.99998010055
0.999977309929
0.999976937459
0.999979438309
0.999982755639
0.999984608236
0.999984410535
0.999983526508
0.999984041613
0.999986718817
0.999990056579
0.999992001666
0.999992350677
0.999992501352
0.999993177827
0.999993740259
0.99999369928
0.999993598802
0.999994150677
0.999995411347
0.999996960958
0.999998245258
0.999998804283
0.999998709731
0.999998581945
0.999998759928
0.999998854269
0.99999852387
0.999998122739
0.999998054593
0.999998056136
0.999997718848
0.999997243242
0.999997067307
0.999997081053
0.999996725273
0.999995661764
0.999994043836
0.999992385616
0.999991366604
0.99999143167
0.999992357884
0.999993444358
0.999994184409
0.999994473201
0.999994248335
0.999993433942
0.999992317166
0.999991520248
0.999991408685
0.999991766424
0.999992107858
0.999992111104
0.999991791483
0.999991492001
0.99999169067
0.999992610625
0.999993951138
0.999995022701
0.999995150937
0.999994092311
0.999992277849
0.999990630739
0.999989933637
0.99999029919
0.999991269003
0.999992304169
0.999993090354
0.999993514
0.999993515957
0.9999930168
0.999992064628
0.999991077781
0.999990651866
0.99999085675
0.999990981644
0.999990375788
0.999989376715
0.999988994584
0.99998978115
0.999991360834
0.999992946992
0.999993976508
0.999994344791
0.999994298374
0.999994040812
0.999993443786
0.999992487867
0.999991925457
0.999992783056
0.999994968272
0.999997093611
0.999998048123
0.999998092447
0.999998075948
0.999998301993
0.999998581736
0.999998759536
0.999998771351
0.999998643202
0.999998594157
0.999998717692
0.999998719833
0.999998510692
0.999998579937
0.99999894425
0.999998338375
0.99999569528
0.999992057516
0.99998971863
0.999989582702
0.999990422359
0.999990610747
0.99998970191
0.999988438501
0.99998781495
0.999987904307
0.999987411975
0.999985130507
0.999982006162
0.999980485823
0.99998121398
0.999981754544
0.99997965503
0.999975747681
0.999973255574
0.999974254888
0.999977896838
0.999981589819
0.999983286393
0.99998307257
0.999982824459
0.999983798387
0.999984815449
0.999983985022
0.999981957756
0.999981671678
0.99998457146
0.999988800529
0.999991669958
0.999992427323
0.999992132962
0.999992213684
0.999993571007
0.999995947787
0.999997961703
0.999998657258
0.999998713481
0.999999188692
0.999999870881
1.00000008067
1.00000007738
1.00000016972
0.999999472562
0.999997251187
0.999994675279
0.999993587287
0.999994090706
0.99999465561
0.99999408301
0.999992427282
0.999990602144
0.99998968941
0.99998983741
0.999989559242
0.999987326827
0.99998407274
0.999982432145
0.999982943729
0.999982826499
0.999979601649
0.999974509662
0.999971163055
0.999971732085
0.99997525431
0.999978877768
0.999980254425
0.999979483965
0.999978858778
0.999979913477
0.999981202098
0.999980415188
0.999978155282
0.999977553949
0.999980134062
0.999984002837
0.999986428104
0.999986628297
0.999985848157
0.999986012614
0.999988310098
0.999992016343
0.999994952939
0.999995916536
0.999995959999
0.999996503343
0.999997352382
0.999997678873
0.999997719016
0.999998139055
0.999998685255
0.999998737033
0.999998454312
0.999998366469
0.999998482757
0.999998532452
0.999998417203
0.999997970552
0.999997037498
0.99999606162
0.999995699752
0.999995700016
0.999995190472
0.999994185329
0.999993601898
0.999993546472
0.999992820874
0.999990604556
0.999987678059
0.999985557722
0.999985111474
0.99998617878
0.999987834711
0.999988946281
0.999989100079
0.999988934655
0.999989068278
0.999989111224
0.99998845451
0.999987545601
0.999987424637
0.999988249726
0.999989131895
0.999989299975
0.999988819483
0.99998836257
0.999988737937
0.999990348269
0.999992666506
0.999994491808
0.99999501648
0.999994414192
0.999993342632
0.99999234595
0.999991848062
0.999992162275
0.999993187211
0.999994383922
0.999995240111
0.999995600082
0.999995569357
0.999995355444
0.999995200315
0.999995231859
0.999995321587
0.999995181342
0.999994622824
0.999993765624
0.999993081793
0.999993140238
0.99999409501
0.999995447126
0.999996475014
0.999996848129
0.999996704161
0.999996291661
0.999995751108
0.9999951655
0.999994692272
0.999994664476
0.999995423239
0.9999967959
0.999997939399
0.999998169859
0.999997812197
0.999997688987
0.99999791882
0.999997871564
0.999997218174
0.9999963387
0.999995701022
0.999995412907
0.999995364311
0.999995397732
0.999995463219
0.999995773673
0.999996322206
0.999996130227
0.999993937976
0.99999013548
0.999987008884
0.99998630782
0.999987334718
0.999988111298
0.999987692091
0.999986676113
0.999986077697
0.999986271867
0.999986651283
0.999986170233
0.999984708512
0.999983597292
0.999983857064
0.999984312256
0.999982908792
0.999979858551
0.999977906979
0.999979141212
0.999982796875
0.999986518318
0.999988661034
0.999989142725
0.999989050587
0.999989573829
0.999990644908
0.999990991921
0.999990246728
0.999990067294
0.999991953577
0.999994930806
0.999996897309
0.999997376361
0.99999738731
0.999997492253
0.999997585334
0.999997857039
0.999998499653
0.99999907859
0.999999236131
0.999999251021
0.999999259976
0.999999014727
0.999998768062
0.999998883159
0.999998301907
0.999995389946
0.999990850716
0.999987725145
0.999987633461
0.999988773009
0.999988466379
0.99998621601
0.999983581309
0.99998226539
0.999982710467
0.999983600733
0.999982886376
0.999980323845
0.999978288604
0.999978552169
0.999979180183
0.999976846577
0.999971780523
0.999968057451
0.999968862181
0.99997332589
0.999978111893
0.999980563049
0.99998039151
0.999979605997
0.999980509866
0.999982899829
0.999984213205
0.999983344227
0.999982628823
0.999984557051
0.999988224728
0.999990862308
0.999991444261
0.999991063771
0.999991032033
0.999992118151
0.999994477957
0.999997133483
0.999998618869
0.999998832039
0.99999899897
0.999999587094
0.999999907577
0.999999856161
1.0000000591
1.00000012728
0.999998861294
0.99999652058
0.999994928048
0.999994904021
0.999995261662
0.999994657668
0.999993029609
0.999991100486
0.999989698814
0.999989436403
0.999989947729
0.999989869587
0.999988636102
0.999987487356
0.999987402165
0.999987044215
0.999984509571
0.999980433095
0.999977594905
0.999977752512
0.99998018486
0.999982940747
0.999984415254
0.999984243551
0.999983597913
0.999984036606
0.999985498101
0.999986379735
0.999986032803
0.999985789666
0.999986815933
0.999988362539
0.999989053996
0.999988762709
0.999988415775
0.999988878933
0.999990545308
0.999993119675
0.999995460313
0.999996463208
0.999996265801
0.999995864216
0.999995727419
0.999995670832
0.999995795645
0.999996457414
0.999997402141
0.999997901112
0.999997741163
0.999997370015
0.999997168555
0.999997168427
0.999997286548
0.999997297448
0.999996800723
0.999995705912
0.999994563692
0.999994064833
0.999994403521
0.999995302515
0.999996306625
0.999996862814
0.999996531459
0.999995417124
0.999994152246
0.999993300139
0.999992974058
0.999993048324
0.999993428069
0.999994008429
0.999994578174
0.999994902573
0.999994917605
0.999994853387
0.999995038069
0.999995411019
0.99999539331
0.99999453135
0.999993137471
0.999991986674
0.999991518995
0.999991629857
0.999992064144
0.999992694707
0.999993479029
0.999994241205
0.999994391965
0.999993124407
0.999990434649
0.999987756927
0.99998676979
0.999987525526
0.999988507162
0.999988558867
0.999987977758
0.999987662501
0.999987995336
0.999988714517
0.999989286731
0.999989347317
0.999989128823
0.999989145994
0.999989126704
0.999988042523
0.999985910226
0.999984647615
0.999986018971
0.999989374028
0.999992497846
0.99999410779
0.999994523259
0.999994548271
0.999994748143
0.999995312348
0.999995851033
0.999995881338
0.99999586692
0.999996782209
0.99999839806
0.999999384131
0.999999408941
0.999999485751
0.999999857839
0.999999406121
0.999997752175
0.999996169047
0.999995723247
0.999996010535
0.999996201551
0.999996024083
0.999995533735
0.99999504595
0.999994993734
0.999994735054
0.999992430877
0.999987702656
0.99998332693
0.999982226601
0.999983561786
0.999983890893
0.999981655303
0.999978593328
0.999977118861
0.999977931431
0.999979865622
0.99998092165
0.999980010739
0.999978399831
0.999978264472
0.999979217374
0.999978246767
0.999974289239
0.999970710315
0.999971421765
0.999976186519
0.999981470198
0.999984486317
0.999984965405
0.999984396142
0.999984808194
0.999987048507
0.999989566711
0.999990324194
0.999989943103
0.999990882525
0.999993558438
0.999995840603
0.999996498337
0.999996478669
0.999996584073
0.999996505612
0.999996399215
0.999997032754
0.99999817935
0.999998837507
0.999998892068
0.999998880977
0.999998737208
0.999998330475
0.999998191294
0.999998098597
0.999996409945
0.999992654273
0.999989241371
0.999988486284
0.999989250369
0.999988602727
