1.0
0.999999989364
0.999999978729
0.999999968093
0.999999957457
0.999999946822
0.999999936186
0.999999925551
0.999999914915
0.999999904279
0.999999893644
0.999999883008
0.999999872372
0.999999861737
0.999999851101
0.999999840465
0.99999982983
0.999999819194
0.999999808559
0.999999797923
0.999999787287
0.999999776652
0.999999766016
0.99999975538
0.999999744745
0.999999734109
0.999999723474
0.999999712838
0.999999702202
0.999999691567
0.999999680931
0.999999670295
0.99999965966
0.999999649024
0.999999638389
0.999999627753
0.999999617117
0.999999606482
0.999999595846
0.99999958521
0.999999574575
0.999999563939
0.999999553304
0.999999542668
0.999999532032
0.999999521397
0.999999510761
0.999999500125
0.99999948949
0.999999478854
0.999999468219
0.999999457583
0.999999446947
0.999999436312
0.999999425676
0.99999941504
0.999999404405
0.999999393769
0.999999383134
0.999999372498
0.999999361862
0.999999351227
0.999999340591
0.999999329955
0.99999931932
0.999999308684
0.999999298049
0.999999287413
0.999999276777
0.999999266142
0.999999255506
0.99999924487
0.999999234235
0.999999223599
0.999999212964
0.999999202328
0.999999191692
0.999999181057
0.999999170421
0.999999159785
0.99999914915
0.999999138514
0.999999127879
0.999999117243
0.999999106607
0.999999095972
0.999999085336
0.999999074701
0.999999064065
0.999999053429
0.999999042794
0.999999032158
0.999999021522
0.999999010887
0.999999000251
0.999998989616
0.99999897898
0.999998968344
0.999998957709
0.999998947073
0.999998936438
0.999998925802
0.999998915166
0.999998904531
0.999998893895
0.99999888326
0.999998872624
0.999998861988
0.999998851353
0.999998840717
0.999998830081
0.999998819446
0.99999880881
0.999998798175
0.999998787539
0.999998776903
0.999998766268
0.999998755632
0.999998744997
0.999998734361
0.999998723725
0.99999871309
0.999998702454
0.999998691819
0.999998681183
0.999998670547
0.999998659912
0.999998649276
0.99999863864
0.999998628005
0.999998617369
0.999998606734
0.999998596098
0.999998585462
0.999998574827
0.999998564191
0.999998553556
0.99999854292
0.999998532284
0.999998521649
0.999998511013
0.999998500378
0.999998489742
0.999998479106
0.999998468471
0.999998457835
0.9999984472
0.999998436564
0.999998425928
0.999998415293
0.999998404657
0.999998394022
0.999998383386
0.99999837275
0.999998362115
0.999998351479
0.999998340844
0.999998330208
0.999998319572
0.999998308937
0.999998298301
0.999998287666
0.99999827703
0.999998266394
0.999998255759
0.999998245123
0.999998234488
0.999998223852
0.999998213216
0.999998202581
0.999998191945
0.99999818131
0.999998170674
0.999998160038
0.999998149403
0.999998138767
0.999998128132
0.999998117496
0.99999810686
0.999998096225
0.999998085589
0.999998074954
0.999998064318
0.999998053682
0.999998043047
0.999998032411
0.999998021776
0.99999801114
0.999998000504
0.999997989869
0.999997979233
0.999997968598
0.999997957962
0.999997947327
0.999997936691
0.999997926055
0.99999791542
0.999997904784
0.999997894149
0.999997883513
0.999997872877
0.999997862242
0.999997851606
0.999997840971
0.999997830335
0.999997819699
0.999997809064
0.999997798428
0.999997787793
0.999997777157
0.999997766522
0.999997755886
0.99999774525
0.999997734615
0.999997723979
0.999997713344
0.999997702708
0.999997692072
0.999997681437
0.999997670801
0.999997660166
0.99999764953
0.999997638894
0.999997628259
0.999997617623
0.999997606988
0.999997596352
0.999997585717
0.999997575081
0.999997564445
0.99999755381
0.999997543174
0.999997532539
0.999997521903
0.999997511267
0.999997500632
0.999997489996
0.999997479361
0.999997468725
0.99999745809
0.999997447454
0.999997436818
0.999997426183
0.999997415547
0.999997404912
0.999997394276
0.99999738364
0.999997373005
0.999997362369
0.999997351734
0.999997341098
0.999997330463
0.999997319827
0.999997309191
0.999997298556
0.99999728792
0.999997277285
0.999997266649
0.999997256014
0.999997245378
0.999997234742
0.999997224107
0.999997213471
0.999997202836
0.9999971922
0.999997181565
0.999997170929
0.999997160293
0.999997149658
0.999997139022
0.999997128387
0.999997117751
0.999997107115
0.99999709648
0.999997085844
0.999997075209
0.999997064573
0.999997053938
0.999997043302
0.999997032666
0.999997022031
0.999997011395
0.99999700076
0.999996990124
0.999996979489
0.999996968853
0.999996958217
0.999996947582
0.999996936946
0.999996926311
0.999996915675
0.99999690504
0.999996894404
0.999996883768
0.999996873133
0.999996862497
0.999996851862
0.999996841226
0.999996830591
0.999996819955
0.999996809319
0.999996798684
0.999996788048
0.999996777413
0.999996766777
0.999996756142
0.999996745506
0.999996734871
0.999996724235
0.999996713599
0.999996702964
0.999996692328
0.999996681693
0.999996671057
0.999996660422
0.999996649786
0.99999663915
0.999996628515
0.999996617879
0.999996607244
0.999996596608
0.999996585973
0.999996575337
0.999996564701
0.999996554066
0.99999654343
0.999996532795
0.999996522159
0.999996511524
0.999996500888
0.999996490253
0.999996479617
0.999996468981
0.999996458346
0.99999644771
0.999996437075
0.999996426439
0.999996415804
0.999996405168
0.999996394533
0.999996383897
0.999996373261
0.999996362626
0.99999635199
0.999996341355
0.999996330719
0.999996320084
0.999996309448
0.999996298812
0.999996288177
0.999996277541
0.999996266906
0.99999625627
0.999996245635
0.999996234999
0.999996224364
0.999996213728
0.999996203092
0.999996192457
0.999996181821
0.999996171186
0.99999616055
0.999996149915
0.999996139279
0.999996128644
0.999996118008
0.999996107373
0.999996096737
0.999996086101
0.999996075466
0.99999606483
0.999996054195
0.999996043559
0.999996032924
0.999996022288
0.999996011653
0.999996001017
0.999995990381
0.999995979746
0.99999596911
0.999995958475
0.999995947839
0.999995937204
0.999995926568
0.999995915933
0.999995905297
0.999995894661
0.999995884026
0.99999587339
0.999995862755
0.999995852119
0.999995841484
0.999995830848
0.999995820213
0.999995809577
0.999995798942
0.999995788306
0.99999577767
0.999995767035
0.999995756399
0.999995745764
0.999995735128
0.999995724493
0.999995713857
0.999995703222
0.999995692586
0.999995681951
0.999995671315
0.999995660679
0.999995650044
0.999995639408
0.999995628773
0.999995618137
0.999995607502
0.999995596866
0.999995586231
0.999995575595
0.99999556496
0.999995554324
0.999995543689
0.999995533053
0.999995522417
0.999995511782
0.999995501146
0.999995490511
0.999995479875
0.99999546924
0.999995458604
0.999995447969
0.999995437333
0.999995426698
0.999995416062
0.999995405427
0.999995394791
0.999995384155
0.99999537352
0.999995362884
0.999995352249
0.999995341613
0.999995330978
0.999995320342
0.999995309707
0.999995299071
0.999995288436
0.9999952778
0.999995267165
0.999995256529
0.999995245893
0.999995235258
0.999995224622
0.999995213987
0.999995203351
0.999995192716
0.99999518208
0.999995171445
0.999995160809
0.999995150174
0.999995139538
0.999995128903
0.999995118267
0.999995107632
0.999995096996
0.99999508636
0.999995075725
0.999995065089
0.999995054454
0.999995043818
0.999995033183
0.999995022547
0.999995011912
0.999995001276
0.999994990641
0.999994980005
0.99999496937
0.999994958734
0.999994948099
0.999994937463
0.999994926828
0.999994916192
0.999994905556
0.999994894921
0.999994884285
0.99999487365
0.999994863014
0.999994852379
0.999994841743
0.999994831108
0.999994820472
0.999994809837
0.999994799201
0.999994788566
0.99999477793
0.999994767295
0.999994756659
0.999994746024
0.999994735388
0.999994724753
0.999994714117
0.999994703482
0.999994692846
0.99999468221
0.999994671575
0.999994660939
0.999994650304
0.999994639668
0.999994629033
0.999994618397
0.999994607762
0.999994597126
0.999994586491
0.999994575855
0.99999456522
0.999994554584
0.999994543949
0.999994533313
0.999994522678
0.999994512042
0.999994501407
0.999994490771
0.999994480136
0.9999944695
0.999994458865
0.999994448229
0.999994437594
0.999994426958
0.999994416322
0.999994405687
0.999994395051
0.999994384416
0.99999437378
0.999994363145
0.999994352509
0.999994341874
0.999994331238
0.999994320603
0.999994309967
0.999994299332
0.999994288696
0.999994278061
0.999994267425
0.99999425679
0.999994246154
0.999994235519
0.999994224883
0.999994214248
0.999994203612
0.999994192977
0.999994182341
0.999994171706
0.99999416107
0.999994150435
0.999994139799
0.999994129164
0.999994118528
0.999994107893
0.999994097257
0.999994086622
0.999994075986
0.999994065351
0.999994054715
0.99999404408
0.999994033444
0.999994022809
0.999994012173
0.999994001537
0.999993990902
0.999993980266
0.999993969631
0.999993958995
0.99999394836
0.999993937724
0.999993927089
0.999993916453
0.999993905818
0.999993895182
0.999993884547
0.999993873911
0.999993863276
0.99999385264
0.999993842005
0.999993831369
0.999993820734
0.999993810098
0.999993799463
0.999993788827
0.999993778192
0.999993767556
0.999993756921
0.999993746285
0.99999373565
0.999993725014
0.999993714379
0.999993703743
0.999993693108
0.999993682472
0.999993671837
0.999993661201
0.999993650566
0.99999363993
0.999993629295
0.999993618659
0.999993608024
0.999993597388
0.999993586753
0.999993576117
0.999993565482
0.999993554846
0.999993544211
0.999993533575
0.99999352294
0.999993512304
0.999993501669
0.999993491033
0.999993480398
0.999993469762
0.999993459127
0.999993448491
0.999993437856
0.99999342722
0.999993416585
0.999993405949
0.999993395314
0.999993384678
0.999993374043
0.999993363407
0.999993352772
0.999993342136
0.999993331501
0.999993320865
0.99999331023
0.999993299594
0.999993288959
0.999993278323
0.999993267688
0.999993257052
0.999993246417
0.999993235781
0.999993225146
0.999993214511
0.999993203875
0.99999319324
0.999993182604
0.999993171969
0.999993161333
0.999993150698
0.999993140062
0.999993129427
0.999993118791
0.999993108156
0.99999309752
0.999993086885
0.999993076249
0.999993065614
0.999993054978
0.999993044343
0.999993033707
0.999993023072
0.999993012436
0.999993001801
0.999992991165
0.99999298053
0.999992969894
0.999992959259
0.999992948623
0.999992937988
0.999992927352
0.999992916717
0.999992906081
0.999992895446
0.99999288481
0.999992874175
0.999992863539
0.999992852904
0.999992842268
0.999992831633
0.999992820997
0.999992810362
0.999992799727
0.999992789091
0.999992778456
0.99999276782
0.999992757185
0.999992746549
0.999992735914
0.999992725278
0.999992714643
0.999992704007
0.999992693372
0.999992682736
0.999992672101
0.999992661465
0.99999265083
0.999992640194
0.999992629559
0.999992618923
0.999992608288
0.999992597652
0.999992587017
0.999992576381
0.999992565746
0.99999255511
0.999992544475
0.99999253384
0.999992523204
0.999992512569
0.999992501933
0.999992491298
0.999992480662
0.999992470027
0.999992459391
0.999992448756
0.99999243812
0.999992427485
0.999992416849
0.999992406214
0.999992395578
0.999992384943
0.999992374307
0.999992363672
0.999992353036
0.999992342401
0.999992331766
0.99999232113
0.999992310495
0.999992299859
0.999992289224
0.999992278588
0.999992267953
0.999992257317
0.999992246682
0.999992236046
0.999992225411
0.999992214775
0.99999220414
0.999992193504
0.999992182869
0.999992172233
0.999992161598
0.999992150963
0.999992140327
0.999992129692
0.999992119056
0.999992108421
0.999992097785
0.99999208715
0.999992076514
0.999992065879
0.999992055243
0.999992044608
0.999992033972
0.999992023337
0.999992012701
0.999992002066
0.999991991431
0.999991980795
0.99999197016
0.999991959524
0.999991948889
0.999991938253
0.999991927618
0.999991916982
0.999991906347
0.999991895711
0.999991885076
0.99999187444
0.999991863805
0.999991853169
0.999991842534
0.999991831899
0.999991821263
0.999991810628
0.999991799992
0.999991789357
0.999991778721
0.999991768086
0.99999175745
0.999991746815
0.999991736179
0.999991725544
0.999991714908
0.999991704273
0.999991693638
0.999991683002
0.999991672367
0.999991661731
0.999991651096
0.99999164046
0.999991629825
0.999991619189
0.999991608554
0.999991597918
0.999991587283
0.999991576648
0.999991566012
0.999991555377
0.999991544741
0.999991534106
0.99999152347
0.999991512835
0.999991502199
0.999991491564
0.999991480928
0.999991470293
0.999991459658
0.999991449022
0.999991438387
0.999991427751
0.999991417116
0.99999140648
0.999991395845
0.999991385209
0.999991374574
0.999991363938
0.999991353303
0.999991342668
0.999991332032
0.999991321397
0.999991310761
0.999991300126
0.99999128949
0.999991278855
0.999991268219
0.999991257584
0.999991246948
0.999991236313
0.999991225678
0.999991215042
0.999991204407
0.999991193771
0.999991183136
0.9999911725
0.999991161865
0.999991151229
0.999991140594
0.999991129959
0.999991119323
0.999991108688
0.999991098052
0.999991087417
0.999991076781
0.999991066146
0.99999105551
0.999991044875
0.99999103424
0.999991023604
0.999991012969
0.999991002333
0.999990991698
0.999990981062
0.999990970427
0.999990959791
0.999990949156
0.999990938521
0.999990927885
0.99999091725
0.999990906614
0.999990895979
0.999990885343
0.999990874708
0.999990864072
0.999990853437
0.999990842802
0.999990832166
0.999990821531
0.999990810895
0.99999080026
0.999990789624
0.999990778989
0.999990768353
0.999990757718
0.999990747083
0.999990736447
0.999990725812
0.999990715176
0.999990704541
0.999990693905
0.99999068327
0.999990672635
0.999990661999
0.999990651364
0.999990640728
0.999990630093
0.999990619457
0.999990608822
0.999990598186
0.999990587551
0.999990576916
0.99999056628
0.999990555645
0.999990545009
0.999990534374
0.999990523738
0.999990513103
0.999990502468
0.999990491832
0.999990481197
0.999990470561
0.999990459926
0.99999044929
0.999990438655
0.99999042802
0.999990417384
0.999990406749
0.999990396113
0.999990385478
0.999990374842
0.999990364207
0.999990353572
0.999990342936
0.999990332301
0.999990321665
0.99999031103
0.999990300394
0.999990289759
0.999990279124
0.999990268488
0.999990257853
0.999990247217
0.999990236582
0.999990225946
0.999990215311
0.999990204676
0.99999019404
0.999990183405
0.999990172769
0.999990162134
0.999990151498
0.999990140863
0.999990130228
0.999990119592
0.999990108957
0.999990098321
0.999990087686
0.99999007705
0.999990066415
0.99999005578
0.999990045144
0.999990034509
0.999990023873
0.999990013238
0.999990002602
0.999989991967
0.999989981332
0.999989970696
0.999989960061
0.999989949425
0.99998993879
0.999989928154
0.999989917519
0.999989906884
0.999989896248
0.999989885613
0.999989874977
0.999989864342
0.999989853707
0.999989843071
0.999989832436
0.9999898218
0.999989811165
0.999989800529
0.999989789894
0.999989779259
0.999989768623
0.999989757988
0.999989747352
0.999989736717
0.999989726082
0.999989715446
0.999989704811
0.999989694175
0.99998968354
0.999989672904
0.999989662269
0.999989651634
0.999989640998
0.999989630363
0.999989619727
0.999989609092
0.999989598457
0.999989587821
0.999989577186
0.99998956655
0.999989555915
0.999989545279
0.999989534644
0.999989524009
0.999989513373
0.999989502738
0.999989492102
0.999989481467
0.999989470832
0.999989460196
0.999989449561
0.999989438925
0.99998942829
0.999989417655
0.999989407019
0.999989396384
0.999989385748
0.999989375113
