0.707106781187
0.710807685162
0.71933628463
0.725918975681
0.723172257764
0.70794790889
0.683925725969
0.661111558433
0.652246086989
0.666267665826
0.701027273814
0.743309143411
0.776440388609
0.786902461815
0.767321492304
0.718791626229
0.653873565308
0.597034889732
0.578083355428
0.61235884135
0.685083162264
0.764941950675
0.82339860184
0.841787706486
0.812357358802
0.737927100624
0.63450963453
0.536631367689
0.49736548124
0.549068788334
0.659765128798
0.776096607591
0.860185954017
0.890056120168
0.857062487254
0.764426269054
0.628079712856
0.485353500867
0.412556651634
0.477069406071
0.625150397281
0.775820216855
0.884504023189
0.928292003623
0.897608170449
0.794758362874
0.633918156269
0.448772422723
0.32825007895
0.399784395339
0.584828236888
0.767149757114
0.89844487518
0.956622811858
0.932036184875
0.825602423511
0.649396511474
0.430748520499
0.250518394576
0.319344044348
0.540066294333
0.75032214164
0.902428046272
0.975387569627
0.959791213246
0.855538541798
0.672827039551
0.433726782143
0.193623847251
0.241418919638
0.49432211532
0.72623787882
0.895587423989
0.982500393227
0.97749845762
0.880288711755
0.699848122494
0.455184029644
0.18138484732
0.179855344215
0.454029776753
0.699533421225
0.881272184369
0.980017653031
0.985720144199
0.89830779668
0.726806950728
0.489447851588
0.220208005698
0.160964497941
0.42366869869
0.671561904421
0.859690686918
0.967625123138
0.984381962676
0.909331502542
0.751857295731
0.531132964662
0.287416082641
0.200307848302
0.410179366548
0.645830477722
0.832242753581
0.944627817
0.971206795369
0.910348558822
0.771107931068
0.574057867217
0.363511978647
0.272961771435
0.41841434191
0.62711845853
0.803340087573
0.914870061435
0.948481499777
0.901814442217
0.783242263661
0.614272472907
0.439418678201
0.356338586531
0.446884518104
0.616587017881
0.773427440812
0.878561301023
0.91618658423
0.88319913408
0.78734027246
0.649725535802
0.511469761779
0.441938578555
0.493034111142
0.617978145909
0.745937221577
0.83725998947
0.874120187465
0.852738400541
0.780601395333
0.677064694058
0.576233965874
0.524306639425
0.550562462053
0.632653550059
0.725167609878
0.795136570237
0.825573396592
0.812696708383
0.763802336956
0.695551200967
0.632435681093
0.600709727845
0.613078693577
0.658078114413
0.71154008756
0.752796045301
0.770468027301
0.762863991948
0.736770764584
0.704595517722
0.67956285474
0.670544697009
0.677903544429
0.69387911849
0.70824745368
0.714157358818
0.710939516087
0.703284367402
0.698491944646
0.702474262736
0.715369959988
0.730989684328
0.740359289997
0.736128602114
0.715642686159
0.683266763216
0.651502177767
0.636913587802
0.65081228145
0.690538270611
0.740607757766
0.781706881315
0.797904713653
0.780774894508
0.731175675424
0.660679833244
0.593797935335
0.564221488365
0.593632369758
0.668879071267
0.755611813111
0.822825963165
0.849857245575
0.826780702431
0.755213730235
0.649807990086
0.542667510398
0.487660898339
0.527773714465
0.637548073219
0.759532608333
0.852337017058
0.892546744039
0.869507116431
0.784192738972
0.650919094903
0.503205878801
0.411678799084
0.456273694986
0.599384949378
0.754509351498
0.871689994461
0.925997722137
0.906854602514
0.814607667927
0.661588799605
0.478060405432
0.34040004753
0.380920014755
0.555805746408
0.740936496374
0.88090993469
0.950381150516
0.938625998663
0.845545411887
0.681351992274
0.471264363612
0.283377617164
0.306205935097
0.509669534232
0.719784074241
0.879134027138
0.963387630867
0.961365605441
0.872464107883
0.705672518092
0.481981513722
0.253836349964
0.241103495339
0.465904551299
0.694663462687
0.869274217213
0.966707667443
0.975337261602
0.893818397979
0.730941390012
0.505953354673
0.260641303573
0.201217983191
0.429049937204
0.667110387538
0.85192234014
0.960258458061
0.980108623499
0.909212417873
0.756014808472
0.539863035918
0.300488411383
0.206067486096
0.405765356368
0.64028370815
0.828339148131
0.943522399708
0.973272528112
0.915019466011
0.776533774028
0.577492121325
0.359066031795
0.253607581866
0.402139372099
0.618515445577
0.801946393437
0.919513014436
0.956978950029
0.911679056123
0.791024131686
0.614687298031
0.424563604334
0.323720193462
0.419966508955
0.604209952586
0.773641676501
0.888279935558
0.931257092595
0.898970250532
0.798574266806
0.649285454505
0.491050599309
0.402392783612
0.457503791441
0.600907571746
0.746622797403
0.851250145888
0.895742731219
0.875069256185
0.79594483634
0.676921665144
0.553252773289
0.481719892844
0.509276531106
0.610351759234
0.724700204007
0.812138375501
0.853167017875
0.841831805204
0.783950197786
0.696739184982
0.608921652418
0.557723240874
0.569076087217
0.631415678731
0.7091781558
0.772156484815
0.803708567038
0.798779803419
0.76226790062
0.708264025996
0.657055477625
0.628627459757
0.632941613731
0.663452448513
0.702880630471
0.734635212782
0.749315363956
0.745807899635
0.729359135043
0.709247323168
0.69497589459
0.69130134453
0.696217688941
0.703475944418
0.706785804316
0.702874562619
0.693611602687
0.685801860414
0.687148284379
0.700897929574
0.723256888263
0.745090538297
0.755851599955
0.747809635934
0.719717568416
0.6782473532
0.638244905454
0.619419885847
0.635603516654
0.682893842146
0.741780503189
0.789971195603
0.810603901717
0.794400511348
0.741518874323
0.663901977506
0.587267755819
0.548700959969
0.575229801708
0.65471420778
0.74907954828
0.823934218485
0.857413582151
0.839095548284
0.7691611296
0.6607591116
0.545110652881
0.477306213264
0.508847466631
0.619329390352
0.747385816583
0.848058591477
0.895910229346
0.879637576779
0.79941806359
0.667571017232
0.514946312383
0.408635476077
0.437599764211
0.577558742277
0.737058195446
0.86217422443
0.92567096852
0.915327653118
0.830953213978
0.683602365565
0.500397855759
0.349482370841
0.364952631207
0.53144765166
0.718656665676
0.865335151564
0.94429537269
0.942940302418
0.860069458561
0.705390506884
0.501942141818
0.308991127513
0.297605287245
0.485662107219
0.695646515437
0.860374081939
0.953346907572
0.962228639685
0.884877026406
0.729763854313
0.517378084772
0.295788389052
0.24512142363
0.443537586053
0.66879270231
0.847429021885
0.952907865656
0.972765965833
0.904291148807
0.754884822097
0.543906378095
0.313148733213
0.223574004806
0.411392930777
0.640992187828
0.827319133353
0.94227477608
0.972477231941
0.914996136877
0.776739244369
0.576435701819
0.354225857956
0.243321784407
0.396194851008
0.616981676197
0.803751116394
0.924141317181
0.963073680782
0.917172718563
0.793520333749
0.610722062776
0.408532299595
0.2949989041
0.401084974605
0.598644581843
0.777371309245
0.898260521616
0.944134872832
0.91048530544
0.804171165313
0.643880988343
0.468290929305
0.363673534086
0.427419582075
0.590045290471
0.751175955364
0.865890154222
0.915065877214
0.893100531925
0.805953516792
0.671924592996
0.527116250923
0.438026760613
0.471127525748
0.593767122806
0.728969465047
0.830868964999
0.878817895816
0.866541874404
0.799043371945
0.693427110389
0.581613783847
0.511943977916
0.525758614215
0.609008775053
0.711427733966
0.793706402269
0.83549441874
0.830357749838
0.782678670642
0.70736637181
0.63010260152
0.58275725034
0.587225795711
0.636395192805
0.702085994587
0.75753476016
0.786660399269
0.784477154153
0.755458158722
0.711568548638
0.669924384391
0.64695166703
0.649956948829
0.673063668123
0.702655428641
0.725997388868
0.735760457133
0.731570682483
0.719092842823
0.706643842696
0.700876607662
0.703417230972
0.710442068713
0.715145012152
0.71197713989
0.699982137872
0.683653169113
0.67179068801
0.673509708633
0.692308026412
0.722467405275
0.751704546499
0.767423129802
0.761118206264
0.730813774009
0.683095030974
0.634256408225
0.607095760756
0.619124481847
0.668151917536
0.733354360571
0.789592549648
0.817493931024
0.806655891329
0.756288464625
0.676506156134
0.591828869826
0.541221916805
0.55839344083
0.636237455996
0.735151539788
0.817825033056
0.859965727544
0.849366539997
0.785276702386
0.678972829341
0.558422059665
0.476460853741
0.492244979389
0.597102617383
0.728149748432
0.836402668906
0.894301174415
0.888335661233
0.816973043176
0.691128767777
0.53823449864
0.418283327632
0.423688619603
0.552512146849
0.712788955228
0.844494881186
0.918127124642
0.919837979827
0.847263715554
0.709936718384
0.532517264669
0.373497379832
0.3578619129
0.50626020761
0.691795068916
0.844171885731
0.93271088283
0.943589053972
0.874117730623
0.732334614188
0.539838015354
0.348204001225
0.301131261648
0.461412443178
0.66621180141
0.835446469166
0.937896222227
0.959314023656
0.896666248525
0.756897312372
0.559202157356
0.348107195561
0.264930408768
0.423344086637
0.638656380576
0.819102480982
0.93282051195
0.964848172286
0.91147550595
0.779184351107
0.585879557472
0.371594747577
0.260899727167
0.398556865536
0.613064248517
0.798345645505
0.919820854729
0.961474276312
0.918591351541
0.79742289045
0.615817572682
0.411755840585
0.290218049789
0.391954329784
0.591771437975
0.774154608973
0.898982449892
0.948629546092
0.917373501036
0.810743311994
0.646638979372
0.461943950456
0.343600836525
0.406654477981
0.578657555029
0.74914998341
0.871461983832
0.92572349137
0.905642205003
0.815972218389
0.673955646167
0.514810347312
0.408960608956
0.440870868399
0.576815284309
0.726618019493
0.840260348062
0.895347789583
0.884888442566
0.813151226987
0.696162231404
0.566094797877
0.478040923383
0.489242783621
0.586922052976
0.707961187635
0.805984013765
0.857601910456
0.854874825139
0.801513476572
0.711965562889
0.613547044373
0.546622602591
0.546778286865
0.60955958736
0.696448343958
0.771495753373
0.813772931788
0.815374053459
0.779429567833
0.71855741073
0.653737983584
0.610703093059
0.607917015047
0.642556397741
0.693995210116
0.740173441168
0.766814819356
0.768565824066
0.748498497547
0.716576574182
0.686100137865
0.668598910029
0.66877325983
0.682539430368
0.700368559189
0.71351754933
0.717866419591
0.714514473489
0.708405027966
0.705701695556
0.70998084221
0.719269918719
0.727295031051
0.727487474651
0.716168998209
0.694644762001
0.670272290332
0.65493770331
0.659202285998
0.685046920083
0.723741728112
0.760298210668
0.780060150319
0.773622034734
0.739468225408
0.684958900053
0.627536809353
0.5931282368
0.603324147633
0.656523242058
0.728810672948
0.792232526959
0.825931305509
0.818247446194
0.767695878491
0.684242797161
0.591928187603
0.531133711786
0.541559165048
0.620253799311
0.724999098436
0.814940549637
0.864291291456
0.859865052964
0.799421177541
0.693063975371
0.56723669439
0.473246821577
0.476287757793
0.577486412163
0.712255176015
0.827323288807
0.893043138659
0.895160646686
0.830874617679
0.709190605959
0.555373555488
0.424817367166
0.41164616781
0.531783448726
0.693431896813
0.831245900469
0.912996734407
0.923542352546
0.859864487708
0.729958563122
0.556217485536
0.391149561736
0.352034660212
0.485225589277
0.669281087823
0.826622858779
0.923631049188
0.94441577668
0.885346627514
0.753658756457
0.569082176411
0.377898396362
0.305853724048
0.442354141768
0.641993820672
0.814049295749
0.923943255757
0.955545029156
0.904301065449
0.776562497999
0.590398978996
0.386484764473
0.283484790406
0.409382701414
0.615392083716
0.796611504878
0.916282905416
0.957926382183
0.916260805979
0.796698884637
0.616614937412
0.413524472532
0.291188393389
0.391222932396
0.591219779618
0.77471866695
0.900654391734
0.951159382941
0.920303020666
0.81265690009
0.645075900244
0.453660700074
0.326947268724
0.393173366276
0.573604272379
0.750773992435
0.877854308734
0.934630549733
0.914420176216
0.8213984627
0.671745427221
0.500041062856
0.380806054443
0.41592112599
0.566229959478
0.72838410708
0.850802811786
0.910571700001
0.899880293752
0.822670850605
0.694554830702
0.547719092012
0.443202003641
0.455320781986
0.569971488868
0.708656688499
0.819796099039
0.878665320277
0.876253014032
0.815740127471
0.711884622739
0.593516130549
0.50841821853
0.507061594464
0.58661166332
0.695049560192
0.787580103224
0.840033850962
0.843120379683
0.799100712961
0.72118940322
0.63376340701
0.571408084419
0.565053320316
0.614663040336
0.689709986212
0.757520882139
0.797826005339
0.802609370511
0.773838589238
0.722537031238
0.667291949183
0.629727665683
0.624799006154
0.651000434194
0.692416111294
0.730499098927
0.75271375511
0.75470873101
0.739427644703
0.71525644943
0.693188214603
0.682024896299
0.683887104974
0.694039857346
0.704773374591
0.709963847347
0.707703675639
0.700951582229
0.695958097806
0.698428532383
0.709806738126
0.725833445846
0.738416372871
0.739567612021
0.725253708251
0.697794656997
0.666142150237
0.644324199176
0.645655153809
0.673540537361
0.717910345869
0.761225276804
0.787035222628
0.784697646552
0.751376952841
0.693822981445
0.629615371033
0.586104679774
0.589017201166
0.640731028239
0.717202099856
0.787730566495
0.829000469498
0.828103801407
0.782195147729
0.699419919387
0.602157958618
0.530223768564
0.528140755262
0.601012750522
0.707624854482
0.8041430113
0.861989527428
0.866319014466
0.813821425326
0.71255023009
0.585852185446
0.481300518241
0.466589110187
0.557112867001
0.691379745705
0.811991213535
0.886496219931
0.898544908331
0.844100300473
0.730771120616
0.580733078317
0.44308186506
0.407558570987
0.510748829028
0.669149819095
0.811347506783
0.902013259823
0.92389425797
0.872010703177
0.753117009308
0.587516699789
0.421084816043
0.357425409153
0.465741450027
0.642829583528
0.802692111897
0.907588511961
0.939918779788
0.894120100871
0.775796029143
0.603340633517
0.417838827058
0.324209608367
0.427350717014
0.615699471425
0.788425436115
0.905101883987
0.947528883865
0.909864082145
0.796781925049
0.625113284149
0.432186581412
0.314765306724
0.400526869827
0.589808513372
0.769054921598
0.894390934133
0.946354558061
0.918444117688
0.814681963662
0.650714087235
0.461410850444
0.332192638296
0.391141753495
0.568931318657
0.746792977114
0.876092082896
0.935626641774
0.91779381969
0.826154490952
0.675751818297
0.499502347626
0.371311334531
0.40208153014
0.55669061145
0.724841348356
0.852812976291
0.917140638295
0.908888675563
0.830942549056
0.698115596261
0.54152190397
0.423709433831
0.43159314077
0.554916648315
0.704679943077
0.825169397165
0.890637017448
0.891037833557
0.828253784848
0.716322375776
0.584090719555
0.482836834911
0.475930487775
0.565667594373
0.689440677007
0.795556458993
0.857143408319
0.863639631333
0.816230202449
0.72749517178
0.622941533664
0.542633003997
0.529338803017
0.588518862245
0.681439127337
0.766764232332
0.81931545178
0.82870353662
0.79583982287
0.731521714476
0.656567910356
0.599774264445
0.586844997999
0.621189429896
0.681344411834
0.739990952073
0.77782942984
0.786325852199
0.766581066938
0.727456783739
0.6837153651
0.652410155457
0.645255103097
0.661719024828
0.690662754092
0.718429327204
0.735298240925
0.737728903774
0.728339827002
0.713978196971
0.702209968998
0.697859189286
0.700757048937
0.70625237311
0.708454765803
0.704168545523
0.694730346351
0.685389532981
0.683079562051
0.692567781045
0.71266010881
0.735777931971
0.751608825033
0.751776603931
0.732722938445
0.697746559996
0.657989288009
0.630497678071
0.631034183924
0.663159698197
0.71467339634
0.765382380339
0.796598258672
0.796582559212
0.762341967547
0.700394512196
0.628568768065
0.576372642013
0.573896934141
0.626296928355
0.707875794128
0.785294442316
0.833296375821
0.837440752294
0.794117849204
0.710825264161
0.608584817432
0.526876950874
0.514840323038
0.584480762719
0.694257132699
0.796901556787
0.861915702519
0.873092909455
0.825799649719
0.727195229927
0.598842557021
0.485357584726
0.456355569984
0.53886600134
0.674007855532
0.800041264349
0.882012046115
0.902463202056
0.855872092148
0.74834034745
0.600324681987
0.456610508377
0.40337488075
0.492588290037
0.648638986627
0.794841732023
0.892584875887
0.923339802976
0.881100073112
0.770910799969
0.611262232873
0.443799451482
0.362285915406
0.450278167746
0.621454616533
0.78366078986
0.895144338403
0.936294700962
0.900676383145
0.792758912786
0.629198934748
0.447577215244
0.339432535564
0.415994131865
0.594044782487
0.76684620871
0.889286867141
0.940691662725
0.913752674942
0.812354065976
0.651915815707
0.466701290732
0.340303320721
0.395888718915
0.569998947718
0.746386085265
0.875499946213
0.935567801741
0.918315209307
0.826750159183
0.675528538557
0.496665180292
0.3641090878
0.394494126416
0.55310033376
0.72535430287
0.856410316847
0.922660323748
0.914931811421
0.835286913884
0.697767127499
0.532899031267
0.404958083288
0.412215318419
0.54524378696
0.704747970577
0.832313904591
0.901759556225
0.902848649373
0.836825601122
0.71683913176
0.571750992049
0.456461379357
0.44728516665
0.549477344185
0.687842454048
0.805326673302
0.873656380314
0.881482603692
0.829540952088
0.729958136087
0.608976079203
0.511901464371
0.494286519517
0.566169134948
0.67734214404
0.778297097426
0.840754586131
0.852636422526
0.81421388222
0.736586526551
0.642469344083
0.567077939518
0.547873800444
0.593480712276
0.673942256839
0.752131993113
0.803313933129
0.816094091486
0.790330678607
0.735697944209
0.670514314386
0.619450393862
0.60456422739
0.630182804735
0.67977336507
0.730107397584
0.763851670887
0.772888115525
0.757667749154
0.726048789435
0.690883508875
0.665936411181
0.660037834796
0.672453828626
0.694242515159
0.714368907303
0.725393353072
0.725514641808
0.717860973857
0.708584918369
0.703715488254
0.705749218251
0.712147805929
0.717214378419
0.715623344596
0.705322128348
0.689223957711
0.674795660333
0.670967325258
0.682989938663
0.708470081001
0.738007717958
0.759422909056
0.762663551627
0.743417068065
0.704965935539
0.658836557262
0.623689335457
0.618546436248
0.649686097833
0.704649765495
0.761302405797
0.799256071399
0.805144880561
0.77438394953
0.712498519642
0.636442228077
0.575553184835
0.563363334273
0.610785452239
0.693708176547
0.776502232216
0.831641296538
0.843285850682
0.806236960631
0.726335035192
0.622825026421
0.532843206456
0.507216857093
0.567239129271
0.675832203677
0.783249637913
0.855962554002
0.876053884856
0.837594921053
0.745809846831
0.619798995038
0.500166050716
0.454284536146
0.52163640736
0.652317022669
0.781570269845
0.871037978094
0.901118457869
0.865096447633
0.767492417216
0.626049778803
0.480648650364
0.40971333111
0.477753312611
0.625838862279
0.773471228914
0.878081966507
0.918756111384
0.887871675863
0.78934409133
0.639577171057
0.475487981344
0.37852157332
0.439112529233
0.597937656246
0.759409833914
0.876799638233
0.928133026996
0.904885231571
0.810080680174
0.658966117526
0.485252358653
0.366598601062
0.411271481492
0.571846219473
0.741093317269
0.867601090807
0.928213614464
0.913833000141
0.826538429071
0.680425025225
0.506708722616
0.375893603311
0.399281974466
0.551173630106
0.721122273751
0.852589543334
0.920536299456
0.915193478522
0.837925156736
0.701739034464
0.536046567257
0.403677250389
0.405578591333
0.538398421977
0.700732058072
0.832018739149
0.904864038511
0.908306621476
0.84304066301
0.721101428298
0.570079955393
0.445210860147
0.430237277529
0.536722349473
0.682942788142
0.807795735036
0.881762654362
0.892476500562
0.839888844848
0.735338731732
0.604298481532
0.493947864106
0.469271694403
0.547339102312
0.670416997507
0.782545266743
0.853272627059
0.869128617638
0.829146982314
0.743873139267
0.636350332913
0.545163589328
0.517571284171
0.569366312717
0.664396891972
0.757464109882
0.819798708393
0.837910592313
0.810148470773
0.74568704257
0.664336195483
0.5956751489
0.571134332444
0.601721779234
0.666981497926
0.735444678444
0.783573288136
0.799684102143
0.782384906804
0.739236791484
0.685679105147
0.641878321263
0.625453894782
0.641235041292
0.678265240956
0.718551866982
0.747163761047
0.756708234634
0.747370416903
0.725277333788
0.700305909832
0.682575005036
0.677833620742
0.684820713312
0.69718719286
0.70771582782
0.711928935269
0.709789649938
0.705153526562
0.703260442258
0.707362483048
0.716671051902
0.726463189927
0.730220130964
0.723107011988
0.704900488721
0.681007254301
0.661404588986
0.656977293015
0.673290801924
0.705936995837
0.74250940489
0.768805035036
0.773957262463
0.75320811484
0.70989958994
0.656685888707
0.614420020401
0.605194903669
0.637343672906
0.697411202351
0.760660445843
0.804476446953
0.814376279086
0.785191257099
0.721632752058
0.640247478904
0.571142604606
0.551211328299
0.595998518942
0.681801361243
0.770587631016
0.832557803531
0.850219575541
0.817539898082
0.739385166513
0.633447454429
0.535533897065
0.498463340288
0.551313165857
0.660038355809
0.772121810251
0.8517086178
0.879151087899
0.847261656807
0.760344679827
0.635657851844
0.51064203275
0.451235719601
0.506618274293
0.634562583403
0.767126208911
0.8630090536
0.901079381802
0.873129934068
0.782534483913
0.645544622353
0.498335655892
0.41374059556
0.464667105442
0.606415654547
0.755722287131
0.866157213748
0.91518894168
0.893831414458
0.804402834223
0.661858498384
0.499917157708
0.391547085149
0.430412078223
0.578554448054
0.739321549676
0.861324244775
0.920469927394
0.907154469071
0.822943149748
0.681406291108
0.513619975573
0.388092599935
0.408951101379
0.554579584869
0.720555582887
0.850390777267
0.918148778326
0.913366750333
0.837121782915
0.701933255641
0.536558832188
0.403236551412
0.403711122177
0.536777331154
0.700428317493
0.833402825258
0.907727694681
0.911735277383
0.845734484676
0.721446877918
0.565711141344
0.434199660553
0.416934227337
0.528848638182
0.681862321319
0.812129537484
0.889584946075
0.901410622087
0.846908643439
0.737004319771
0.596839517588
0.475289362619
0.446398025581
0.532728692971
0.667525032872
0.789155548962
0.865801099989
0.883601556746
0.840919863002
0.747708371198
0.627319730907
0.521564714496
0.487685669492
0.548223402773
0.658543958445
0.765291419621
0.836618475119
0.857920135781
0.826895413813
0.752301749664
0.655004348019
0.569351058532
0.536824094838
0.575182962304
0.657583854599
0.743402171033
0.803993335872
0.825109585004
0.804303270147
0.749203909292
0.677289799808
0.614709525182
0.588813287677
0.610671743514
0.665222951686
0.725731521884
0.770326318388
0.787204990007
0.774514739841
0.738862553515
0.693602299692
0.655909426567
0.640529137678
0.651643169693
0.680692340902
0.7131558213
0.736598024213
0.744607692112
0.737419315544
0.72070556746
0.702870625741
0.691464240736
0.689883538205
0.695970799835
0.703913702099
0.70804081526
0.705975030027
0.699636081294
0.694055188001
0.694731381126
0.704124154825
0.719513995768
0.734042725686
0.739989821911
0.732188317978
0.710397330174
0.680737304829
0.65503229053
0.646527296061
0.662440420136
0.698308219829
0.740291717391
0.772306965779
0.781871605975
0.763353174451
0.719381451737
0.661964955501
0.61252554114
0.595884837423
0.624173367527
0.685298499477
0.753238244956
0.803618115636
0.820126348489
0.796046647528
0.734955420588
0.651940214836
0.575802956334
0.545133252548
0.581720271114
0.665807210228
0.758062188874
0.826564627186
0.852160296168
0.827042091256
0.754510840896
0.650453427241
0.547661421905
0.49781184314
0.537882890055
0.641839661012
0.756135733824
0.841928969552
0.877781808552
0.855017520835
0.776173165394
0.656563773881
0.52989811802
0.457204656817
0.494915923745
0.614395924439
0.747510365995
0.849252697894
0.896160381893
0.878679173644
0.79850327224
0.669688644389
0.524693740739
0.428425928107
0.457072371567
0.586041308522
0.733423848076
0.848534946474
0.906143536999
0.895733983501
0.818324799021
0.686752259199
0.531158170489
0.415178041861
0.428985457388
0.559926625099
0.716169622105
0.84140015593
0.908631675595
0.90627092388
0.834619603831
0.705672871745
0.54730182489
0.418787978692
0.414466749212
0.538463759025
0.696838000569
0.828021765217
0.903064370989
0.909342212031
0.84618762066
0.724729701261
0.570971487562
0.438709828583
0.41691609661
0.525306224514
0.67804546154
0.80993859197
0.889738009396
0.90391191037
0.850920576392
0.740853555728
0.598074207758
0.470726528149
0.436120111587
0.52297137245
0.662329483449
0.789304721871
0.870442206784
0.891076994723
0.848940208445
0.753047599682
0.626007410761
0.510307670059
0.469093202421
0.532266338237
0.651214918386
0.767009121573
0.845381408989
0.870502374253
0.839339884007
0.759896163346
0.652574046252
0.553703426863
0.512169702906
0.553506539444
0.647305748572
0.745691896013
0.816237221487
0.842718496447
0.821446783072
0.759529779069
0.674819891526
0.596680915985
0.560417287467
0.584499820712
0.651622681269
0.727590436607
0.785160356653
0.809388275413
0.796427621079
0.752344337468
0.691983627732
0.637090431337
0.610313221294
0.622428323897
0.663970728223
0.71393437278
0.753280720649
0.770861521965
0.764003814527
0.737687591434
0.702873270759
0.67307485908
0.659327388258
0.66499697075
0.684365373096
0.706934710358
0.723398138252
0.72917954766
0.72494570981
0.71525492897
0.70624499655
0.702454746959
0.704409546906
0.708760866259
0.710753677567
0.707018730474
0.697619318798
0.686765860724
0.681173021435
0.686349305305
0.702843209263
0.72523541223
0.744471916788
0.751553499604
0.741132450283
0.713867348504
0.677292238369
0.645255939536
0.633596978931
0.651078920279
0.692230560332
0.740679572405
0.778353895946
0.791608376126
0.773901059569
0.72749730385
0.664658182676
0.607847198388
0.584711664606
0.610866998037
0.674771987081
0.74819871577
0.804587413486
0.826423668826
0.806015201732
0.745810284407
0.660066828647
0.577180241166
0.537494028735
0.568184218912
0.652379407165
0.748982476822
0.823624800571
0.855522704931
0.835948802635
0.767026633577
0.663125056204
0.555290299839
0.494714653012
0.524744513978
0.625752074991
0.74292408683
0.83479066906
0.877909272503
0.862359343702
0.789648897378
0.673357511392
0.544461981778
0.46081309481
0.484180797305
0.597085293793
0.731033522624
0.837913650689
0.892282019413
0.883049904464
0.810851902374
0.688264762114
0.544667415456
0.43951784407
0.450676143734
0.569300612455
0.715442721941
0.834550311251
0.89933743382
0.897738837207
0.829403662759
0.70593526556
0.554804982088
0.433143642686
0.427897147587
0.544444222611
0.696879966479
0.824724706186
0.898552569698
0.905364851696
0.84387814909
0.724603095058
0.573223060934
0.442672070467
0.42007326601
0.526244072401
0.677813856872
0.809706442261
0.890081196696
0.904890900398
0.852178418337
0.741404314768
0.596471420136
0.465554359373
0.428624675651
0.517615573494
0.660866587737
0.791551270478
0.875460152329
0.897233154975
0.854232189469
0.755089775939
0.621948342086
0.498051650007
0.452129245311
0.519911631931
0.647457441431
0.770943164412
0.854631989308
0.881896080311
0.849142604749
0.764147608715
0.647257370369
0.536478662204
0.487904963133
0.534467160634
0.640434147544
0.750454845993
0.829143206217
0.859204497467
0.836161709504
0.766782958658
0.669466438178
0.576491414743
0.531175925279
0.559773938612
0.641101063753
0.732292602689
0.801156093347
0.830738894853
0.81614662808
0.763050582059
0.687493426995
0.615534073949
0.578162442101
0.593391054348
0.649559508323
0.717492771808
0.771502105104
0.796709764878
0.788672360841
0.752103036365
0.699987944937
0.651464126914
0.625992810227
0.633242304027
0.666484518552
0.708580396156
0.742829453324
0.758950878852
0.754424878976
0.733541126245
0.705609918576
0.681944260329
0.671274043866
0.675665947724
0.690112306575
0.706315104046
0.717194554145
0.719628526668
0.715133316464
0.708437766663
0.704697592244
0.706547766428
0.712616000793
0.718352404278
0.718607898139
0.710607879469
0.695786625877
0.679946675324
0.671390924143
0.676798975439
0.696711771851
0.724299274189
0.748648173479
0.759478518685
0.750576327461
0.721947289714
0.681148020461
0.643001277755
0.625430734529
0.639794753342
0.681869040673
0.734459641773
0.777695934227
0.79637459531
0.782908084698
0.738385951465
0.673834731279
0.61127662791
0.579880730328
0.59944776199
0.661648428328
0.737919891184
0.799935274014
0.828342114376
0.814065728496
0.758350231867
0.673694443936
0.586537297187
0.536919187758
0.557128972796
0.636587662445
0.734550246519
0.814647182564
0.854178604212
0.842617860569
0.78066085751
0.680902014343
0.571412520775
0.500486690944
0.515979131503
0.608583709724
0.72514065099
0.821563391301
0.872446562881
0.866137273369
0.802454524851
0.693267984175
0.566298856584
0.473938941024
0.479558362172
0.580185588358
0.711424151361
0.821892991616
0.883701391909
0.884234621924
0.82244542913
0.709124185797
0.57069559382
0.45978572531
0.451196623811
0.553360121071
0.694128628913
0.815557461126
0.887370230498
0.895853189788
0.839157980672
0.72692077533
0.583827875568
0.46014813659
0.435257791957
0.531535708057
0.675474312957
0.803639907371
0.883420619737
0.899861118465
0.850360517248
0.743663451815
0.602656218255
0.473869173695
0.434194722568
0.5177255472
0.657871613711
0.787989584863
0.873099474754
0.89691412101
0.85591524441
0.758115622462
0.624841153251
0.49836125028
0.448083270014
0.513899659233
0.642915137706
0.769396069455
0.856374177548
0.886361763457
0.85482666157
0.768822066344
0.648153425463
0.530617038705
0.475469213227
0.521916511332
0.633339083665
0.750138490703
0.834617592304
0.868380925527
0.846124279179
0.773808743403
0.669502746991
0.566333264904
0.512388452262
0.54124668293
0.6307762918
0.732228420443
0.809689074425
0.844397937442
0.830517488759
0.772970094089
0.687693849603
0.602738007857
0.555072512561
0.570091785945
0.63587567094
0.716911127317
0.782409658559
0.814618915724
0.807564996776
0.765297314234
0.701214124606
0.637506336498
0.600380146874
0.606453145134
0.649464796353
0.70661652863
0.755157876516
0.780578436525
0.777757333205
0.750166691168
0.708408120804
0.668033695539
0.644773338571
0.646893866355
0.670328634409
0.702423913784
0.729924775673
0.744134338464
0.742553413055
0.728548451652
0.709484856118
0.693592016546
0.686492062674
0.688903520491
0.696874170613
0.704656836728
0.708101251844
0.70645839754
0.702374820645
0.70028766131
0.703783802993
0.712975467947
0.72387489586
0.730470316669
0.727711086523
0.713863299458
0.692037047042
0.670285847664
0.659122942105
0.666231199474
0.691243847973
0.725201807417
0.7550309056
0.768924266982
0.760082471951
0.72863012167
0.682550874316
0.637904375582
0.615131984764
0.628163513022
0.673129509305
0.730993018353
0.7798977656
0.80321199174
0.792274109757
