0.0
0.0352879369031
0.0498215622036
0.0609147778038
0.070183456165
0.0783465754971
0.0856552914759
0.0923543710933
0.098565688902
0.104344614012
0.109849004288
0.115007415225
0.119885074784
0.124562591492
0.129034429662
0.133204761705
0.137273336949
0.141155574307
0.144881338609
0.148318505452
0.15185158222
0.155255926145
0.158418960087
0.161701457844
0.164778426225
0.167906521214
0.170878858225
0.173709686434
0.1765826638
0.179355972704
0.181777140147
0.184377187878
0.186498190549
0.188643338745
0.190973748577
0.193093459278
0.194893555457
0.197131240763
0.199073433877
0.201372990875
0.203251968299
0.20537110608
0.207566088793
0.209622379304
0.211365783794
0.213180604978
0.214954844744
0.216519074434
0.217666923393
0.219081869361
0.220543551772
0.220970417398
0.222515416795
0.223611182415
0.225035817307
0.226575381818
0.2279565168
0.22944970128
0.231128851853
0.232357222659
0.234021119652
0.234877827892
0.235947760814
0.237054966669
0.237670165662
0.237479549353
0.238191822654
0.238774359042
0.239299311072
0.239772853926
0.240630553303
0.24219269469
0.242920477673
0.244092007701
0.245192918776
0.246641789785
0.247737156599
0.248425195609
0.248803497596
0.249744102026
0.248623603446
0.248909633349
0.24863832044
0.247947618345
0.24854447511
0.248621962026
0.249119561094
0.249987977228
0.250931545389
0.252111807342
0.252823682057
0.253766177568
0.25467012508
0.254978607072
0.254736404794
0.254926544997
0.254746353929
0.253456655267
0.252082362238
0.251664962446
0.252265904528
0.251557383478
0.252264333292
0.25317635525
0.25399556655
0.254692746117
0.255414411303
0.255886916932
0.257480971681
0.257250687572
0.256985244591
0.256331063809
0.254371439651
0.253503654799
0.252513752862
0.251242492333
0.25136201467
0.251574559015
0.251608461087
0.252112961018
0.252996849527
0.254418493699
0.254958722831
0.255691589517
0.25608508729
0.256014925784
0.254937112015
0.253546773256
0.252730416029
0.252296772571
0.249427099599
0.248706737385
0.249230088496
0.24877743945
0.249298723172
0.250020370751
0.250869883177
0.2519853213
0.25279272577
0.252405410236
0.253152050077
0.252952205365
0.252019074476
0.250656530419
0.248268610106
0.247437650962
0.24670734183
0.245768368028
0.245492000542
0.246325440382
0.247068114129
0.247290925405
0.24793252053
0.248983028443
0.249571984392
0.250060248665
0.25000210536
0.249398392654
0.249338166488
0.246354311344
0.245394714881
0.245648854802
0.244262766342
0.243580589656
0.24402541592
0.244259530269
0.244794751914
0.245744901604
0.245829804615
0.246812229944
0.247907775142
0.247374925924
0.246777356629
0.246677026298
0.245848085702
0.245562321519
0.244299148432
0.243486959608
0.243803611547
0.244010439668
0.243723194997
0.244439155689
0.245337412979
0.245818805917
0.246141504859
0.246576661921
0.24633060212
0.246921941265
0.246082744243
0.245753685945
0.246585749207
0.246084596822
0.245295957025
0.245739597415
0.246328854564
0.246114757027
0.247005520387
0.247135369297
0.247547176015
0.248337322203
0.247687639985
0.24743696199
0.248187574408
0.247706394949
0.248214551388
0.248402757381
0.24858963004
0.249066752155
0.250638828244
0.250532149303
0.251659707748
0.25212285486
0.252594179341
0.252330675182
0.252432382704
0.252063254924
0.251921344082
0.25155900431
0.251229531854
0.251699585797
0.252315154058
0.252482555878
0.253625006088
0.257037302941
0.257367401505
0.258879038713
0.259395664621
0.259482142517
0.259863176714
0.259446457515
0.259050019254
0.258896777364
0.257643051579
0.257368820725
0.256867326707
0.257042534989
0.258260436715
0.261684558904
0.263772781962
0.265143553583
0.267033321564
0.268401098007
0.268791075638
0.268553965904
0.268957225817
0.268157188999
0.267296505814
0.265796411911
0.264458704824
0.26357276539
0.263854452063
0.264703347605
0.268867451016
0.270374451542
0.272697263178
0.276478817627
0.277503040002
0.278866456893
0.279261968521
0.278870089269
0.278092268705
0.276110848836
0.275248547967
0.273632366822
0.272575054723
0.272599755961
0.273387303749
0.274840037628
0.276118621251
0.280428424837
0.285430907934
0.287383746709
0.288016577583
0.289477083538
0.288593671838
0.287665785498
0.286505041457
0.2853565661
0.283539263249
0.282379323619
0.280618395837
0.280265325396
0.280916136124
0.283510992331
0.289288209507
0.292117823888
0.294483088492
0.297261067773
0.297980647273
0.297958553655
0.297388159387
0.296732984124
0.29538150653
0.292296119658
0.29060476496
0.28823266982
0.28780683897
0.288446782983
0.290845152937
0.295353001955
0.29676439535
0.299116039245
0.303956970795
0.305679887134
0.30591194021
0.30598830557
0.304720488148
0.302914193524
0.300605099943
0.298989087155
0.296374531931
0.295757801158
0.295853087511
0.296546544731
0.298001531512
0.300708661293
0.3064096453
0.309166570373
0.31050403565
0.311576222469
0.311664640819
0.310787511206
0.308318027203
0.307410769456
0.305832631161
0.303662966496
0.302187575384
0.300009329399
0.300523864356
0.301123082174
0.303246317207
0.309073186749
0.311327709991
0.312278337347
0.314061792603
0.314768428923
0.314676869753
0.313345460254
0.312554886117
0.310179120402
0.308366781394
0.30683704582
0.304166523274
0.303625893647
0.305151189814
0.307317923676
0.308447521382
0.310005343244
0.31292859129
0.31590451527
0.316172347181
0.315693036515
0.31536497684
0.314580184785
0.311723667528
0.310471919367
0.308447572402
0.307564044131
0.306761923142
0.305197153378
0.306550312445
0.307046110228
0.308308858996
0.311123327666
0.313874973953
0.314715030464
0.314530542385
0.314109279759
0.313483621433
0.311987500676
0.311424516313
0.309345497098
0.307731251418
0.307529329445
0.305538286235
0.304579709946
0.305372691368
0.306945475422
0.308919676273
0.30922768035
0.309475271182
0.311331483025
0.311694338594
0.310405718524
0.310147893447
0.309365978052
0.308142204473
0.306622242601
0.304742221199
0.304058774503
0.303651870924
0.302807890138
0.302543523173
0.303440526899
0.304338160537
0.30443292458
0.305783885669
0.306764609144
0.306316757973
0.306382044852
0.30528278051
0.304510101341
0.303930428125
0.302825192411
0.300971304646
0.300668252092
0.299152165699
0.298020558911
0.298102224711
0.297433582293
0.299707636489
0.299898573552
0.299536774279
0.300529918114
0.301462585638
0.300862752365
0.300514819478
0.299956331283
0.29962844949
0.298203800769
0.296466306724
0.294727022642
0.294207168562
0.294091442557
0.29183296255
0.292492118361
0.293348869628
0.294049530838
0.294792537585
0.295963550372
0.29628497996
0.29627145928
0.295985644984
0.294566412156
0.294568287141
0.293482962555
0.291328767504
0.290325157547
0.287791756022
0.287010564197
0.286646996536
0.286025232982
0.28896693089
0.290542632904
0.290483113658
0.291781088329
0.292795099944
0.293576531057
0.292345708141
0.292005229403
0.290928334558
0.28963735538
0.28739717183
0.284044746497
0.282894716192
0.283703056203
0.282834840394
0.28382713961
0.285599941367
0.288224558456
0.290267417929
0.291075078064
0.29188608165
0.291953650185
0.291815727452
0.289006382629
0.287692933656
0.285523108201
0.283307022693
0.282104580431
0.279906827636
0.280841457977
0.281257636478
0.281564775564
0.287037178956
0.291026655763
0.292492460357
0.292997921455
0.293692572924
0.293901666734
0.291795138611
0.290255763214
0.287646001394
0.28557436001
0.284109489207
0.279870180522
0.279404768561
0.28087223469
0.285981097494
0.289585790738
0.292173124462
0.295537728125
0.298213979878
0.298578617113
0.297646161791
0.297466629905
0.296616043761
0.293159684615
0.289901408464
0.286229075176
0.28363294117
0.283058194613
0.282493472775
0.2896110316
0.293256857527
0.294564531032
0.299774584254
0.305555069635
0.30773502489
0.307398615776
0.306821573853
0.304911385658
0.301969548637
0.298648769432
0.294162474308
0.291389345107
0.291159897046
0.291193295818
0.293138588748
0.295307053485
0.30381968564
0.312018714651
0.314596206769
0.316805910474
0.319164156163
0.318376797569
0.31498882614
0.312731351272
0.310445053859
0.306899233424
0.303443451721
0.299074846597
0.299280896202
0.299890940622
0.300984017939
0.311360651066
0.321244780863
0.324088603125
0.327487924366
0.330784956922
0.331290259837
0.329696358693
0.328087988688
0.324683791653
0.320605155273
0.316983297803
0.31126364645
0.309627972067
0.309940451601
0.316690448808
0.323860899271
0.3264263047
0.33192848781
0.341827855457
0.343747633767
0.344294933117
0.344764280823
0.343439235281
0.339169696006
0.334798511999
0.33057997958
0.326946151045
0.324793592871
0.322412541558
0.325981672977
0.330682137228
0.332669970527
0.341059288722
0.352794217532
0.355309202045
0.35795514412
0.35800169084
0.355904672319
0.353274114161
0.350794276416
0.346880631681
0.343098210315
0.33920780686
0.336164540867
0.336570220065
0.337405853468
0.343749582916
0.356366412484
0.35983808243
0.362460791137
0.368047478101
0.369189200371
0.367928671744
0.366796265404
0.365018855741
0.361175416102
0.356869332238
0.35235204128
0.348857804038
0.348226127203
0.348204893521
0.35259052247
0.361477830579
0.363166696752
0.369897417815
0.376840986069
0.377460365866
0.377883898504
0.377353269927
0.37465634959
0.371585889372
0.367688455954
0.363934227744
0.36197780351
0.359958110236
0.358492933307
0.362337914202
0.363239373092
0.36647622273
0.37610718607
0.380507466822
0.381773981303
0.383098025552
0.383031346333
0.380596205985
0.378833375393
0.376677768319
0.373942162936
0.371257257616
0.369049068864
0.365864913935
0.366806452454
0.366601919406
0.37124447867
0.378851335194
0.379234104717
0.381927550775
0.384910855166
0.384349688787
0.383688922073
0.382554270671
0.380733682595
0.379106967643
0.375912407598
0.372146166404
0.371497959691
0.370813006326
0.370259411634
0.373106424248
0.375052451657
0.376113665043
0.37918879231
0.381588649998
0.381502390617
0.382070234323
0.381081537601
0.379152570412
0.377926452172
0.376674690883
0.37460850153
0.373342173295
0.371891900705
0.370840288847
0.371370938037
0.370530432075
0.371198451996
0.375458928384
0.374868725059
0.374760017038
0.374762717461
0.374499062978
0.374295021978
0.373154642348
0.371765709065
0.371655272791
0.370967724313
0.368334756903
0.366940883174
0.366812567947
0.36678042708
0.365264646598
0.365556198093
0.364844832385
0.365844884097
0.364474490603
0.363591409719
0.364124961221
0.363630284373
0.363385126172
0.362941157085
0.363163101387
0.362222310644
0.361445625392
0.359690136862
0.357445216679
0.357456666811
0.355589805333
0.353607752426
0.351893135807
0.351888033672
0.351100923253
0.350272934043
0.349925128641
0.351128732128
0.35164008361
0.35093414484
0.350590388057
0.351403819369
0.350770186343
0.34740914283
0.346551073826
0.345201143522
0.343400013029
0.338235003846
0.336636846273
0.336662538755
0.335162174955
0.334599044128
0.335434890925
0.335833947187
0.336629249472
0.337166942697
0.337208682425
0.337352853679
0.336636830028
0.335081981765
0.331030966306
0.326906145354
0.325683190801
0.323858195724
0.319871314286
0.319169019757
0.318812045869
0.31925216077
0.318798277428
0.320062736325
0.322332827676
0.322676688126
0.321936334981
0.322483327276
0.321743132788
0.319388744992
0.31508885992
0.313093496292
0.312188097151
0.306094834448
0.304175029664
0.303898481647
0.30315215939
0.304265877546
0.304948333224
0.305967977144
0.30680255677
0.307428557838
0.307640857522
0.306810852036
0.305202622317
0.304445576018
0.302318015362
0.296579979609
0.294881311814
0.293215055466
0.292706773083
0.291156545814
0.291502621533
0.292414667022
0.292642860398
0.292862448606
0.294747449871
0.294814502692
0.294902340526
0.294128736742
0.292914303622
0.292810426462
0.288629074387
0.287233305062
0.286884101295
0.283937451226
0.28379162641
0.283970258554
0.283901555262
0.284174661399
0.284287925749
0.28526283299
0.285461801416
0.285298663088
0.285272264709
0.28514374655
0.283656016393
0.283601690771
0.282601014297
0.2836597832
0.282437788418
0.28181451103
0.282153821761
0.282634706127
0.282070273344
0.282209606292
0.28186663604
0.281614414926
0.28194379748
0.280924548911
0.281087186348
0.281168727929
0.281161058145
0.282919759546
0.28364017282
0.284559526372
0.286071244691
0.287410659739
0.286244819172
0.286195793946
0.286626842125
0.285742555918
0.284406342886
0.28368190443
0.283230729829
0.283144217796
0.283141124363
0.283032973357
0.287620778278
0.288727829947
0.289246553295
0.292392094618
0.297130933653
0.296743253281
0.296339437487
0.296882781585
0.295459709344
0.294472897134
0.292639326802
0.291655709294
0.291407693197
0.291123721647
0.290823034761
0.294096746361
0.295532531811
0.300371093023
0.306837639396
0.307699440688
0.309027881652
0.312698531412
0.310681279008
0.309384708158
0.308382369752
0.307665280264
0.306393358406
0.304290728897
0.302768130067
0.304721788382
0.304922903062
0.305694654205
0.311395074615
0.31905437654
0.320419212378
0.321191490283
0.327999505102
0.327493588544
0.327243033962
0.326615389794
0.324371578822
0.323432517131
0.32163266643
0.319301621418
0.31984473746
0.320046752511
0.322265584827
0.328056262387
0.329733620832
0.33231770898
0.342473161157
0.342354498489
0.34374644273
0.345010160658
0.345132761543
0.342909992503
0.340689528643
0.339641933797
0.339430480342
0.337727230502
0.336401010138
0.338020643504
0.341089026929
0.342670282144
0.344102813757
0.355182892388
0.35621375157
0.357824454578
0.361698016089
0.360250425436
0.360041503633
0.359765065704
0.357760329608
0.357160014326
0.355812315012
0.354074642814
0.35546436863
0.355818091268
0.3567017139
0.364893925492
0.364980798442
0.366617765335
0.372075612783
0.37430500097
0.374550393391
0.374059018989
0.375266128204
0.37398694072
0.372554685875
0.371124663536
0.37109102268
0.370860919636
0.371034247699
0.369497248601
0.374526633606
0.374833634895
0.375729760429
0.382974106038
0.383062295152
0.383917006062
0.387153518318
0.385277300398
0.385919164009
0.386112427856
0.385028674863
0.385261685013
0.384228829969
0.382748947764
0.385056246165
0.384202597638
0.383747312528
0.387451640448
0.387836579696
0.388916823156
0.389394880637
0.393162064378
0.393039703231
0.393486720983
0.39407085926
0.394176072551
0.394431168561
0.394257005728
0.392945825396
0.393853519275
0.393342310315
0.390970318753
0.392804994239
0.391524988787
0.391597985886
0.395922405739
0.394157976423
0.394919270072
0.397681274136
0.397754234648
0.399479529387
0.399739255485
0.4000989288
0.400766105008
0.400021082388
0.397725520263
0.397452726311
0.395457108901
0.395296042813
0.392872905829
0.39303350483
0.392481220108
0.392717693181
0.395658889479
0.396864009797
0.399466356896
0.400642987453
0.400786163429
0.401685428782
0.402235058727
0.400304520196
0.400049911084
0.397623321039
0.394838176287
0.392854431418
0.388851719161
0.387994965852
0.390269675879
0.390704566442
0.392336492567
0.394257214813
0.39610090914
0.398065805712
0.399256961837
0.399788034372
0.399959760979
0.399114285103
0.39687266991
0.391528698966
0.387157629913
0.385798288474
0.383236638699
0.382164935099
0.381178815999
0.382910352928
0.385907123575
0.387367336158
0.390853915678
0.393470540737
0.393535037951
0.394540525022
0.393236649258
0.391425439926
0.388246445203
0.384279549847
0.380307312837
0.375128755675
0.371076710791
0.370393750593
0.371887120237
0.374913812558
0.378061428067
0.380257986453
0.382727193043
0.38352210564
0.385559626255
0.385081325053
0.383705059235
0.381417039141
0.37916136092
0.372714222988
0.365079829531
0.361127710768
0.360762646579
0.361114820836
0.360984102739
0.36398760094
0.367498078099
0.369173420249
0.371672856291
0.374095031596
0.37422204767
0.374650401062
0.371812858817
0.368254348326
0.36133391033
0.356666706188
0.354001707342
0.349419383872
0.347261120249
0.34709225979
0.348397026407
0.352270755548
0.355524846571
0.358940839517
0.360819202114
0.360954679495
0.362178930412
0.36042558005
0.357342318075
0.352495424726
0.349236025467
0.345538880326
0.338616593224
0.333677483093
0.334264878868
0.336654772067
0.338144489665
0.341088967462
0.344641087185
0.345344500894
0.347360377449
0.347676682248
0.348008344728
0.346166120092
0.343429485061
0.3394917043
0.331584521735
0.326293019219
0.324497296877
0.323007379361
0.324159666521
0.325251622232
0.32654289216
0.329582486263
0.331075815493
0.335084178156
0.335480181458
0.335533117446
0.334798342253
0.332390459388
0.328899158441
0.323239344477
0.318571384241
0.317634476924
0.314178679182
0.311639508727
0.312493271199
0.315633637695
0.317916360055
0.319870468959
0.322405725466
0.32276115005
0.323473756327
0.322301650753
0.321240741811
0.317765068141
0.315407552652
0.312748133546
0.308222693857
0.304873074042
0.303303639781
0.303078658008
0.306450380163
0.308019191769
0.310363635991
0.31160783253
0.311726653069
0.313867290995
0.313012924028
0.312562672391
0.31084121867
0.308313947195
0.306232303752
0.301727966111
0.29845735743
0.298238826401
0.299027591542
0.298967983054
0.299647879065
0.302059533681
0.303218427377
0.304406831784
0.305181795738
0.305707549483
0.305137054569
0.304170886641
0.30215500534
0.299415758605
0.29718750414
0.295649022158
0.293725130251
0.294874598735
0.29395667282
0.294341399948
0.296472720782
0.297721788185
0.300124498811
0.300264842387
0.300292721886
0.300272887283
0.299545421953
0.298083440374
0.296704973288
0.294833594868
0.294175777416
0.292546054138
0.290825315007
0.290800269516
0.293150290803
0.294586798644
0.294800657679
0.295926489839
0.296911827245
0.297198264715
0.297021480471
0.296924276193
0.296304771288
0.295950255516
0.294181039776
0.29196562031
0.291971468355
0.290762291562
0.290124217745
0.291950158173
0.292653630174
0.293714667883
0.294576307478
0.295180401954
0.296402042179
0.297033894124
0.296538845728
0.296190318433
0.295634489894
0.294827673784
0.293722310614
0.292647946923
0.291760924189
0.29295458107
0.292150951751
0.291960002402
0.292837547974
0.295708503573
0.295952511541
0.296370188158
0.29739368892
0.297575775283
0.298015913696
0.297072558649
0.296446212068
0.296627749834
0.295794189847
0.293494895726
0.293658010163
0.292896102505
0.293508251713
0.294028657109
0.295498272408
0.296589540329
0.298606558092
0.29902168885
0.299141719146
0.300526634696
0.30015853899
0.300141673807
0.299448685218
0.298045314953
0.298169807355
0.296255850012
0.295773632129
0.295358181219
0.297159188687
0.296488135963
0.296615564549
0.299821652276
0.301423357243
0.302635655523
0.302960730414
0.303701391935
0.304187537682
0.303838672089
0.30178152152
0.301677437674
0.300696872115
0.299737879573
0.297382909885
0.297256155528
0.297550007107
0.300833667284
0.301583566924
0.302815831316
0.305582842548
0.306638636119
0.307072806772
0.307554970315
0.30772417763
0.308178370101
0.306717845369
0.304724642832
0.302564447366
0.30114606184
0.300196383056
0.298710924939
0.302504168629
0.303587990662
0.304392512871
0.306499990194
0.309596843308
0.311743776449
0.312477197735
0.312488490577
0.312426346446
0.312307602293
0.30950535607
0.306694979748
0.304707958798
0.304287419924
0.304116328434
0.302330869406
0.303297610414
0.30739548293
0.311170355602
0.312482650381
0.314813119745
0.316883497018
0.31740454051
0.316660148332
0.315521727866
0.314574640627
0.312967308525
0.31117128798
0.306490917723
0.305884281987
0.304437288507
0.30410219369
0.307950693372
0.313117434174
0.315734865335
0.317314071135
0.319726380521
0.321061825836
0.322814551529
0.321216674572
0.320362437396
0.318301438522
0.316352403247
0.311834873655
0.30783089661
0.30718808232
0.310298533098
0.311512120682
0.312827081291
0.315869177989
0.321631719184
0.323834552212
0.32485939249
0.326921179251
0.326861832516
0.325958887406
0.323131159613
0.31934302789
0.316544525037
0.314483636683
0.310785797425
0.310966486056
0.312154627175
0.313198282781
0.316308733394
0.32318555988
0.327149797076
0.330416310734
0.330818300027
0.330414503348
0.330751723647
0.328506418887
0.326115509378
0.322195186337
0.319678154043
0.31720891492
0.312201297693
0.312454035436
0.315168527201
0.323010543033
0.325690122389
0.327338511796
0.332544903151
0.334166300845
0.3345402991
0.33448096081
0.333879528395
0.332236871881
0.329186985747
0.323233446635
0.319253108462
0.316784770933
0.315869540185
0.317018235151
0.322675568753
0.32529015974
0.329827044898
0.333549035712
0.336494401131
0.339653854605
0.338930417307
0.338317308469
0.335422430214
0.333153848177
0.329500793109
0.324139512698
0.322252224965
0.320495844576
0.321216688038
0.321518228802
0.322800796557
0.332251423547
0.336922737235
0.338320383179
0.341315439378
0.341730721082
0.341772606843
0.339481835041
0.337264647245
0.334272869069
0.331556694752
0.326957934559
0.322980943246
0.321599152079
0.322106768234
0.325790910779
0.331441582144
0.335767046712
0.340234892191
0.342515803101
0.342982531419
0.343600912281
0.342837464476
0.341857578778
0.338012420277
0.334685157475
0.329844493431
0.325728855061
0.324518328296
0.323605937803
0.329507908057
0.331801186355
0.332212959518
0.338430297819
0.342540106127
0.344652180104
0.345206796627
0.345229117534
0.343908112916
0.341430365203
0.337272290659
0.33363984228
0.330365052979
0.328563892925
0.326808482139
0.327049156026
0.328336655908
0.333552980298
0.33808899285
0.341297483275
0.343900911554
0.344777329163
0.344864213277
0.342911940559
0.34192544177
0.339464227319
0.336723189804
0.33391143448
0.329588125023
0.32776879881
0.326763071743
0.326114063967
0.332616582681
0.337053473407
0.33820794591
0.340688713831
0.34253212355
0.343992797098
0.343594719335
0.342358410002
0.340797043851
0.338642782472
0.334884211565
0.331603825196
0.328017754671
0.327404921443
0.328997447677
0.329496112276
0.331621469734
0.334567015134
0.338601384607
0.34041884208
0.340877114908
0.341637964811
0.340824451504
0.338962268124
0.337057358036
0.333822251699
0.331752470445
0.329777034013
0.327109618169
0.327364588762
0.327428360736
0.32686129245
0.330795844339
0.334678073832
0.336956691224
0.337869281811
0.337557747072
0.337795853306
0.337383627455
0.33517797938
0.334055508512
0.331357385865
0.329410782167
0.327375652875
0.324109755277
0.323985893205
0.325930374521
0.328336448347
0.329982255173
0.330695589231
0.332987276658
0.33385124557
0.333286349653
0.333896965002
0.332332641796
0.331645448039
0.329583615413
0.32708706929
0.324755587082
0.323494375178
0.321781764576
0.323152378016
0.324077690021
0.324318208008
0.325952511369
0.327476833888
0.329393353864
0.33030386844
0.329310281616
0.329015564929
0.328186127718
0.3263225921
0.325359636815
0.322803315082
0.321678740746
0.320777590876
0.318844295434
0.318972969477
0.319507135222
0.322572380053
0.324003853014
0.323665208467
0.325371455637
0.324837195853
0.324654778472
0.324358274703
0.323515599775
0.322410276121
0.321249003202
0.318914145977
0.317481549306
0.316449483468
0.315459228131
0.316563631445
0.317920346362
0.318722985198
0.320050608134
0.319863532344
0.320868246639
0.321611288425
0.320675616817
0.320459742048
0.319037884086
0.318115118567
0.316832192101
0.314726804307
0.314065116096
0.313318661598
0.313783176888
0.313888352426
0.313305315093
0.31627232354
0.317465079641
0.317282978005
0.318155304638
0.317856062758
0.317486740081
0.316976946202
0.315881883722
0.314664055067
0.314105073749
0.312145770695
0.311194516518
0.310771192664
0.310363704906
0.311716170835
0.31241075338
0.313977782923
0.315175600734
0.315582991677
0.315467502395
0.315261698344
0.315236389431
0.314595792636
0.313431184008
0.312415848149
0.310719014687
0.309644183581
0.309041561262
0.308119925502
0.31049134167
0.311439649376
0.310817078501
0.31267056919
0.314528097082
0.314655712339
0.314882685877
0.314939972691
0.313960175945
0.314013635555
0.31188783561
0.310751567671
0.309901293471
0.308865717547
0.308310267096
0.308363095279
0.30884999617
0.310778127559
0.312682307142
0.313588889875
0.314322346496
0.31545035294
0.31491220487
0.314043301715
0.313957386011
0.312858472588
0.312251845106
0.311002144921
0.309060582232
0.308927114186
0.308604309628
0.307727036544
0.310124231814
0.31372983117
0.313689266302
0.314231928955
0.316347751416
0.316214269073
0.317026633844
0.315895317528
0.315186640572
0.314878219861
0.31301368367
0.311191112107
0.310150410798
0.30954943599
0.310751922986
0.311188610428
0.312499197255
0.313446335515
0.3175236083
0.317972045069
0.317994299632
0.319260594179
0.318702779478
0.318005462451
0.316724539271
0.315302054301
0.314667774138
0.313743550574
0.31173175437
0.311825300345
0.313189051046
0.312697092001
0.3136695072
0.318993852962
0.31993944517
0.321107165605
0.32138316754
0.321193269906
0.322069432971
0.32046842749
0.319679079687
0.318382891441
0.317170191836
0.315918654889
0.314085615242
0.31419072057
0.314990683055
0.319042534383
0.319681066483
0.320122967939
0.323377069369
0.324764131453
0.324453008342
0.324677452349
0.324379404788
0.323943007958
0.322497736904
0.320390805103
0.319114047159
0.318653514971
0.317261082676
0.316719497032
0.320187374118
0.320288633492
0.321360512095
0.324389133317
0.326597789084
0.328266252226
0.328200277385
0.327577863889
0.327149851522
0.326226588074
0.324800725561
0.323367755073
0.322089308353
0.321280526876
0.320868059476
0.320362209775
0.320501536449
0.325138885402
0.327452098406
0.327618616549
0.329014883256
0.330664462996
0.330604716989
0.330028840546
0.329730377544
0.328813930139
0.328161944058
0.325451604299
0.323642747315
0.323545497084
0.322738651756
0.322550159199
0.325369625819
0.326983577503
0.328720003327
0.330408857651
0.331483537862
0.332815139724
0.332923912537
0.332232441843
0.331165994872
0.33008059344
0.328788900567
0.327382894115
0.326073384694
0.324904175742
0.326219670859
0.32603941146
0.325842488512
0.328178101983
0.332164174006
0.332587115694
0.332986550411
0.33405201815
0.333815477866
0.333816276536
0.332149284386
0.331287463086
0.330755314906
0.328839993523
0.326944254381
0.326597385578
0.326033182807
0.327320404765
0.328291267754
0.330405803542
0.331710355525
0.333671187905
0.334026547619
0.334055110744
0.334471887896
0.33373306928
0.333141309136
0.331454646786
0.329817689749
0.328956009435
0.327678702606
0.326694548315
0.327478698105
0.329067363503
0.328701925939
0.32932196705
0.332503798434
0.333626598244
0.334371563038
0.33420538131
0.333893286757
0.334210036331
0.332218469066
0.331211703216
0.330131332471
0.328867266116
0.328191761494
0.326680060142
0.326770121925
0.327645517432
0.329833371466
0.330687328712
0.331515581952
0.332847130928
0.333259635634
0.33315739759
0.332803792714
0.332270666611
0.331955837609
0.33055863103
0.328865342274
0.32772961458
0.326943337744
0.325979392971
0.32585550778
0.328354839083
0.328545805165
0.328979014244
0.330212231274
0.331448184114
0.332792132891
0.33209552955
0.331897449333
0.331472238731
0.330285256384
0.32895848126
0.327576975069
0.326352809458
0.32648295526
0.325546800879
0.325095521841
0.325446548026
0.327550466565
0.329114478779
0.329364868377
0.330086421926
0.330585146675
0.330689271799
0.329822581429
0.329232469839
0.328522827736
0.327896997265
0.326164516662
0.324613235895
0.324451473665
0.323521448919
0.323376542153
0.325065170136
0.326322591793
0.327373071019
0.327665560724
0.32827026421
0.329274974849
0.329007554363
0.328556531869
0.327775331804
0.32668634691
0.325959998762
0.324070025685
0.322901862999
0.322506764451
0.323154150655
0.32314350346
0.323054962473
0.324022950749
0.326404689181
0.326809511353
0.32691069334
0.32745273847
0.327269683918
0.327099054683
0.325744777178
0.324673704238
0.324152336904
0.322851805244
0.321348839321
0.321236596914
0.32073806159
0.321256069864
0.321826309953
0.323525288252
0.324797927977
0.325662639361
0.325900697994
0.325630352799
0.325813108091
0.325143370225
0.324516734722
0.323228095575
0.32223758265
0.320956721225
0.319696795887
0.319255031575
0.319566058108
0.321737960619
0.321407768879
0.321595335401
0.323675369344
0.324358764588
0.324751678664
0.32473471817
0.324417333434
0.324477704776
0.323037193064
0.321450037901
0.320566129661
0.319573273472
0.319005544289
0.31817433932
0.318779522481
0.319266608906
0.32096507903
0.321762069744
0.322591047534
0.323646347167
0.323676073098
0.323441405611
0.322944831712
0.322572201126
0.32176917781
0.320596351666
0.319420655766
0.318014117737
0.318001254172
0.317171921689
0.316801267916
0.32006781371
0.320472004797
0.320724490942
0.321748291823
0.322377918319
0.323332420464
0.32276141282
0.322343945353
0.321921265862
0.321119093181
0.319448340301
0.317826054039
0.317015786118
0.317065108692
0.317067473756
0.317273653464
0.317922774171
0.319675768537
0.321133244781
0.32112945776
0.32189136976
0.322227755679
0.322137109588
0.321238926645
0.320458124291
0.319157133057
0.318686258788
0.317479347189
0.315572960264
0.316826384529
0.315915349006
0.315685359347
0.317787271891
0.319458440706
0.320482721286
0.320681485524
0.321048588726
0.321624382454
0.32159225431
0.32069882606
0.319795892724
0.318892836649
0.318051063545
0.315921049384
0.314993218062
0.314767526718
0.316161870177
0.316905572038
0.317080580073
0.318063559247
0.319905362947
0.320287478996
0.320335044875
0.320893200279
0.320502968389
0.320245795122
0.318890171878
0.316909259771
0.316580691571
0.315337053415
0.313832007032
0.314678291104
0.314888687398
0.315167882857
0.315921339855
0.317869875771
0.319365665339
0.320171505546
0.320199999221
0.319852103635
0.319987031502
0.318954552145
0.317718329358
0.316483608607
0.315571941877
0.314500902814
0.312935651209
0.312855171059
0.31342914451
0.316254884503
0.316442535167
0.316844463767
0.318540634264
0.319060252821
0.319223020098
0.319191575971
0.318588575846
0.318489386544
0.317064869518
0.314661059588
0.313684930225
0.312606875391
0.312110069997
0.311987066742
0.313548340095
0.314279580013
0.315586291219
0.316534452926
0.317651115055
0.318925877906
0.318658667407
0.318324577055
0.31748624703
0.316794486281
0.315298026319
0.313505693213
0.312641593861
0.311465908487
0.311764684664
0.31118052592
0.311198301434
0.314450190318
0.315797641613
0.316164348219
0.317243934927
0.317510325348
0.318050273904
0.317235355521
0.316253006652
0.315488106252
0.314442029975
0.3125777733
0.310634412999
0.309983139156
0.309972402784
0.310622373049
0.311875036642
0.31344648657
0.315145191183
0.316246721874
