0.0
0.0137558333485
0.0274518367936
0.0410335241137
0.0544482972512
0.0676475804418
0.0805873512813
0.0932287815558
0.105538758532
0.117490388283
0.129063308228
0.140243913351
0.151025473931
0.161408036979
0.171398295139
0.181009152462
0.190259288199
0.1991724267
0.207776579659
0.216103057364
0.224185442727
0.232058456817
0.239756788725
0.247313921376
0.254761000224
0.262125783596
0.26943175436
0.276697325906
0.283935337561
0.29115267292
0.298350161981
0.305522647471
0.312659262615
0.319743902778
0.326755769768
0.333670114334
0.340458950231
0.347091878349
0.353536890685
0.359761141143
0.365731715022
0.371416293162
0.37678380213
0.381804949224
0.386452694932
0.390702655605
0.394533401458
0.397926721558
0.400867761425
0.403345162846
0.405351092121
0.406881233198
0.407934727974
0.408514091849
0.408625072978
0.40827647864
0.407480010168
0.406250044212
0.40460338004
0.402559055196
0.400138058994
0.397363104906
0.394258367906
0.390849241247
0.387162093019
0.383224024534
0.379062643254
0.374705825336
0.370181508544
0.365517501824
0.360741277453
0.355879807208
0.350959396251
0.346005513512
0.341042686016
0.336094349514
0.33118274862
0.326328851477
0.321552255472
0.316871125484
0.312302155178
0.307860535668
0.303559911911
0.299412408563
0.295428628939
0.291617690507
0.287987264408
0.284543641312
0.281291800897
0.278235499437
0.275377370078
0.272719028462
0.270261200839
0.268003843065
0.265946275248
0.264087313799
0.262425401746
0.260958765911
0.259685516913
0.258603797905
0.257711904633
0.257008374467
0.256492114257
0.256162478551
0.256019339569
0.25606316233
0.256295043021
0.2567167472
0.257330720292
0.258140099576
0.259148691493
0.260360916637
0.261781787751
0.263416832311
0.26527199639
0.267353530577
0.269667921949
0.272221716729
0.275021375575
0.278073155011
0.281382929398
0.284956026437
0.288797027773
0.292909671614
0.297296640858
0.301959385496
0.306898026345
0.312111191699
0.317595884797
0.323347373654
0.329359097949
0.335622611089
0.342127468402
0.348861231049
0.355809404529
0.362955432882
0.370280703856
0.377764568434
0.385384378132
0.393115500563
0.400931437225
0.408803841344
0.416702639372
0.424596133569
0.432451088738
0.440232896685
0.447905675733
0.455432468961
0.462775366498
0.469895709836
0.47675425757
0.483311413371
0.489527416939
0.495362561803
0.500777428988
0.505733142531
0.510191568929
0.514115603195
0.517469436192
0.520218759682
0.522331053367
0.523775857386
0.524524970042
0.524552779196
0.523836439748
0.522356130648
0.52009530603
0.517040881435
0.513183486889
0.50851761805
0.503041888272
0.496759165721
0.489676767779
0.481806640461
0.473165527069
0.463775134936
0.453662326957
0.442859319256
0.431403928112
0.41933975039
0.406716577681
0.393590711652
0.380025358197
0.366091277539
0.351867397281
0.337441542799
0.322911493015
0.308385934464
0.293985667316
0.279844763585
0.266111536108
0.25294897854
0.240534233044
0.229056404649
0.218711512601
0.209694068346
0.202184615507
0.196333329559
0.192242371552
0.189950215464
0.18942233046
0.190551558925
0.19316832501
0.197057884989
0.201980199027
0.207688152652
0.213941715952
0.220517267279
0.227212706152
0.233849487768
0.240272634847
0.246349694972
0.25196922784
0.25703923043
0.261485676683
0.265251298577
0.268294634887
0.270589340645
0.272123731974
0.272900572947
0.272937002075
0.272264666698
0.270929939546
0.26899423261
0.266534321193
0.263642616484
0.26042728145
0.257011976762
0.253535144195
0.250148478145
0.247014331097
0.244301799601
0.242181321892
0.240817765298
0.240362354821
0.240944192952
0.242662351771
0.245579709883
0.249719590221
0.255065691102
0.261565166707
0.269134262562
0.277665319153
0.287034243512
0.297107411314
0.307747614953
0.31881871175
0.330189065994
0.341733894739
0.353336757734
0.364890390377
0.376297039859
0.387468522553
0.398326048831
0.408799906131
0.418829106654
0.428360939398
0.437350563746
0.445760549433
0.453560451408
0.460726354345
0.46724046391
0.473090708415
0.478270292123
0.48277732667
0.486614436532
0.489788373745
0.492309640129
0.494192156935
0.495452880813
0.496111452332
0.496189911791
0.495712350332
0.494704599808
0.493193966243
0.491208945691
0.488778939971
0.48593403898
0.482704773202
0.479121902146
0.475216208833
0.471018339608
0.466558595397
0.461866801096
0.456972186736
0.451903237162
0.446687578325
0.441351908892
0.435921894251
0.430422119916
0.424876008736
0.419305791288
0.41373246609
0.408175774327
0.40265418429
0.397184869901
0.391783735834
0.386465414301
0.381243244969
0.376129357969
0.371134647938
0.366268823976
0.361540438213
0.356956935837
0.352524680371
0.348249001908
0.34413424366
0.340183827017
0.336400269393
0.332785252491
0.329339671651
0.326063679361
0.322956718109
0.320017599566
0.317244527217
0.314635145463
0.312186543719
0.30989535784
0.307757760312
0.305769470729
0.303925823911
0.302221787339
0.300651953116
0.299210546765
0.297891508566
0.296688444189
0.295594641394
0.294603092673
0.293706550042
0.292897475592
0.292168036268
0.291510273486
0.29091596874
0.290376730529
0.289884084344
0.289429503875
0.289004441851
0.288600387171
0.288209141464
0.287822680609
0.287433380111
0.28703428528
0.286619074958
0.286182362344
0.28571987962
0.285228684519
0.284707382571
0.284156421394
0.283578354141
0.282978039585
0.28236298606
0.2817436027
0.281133381762
0.280549152238
0.280011228743
0.279543460782
0.279173247648
0.278931422672
0.278851958672
0.278971496455
0.279328855213
0.279964140046
0.28091774364
0.282229249276
0.283936064005
0.28607203164
0.288665995424
0.291740417049
0.295310059631
0.299380890219
0.303949333192
0.309001669485
0.314513821209
0.320451513546
0.326770670394
0.333418076153
0.340332205019
0.347444297965
0.354679444959
0.361957768197
0.369195650244
0.37630693699
0.383204138734
0.389799624715
0.396006766691
0.401741129705
0.406921539861
0.411471247359
0.415319019718
0.418400249547
0.420658057845
0.422044395867
0.422521164641
0.422061327808
0.420650014535
0.418285637206
0.414980999037
0.410764382793
0.405680594824
0.399791960743
0.393179209034
0.385942176465
0.378200245807
0.370092383599
0.361776530436
0.35342811658
0.345237435321
0.337405404746
0.330137468059
0.323635512885
0.318087771039
0.313657328881
0.310470270392
0.308605018761
0.308084407251
0.308872064712
0.310873747985
0.313943350136
0.317892506566
0.32250220784
0.327534720038
0.332744603262
0.337888048461
0.342730211961
0.347050596587
0.350646937287
0.353337739585
0.354963851151
0.355389515969
0.354502991501
0.352216973665
0.348468949961
0.343221723338
0.336464074682
0.328211819169
0.318509425226
0.307432441825
0.295091087438
0.281635532467
0.267263514104
0.252231143788
0.23686786597
0.221595972567
0.206953367464
0.193613876129
0.182389777913
0.174188490385
0.169892129349
0.170162412799
0.175249904096
0.184930719874
0.198614540682
0.215538631545
0.234933543144
0.256113138338
0.278502164565
0.301630844781
0.325117880807
0.348652361737
0.371978450329
0.394883549562
0.417189570103
0.438746479044
0.459427648322
0.479126459247
0.49775374267
0.515235800573
0.531512962798
0.546538322504
0.560276657222
0.572703568463
0.583804724356
0.593575091874
0.602018136477
0.609145308234
0.614975378055
0.619533668119
0.622851575736
0.624965935417
0.625918366294
0.625754815902
0.624524895154
0.622281375817
0.619079677061
0.614977370201
0.610033710297
0.60430913834
0.597864939787
0.590762803467
0.583064409659
0.574831145819
0.566123790595
0.55700221029
0.547525081254
0.537749681658
0.527731683392
0.517524907534
0.507181243875
0.49675040838
0.48627989798
0.47581483593
0.465397873695
0.455069147358
0.444866133705
0.434823678684
0.424973889852
0.415346122783
0.405966944576
0.396860139952
0.38804668359
0.379544742224
0.371369720871
0.363534280891
0.356048379943
0.348919368054
0.342152061978
0.335748843054
0.329709793707
0.32403288122
0.318714088262
0.31374763027
0.309126162074
0.304841021589
0.300882455204
0.297239861112
0.293902074595
0.290857593439
0.288094831394
0.285602357721
0.283369152424
0.281384772272
0.279639561707
0.278124844689
0.276833034913
0.275757768356
0.274894000584
0.274238093625
0.273787798818
0.273542302655
0.273502229625
0.273669530308
0.274047446619
0.274640384095
0.27545379477
0.27649396927
0.277767868396
0.279282927548
0.281046764497
0.283066945402
0.285350719205
0.287904709838
0.290734639442
0.293845040815
0.297238963296
0.300917715204
0.30488060718
0.309124734114
0.313644741641
0.318432700893
0.32347792887
0.328766908708
0.33428319595
0.340007382138
0.345917083216
0.351986948977
0.358188720826
0.364491280402
0.370860709674
0.377260503568
0.383651584024
0.389992474371
0.396239538233
0.402347072603
0.408267551368
0.413951852225
0.419349527926
0.424408991238
0.429077853981
0.433303309573
0.437032344627
0.44021218767
0.442790713629
0.444716838439
0.445940957401
0.446415498151
0.446095530823
0.444939134578
0.442908175734
0.43996898349
0.436092970575
0.431257548435
0.425446922785
0.418653102369
0.410876930498
0.402129428891
0.392433206996
0.381824019553
0.370352949961
0.35808875412
0.345120772191
0.33156263405
0.317556605333
0.303278889108
0.288945822269
0.274820570059
0.261219460701
0.248516000939
0.23713899969
0.227559602551
0.22026125913
0.215689694984
0.214188336951
0.21593645853
0.220913855814
0.228907667018
0.239556940702
0.25241446589
0.267004144345
0.282861761584
0.299557723408
0.31670613836
0.333965613158
0.351035987238
0.367653641897
0.383586859538
0.398631681737
0.41260861019
0.425360080687
0.436748528831
0.446655002535
0.454978220633
0.461633919978
0.466554394311
0.469688249203
0.471000250093
0.470471267558
0.468098269257
0.463894383193
0.457889034362
0.450128143972
0.440674459388
0.429608012894
0.417026849193
0.403048074727
0.387809336533
0.371470959782
0.354218929394
0.3362690343
0.31787234527
0.299322420424
0.280964161191
0.263203545074
0.246516165306
0.23144970585
0.218611458333
0.208629005495
0.202075055805
0.199363557587
0.200651370729
0.205794892591
0.214388068248
0.225860191648
0.239584149412
0.254957154989
0.271443937907
0.288590756322
0.306022772668
0.323434329039
0.340577670735
0.357252533979
0.37329743045
0.388582670184
0.403004906534
0.416482899065
0.428954189394
0.440372459739
0.450705474473
0.459933373332
0.468047114375
0.475047386951
0.480943554881
0.485752586093
0.48949833054
0.492210705921
0.493925024688
0.494681259808
0.49452351008
0.493499383455
0.491659446155
0.48905677736
0.48574643692
0.481784984833
0.477230177326
0.472140510476
0.466574818131
0.460591928381
0.454250495094
0.447608569158
0.440723214169
0.433650489233
0.426445021861
0.419159803166
0.411845981248
0.404552624918
0.397326479744
0.39021177589
0.383250041463
0.376479826303
0.36993653691
0.363652313777
0.357655734571
0.35197172047
0.346621417694
0.341622054232
0.336986907151
0.332725291668
0.328842595415
0.325340312675
0.322216251169
0.319464724109
0.317076772562
0.315040453883
0.313341182042
0.311962122124
0.310884465053
0.310087869793
0.309550834885
0.30925099614
0.30916550013
0.309271280512
0.309545338152
0.309964928307
0.310507807185
0.311152365507
0.311877737639
0.312663911115
0.313491789447
0.314343242408
0.315201104296
0.316049202699
0.316872357018
0.317656336928
0.318387849928
0.319054518779
0.319644866929
0.320148251328
0.320554869894
0.320855719582
0.321042589208
0.321108014676
0.321045307536
0.320848551533
0.320512560458
0.320032954315
0.319406141394
0.318629367682
0.317700741062
0.31661930101
0.315385075459
0.313999116369
0.312463625304
0.310782019943
0.308959002722
0.307000708801
0.304914795583
0.302710526831
0.300398928215
0.29799287537
0.295507193066
0.292958749322
0.290366559
0.287751780056
0.285137731616
0.282549942305
0.280015911169
0.277565019186
0.275228311163
0.273038062988
0.271027359134
0.26922954707
0.267677564698
0.266403046654
0.265435551057
0.264801686161
0.264523997951
0.264620120889
0.265101933412
0.26597479112
0.267236941073
0.268879186901
0.270884694406
0.273229037523
0.275880602578
0.278801023819
0.281945753465
0.285264928914
0.288704258709
0.292205938528
0.29570938755
0.29915245445
0.302472258367
0.305605984291
0.308491925621
0.311070215931
0.313283668771
0.315078671079
0.316406081317
0.317221972139
0.317488367494
0.317174455685
0.316257319034
0.3147229553
0.312567448134
0.309798008399
0.306434234163
0.302509471226
0.298072119951
0.293187106118
0.287937309607
0.282424812596
0.276771961944
0.271121811487
0.265637681185
0.260501334756
0.25590922728
0.252066258764
0.249176806837
0.247433138764
0.247002096372
0.24801174158
0.250540149174
0.254608477319
0.260179634358
0.267162610209
0.275421202478
0.28478521188
0.29506200913
0.306047089868
0.317532664007
0.329314107528
0.341194473137
0.352987426334
0.364519020834
0.375628677875
0.386169651109
0.396009198871
0.405028579293
0.413122996585
0.420201455918
0.426186674444
0.431014974917
0.434636160704
0.437013456552
0.438123393284
0.437955716274
0.436513316624
0.433812138701
0.429881073949
0.424761930246
0.418509330328
0.411190744157
0.402886458793
0.393689681105
0.383706680022
0.373056929215
0.361873400182
0.350302784073
0.338505676855
0.326656569257
0.314943430994
0.303566595022
0.292736478237
0.282669737506
0.273583239407
0.265685567756
0.259166117937
0.254182525097
0.250848029354
0.249221078902
0.249299481307
0.251020762039
0.254268736027
0.258885057975
0.264683404145
0.271463174469
0.279021727189
0.287163837196
0.295707591708
0.304488218364
0.313359747046
0.322195066514
0.33088533623
0.339338769982
0.347479200717
0.355244574083
0.362585531829
0.369464019737
0.375851898296
0.381729956626
0.387086799223
0.391917816469
0.396224470102
0.400013434925
0.403295923483
0.406087045164
0.408405264861
0.410271815479
0.411710202477
0.41274584846
0.413405602153
0.413717370232
0.413709797867
0.413411937318
0.412852942448
0.4120617959
0.41106711027
0.409896858152
0.408578168105
0.407137186574
0.405598879955
0.403986909821
0.402323463731
0.400629265909
0.398923382533
0.397223155763
0.39554423689
0.393900463487
0.39230389259
0.390764765828
0.389291563677
0.387890986009
0.386567984079
0.385325879888
0.384166344913
0.383089492476
0.382093970277
0.381177064726
0.380334697465
0.379561587684
0.378851357156
0.378196561608
0.377588807384
0.377018853601
0.376476718615
0.37595170841
0.375432536127
0.374907434293
0.374364184963
0.373790214144
0.373172660482
0.372498515565
0.371754593752
0.370927679754
0.370004606216
0.368972325256
0.367817981883
0.366529012575
0.365093312496
0.363499241184
0.361735792386
0.359792792137
0.357660960967
0.355332109442
0.352799331762
0.35005725391
0.347102194413
0.343932487409
0.340548756573
0.336954191355
0.333154959848
0.329160595617
0.3249843679
0.320643776178
0.316161030554
0.311563571361
0.306884513336
0.302163215165
0.297445707917
0.292785062681
0.288241629082
0.283883067877
0.279784033531
0.276025593198
0.272694027669
0.269879118317
0.267671758103
0.266161118148
0.265431096413
0.265556540892
0.266599541433
0.268605926673
0.271602618011
0.275595915012
0.28057093042
0.286492254859
0.293305659672
0.300940505236
0.309312403031
0.318326278945
0.327879298329
