0.0
0.0127137109541
0.0254455036152
0.038220129683
0.0510556125319
0.0639637928081
0.0769495957971
0.0900106179317
0.103137036108
0.116311658805
0.129510320069
0.142702407308
0.155851523571
0.168916352801
0.181851489506
0.194608482733
0.207136727093
0.219384565243
0.231300185873
0.242832635708
0.253932724135
0.264553860671
0.274652885126
0.284190765912
0.293133270558
0.301451527568
0.309122511558
0.316129462701
0.322462182637
0.328117278223
0.333098302384
0.337415797682
0.341087284821
0.34413711337
0.346596283652
0.348502101777
0.349897835389
0.350832189634
0.351358736733
0.351535243081
0.351422875569
0.351085351463
0.350587968783
0.349996548723
0.349376358279
0.348790925322
0.348300918159
0.347962948496
0.347828521101
0.347943034134
0.348344973434
0.349065248836
0.350126798892
0.35154442782
0.353324872187
0.355467149816
0.357963092804
0.360798093056
0.363951950354
0.367399843406
0.371113330585
0.375061329074
0.379211068235
0.383528960596
0.387981385536
0.392535385383
0.397159190332
0.401822706327
0.406497865399
0.411158866867
0.415782361107
0.420347538705
0.424836174026
0.429232604662
0.433523666715
0.437698597649
0.441748940739
0.445668365267
0.449452538712
0.453098982702
0.456606850765
0.459976827506
0.463210908895
0.466312256366
0.469285052088
0.472134315555
0.474865788639
0.477485768689
0.480000976643
0.482418467152
0.484745467817
0.486989309819
0.489157292905
0.491256624126
0.493294308148
0.495277088306
0.497211374226
0.499103151353
0.500957958586
0.502780820338
0.504576188826
0.50634791152
0.508099192572
0.509832575564
0.511549878687
0.513252194426
0.51493987779
0.516612492003
0.518268836469
0.519906896829
0.521523883016
0.523116157876
0.524679306874
0.526208095967
0.527696491099
0.529137655674
0.530523982902
0.531847102551
0.533097876594
0.534266472078
0.535342368681
0.536314342941
0.537170590232
0.537898730421
0.538485831245
0.538918485809
0.539182905877
0.539264944244
0.539150130515
0.538823882417
0.538271450606
0.537478083088
0.536429107791
0.535110070795
0.533506773357
0.531605448658
0.529392900624
0.526856577853
0.523984741484
0.520766619344
0.517192540895
0.513254071661
0.508944184381
0.504257431542
0.499190060712
0.49374023303
0.487908164319
0.48169625816
0.475109306468
0.468154644758
0.460842310986
0.453185194492
0.445199185059
0.436903329973
0.42831992341
0.419474698539
0.410396888386
0.401119303558
0.391678390109
0.382114270576
0.372470707952
0.362794996967
0.353137847956
0.34355310187
0.334097300421
0.324829239428
0.315809212355
0.307098087459
0.298756175844
0.290841857363
0.28340993716
0.276509828154
0.270183609331
0.264464026342
0.259372612953
0.254918081904
0.251095130083
0.247883840703
0.245249709722
0.243144448502
0.241507303282
0.240266993103
0.239344052125
0.238653191421
0.238105862338
0.237612666901
0.23708544208
0.236439238273
0.23559399029
0.234475898697
0.233018679319
0.231164702554
0.228866059219
0.226085491772
0.222797741974
0.218990782896
0.214667324846
0.20984694387
0.204568372359
0.19889243395
0.192905714745
0.186724678516
0.180500301654
0.174422567571
0.168723696832
0.163678193596
0.159596757409
0.156810835314
0.155645767896
0.156384435158
0.159229208422
0.164274157339
0.171497424163
0.180775376395
0.191911049466
0.204665911932
0.218786466553
0.234022444875
0.250137024346
0.266911224201
0.28414476245
0.30165512946
0.319275900559
0.336854948397
0.354252829322
0.371341444716
0.38800298978
0.404129214897
0.419620840693
0.434387213243
0.448346063542
0.461423365697
0.473553259776
0.484677999662
0.494747939616
0.503721515595
0.511565182218
0.518253394331
0.523768482447
0.528100566557
0.531247392524
0.533214131911
0.534013184002
0.533663905551
0.532192310682
0.529630782696
0.526017693675
0.52139708164
0.51581823454
0.509335326173
0.502006993612
0.493895975546
0.485068657556
0.475594735475
0.46554679169
0.454999951546
0.444031501224
0.432720566476
0.421147754936
0.409394839082
0.397544445749
0.385679701089
0.373883857999
0.36223992145
0.350830164323
0.339735586618
0.329035237641
0.318805436261
0.309118763117
0.300042965192
0.291639748981
0.28396324795
0.277058678671
0.270960939168
0.265693347081
0.26126674677
0.257679054024
0.254915321056
0.252948342901
0.251739897446
0.251242434173
0.251401014342
0.252155548393
0.253442902951
0.255198920545
0.25736018703
0.259865463031
0.262656789917
0.265680258091
0.268886522396
0.272231024847
0.275674044567
0.279180625632
0.282720348223
0.28626706412
0.289798589426
0.293296365979
0.29674511583
0.300132515565
0.303448883971
0.306686866167
0.309841181479
0.312908354843
0.315886497205
0.31877508332
0.321574798983
0.324287336604
0.326915283853
0.32946198541
0.331931424149
0.334328121054
0.336657067861
0.33892364261
0.341133538276
0.343292722506
0.345407374734
0.347483855109
0.34952866974
0.351548428249
0.353549820537
0.355539581919
0.357524485088
0.35951129329
0.361506737166
0.363517505441
0.365550180119
0.367611224606
0.369706939988
0.37184341422
0.374026474466
0.376261622706
0.378553989092
0.380908254168
0.383328535412
0.385818350447
0.388380506079
0.391016990495
0.39372882965
0.396516073934
0.399377570338
0.402310889218
0.40531220262
0.408376155669
0.411495753139
0.414662206308
0.417864874897
0.421091109883
0.424326188592
0.427553276145
0.430753286523
0.433904868595
0.436984406971
0.439966044975
0.442821625014
0.44552079351
0.448031120319
0.450318140893
0.452345547052
0.454075352533
0.455468119451
0.456483144479
0.457078808789
0.457212890958
0.456842857966
0.45592630279
0.454421349707
0.45228711074
0.449484138286
0.445975009577
0.441724849597
0.436701886062
0.430878132581
0.424230044196
0.416739135962
0.408392823447
0.399185189249
0.389117818051
0.378200786281
0.366453716076
0.353906966853
0.340603101357
0.326598539978
0.311965679056
0.296795498045
0.281200879869
0.265320881842
0.249326187856
0.233425937323
0.21787595667
0.202987614524
0.189135228724
0.17675721698
0.166342343012
0.158389605606
0.15333459672
0.151453199792
0.152779859724
0.157086285556
0.163935056109
0.172776327882
0.183040139314
0.194196914275
0.205784791362
0.217414849011
0.22876564687
0.239574323839
0.249627909215
0.25875630492
0.266827102399
0.273742099826
0.279435288903
0.283872019459
0.287049040336
0.288995310156
0.289773426813
0.289481504094
0.288255240846
0.286269986941
0.283742313111
0.280930292529
0.278131616171
0.275678130731
0.273925478331
0.273236759898
0.273960301743
0.276403204216
0.280804739971
0.287314855315
0.295982440874
0.306755876941
0.31949476352
0.333988915624
0.349979908796
0.367181366401
0.38529555638
0.404025726763
0.423084466521
0.442198950039
0.461113920136
0.479593170661
0.497420174289
0.514398102684
0.530349623222
0.545116528681
0.558559335482
0.570556807739
0.581005551818
0.589819524769
0.596929596461
0.602283038162
0.605843020724
0.607588085714
0.607511528336
0.605620830893
0.601936996195
0.596493877221
0.589337526279
0.580525457364
0.570126002297
0.558217627176
0.544888322013
0.530235026542
0.51436316138
0.497386275874
0.479425854097
0.460611328033
0.441080361082
0.420979425232
0.400464804353
0.379704243184
0.358878992942
0.338186670674
0.317844813255
0.298095286731
0.279208436644
0.261486623776
0.245265489523
0.230908584927
0.218792286704
0.209276452085
0.202660136968
0.199130397466
0.198720287043
0.201294602385
0.206571663103
0.214172544523
0.223677987341
0.234675420902
0.24678914143
0.259694161141
0.273118706494
0.286840532537
0.300680608051
0.314496223559
0.328174568327
0.341627234865
0.354785632019
0.367597260341
0.380022761492
0.392033479504
0.403609527443
0.414738226851
0.425412853318
0.435631577242
0.445396570443
0.454713349904
0.463590083276
0.4720371296
0.480066570825
0.487691840117
0.4949273912
0.501788384505
0.508290502328
0.514449643285
0.520281804167
0.5258028625
0.531028461156
0.53597386966
0.540653854501
0.545082597148
0.549273600008
0.553239599262
0.556992537013
0.560543459011
0.563902487351
0.567078765111
0.570080441203
0.572914619537
0.57558733658
0.578103553
0.580467121483
0.582680763605
0.584746087395
0.586663570216
0.588432536508
0.590051177065
0.591516548581
0.592824572779
0.593970029598
0.594946608042
0.595746879926
0.596362346586
0.596783431187
0.59699954693
0.596999091545
0.596769484515
0.59629724033
0.595567992847
0.594566546636
0.593276950707
0.591682572399
0.589766155154
0.587509934245
0.584895742975
0.581905061274
0.578519203277
0.574719454801
0.570487174316
0.565804003028
0.560652024628
0.555013998627
0.548873516828
0.54221531789
0.535025538859
0.527291968914
0.519004394253
0.510154993213
0.500738712687
0.490753609363
0.480201513529
0.469088487812
0.457425410618
0.445228774917
0.432521458955
0.419333684346
0.405704052298
0.391680969713
0.377324077247
0.362705936333
0.347914317098
0.333054467555
0.318251851499
0.303655137966
0.2894391461
0.275807179014
0.262991987366
0.251254515361
0.240877438798
0.232152422037
0.225359583489
0.220739197428
0.218460322383
0.218593623543
0.221096823503
0.22581785107
0.232514655969
0.240884742762
0.250595178984
0.261307874955
0.27269694318
0.284458469253
0.296314922748
0.308015865064
0.319336710862
0.330076756197
0.340056944589
0.349117916121
0.357118350998
0.363933694018
0.369455311056
0.37358993
0.376259376728
0.377400605047
0.376965931185
0.374923497363
0.371257916459
0.365971255166
0.359084219629
0.35063777388
0.340695285034
0.329345359868
0.316705700865
0.302928356177
0.288206909136
0.27278623491
0.256975609409
0.241165454567
0.225846908405
0.211630298472
0.199251937388
0.189548956404
0.183375759209
0.181451272648
0.184177898309
0.191528425213
0.203076095555
0.218141847587
0.23596295888
0.255811244888
0.277047921807
0.29913517343
0.321627109879
0.344154350186
0.36640893542
0.38813188019
0.409103599263
0.42913681037
0.448071408109
0.465770742066
0.482118943558
0.49701889367
0.510390779251
0.52217096407
0.532311017704
0.540776985381
0.547548679851
0.552619053956
0.555993598341
0.557689717125
0.557736142751
0.556172309082
0.553047759934
0.548421501662
0.54236136981
0.534943437802
0.526251397881
0.516375977365
0.505414387538
0.493469834872
0.480651021091
0.467071793084
0.452850806657
0.438111257879
0.422980721964
0.40759105411
0.392078357735
0.37658287877
0.361248931776
0.346224866001
0.331662392713
0.317715722328
0.304540143309
0.292289440719
0.281112278627
0.271147280248
0.262516992085
0.25532081803
0.249627982226
0.245471584849
0.242844743037
0.241700236014
0.241953678863
0.243489696691
0.24617053032
0.24984532169
0.254358915397
0.259558738062
0.265300582304
0.271452285415
0.277895239077
0.284525401718
0.2912530287
0.298001842299
0.304708015545
0.311318935341
0.317791928132
0.324093006025
0.330195848159
0.336080716008
0.341733437666
0.347144770263
0.352309581877
0.35722620225
0.361895947624
0.36632257574
0.370511910465
0.374471436636
0.37821005065
0.381737732571
0.38506530273
0.388204252687
0.391166548167
0.393964472559
0.396610467694
0.39911708457
0.401496826607
0.40376204803
0.405924955184
0.407997486079
0.409991257346
0.411917533547
0.413787204819
0.415610712522
0.417398035389
0.419158691871
0.420901685816
0.422635469305
0.424367980224
0.426106586042
0.427858062422
0.42962859533
0.43142377586
0.433248536954
0.435107183806
0.437003360507
0.438940019138
0.440919410643
0.442943065253
0.445011786961
0.447125587708
0.449283689414
0.451484546102
0.453725730993
0.456003975323
0.458315124337
0.460654151039
0.463015059066
0.465390918988
0.467773877276
0.470155045659
0.472524567843
0.47487159902
0.477184297199
0.479449757236
0.481654098404
0.483782503944
0.485819098196
0.487747098327
0.489548825863
0.491205683416
0.492698288028
0.494006506631
0.495109532626
0.495985906581
0.496613786878
0.496970945887
0.497034862226
0.496783018775
0.496192967205
0.495242536942
0.4939100464
0.492174589129
0.490016238302
0.487416237088
0.484357521605
0.480824866883
0.476805272088
0.472288407146
0.467266973162
0.461737157583
0.455699121505
0.449157543523
0.442122072789
0.434607961795
0.426636766815
0.418236891406
0.409444275734
0.400303142262
0.390866783752
0.381198145029
0.371370476386
0.361467984643
0.351586032516
0.341831304407
0.332321379373
0.323183538298
0.314552850553
0.306569166262
0.299372898933
0.293099082119
0.287870698513
0.283791039649
0.280935935354
0.279347219115
0.279027982757
0.279940634695
0.28200826778
0.285118746747
0.289131096685
0.293883100007
0.299199050797
0.304896952521
0.310794687381
0.316714878727
0.322488593381
0.327957991981
0.332978128052
0.337418161004
0.341162179288
0.344109751879
0.346176313802
0.347293564357
0.34740982121
0.346490479981
0.344518511588
0.34149514607
0.337440670111
0.332395427033
0.326421030254
0.319601795506
0.312046448495
0.303890011153
0.295295796916
0.286457306029
0.277599523382
0.268979036412
0.260881754151
0.253616904118
0.247505826857
0.242864362445
0.239979255153
0.239081235927
0.240319893277
0.243746673948
0.249310985284
0.256870235507
0.266210321776
0.277070712256
0.289168432653
0.302217356047
0.315941749949
0.330084472
0.344411079253
0.358711243294
0.372798491101
0.386509078639
0.399700468604
0.412249748504
0.424052083207
0.435019308631
0.445078626777
0.454171516266
0.462252667535
0.469289095511
0.475259237688
0.480152234371
0.483967128446
0.486712187653
0.488404199906
0.489067789269
0.488734797182
0.487443638535
0.485238661445
0.482169448699
0.478290365697
0.473659885265
0.468339905145
0.462395371684
0.455893604127
0.448903740892
0.441496283863
0.433742530831
0.425714084741
0.41748235151
0.409118061286
0.400690728551
0.392268153092
0.38391605657
0.375697376433
0.367671845935
0.359895539703
0.352420231262
0.345292964686
0.338555570105
0.332244197596
0.326388919776
0.32101348909
0.316135196603
0.311764632007
0.307905927466
0.304556956092
0.301709650641
0.299350559487
0.297461495631
0.296020245364
0.295001303717
0.294376747385
0.294117021528
0.294191641934
0.294569927481
0.295221642974
0.296117514783
0.297229533571
0.298531460004
0.299999039456
0.301610070657
0.303344594744
0.305184912975
0.307115571306
0.309123281255
0.311196903863
0.31332732749
0.315507267813
0.31773129559
0.319995600911
0.322297851039
0.324637087063
0.327013625222
0.329428879851
0.331885175788
0.334385783588
0.336934675252
0.339536400266
0.342196042104
0.344919089073
0.347711288556
0.350578501654
0.353526751457
0.356561958844
0.359689834406
0.36291591883
0.366245337524
0.369682715817
0.373232083204
0.376896840909
0.380679523865
0.384581721255
0.388604121918
0.392746223832
0.397006300752
0.401381366698
0.405867059265
0.410457506236
0.415145247731
0.419921337339
0.424775055771
0.429694003259
0.434664048987
0.439669253261
0.44469187509
0.449712397477
0.454709565401
0.459660271947
0.46453971604
0.469321553605
0.473977697962
0.478478638949
0.48279347906
0.48689003567
0.490734990684
0.494294082105
0.497532316036
0.500414039813
0.502903307834
0.504964119221
0.506560592891
0.507657352561
0.508219827616
0.50821460346
0.507609763631
0.506375366293
0.504483794383
0.501910240612
0.498633265947
0.494635268036
0.489903008663
0.484428293065
0.478208636873
0.471247950623
0.46355717124
