0.0
0.0146730298107
0.0249342161581
0.0351122086953
0.045367886575
0.0557003226759
0.0660681943126
0.0764147477173
0.0866758747253
0.0967836046134
0.106668220763
0.116259589026
0.125488364082
0.134286912508
0.142590204703
0.150336637857
0.157468721485
0.163933853909
0.169684903191
0.174680782442
0.178887050749
0.182276342941
0.184828888148
0.186532918959
0.187385079137
0.187390869806
0.18656503553
0.18493209562
0.18252683733
0.179395016534
0.175594148429
0.171194537789
0.166280536229
0.160952087809
0.155326519698
0.149540527467
0.143751988794
0.138141142701
0.13291006396
0.128279017257
0.124477935752
0.121731474829
0.120238127509
0.120146333723
0.121534250369
0.124399923562
0.128665778493
0.134195206896
0.140815052458
0.148337116471
0.156574762435
0.16535329071
0.17451521624
0.183921967162
0.193453476522
0.203006738301
0.212493979828
0.221840814929
0.230984557866
0.239872708344
0.248461686057
0.256715742914
0.264606032102
0.272109835332
0.279209866209
0.285893704611
0.292153246253
0.297984262778
0.303385978631
0.30836068107
0.312913381878
0.317051473303
0.320784449326
0.324123589992
0.327081742147
0.329673025095
0.331912618581
0.33381655943
0.335401521476
0.336684617751
0.337683249459
0.338414922688
0.33889712215
0.339147150105
0.339182023255
0.339018337763
0.338672186
0.338159072999
0.33749381957
0.336690504541
0.335762404939
0.334721960054
0.333580700405
0.332349247516
0.331037280904
0.329653529461
0.328205733962
0.326700691876
0.325144233308
0.323541237749
0.321895635866
0.320210478806
0.318487902208
0.316729186085
0.314934810574
0.313104456167
0.31123705065
0.309330833331
0.307383403816
0.305391730734
0.303352237165
0.30126089231
0.299113171852
0.296904197734
0.294628789455
0.292281514486
0.289856737783
0.287348734025
0.284751780668
0.282060133198
0.279268216526
0.276370706306
0.273362524771
0.270239028675
0.26699610181
0.263630254023
0.260138670688
0.256519436356
0.252771670956
0.248895516932
0.244892458098
0.240765387065
0.236518783911
0.232158893615
0.227693921625
0.22313421835
0.218492452124
0.213783890069
0.209026540328
0.204241362629
0.199452528213
0.194687540097
0.189977366479
0.185356564484
0.180863225535
0.176538857653
0.172428087536
0.168578167973
0.165038176339
0.161857984595
0.159086954595
0.156772254593
0.154957088796
0.153678796716
0.152967047478
0.15284235602
0.153315104189
0.154385185972
0.156042273611
0.158266849257
0.16103171573
0.164303789407
0.1680460995
0.17221969731
0.176785365214
0.181705049736
0.186942971818
0.192466398662
0.198246121468
0.204256633244
0.210476115855
0.216886188756
0.22347153634
0.230219376133
0.237118867873
0.24416041494
0.251334933702
0.258633140297
0.266044808686
0.273557961708
0.281158344526
0.288828779384
0.296548593523
0.304293314144
0.312034356411
0.319738867736
0.327369669731
0.334885402969
0.34224069562
0.349386519891
0.356270639888
0.362838127177
0.369031955553
0.37479371404
0.380064329965
0.384784805324
0.388897060655
0.392344727738
0.395073965292
0.397034284261
0.39817932982
0.398467685408
0.397863597937
0.396337734091
0.393867846118
0.390439469174
0.386046522295
0.380691954924
0.374388336577
0.367158461518
0.359035999442
0.350066125347
0.340306312996
0.329827148819
0.318713348247
0.307064962794
0.294998761151
0.282649901687
0.270173795
0.257748022633
0.245574018456
0.233877967089
0.222909885223
0.212939436188
0.204246670048
0.197106047783
0.191763287891
0.18840743092
0.187143925711
0.187976771867
0.190806317143
0.195443878264
0.201638106149
0.209104927717
0.217553866936
0.22670701794
0.236310318914
0.246138682147
0.2559969831
0.265718657071
0.275163213872
0.284213394984
0.292772361555
0.300761155201
0.308116487599
0.314788795996
0.320740615911
0.325945179935
0.330385214578
0.334051879682
0.336943861981
0.339066557671
0.340431344477
0.341054916509
0.34095870375
0.340168289714
0.338712934416
0.336625092673
0.333939990695
0.330695232497
0.326930415365
0.322686828189
0.318007122446
0.312935018915
0.307515105608
0.301792558681
0.295812956138
0.289622109384
0.283265836777
0.276789841985
0.270239589846
0.263660084006
0.257095753399
0.250590262598
0.24418636165
0.237925598469
0.231848123072
0.225992413239
0.22039484549
0.215089383516
0.210107145896
0.205475908169
0.201219610616
0.197357929037
0.193905848567
0.190873231675
0.188264609082
0.18607905286
0.184310174009
0.182946378816
0.18197121057
0.181363852232
0.18109973932
0.181151335712
0.181488818457
0.182080753993
0.18289490833
0.183898774463
0.185060116469
0.186347415738
0.187730223809
0.189179392792
0.19066721961
0.192167629637
0.193656137144
0.19510986179
0.196507545525
0.197829453487
0.199057307665
0.200174219407
0.201164634698
0.202014209467
0.202709769537
0.203239294271
0.203591802399
0.203757360676
0.203727095783
0.20349316081
0.203048789593
0.202388347411
0.201507429263
0.200402924868
0.199073194193
0.19751826619
0.195739987544
0.193742340694
0.191531760944
0.189117460094
0.186511896507
0.18373126589
0.180796088273
0.177731814824
0.174569593639
0.171347020623
0.168108903957
0.164908093915
0.161806090928
0.158873465788
0.15618994889
0.153843775971
0.151930299994
0.1505495146
0.149802486906
0.14978665048
0.150590413129
0.152287719138
0.154933218046
0.158559050337
0.163173616518
0.168762268986
0.175289947682
0.182704867576
0.190942703521
0.199930270589
0.209589021872
0.219837735385
0.230594280338
0.241777003787
0.253305507901
0.265101009002
0.277086609984
0.289187395853
0.30133046328
0.31344479188
0.325461363142
0.337313149617
0.348935181849
0.360264684668
0.371241220092
0.381806918889
0.391906656498
0.401488449484
0.410503636197
0.4189071747
0.426658085052
0.433719705135
0.440059949814
0.445651732802
0.450473152243
0.454507791602
0.457744916475
0.460179644081
0.461813049367
0.462652211108
0.462710188468
0.462005917758
0.460564029472
0.458414558812
0.455592598202
0.452137806677
0.448093862358
0.443507818551
0.438429360068
0.432909982219
0.427002124364
0.420758263959
0.41422996773
0.407466996236
0.400516391116
0.393421731429
0.386222415951
0.378953187255
0.371643784755
0.364318874404
0.356998191363
0.349696951938
0.342426520485
0.335195330496
0.328010005962
0.320876677027
0.313802369052
0.306796549246
0.299872579114
0.293049107417
0.286351339691
0.279812013252
0.273472024321
0.267380629276
0.261595083799
0.256179597527
0.251203575992
0.246739083809
0.242857504118
0.239625610052
0.237101231849
0.235328891427
0.234335884231
0.234129298067
0.234694305031
0.235994047844
0.237971055611
0.240550027529
0.243641579828
0.247146522543
0.250960215542
0.254976713552
0.259092399069
0.263209056375
0.267236298052
0.271093456822
0.274710949562
0.278031187739
0.281009166133
0.283612739492
0.285822646275
0.287632327223
0.289047538443
0.290085798785
0.290775620155
0.291155579723
0.291273179117
0.291183470188
0.290947517133
0.290630608226
0.290300270722
0.290024162971
0.289867828504
0.289892433024
0.290152595249
0.290694391455
0.291553669515
0.292754793109
0.294309871949
0.296218550235
0.298468336399
0.301035438131
0.303886042333
0.306977839411
0.310261796133
0.313684143692
0.317187988664
0.320715089829
0.324207556158
0.327608961727
0.330865566498
0.333927220777
0.336748050997
0.339286948771
0.341507913552
0.343380267137
0.344878691785
0.345983253014
0.346679307313
0.346957240202
0.346812341013
0.346244534644
0.345258087113
0.343861305857
0.342066245335
0.339888400992
0.337346353475
0.334461488813
0.331257678316
0.327760966088
0.323999275078
0.320002139311
0.315800384442
0.311425877469
0.306911279895
0.302289763266
0.297594755071
0.292859692627
0.288117783186
0.283401744779
0.278743527937
0.274174103273
0.269723168591
0.26541888037
0.261287625948
0.257353739184
0.253639238881
0.250163617099
0.246943611642
0.243993016069
0.241322522364
0.238939677409
0.236848767468
0.235050851634
0.233543879373
0.232322779883
0.231379666209
0.230704099145
0.230283349692
0.230102715601
0.230145875242
0.230395222756
0.230832168799
0.231437516269
0.232191747654
0.233075253844
0.23406864046
0.235152910809
0.236309636085
0.237521097945
0.2387704383
0.24004173425
0.24132001089
0.242591390477
0.243843054803
0.245063245161
0.24624131008
0.247367695493
0.248433912829
0.249432480972
0.250357000519
0.251202061139
0.251963177081
0.252636833183
0.253220403351
0.253712110605
0.254110995298
0.254416887425
0.254630348724
0.254752614314
0.254785595746
0.254731796821
0.25459427531
0.254376617901
0.254082888289
0.253717592985
0.253285653205
0.252792379475
0.252243451393
0.251644923259
0.251003204091
0.250325104263
0.249617852431
0.248889147528
0.248147169975
0.247400746451
0.246659397829
0.245933384985
0.245233901562
0.244573125467
0.243964318717
0.243421941585
0.242961765283
0.242600848164
0.242357480628
0.242251264216
0.242302887562
0.242533929395
0.242966639673
0.243623501716
0.244526735937
0.245697732991
0.247156625157
0.248921398213
0.251007226405
0.253425888106
0.256184963403
0.259287329159
0.262730712161
0.266507199966
0.27060303717
0.274998602445
0.279668563474
0.284581906873
0.289702388196
0.294989023101
0.30039651124
0.305875953154
0.311375452199
0.31684079333
0.322216168418
0.327444868544
0.332469968096
0.337235049523
0.341684846825
0.345765904253
0.349427238239
0.352620929062
0.355302747185
0.357432699751
0.358975637082
0.359901756046
0.360187164357
0.359814390502
0.358772883371
0.357059545691
0.354679205181
0.351645158094
0.347979665857
0.343714507811
0.338891510909
0.333563119824
0.327792970333
0.321656420466
0.315241039858
0.308647016241
0.30198726984
0.295387290342
0.288984410524
0.282926305148
0.277368496159
0.272470586945
0.268391138476
0.265281187434
0.263276757152
0.262491076615
0.263007424431
0.264873705354
0.268099671866
0.272657228277
0.278483723074
0.285487500166
0.293554789173
0.302556840535
0.312356557832
0.322814038829
0.333790920527
0.345153448791
0.356774507903
0.368534817251
0.380323484495
0.392038169565
0.403584896539
0.414877794761
0.425838705408
0.436396763326
0.446487983621
0.4560549082
0.465046224559
0.473416485559
0.481125815992
0.488139679825
0.494428684145
0.499968386115
0.504739112331
0.508725850634
0.511918076451
0.514309643977
0.515898627523
0.51668724261
0.516681666219
0.515891946372
0.51433179994
0.512018552898
0.508972885393
0.505218745565
0.500783146396
0.495695991164
0.489989880616
0.483699959835
0.476863693254
0.46952067774
0.461712458664
0.453482324151
0.444875121492
0.435937050538
0.426715495008
0.417258818895
0.407616199919
0.397837438243
0.387972790823
0.378072753204
0.36818791618
0.358368746317
0.348665382623
0.33912737674
0.329803451903
0.320741210028
0.311986746533
0.303584311307
0.29557581811
0.288000369387
0.280893707246
0.274287656117
0.268209497545
0.262681414758
0.257720021513
0.253335867934
0.249533137933
0.246309592088
0.243656559339
0.241559234675
0.239997144329
0.238944782701
0.238372378614
0.238246770393
0.23853237016
0.239191963726
0.240187613435
0.241481472486
0.243036344453
0.244816251155
0.246786863584
0.24891580398
0.251172812274
0.2535298763
0.255961285693
0.258443532005
0.260955320058
0.263477458833
0.265992687512
0.268485573529
0.27094239176
0.273350954952
0.275700451275
0.277981377391
0.280185386364
0.282305108134
0.284334156642
0.286266979027
0.288098745475
0.2898253314
0.29144323305
0.292949532454
0.294341785968
0.29561810198
0.296777041374
0.297817589601
0.298739192885
0.299541732044
0.300225494878
0.300791185104
0.301239977561
0.301573462935
0.301793632258
0.301902972976
0.301904400424
0.301801262487
0.301597330975
0.30129684982
0.300904465205
0.300425172524
0.299864373022
0.299227769421
0.298521326916
0.29775122914
0.296923813367
0.29604548881
0.295122637568
0.294161540373
0.293168313502
0.29214877706
0.291108337501
0.290051975974
0.28898410314
0.287908504944
0.286828316853
0.285745973591
0.284663184123
0.283580932283
0.282499679582
0.281419264394
0.280339057712
0.279258254656
0.278175904067
0.277091211911
0.276003821062
0.274914048997
0.27382314969
0.272733675
0.271649882878
0.270577817717
0.269525720584
0.268504296432
0.267526833852
0.266609340968
0.265770559544
0.265031923082
0.264417291674
0.263952710777
0.263665922783
0.263585529916
0.263740454388
0.264159001255
0.264867802722
0.265890767251
0.267248045162
0.268955008569
0.271021312433
0.273450174823
0.276237829011
0.279373187575
0.282837853952
0.2866062893
0.290646248072
0.294919454122
0.299382380347
0.30398716794
0.308682634473
0.313415267026
0.318130274731
0.322772544873
0.327287597015
0.331622448694
0.335726420083
0.339551853351
0.343054752067
0.34619535845
0.348938648668
0.351254752899
0.353119301086
0.35451373992
0.355425519819
0.355848313314
0.35578209389
0.355233200895
0.35421436718
0.352744657727
0.350849384757
0.348559963491
0.345913719119
0.342953641596
0.339728056919
0.336290268545
0.332698096785
0.329013339522
0.325301107315
0.321629092803
0.318066673829
0.314683895631
0.311550319145
0.30873375134
0.306298865082
0.304305758575
0.302808529297
0.301853904048
0.301480007857
0.301715401984
0.302578380629
0.30407667665
0.306207485488
0.308957914438
0.31230572939
0.316220346849
0.320664054116
0.325593262389
0.330959826033
0.336712276812
0.342796968093
0.349159093681
0.355743549272
0.362495663821
0.369361788809
0.376289760705
0.383229258625
0.390132108723
0.396952460817
0.403646954665
0.410174858165
0.416498115894
0.422581447784
0.428392363551
0.433901200041
0.439081170515
0.443908318182
0.448361550706
0.452422634982
0.456076145587
0.459309461929
0.462112709799
0.464478719518
0.466402949445
0.467883414124
0.468920606689
0.469517384235
0.469678846751
0.469412273282
0.468726926017
0.467633966306
0.466146280933
0.464278350086
0.462046080224
0.459466682086
0.456558488043
0.453340768367
0.44983364138
0.446057869871
0.442034731132
0.437785846507
0.433333071906
0.428698338796
0.423903528971
0.418970363478
0.413920271802
0.408774275819
0.403552938687
0.398276237317
0.392963455066
0.387633168344
0.38230316507
0.37699036855
0.371710806971
0.366479579029
0.361310821271
0.356217664685
0.351212292115
0.346305855396
0.341508502097
0.336829402624
0.332276763002
0.327857825539
0.32357887659
0.319445379694
0.315461887632
0.311632122465
0.307959094137
0.304445036673
0.301091511553
0.297899447426
0.294869250703
0.292000720877
0.289293191652
0.286745671262
0.28435665449
0.282124355709
0.280046763815
0.278121529356
0.27634611203
0.274717813854
0.273233835856
0.27189112152
0.27068660784
0.269617203351
0.268679581836
0.267870456744
0.267186497976
0.26662428179
0.266180262058
0.265850907923
0.265632654568
0.265521703188
0.265514259252
0.265606394192
0.265794024782
0.266072942938
0.266438795133
0.26688704161
0.267412912345
0.268011505819
0.268677700235
0.269406104136
0.270191167192
0.271027087593
0.271907860208
0.27282724161
0.273778814476
0.274755959544
0.275751864829
0.276759563409
0.277771972954
0.278781903388
0.279782012135
0.280764957741
0.281723357028
0.282649787593
0.283536882244
0.284377304102
0.285163781898
0.285889133494
0.286546317125
0.287128414404
0.287628619794
0.288040318561
0.288357100847
0.288572719862
0.288681098883
