0.707106781187
0.710893863006
0.719541116019
0.726033926705
0.723186559449
0.708026330894
0.684105049575
0.661256288792
0.652345039252
0.66630229015
0.700958294271
0.743172900836
0.776145102286
0.786259196253
0.766363297356
0.717900025444
0.653194291777
0.596344551329
0.577297452567
0.611569126872
0.684298408223
0.763993985439
0.822183223069
0.840455781147
0.811057264325
0.736827313646
0.633643753732
0.535876633339
0.496476133669
0.547801119595
0.658021677919
0.773684613306
0.857120754835
0.886907232667
0.854376698006
0.762350791238
0.626668735379
0.484797745282
0.412474158281
0.476382555166
0.623416844994
0.773005931587
0.880805712744
0.924234396766
0.893827725892
0.791630194476
0.631837379388
0.448406518978
0.329261035207
0.399433586204
0.58230444439
0.763017202511
0.893519852942
0.951495437378
0.927240810975
0.821757509082
0.647209734122
0.431093858243
0.253885757936
0.320312902279
0.537333326663
0.745082737347
0.895837692793
0.968266948464
0.95287391392
0.849921160673
0.669763499091
0.434346224759
0.200577222824
0.245130914718
0.492229037184
0.721052988155
0.888532075267
0.974500445384
0.969532442024
0.873617972903
0.695972873888
0.455627971616
0.190897752163
0.187265486849
0.45189518607
0.693386198027
0.872705231973
0.970352361263
0.976484755032
0.890856775317
0.722364129363
0.489530444584
0.229044911575
0.171737726796
0.422271151887
0.665055395905
0.849956428321
0.95624524924
0.973264332054
0.900166438742
0.745922152439
0.530005135554
0.293884100279
0.209878838967
0.40938535589
0.639353899424
0.822342695242
0.933060620098
0.959651393246
0.900431786103
0.764244639763
0.571841550574
0.367600557478
0.279453581908
0.417178246251
0.619689164428
0.792198107932
0.902148606854
0.935830890976
0.890807677814
0.775456413256
0.611087524316
0.441402656186
0.360183238309
0.445455956269
0.60924381389
0.762077238381
0.865179834727
0.90246774576
0.87082141082
0.778083465882
0.644883432609
0.510869780368
0.442633022879
0.490195834974
0.6103568562
0.734761316813
0.824071968641
0.860569477892
0.840461354363
0.771078135717
0.671187090608
0.573488502506
0.522215581066
0.545757599492
0.623862190325
0.713100041646
0.781125023255
0.811400135159
0.800090862965
0.753877042496
0.688560676688
0.627637420107
0.596262394664
0.606779993369
0.648836030618
0.699559666048
0.739095165039
0.756596373399
0.750320870586
0.72637259016
0.696156403088
0.672209599132
0.663008620376
0.668942173876
0.682943443872
0.695682714544
0.701010950552
0.698352976723
0.692040794377
0.68877229658
0.693669609192
0.706497877531
0.721141819342
0.728969558558
0.723163457997
0.701791493489
0.669814826036
0.639476142985
0.626579448736
0.641566902931
0.681235861273
0.730225869642
0.769668790589
0.78433407533
0.766370911672
0.717007327332
0.647968577152
0.583342077287
0.555810210532
0.585637106521
0.659354673686
0.743511514404
0.807969209899
0.833038288972
0.809603987353
0.73949254518
0.63705417278
0.533883179901
0.482253806967
0.522370580925
0.628958368716
0.746770045688
0.835811558424
0.873600246335
0.850172313733
0.766752884742
0.637394748462
0.495419343161
0.409458708051
0.453760870909
0.591560114474
0.740718430292
0.853248589422
0.9050638572
0.885808881572
0.7959567994
0.647848966253
0.471900866406
0.342872159771
0.382731771144
0.549372333409
0.726501833705
0.860545194104
0.926859172883
0.914789926091
0.824322872487
0.666029050299
0.46556581049
0.291033372956
0.314034308774
0.505403319587
0.705779465184
0.858281373175
0.938653773512
0.935862280576
0.84944006287
0.688840285519
0.475766811154
0.265173751701
0.256112118803
0.463646142427
0.680688288147
0.847484001852
0.940391429352
0.948060992197
0.869353566787
0.713121204925
0.499136655926
0.272804887588
0.223041838204
0.429209966733
0.65376479949
0.829588198843
0.932445792334
0.950682412255
0.882443924392
0.736031068996
0.530926052012
0.309553132832
0.228689007445
0.407912607909
0.627946483737
0.806307035023
0.91562755319
0.943434119786
0.887363044923
0.755126951849
0.566427836407
0.363620143618
0.270692117426
0.404753385634
0.606512984813
0.779622297727
0.891029713091
0.926495145736
0.883152724522
0.768324941168
0.60165094534
0.424742204183
0.333887799299
0.421657383997
0.592763016985
0.751886917387
0.859971287806
0.900373867951
0.869348473785
0.773976118903
0.633411804711
0.486365940082
0.405706560922
0.456477448513
0.58936610265
0.725790864864
0.824130762809
0.865782098906
0.845874546662
0.770977399267
0.659281328405
0.544469452928
0.478976697009
0.504415060446
0.597692256543
0.704079403247
0.785662648672
0.82373995369
0.812874764726
0.75871378941
0.677568015558
0.59642941492
0.549611402344
0.560206800118
0.617503156913
0.689154564496
0.747089070882
0.775758342368
0.770738658272
0.736879316265
0.687244894827
0.640511898253
0.614967396887
0.619302644334
0.647163875042
0.682745250326
0.711073136699
0.723845533165
0.720277033704
0.70542429534
0.687761016241
0.675683322247
0.673191340963
0.678029740196
0.684123688444
0.685671808195
0.680259389498
0.670397444
0.662784084291
0.664678092931
0.678895330002
0.701403212137
0.723046545829
0.733485372651
0.725382037746
0.697676413817
0.657102334769
0.618210988806
0.59996182904
0.615454943017
0.660825944626
0.717435500656
0.763779885399
0.783497328977
0.7678887217
0.717390173404
0.643482405219
0.570607860516
0.533970033454
0.559002090094
0.634263496048
0.723840580119
0.794918786186
0.826538154715
0.808911871324
0.742579202835
0.640188019282
0.531335297645
0.467774685562
0.496991257585
0.600460517029
0.721115779495
0.816197964331
0.861499623482
0.84623307824
0.77062559765
0.646623875274
0.503974490645
0.405667587432
0.431799133339
0.561163938183
0.710250808201
0.827690129176
0.887527573668
0.878076531027
0.798973155549
0.660991079034
0.490971751342
0.353713775425
0.367119637704
0.518724788726
0.692624346724
0.829912735915
0.904086183891
0.902955193558
0.825312188979
0.680776080541
0.492754525981
0.31955526724
0.308905831915
0.476389614767
0.669950743343
0.823746186032
0.911091177039
0.919688288911
0.847564338882
0.703209298679
0.50751704741
0.310023473001
0.266471040922
0.438518699527
0.644379286139
0.810297966496
0.908863057872
0.92753915846
0.86391963092
0.725539412437
0.531823141422
0.326443183428
0.251311604129
0.41041431022
0.618604573966
0.790948343675
0.897958042501
0.926224340356
0.872979990959
0.745222652154
0.561599488049
0.363143823749
0.26915280192
0.397384779423
0.595747233944
0.767499925289
0.879148187044
0.915751625692
0.873825524562
0.760114687432
0.592933736622
0.411711709082
0.313564576016
0.402914233572
0.579000720284
0.74218173818
0.853574320018
0.896332583002
0.865895921804
0.768587662556
0.622519837088
0.464968279753
0.373070947804
0.426981060974
0.571158471699
0.717457584887
0.822834424105
0.868499289405
0.848865250604
0.769472031737
0.647803389261
0.517857449626
0.438720612614
0.466236262415
0.57410720211
0.695808054174
0.7888640387
0.833229933333
0.822690461601
0.761928657361
0.66693422382
0.566995029581
0.504866976917
0.515797223721
0.588407595426
0.679585749287
0.753805214367
0.791901955039
0.787738917744
0.745422009648
0.678597477546
0.610147264938
0.567941121385
0.570847985318
0.613139596329
0.670775063952
0.719987739491
0.74617775262
0.744789905954
0.719826740053
0.681919840497
0.645855096159
0.625609110151
0.627337881607
0.646157147086
0.670626411051
0.689923550549
0.698046285829
0.694927962428
0.685441224022
0.67646520181
0.673160298559
0.676309147118
0.682122672124
0.684623796421
0.679305237077
0.666068447736
0.64996648319
0.639561340795
0.642917788697
0.662283397912
0.691517099381
0.71895138396
0.732863172613
0.72559772707
0.695836626684
0.650374456877
0.604881234011
0.580601921487
0.593230756194
0.639869505208
0.70082098044
0.752773282399
0.777794505087
0.766418334119
0.718400787668
0.643869912577
0.566002917693
0.520665013438
0.537803971395
0.61010674976
0.70140702804
0.777369931416
0.815534947744
0.804790606738
0.744757997915
0.646470517376
0.536427223102
0.463225942771
0.478731541113
0.574324707243
0.693968865429
0.792742723908
0.845077498501
0.83872542294
0.772545905393
0.657054514723
0.51859453257
0.412794073454
0.41903948317
0.534459883285
0.67952058612
0.799229608592
0.865859795272
0.86656893214
0.799413711156
0.673679395872
0.513631644025
0.374888825869
0.363147679489
0.493231518022
0.659489322135
0.79740844186
0.877711123162
0.887117007224
0.823173315294
0.693880547825
0.520901755498
0.355033996318
0.317511540551
0.454242778411
0.63580696194
0.788131060108
0.880704699548
0.899615505287
0.842002297028
0.715005679237
0.538101612476
0.356288888242
0.29049383402
0.421990441286
0.610896599322
0.772650028518
0.875135973835
0.903605103754
0.85453505928
0.73457512214
0.56190102201
0.377127905383
0.289177708579
0.401467148112
0.587540245834
0.752635567682
0.861653159533
0.898833418524
0.859755713888
0.750518047148
0.58874856581
0.41227942065
0.313908529684
0.396949146424
0.568703919864
0.730051071657
0.841335889679
0.885365181457
0.856875455703
0.761177474869
0.615463081735
0.455488206951
0.357972479452
0.410251886989
0.557260540441
0.707044108524
0.815582984592
0.863698901466
0.845390462024
0.765198653399
0.639457498076
0.501443529635
0.412914326358
0.439858573774
0.555531330802
0.685924885397
0.786000853936
0.83470344453
0.82522091517
0.761532665451
0.65867816284
0.546248797091
0.472058121721
0.481804180645
0.564709111719
0.669073614197
0.75444460965
0.799476375213
0.796695256781
0.749554890089
0.671526874296
0.587157289537
0.530901100393
0.531384154207
0.584491721612
0.658624700512
0.723100080662
0.75937149912
0.760402485204
0.729096405383
0.676904295759
0.622200775577
0.586471536126
0.584379746897
0.613216700707
0.656031034379
0.69437158228
0.716159465733
0.717159635276
0.700318312317
0.674253856137
0.650019248145
0.636691611238
0.637439600124
0.648418308335
0.661771320818
0.670572445626
0.672083547653
0.668169598045
0.663617654219
0.663458962526
0.66983110376
0.680048021512
0.687941208979
0.68739698685
0.675341001829
0.653602959138
0.629722376306
0.615167572873
0.619731642089
0.644718460055
0.681357771886
0.715543277977
0.733793617586
0.727512502866
0.695429104858
0.64471674219
0.591818459827
0.560425738933
0.569903705246
0.61857386967
0.684662129422
0.742665223659
0.773415779251
0.76630542608
0.720129529443
0.644326827098
0.561126516533
0.506771820245
0.515950045822
0.586065749113
0.680091495416
0.761237292488
0.805754558499
0.801646100618
0.74716700532
0.651858620595
0.540093797897
0.457760688149
0.46032412044
0.54882561112
0.668387298176
0.771299010704
0.830159651825
0.831877116957
0.774195751155
0.665780734
0.530266691292
0.417759740919
0.406415108612
0.509084162253
0.650788699537
0.773174981354
0.846216036707
0.855783249521
0.799103966993
0.683909603067
0.531731518077
0.391417484378
0.3590392309
0.469744282133
0.628983060423
0.767603783186
0.853746738033
0.872430802747
0.82014262485
0.703850025619
0.543024295522
0.382207034802
0.324591408791
0.434549340495
0.605018729783
0.755724093749
0.852951018171
0.881112824924
0.835851783294
0.72332698702
0.561582773458
0.390709578833
0.309737739939
0.40801691078
0.581304040439
0.738939377297
0.844438611769
0.881468765028
0.845001165077
0.740296117017
0.584399713188
0.414180965886
0.317988032563
0.394695956323
0.560610896712
0.718876876999
0.829097659684
0.873563218092
0.846674960659
0.75295033389
0.60851443703
0.447907396303
0.347032699278
0.397676569478
0.545859811651
0.697469824842
0.808009391504
0.857784757968
0.840377886918
0.75979617807
0.631267459578
0.486974731774
0.390531631687
0.417195737688
0.539621011658
0.676956413141
0.782535257181
0.834724104227
0.82598489546
0.759764149592
0.650433726645
0.527239206334
0.441815502335
0.450624650153
0.543531424829
0.659664978284
0.754420207124
0.805226159914
0.803608857119
0.752204020657
0.664302335424
0.565511607078
0.495681317972
0.493820732689
0.557912398516
0.64768810715
0.725712030865
0.770528295173
0.773598433826
0.736778419268
0.671699016684
0.599468554207
0.548437154705
0.542541330118
0.581763915564
0.642596426395
0.698555378866
0.732271330313
0.736662494594
0.713407802564
0.671883616003
0.627508809378
0.597479528488
0.593127131796
0.613114864593
0.645255830157
0.675041213949
0.692388066615
0.693932263657
0.682345699331
0.664458396803
0.64861289588
0.6409963016
0.642610472361
0.649447965119
0.655678459677
0.657080125311
0.653039649138
0.646910135953
0.644264036909
0.649383756628
0.66218738293
0.677785792068
0.68868898331
0.688086747647
0.672973824688
0.646175651668
0.616632385588
0.597457557991
0.600237916905
0.627052877667
0.667994507214
0.707078620956
0.729672952311
0.726520182669
0.695480569393
0.64309135545
0.585722108713
0.547924974559
0.551736364927
0.598311325188
0.666192459955
0.728410283039
0.764348695697
0.76262546065
0.721095059693
0.64761571948
0.562667220607
0.501290791106
0.500755103392
0.564434323535
0.657375889915
0.741632347923
0.791817480942
0.794695969452
0.747651559866
0.658611304077
0.549128752843
0.461115410975
0.450063609122
0.527178252166
0.642534358501
0.746983346976
0.811466288016
0.821331025404
0.773149492407
0.674319378217
0.545654483214
0.431191160108
0.403431886693
0.488927508449
0.62299924048
0.745064146113
0.8230520935
0.841390686723
0.795776614436
0.69269386893
0.55154081024
0.414770337132
0.365713832287
0.452834534188
0.600487334603
0.736745202833
0.826719278745
0.854089235586
0.813906272141
0.711601259314
0.565018071175
0.413445303571
0.342354889111
0.422790771654
0.577167474132
0.723145184277
0.822883592726
0.859056689929
0.826214526159
0.728952815091
0.583639214924
0.426359193954
0.337655783292
0.403033858769
0.555618740849
0.705715881302
0.812159140064
0.856238872053
0.831792420943
0.742873507664
0.604689453613
0.450509279106
0.35237017332
0.397177865153
0.538608204576
0.686280605453
0.795441441527
0.845777228769
0.83009446091
0.751874418786
0.625550914811
0.48187673126
0.383169469626
0.406874521229
0.52872583717
0.666910458228
0.77400776419
0.82805472591
0.820799909261
0.754875875322
0.64399083322
0.516487589189
0.424680503833
0.43110821405
0.527940074201
0.649731359215
0.749461214183
0.80383172681
0.803804123935
0.751087094568
0.658273083417
0.550990937266
0.471656628358
0.466782476247
0.537190897832
0.636764083953
0.723583403164
0.774252946621
0.779353188868
0.739949809751
0.667089086762
0.582841664568
0.51989650529
0.509953437239
0.556167385345
0.629754455433
0.698264575352
0.740720425084
0.748102438314
0.721236342969
0.669459421334
0.610202080352
0.566339225569
0.556803479344
0.583382934484
0.629907276012
0.675495321312
0.704840626006
0.711018724572
0.695140998381
0.664762957546
0.631743592021
0.608848304328
0.604137852425
0.616551060108
0.637597274006
0.657238112001
0.668513379007
0.669307882337
0.662218662515
0.652825871613
0.646553574738
0.645903863684
0.649497019137
0.653106773989
0.65224738242
0.645103515258
0.633962134349
0.624521752319
0.623292808978
0.633909494916
0.654180411784
0.67639836474
0.691004568004
0.690629496276
0.672507008654
0.640017100977
0.603549208557
0.578714698117
0.579517306665
0.608606626666
0.654642591637
0.699628184567
0.727176093687
0.726991337691
0.696593761272
0.642073731373
0.579452911029
0.53445743376
0.532565004739
0.577837574988
0.648324932397
0.715335672232
0.756889416865
0.760323142209
0.722557422644
0.650592210212
0.56335644749
0.494716307648
0.484763382983
0.542994721724
0.635896197521
0.723629400921
0.779454055303
0.789033220014
0.748405740187
0.664256235221
0.556174085764
0.462671275149
0.439153732612
0.506083929332
0.618376673941
0.724856131647
0.794575422458
0.811919169955
0.772221366214
0.681271612399
0.557818159859
0.441333179331
0.399560010581
0.469758164402
0.597252459301
0.719604435185
0.802208476382
0.828197425581
0.792347851759
0.699585947593
0.567135520556
0.432779258549
0.370473119877
0.437290448368
0.574471662392
0.708823557672
0.802503453018
0.837377851197
0.807504692068
0.717167104815
0.582125820536
0.437315370848
0.356191909748
0.412449588256
0.552324444585
0.693857341786
0.79591169731
0.839163175118
0.81673334249
0.732237725077
0.600378538426
0.453256084651
0.359082757695
0.398982131736
0.533316701143
0.676333506623
0.78327110297
0.833519819277
0.819288841791
0.74332754903
0.61949390495
0.47754026317
0.378230933117
0.399533991015
0.520002223282
0.658046733033
0.765726244013
0.82079151579
0.814666241575
0.749215511317
0.637328649804
0.506671562778
0.40995342333
0.414566292952
0.514647318929
0.640936599316
0.744606335816
0.801666899672
0.802715395409
0.748928383941
0.652058990543
0.537414109751
0.449560436259
0.44218529737
0.5187230524
0.627028084869
0.721427011814
0.777055383225
0.783656800247
0.741833708915
0.662188698336
0.567080671836
0.492753323309
0.47902363102
0.532498779277
0.618201512708
0.697951953111
0.748069575358
0.757974966734
0.72768798352
0.666605103597
0.593557568116
0.536136781301
0.521380803047
0.554995641164
0.615844202154
0.676126374786
0.716132025745
0.726368973904
0.706561252427
0.664622087816
0.615259812572
0.57716912755
0.56594880498
0.58432926351
0.620582439889
0.657837132027
0.683014147937
0.68984758521
0.678769763749
0.655945698795
0.63111676655
0.613971521535
0.610019160025
0.618194366726
0.632215497437
0.644651491341
0.650716122828
0.649826973315
0.644926599052
0.6405949361
0.640530326067
0.645211782445
0.651423950249
0.654227410465
0.649827457313
0.637643231921
0.621297249169
0.608111349714
0.606047662104
0.618899815933
0.643281070053
0.670048853536
0.688475323494
0.690184946817
0.671956720119
0.637272920397
0.596744461609
0.566834019184
0.563591269901
0.59158394408
0.639465473661
0.688039146369
0.719960676855
0.724064787748
0.696770758788
0.643287243895
0.578796165398
0.528455289315
0.519463650146
0.559827020434
0.629529740914
0.699028799099
0.745085212177
0.754232981003
0.722284919769
0.654697045325
0.568639006919
0.495717186713
0.476102612884
0.525274651683
0.614332454977
0.703140541102
0.763345650249
0.779459985747
0.746622618313
0.669927034987
0.566586505396
0.471355819734
0.436601257205
0.490071303638
0.595140368062
0.700844285078
0.774472956537
0.79882210783
0.768185950307
0.687117580002
0.571952378869
0.457527778859
0.40464971043
0.456939733262
0.573578351633
0.692976163115
0.778503381232
0.811614798677
0.785648138654
0.704422600971
0.583223906911
0.455162762389
0.384042504332
0.429160129327
0.551609272231
0.680661761662
0.775835421616
0.817406209931
0.797878888857
0.720141212178
0.59842282173
0.463614818988
0.377637606764
0.410252108076
0.531520885356
0.665250697218
0.767163685004
0.816131973504
0.803982761754
0.73272000482
0.615425432515
0.480856759375
0.386146529486
0.403232639404
0.515803453549
0.648341180028
0.75337843784
0.80805926296
0.803417539431
0.740802680628
0.632157818102
0.50409951355
0.40773759135
0.409615964117
0.50681950454
0.631789555209
0.735585942997
0.793664289932
0.796005420053
0.743357726648
0.646717785652
0.530403506745
0.438901880805
0.42880166276
0.50634117944
0.617576490838
0.715190870044
0.773616610449
0.781814321225
0.739740589585
0.657525596195
0.557059551593
0.475737613954
0.458400372506
0.515133665838
0.607553531991
0.693872877629
0.748889820298
0.7610967916
0.729606545644
0.663426189971
0.581795133904
0.514738745162
0.495181872086
0.532812147942
0.603179878598
0.673417110849
0.720814204528
0.734387520215
0.712819749947
0.663650767996
0.602883139551
0.553047814433
0.535878396767
0.558020376115
0.605350535819
0.655549278702
0.690975843933
0.702604860072
0.689503069435
0.65770863821
0.619119821649
0.588499352287
0.577573887496
0.588759550887
0.614275927221
0.641829499232
0.661095510798
0.667009672795
0.660159319785
0.645385256332
0.629698985058
0.619569260157
0.617872071502
0.622724120226
0.629422405394
0.633521029777
0.633004271176
0.629112207859
0.625679265083
0.626841936705
0.634129914156
0.645215849054
0.654953626199
0.657626526483
0.649564160382
0.6313644073
0.608607824281
0.590695173136
0.587266326038
0.602664059669
0.632286106553
0.664725125648
0.687486541123
0.691460157292
0.673009303762
0.6353712839
0.589677461716
0.553901901437
0.546454638137
0.573800848592
0.62446876306
0.677698491043
0.714463444648
0.722583823609
0.697922681268
0.644810907347
0.577508678389
0.521180993264
0.505258432507
0.5415390073
0.611362662291
0.684126459888
0.735147506178
0.749640575363
0.722557445342
0.65840959409
0.572649487691
0.495007260397
0.466279223075
0.507608839537
0.593951337215
0.684374888507
0.749149273231
0.771501811078
0.745305857545
0.674603190945
0.574824563201
0.477474624484
0.432624174967
0.474311135662
0.573533849456
0.679074357928
0.756457417592
0.787343615539
0.764700845743
0.691700465232
0.583023199396
0.46986225855
0.407606635631
0.444499687662
0.551814871716
0.669073830408
0.757335703289
0.796720218089
0.779503480317
0.707981023761
0.595671431411
0.472276747796
0.39415247214
0.421361792558
0.530896872099
0.655514395322
0.752229866797
0.799495504149
0.788820240128
0.721833136015
0.610850481476
0.483557173404
0.393900312636
0.407956640094
0.513119511051
0.639882272969
0.741821258462
0.795725158227
0.792089904263
0.731915996345
0.626552919408
0.50156189499
0.406474262022
0.406472633477
0.500791973471
0.623915840144
0.727122082596
0.785668362069
0.788974314857
0.737217069474
0.640933490761
0.523691010721
0.429606032284
0.417460430873
0.495870996124
0.609430941637
0.709445822524
0.769898536855
0.779328677045
0.736985959229
0.652454346795
0.547369995384
0.460009549509
0.439624698078
0.499601485336
0.598183266762
0.690271202773
0.749329605871
0.763297653834
0.730683542731
0.659891266996
0.57035066436
0.494296582258
0.470358328268
0.51221908219
0.591741809708
0.671156885651
0.725109992507
0.741377757971
0.71804272356
0.662294635502
0.590819558442
0.529513205398
0.506558327044
0.532884071718
0.591284074089
0.653730479271
0.698548491448
0.714352617748
0.699145242021
0.65900753086
0.607371451573
0.563316204606
0.545257630027
0.559904257282
0.59734611261
0.639606706731
0.671151615592
0.683218818324
0.674399243777
0.64973250607
0.618976289353
0.593930869787
0.58394638457
0.591138544956
0.609679595327
0.630158581167
0.644645509211
0.649227316235
0.644468710677
0.634538140097
0.624994562932
0.620039114243
0.620628689353
0.624398000632
0.627330340312
0.626254179845
0.620845455101
0.613970411313
0.610292539392
0.613802286688
0.625189979964
0.640724573934
0.653733615733
0.657680206612
0.648885137551
0.628118932902
0.601417066044
0.579365209705
0.573184646254
0.588196245901
0.619681392975
0.655474804474
0.682049400065
0.689218889907
0.672717400025
0.635359534504
0.587658041575
0.54752550824
0.534894605707
0.55875557746
0.608886577341
0.664146736086
0.704739763987
0.717489360318
0.697126210083
0.647066116201
0.580341218019
0.520602432894
0.497591517109
0.526958788916
0.593537845208
0.666882537359
0.721342901317
0.741276492523
0.720429628898
0.661917499537
0.57959194302
0.50057767712
0.463825127385
0.494745205459
0.574744262557
0.664074140906
0.731685366944
0.759731547129
0.74110583506
0.678309381187
0.584819409439
0.48893446519
0.436419825392
0.464495892215
0.554006380233
0.656413570783
0.735805447434
0.772314134137
0.75793132674
0.694558691399
0.594777108388
0.486272300801
0.4181224741
0.438964854836
0.533158135239
0.644933754448
0.733989931156
0.778690135365
0.769986743299
0.709124092926
0.607781698353
0.492086708201
0.410947548044
0.421032896498
0.514278372994
0.630954390945
0.726848178324
0.778738895345
0.776563287954
0.720709430082
0.622018376684
0.504872136837
0.415485550631
0.413162750086
0.49956042117
0.615985854712
0.715289201432
0.772649822053
0.777141924182
0.728226867273
0.63577725157
0.522512257654
0.43064216524
0.416694305053
0.491074132771
0.601672725511
0.700417993819
0.760940022843
0.771488416287
0.730765704229
0.647531553672
0.542727034155
0.454026908751
0.431363929014
0.490401064233
0.589740641532
0.683491166493
0.744355591069
0.759715653597
0.727673734126
0.655944518008
0.563375984324
0.482709880006
0.4554087136
0.498255131538
0.581846308428
0.665949953203
0.723806234603
0.742206935565
0.718648641918
0.659934118922
0.582574286828
0.513862721018
0.486195358354
0.514290406079
0.579310480996
0.649393238371
0.700424084636
0.719526184602
0.703701220553
0.658774801524
0.598755321825
0.545044177897
0.520931359855
0.537239177235
0.582866277598
0.635407755316
0.675621663823
0.692460890002
0.683056594879
0.652104551699
0.610752888493
0.574251408966
0.557072747205
0.56528012027
0.592551751994
0.625342614724
0.651011199299
0.662127918605
0.657157578607
0.639834919817
0.617830919822
0.599944307266
0.592436072693
0.59638998976
0.607770407338
0.620153765083
0.62823289277
0.629973259275
0.626776592482
0.622112166501
0.61960633385
0.621065022143
0.625233939075
0.628544465641
0.627420624973
0.620321722838
0.608825339975
0.597664204499
0.59307384533
0.599399682304
0.615965168315
0.636968554978
0.65412551048
0.659859631226
0.650028405677
0.625786660496
0.594130504726
0.567013783243
0.55754499418
0.572563031058
0.607089058734
0.647299982311
0.678191944483
0.688741830324
0.673914066446
0.635906880456
0.585129231375
0.539952772745
0.521984897921
0.542854282418
0.593539406083
0.651960447103
0.696814031326
0.713961017486
0.697417190048
0.649526116241
0.582217738653
0.518394398453
0.488534465102
0.51186848869
0.576262305599
0.65117847218
0.709593849179
0.734582409313
0.719079648
0.665184257894
0.585080619188
0.503913809857
0.459666066855
0.481578876076
0.556515002542
0.645543619261
0.716408800858
0.749874745175
0.737674056592
0.681361864558
0.592766610895
0.497382048587
0.437928265384
0.45437616598
0.53583201628
0.63592973682
0.717480151931
0.759341079377
0.752147129075
0.696616827647
0.603908659209
0.498754762665
0.42545217182
0.432924742822
0.516048932546
0.623413974275
0.713321674434
0.7628104677
0.7616366318
0.709607256718
0.616939540907
0.507099460415
0.423392049888
0.419754644557
0.499248306989
0.609289830383
0.704633118097
0.760426619779
0.765571913397
0.719127679253
0.630236865027
0.520813656754
0.431554822909
0.416677459527
0.487532757932
0.595097307597
0.692294739069
0.752540704348
0.763708454044
0.724214423501
0.642233959342
0.537926770948
0.448443137637
0.424251238862
0.482667765686
0.582529137263
0.677437252392
0.739669793571
0.756042872285
0.724220543316
0.651554194418
0.556390587395
0.471713530336
0.44160066328
0.485732650011
0.573222703738
0.661441332328
0.722577386371
0.742746108839
0.718773094219
0.657118335811
0.574308436147
0.498749616288
0.466736464807
0.496897529414
0.568541395465
0.645801256813
0.702327075548
0.72421911564
0.707699998971
0.658155162372
0.590091699966
0.527082586596
0.497139971187
0.515417939222
0.569414815142
0.631969612104
0.680206829353
0.701177660231
0.691053049719
0.654146319996
0.60251848871
0.554612298676
0.530257982013
0.539833071413
0.576223572549
0.621265365748
0.657610371796
0.674628622805
0.669189847572
0.644815955712
0.610702809139
0.579690897964
0.563797232529
0.568258769357
0.58872353156
0.614785504394
0.635990669915
0.645783997034
0.642792914314
0.630190991413
0.61405421881
0.601099227825
0.595869196265
0.598684329534
0.606057121134
0.613247703663
0.616835839979
0.616039213361
0.612813388206
0.610640854713
0.612294736226
0.617969849014
0.625012858465
0.629226754061
0.626896592282
0.616818642944
0.601540900588
0.587007864104
0.580456074252
0.586848674938
0.605497381004
0.629748959872
0.650120794392
0.658276236708
0.64969197691
0.625060293015
0.591175565403
0.560476759316
0.547241149338
0.559785675693
0.594074573329
0.636218878298
0.670371856119
0.684498368113
0.67289872978
0.637047789429
0.586281186761
0.538221745435
0.515040011234
0.530755193026
0.578732531658
0.637503267673
0.685245948403
0.70678615719
0.695075567365
0.651567735677
0.586802001496
0.521757603497
0.485996590727
0.501452050464
0.560465079711
0.634009799124
0.694556090631
0.724283691388
0.714894236627
0.667265131132
0.592139095865
0.512103859344
0.462343797194
0.473949288806
0.540594319592
0.626380800448
0.698403663175
0.736452537466
0.731189743969
0.682717652147
0.60125306173
0.509600934167
0.446120059708
0.450581312798
0.52077258564
0.615510483447
0.697097250212
0.743059363312
0.743068149034
0.696530539274
0.612777016985
0.51382253291
0.438773004431
0.433711899892
0.502898733788
0.602581326227
0.691150460864
0.744082736645
0.749942571443
0.70748326399
0.625165549343
0.523631827421
0.440757646141
0.425337475401
0.488947369807
0.589019263325
0.681344324758
0.739678974364
0.751456800412
0.714631213541
0.636897261552
0.53738474719
0.451372424346
0.426592527037
0.480732651831
0.576373626475
0.66873289308
0.730253694681
0.747422141085
0.717273095763
0.646647314459
0.553222206193
0.468942808027
0.437405975533
0.479615824807
0.566185504823
0.654549760876
0.716512899009
0.737874466046
0.714881631124
0.65333418688
0.569356824107
0.491247637714
0.45652878643
0.486228954472
0.559866280551
0.640109646494
0.699397842647
0.723159639164
0.707134095253
0.656077047448
0.584235741481
0.515979005015
0.481898965357
0.500323593966
0.558542112179
0.626771559689
0.679989550453
0.703906113601
0.694008849155
0.654201055953
0.596563596355
0.541065841131
0.511145388909
0.520822889587
0.562858609933
0.615888480272
0.659500306624
0.680929358543
0.675800025353
0.647324072556
0.605295524063
0.564784517166
0.542012654852
0.546078825193
0.572827121089
0.60865491966
0.639302938918
0.655217912321
0.653034381275
0.635404544976
0.609691917495
0.58574013532
0.572564656828
0.57422914201
0.587825066061
0.605894454742
0.620856193022
0.628006472558
0.626434908758
0.618683779289
0.609377821025
0.602868712822
0.601191087327
0.603467549225
0.606765335564
0.607920819119
0.605515413611
0.600786293221
0.59699775028
0.597626535003
0.604313007108
0.615484138518
0.626585141892
0.632140875855
0.628310305198
0.614535337243
0.594348334498
0.575184102781
0.566064539224
0.572968161983
0.594712856628
0.62326886424
0.647785740342
0.658774864645
0.651009403104
0.625104108683
0.58803008917
0.552802104399
0.535280457935
0.545806690554
0.581044874171
0.626184022092
0.664200846971
0.682148587539
0.673381841459
