0.0
0.0157910358992
0.0315587215983
0.0473226997663
0.0630759614336
0.0788138007881
0.0945327946783
0.110228474421
0.125896738209
0.141533681848
0.157135394664
0.172697997511
0.188217617169
0.203690380566
0.219113889029
0.234482816289
0.249792209376
0.265038568837
0.280219827785
0.295330991669
0.310367885457
0.325328728293
0.340205995693
0.355000849075
0.369707216045
0.384321430803
0.398840137323
0.413259431044
0.427575898206
0.441785934966
0.455885864535
0.469872343139
0.483741908798
0.497490940419
0.511116264696
0.524614094157
0.537981599401
0.551215067335
0.564311248291
0.577266833255
0.590078665215
0.602743735282
0.615258696945
0.627620499394
0.639826102956
0.651872327986
0.663756296768
0.67547487285
0.687025580883
0.698406445945
0.709612650193
0.720639341394
0.731488875841
0.742156264494
0.752638886854
0.762934065299
0.77303953428
0.782952219285
0.792670119055
0.802190610705
0.811511459178
0.820630158192
0.829544761102
0.838252596372
0.846752230333
0.855040263938
0.86311608588
0.870976453269
0.878620260505
0.88604531662
0.893249769452
0.900232116809
0.906989835935
0.913522063037
0.919826926826
0.925902456131
0.931747480373
0.937360675904
0.942740495144
0.947885857764
0.952794726329
0.957466672847
0.961900154589
0.966094192013
0.970047716509
0.973759649923
0.977229234942
0.980455487063
0.98343763893
0.986175094586
0.988666737802
0.990912478718
0.992911333111
0.994663036764
0.99616711462
0.997423201567
0.998431144495
0.999190087876
0.999700642283
0.999962091507
0.999974522608
0.999738131006
0.999253160628
0.99851875178
0.997536064241
0.996304994343
0.994825896538
0.993099125924
0.991125084603
0.988904282902
0.986437293951
0.983724731333
0.98076721423
0.977565552911
0.974120459445
0.970433111812
0.966503656828
0.962333859729
0.957924344946
0.953276430986
0.948391439279
0.943269891848
0.937914076617
0.932323913802
0.926502044212
0.920449589876
0.914168006239
0.907658542467
0.900923243746
0.893965398382
0.886781543719
0.879378600795
0.871756783387
0.863918041515
0.855863916126
0.847596839695
0.83911876592
0.830431840889
0.821538309989
0.812439758179
0.803139206861
0.793638894285
0.783940571996
0.774047477586
0.763961323116
0.753685494027
0.743221341922
0.732572560646
0.721741364626
0.710731707177
0.699544196852
0.688180404181
0.676646941143
0.664945267554
0.653077837115
0.641047637602
0.628858041914
0.616511894447
0.604012268005
0.591362299705
0.578564942832
0.565623838847
0.552541575025
0.539321876101
0.525967918292
0.51248301468
0.498870547022
0.485133819642
0.471276532281
0.457301720742
0.443212946915
0.429014131191
0.414708136208
0.400299263308
0.38579041325
0.371185702263
0.356488578942
0.341702650326
0.326831703811
0.311879542924
0.29684945355
0.281745622068
0.266571519189
0.251331228229
0.236028166361
0.220666462019
0.205249865122
0.18978220118
0.174267365582
0.158709355079
0.143111816382
0.127478840611
0.111814458751
0.0961223242003
0.080406636638
0.0646735409525
0.0489226789471
0.0331637771487
0.0174046495793
0.00193654043888
