0.0
0.0181540543406
0.0366952221876
0.055402879665
0.0740564672694
0.0924394524166
0.110341952521
0.127563801448
0.143917032886
0.159228723677
0.173343231547
0.186124877585
0.197459811324
0.207258480846
0.21545743641
0.222021200904
0.226944145316
0.230252423994
0.232005564193
0.232298614496
0.231263824322
0.229072562098
0.225936814563
0.222109878871
0.217885544744
0.213594298687
0.209594968904
0.206259861703
0.203952245577
0.202996936735
0.203647580527
0.20605816652
0.21026596498
0.216191457743
0.223654594625
0.23240141389
0.242133828712
0.252536062624
0.263294821779
0.274112767271
0.284716327897
0.29485956247
0.304325395235
0.312925433421
0.320498936665
0.3269114781
0.332053543126
0.335839035757
0.338204010876
0.339105390021
0.338519829461
0.336442705845
0.332887220572
0.32788363953
0.321478729626
0.31373537963
0.304732534783
0.294565524273
0.283346898644
0.271207957292
0.258301268534
0.244804400231
0.230925309031
0.216909729887
0.203050599211
0.189699170859
0.17727540053
0.166272098327
0.157242303052
0.150755574396
0.147314279154
0.147244656808
0.150610113999
0.157199288517
0.166596765434
0.178291533465
0.191770164397
0.206571318931
0.222305852921
0.238656211333
0.255367222694
0.272234868265
0.28909572871
0.30581837583
0.322296686179
0.338444584112
0.354192101594
0.369482398855
0.384269424997
0.398516072323
0.412192806157
0.425276483903
0.437749411942
0.449598580446
0.460815010389
0.471393170946
0.481330522543
0.490627062358
0.499284986198
0.507308317647
0.514702670135
0.52147490685
0.527633000399
0.533185735243
0.538142598801
0.542513576117
0.546309033028
0.549539611572
0.552216085206
0.554349324005
0.555950247473
0.557029725591
0.557598614541
0.557667697631
0.557247773763
0.556349592589
0.55498398754
0.553161894051
0.550894468089
0.548193148939
0.54506982905
0.541536979172
0.537607783916
0.533296387097
0.528618014821
0.523589284769
0.518228384494
0.512555366382
0.50659241362
0.500364155455
0.493897942242
0.487224229222
0.48037681721
0.47339322962
0.466314959736
0.459187765582
0.452061844717
0.444991959472
0.438037477146
0.431262152022
0.424733914272
0.418524169813
0.412707095017
0.40735836732
0.402553826094
0.398367552945
0.394869859338
0.392124939803
0.39018843094
0.389105018443
0.388906225835
0.389608572698
0.391212289314
0.393700584774
0.397039734348
0.401179672871
0.406055338231
0.411588361888
0.417689075082
0.424258857662
0.431192111178
0.438378804501
0.445706002475
0.453060238902
0.460328577264
0.467400561632
0.474169024135
0.480531532574
0.48639114375
0.491657392864
0.496247077432
0.500085036937
0.503104854928
0.505249483982
0.506471959305
0.50673601269
0.506016659819
0.504300763089
0.501587582723
0.497889231418
0.493231093283
0.487652095978
0.481204997301
0.473956451937
0.465986849208
0.45739005822
0.448272836075
0.438753899605
0.428962537848
0.419036773183
0.409120912598
0.399362369273
0.389907803262
0.380898586604
0.372465624772
0.36472383026
0.357766596314
0.351660716046
0.346442426545
0.342114953691
0.338648078706
0.335979844418
0.334020334846
0.332657079348
0.331761615864
0.331196481032
0.330822085856
0.33050300705
0.330113326892
0.329540944106
0.328690735635
0.327486713748
0.325873211579
0.323815198165
0.321297916714
0.318325831216
0.314921031888
0.311121098682
0.306976553819
0.302547881077
0.297902234673
0.293109903655
0.2882406936
0.28336037266
0.278527375732
0.273790045947
0.269184630068
0.264734245279
0.26044901433
0.256327445591
0.252359073639
0.248528245831
0.244818845123
0.241219703189
0.237730375897
0.234366941665
0.231167368714
0.228196092632
0.225547148947
0.223345255684
0.22174404439
0.220920705551
0.221066527815
0.222373451592
0.225017667761
0.229142442664
0.234843021045
0.24215640047
0.2510577255
0.261463342651
0.273239027241
0.286211162408
0.300178496546
0.314923016998
0.330218922247
0.345839629005
0.361562911551
0.377174581226
0.392471053334
0.407261156621
0.421367393581
0.434626868491
0.446891958825
0.45803083943
0.467927841047
0.476483751076
0.483615967306
0.489258617698
0.493362575444
0.495895356394
0.496841028853
0.496199997169
0.493988747975
0.490239581828
0.485000303301
0.478333927258
0.470318422652
0.46104648568
0.450625418334
0.439177109957
0.426838149577
0.413760104668
0.400109910741
0.386070481496
0.371841174825
0.357638254534
0.34369488937
0.330260184618
0.317596838119
0.305976250465
0.295670631429
0.286941192543
0.280022669857
0.275105621786
0.27231883475
0.271716195022
0.273270939442
0.276879620665
0.282374738528
0.289542871878
0.2981446734
0.307932667366
0.318665365053
0.330116852872
0.342082150309
0.354379776901
0.366851812018
0.379362905567
0.391798484225
0.404062613281
0.416075959099
0.427773685009
0.439103663886
0.450024776059
0.460505449648
0.470522360324
0.48005930533
0.489106199855
0.4976582183
0.505715005636
0.51328003339
0.520359962391
0.526964143342
0.533104160688
0.5387933845
0.544046577461
0.548879600736
0.553309117719
0.557352289492
0.561026570399
0.564349498734
0.567338502599
0.57001071581
0.572382836181
0.574471002539
0.576290698577
0.577856603487
0.579182543506
0.580281406525
0.581165060463
0.581844319044
0.582328886223
0.582627281624
0.582746880437
0.582693814759
0.582472978451
0.582088023845
0.581541322984
0.580833988286
0.579965851508
0.578935465111
0.577740115844
0.576375834962
0.574837408475
0.573118395756
0.571211171231
0.569106916255
0.566795705929
0.56426651152
0.561507278584
0.558504981289
0.555245658476
0.551714546332
0.547896123182
0.54377422521
0.539332174986
0.534552882183
0.529418985481
0.523913028335
0.51801763356
0.511715671506
0.504990486717
0.497826169115
0.490207729523
0.48212145968
0.473555255044
0.464498831802
0.45494427873
0.444886420197
0.434323125232
0.423256168502
0.411691514963
0.39964005175
0.387118647253
0.374150609955
0.360767050172
0.34700801024
0.332923982019
0.318577741617
0.304046490611
0.289424532776
0.274826340365
0.260390267146
0.246282530776
0.232701287967
0.219879822335
0.208087226003
0.197624296271
0.188810508159
0.18196000203
0.177344386419
0.175149998644
0.175439139591
0.178133230751
0.183022213096
0.189799288514
0.198103606358
0.207560404872
0.217808317346
0.2285153138
0.239384641434
0.250155266324
0.260599498413
0.270519379508
0.279743442223
0.288123600057
0.295532968726
0.301864174871
0.307028198622
0.310953859898
0.313587471132
0.314892970958
0.31485237343
0.31346626785
0.310754772964
0.306758657482
0.301540652295
0.295187212478
0.28781049329
0.279550775589
0.270579194229
0.261100729091
0.251357186021
0.241629210786
0.232236672794
0.223534860943
0.215904041798
0.209729999302
0.205373266417
0.203130198557
0.203193387028
0.205622865659
0.210339267743
0.217140969751
0.225738775244
0.235796153614
0.246964801606
0.258910493078
0.271328667338
0.283952023463
0.296552799474
0.308942015771
0.320967211212
0.332509555534
0.34348088557
0.353820708781
0.363493355449
0.37248518473
0.380801753087
0.38846502841
0.395510407438
0.401983854079
0.407938708872
0.413432408259
0.418523830693
0.42326970841
0.42772221638
0.431926356441
0.435917808159
0.439721467612
0.443350358907
0.446805351968
0.450075353925
0.453138214033
0.455962051901
0.458507021324
0.460727595513
0.462574674376
0.463998123744
0.464949236948
0.465382900174
0.465259754779
0.464548208713
0.463225961502
0.461281450722
0.458714902487
0.455539069691
0.451779742909
0.447475909248
0.44267954097
0.437455230556
0.431879395096
0.426039095964
0.420030664257
0.413957835518
0.407929507076
0.402057180109
0.396452012482
0.391221535603
0.3864661913
0.382276030789
0.378727121712
0.375878832483
0.373771525565
0.372425037278
0.371838322241
0.37198992456
0.37283971256
0.374331200344
0.376394555121
0.378950003328
0.381911310057
0.385188919601
0.38869309723
0.392336415854
0.396035808761
0.399714215336
0.403301739557
0.406736254004
0.409963998386
0.412939571131
0.415625748115
0.417993348542
0.420020928
0.421693859413
0.423004147597
0.423949724147
0.424533735192
0.424764039873
0.424652487872
0.424214334218
0.423467730007
0.422433082458
0.4211324675
0.419589318297
0.417827780677
0.415872425086
0.413747798174
0.411478059179
0.409086731429
0.40659650385
0.404028752567
0.40140369656
0.398740025177
0.39605481587
0.393363562952
0.390680091147
0.388016376993
0.385382870696
0.382788345769
0.380239911671
0.377743286283
0.375302741931
0.372921218603
0.370600572894
0.368341558027
0.366143968376
0.364006933005
0.361928805045
0.359907421975
0.357940238651
0.356024384898
0.354156803004
0.35233436749
0.350553885166
0.348812311602
0.347106754566
0.345434533961
0.343793282346
0.342181021116
0.340596120824
0.339037465378
0.337504420955
0.335996886351
0.334515343883
0.33306089241
0.331635197877
0.330240585811
0.328880345423
0.327558151688
0.326278464432
0.325046468017
0.323868084113
0.322749946924
0.321699398578
0.320724464111
0.319833814918
0.319036721604
0.318343001574
0.317762941965
0.317307195524
0.316986686577
0.316812479361
0.316795620413
0.316946999345
0.317277150307
0.317796062528
0.318512994568
0.319436252949
0.320572964916
0.32192889419
0.323508222774
0.325313383906
0.327344853427
0.329601019926
0.332078142153
0.334770130971
0.337668543951
0.340762713379
0.344039566623
0.347483853092
0.351078173299
0.354803125754
0.358637527279
0.36255854247
0.366542001277
0.370562584432
0.374594155053
0.378610010772
0.382583220021
0.386486935281
0.390294708376
0.393980837891
0.397520688972
0.400891017841
0.404070293457
0.407039061176
0.409780108025
0.412278894404
0.41452366412
0.416505746479
0.418219707802
0.419663415648
0.420838260469
0.421748949025
0.422403676585
0.422813816011
0.422993788785
0.422960728511
0.422734083032
0.422335184742
0.421786658204
0.421111759468
0.4203337145
0.419474945368
0.418556320432
0.417596336765
0.416610455639
0.415610364554
0.414603436444
0.413592265428
0.41257438332
0.411542152258
0.410482779433
0.409378670192
0.408207810338
0.406944444949
0.405559867996
0.404023339304
0.402303130433
0.400367627409
0.398186429984
0.395731566275
0.392978513903
0.38990733406
0.386503572587
0.382759209378
0.378673339374
0.374252834738
0.36951279217
0.364476831307
0.35917721026
0.353654749873
0.347958574295
0.342145580636
0.336279651837
0.330430675892
0.324673212458
0.319084902024
0.313744608929
0.308730310274
0.304116797948
0.29997330075
0.296361111716
0.293331434217
0.290923544835
0.289163505619
0.288063483209
0.287621790604
0.2878236516
0.288642560451
0.29004214157
0.291978314313
0.294401562096
0.297259079587
0.300496748308
0.304060722473
0.30789867311
0.311960581411
0.316199198692
0.320570176264
0.325031902534
0.329545184523
0.334072780005
0.338578884684
0.343028613299
0.347387541137
0.351621312955
0.355695380398
0.359574857366
0.363224505657
0.366608866316
0.369692512897
0.372440385694
0.374818249618
0.376793199574
0.378334199657
0.379412680348
0.380003083087
0.380083448145
0.379635903801
0.378647157568
0.377108910878
0.375018184858
0.372377599483
0.369195579489
0.365486437965
0.361270438616
0.356573738422
0.351428269761
0.345871550963
0.339946407652
0.333700644539
0.327186631193
0.320460797068
0.313583087301
0.306616290957
0.299625299196
0.292676264687
0.285835654022
0.279169166908
0.272740582503
0.266610514593
0.260835087294
0.25546456903
0.250542066217
0.246102351259
0.242170856624
0.238762945537
0.235883593605
0.233527428439
0.231679220043
0.230314793813
0.22940225414
0.228903452883
0.228775625044
0.228973095564
0.229448753496
0.230155559558
0.231047809375
0.232082039666
0.233217858865
0.234418498995
0.235651134721
0.236887031983
0.238101634147
0.239274480562
0.240388948871
0.2414321442
0.242394577536
0.243269865057
0.244054447558
0.244747279708
0.245349506961
0.245864145033
0.246295891675
0.246650768762
0.246935856355
0.247159154513
0.247329281582
0.247455308979
0.247546579472
0.247612560242
0.247662668374
0.247706154476
0.247752045494
0.247808962451
0.2478850858
0.247988116437
0.248125168676
0.248302767211
0.248526813327
0.248802550824
0.24913456709
0.249526795303
0.249982521448
0.250504362197
0.251094327872
0.251753822734
0.252483642895
0.253284030933
0.254154700193
0.255094848439
0.256103150354
0.257177859315
0.258316777182
0.259517253354
0.260776266094
0.262090405081
0.263455884212
0.264868549559
0.266323960907
0.267817304669
0.269343460578
0.270897034193
0.272472336298
0.274063392458
0.275663977783
0.277267674071
0.278867793297
0.280457472353
0.282029721613
0.283577387713
0.285093226459
0.286569957749
0.288000319652
0.28937703744
0.290692976757
0.291941190014
0.293114933025
0.29420777279
0.295213670758
0.296127046086
0.296942826685
0.297656622129
0.298264735502
0.298764208326
0.2991530242
0.299430097665
0.29959534503
0.299649776268
0.299595551817
0.299435977719
0.2991755502
0.298819999276
0.298376204136
0.297852184596
0.297257080203
0.29660098103
0.295894873503
0.295150484442
0.294380112025
0.293596424917
0.29281227888
0.292040509537
0.291293643448
0.290583726907
0.289922088517
0.289319124984
0.288784145576
0.288325203694
0.287949024262
0.287660917898
0.287464831392
0.287363377873
0.28735794555
0.287448858316
0.287635578144
0.287916927778
0.288291317535
0.288756989175
0.289312209678
0.289955447828
0.290685539247
0.291501636875
0.292403217883
0.293389992263
0.294461579356
0.295617214459
0.296855336526
0.298173087876
0.299565753604
0.30102621485
0.3025443638
0.304106583104
0.305695383398
0.307288989198
0.30886112696
0.31038124969
0.311814514063
0.313122220379
0.314262614886
0.315191521844
0.315863497827
0.316233081645
0.316256149825
0.315891556261
0.315102855943
0.313860144413
0.312142075343
0.309937938149
0.307249851413
0.304095011455
0.300507975091
0.296542916521
0.292275760395
0.287805977309
0.283257895177
0.278781029772
0.274549085147
0.270756919554
0.267614982336
0.265340672932
0.264146632909
0.264226616699
0.265740330933
0.268799584733
0.273458102914
0.279706898676
0.287475869598
0.296640862102
0.307034507625
0.318458445059
0.33069532806
0.343519229092
0.356703969487
0.370029366708
0.383285702174
0.39627676086
0.408821810732
0.420756960474
0.431935975938
0.442230800331
0.451531942433
0.459748674076
0.466809170686
0.472660557561
0.477268915643
0.480619207842
0.482715117208
0.483578795537
0.48325058081
0.48178850234
0.479267757724
0.475779965113
0.471432291056
0.46634634543
0.46065680086
0.45450968546
0.448060327185
0.441470839193
0.434907066179
0.42853501739
0.422516828693
0.417006177099
0.412143505611
0.408051186216
0.404829007233
0.402550425773
0.401259888497
0.400971626853
0.401670015715
0.403311569166
0.405828252189
0.409131875231
0.413118996033
0.417676032544
0.422684124126
0.428023423908
0.433576786402
0.439232654761
0.444887241231
0.45044604499
0.455824747587
0.460949663131
0.465757859188
0.470196930326
0.474224614593
0.477808167519
0.480923805379
0.48355592102
0.485696358975
0.487343688017
0.488502426821
0.489182326315
0.489397684096
0.489166643117
0.48851058318
0.487453526989
0.486021592244
0.484242450492
0.482144893549
0.479758383444
0.477112662824
0.474237418593
0.471161970525
0.467914981356
0.464524241246
0.461016473853
0.457417154904
