0.0
8.98233216565e-05
-0.000707642026486
-0.00248785301732
-0.00533881580273
-0.0093397116282
-0.0145593370002
-0.0210547293604
-0.0288699430827
-0.0380350331183
-0.0485652990858
-0.0604607090242
-0.073705555105
-0.0882683688464
-0.104102123488
-0.121144624965
-0.139319115373
-0.158535199865
-0.178689891031
-0.199668838156
-0.22134770118
-0.243593767902
-0.266267569683
-0.28922457128
-0.312316877139
-0.335395145528
-0.358310262847
-0.380915003922
-0.403065846545
-0.424624376532
-0.44545879783
-0.465445328127
-0.484469207654
-0.502425854856
-0.519221716496
-0.534774870087
-0.549015595494
-0.561886688965
-0.573343645271
-0.583354694862
-0.591900617065
-0.598974487093
-0.604581276057
-0.608737301072
-0.611469590223
-0.612815188192
-0.612820383184
-0.611539821667
-0.609035658478
-0.605376648709
-0.60063722244
-0.594896551706
-0.588237664514
-0.580746554662
-0.572511313364
-0.563621335625
-0.554166547355
-0.544236685633
-0.533920640791
-0.523305866645
-0.512477829817
-0.501519525217
-0.490511072671
-0.479529347391
-0.468647674233
-0.457935578352
-0.447458595768
-0.437278112459
-0.427451255902
-0.418030826533
-0.409065267266
-0.40059865395
-0.392670705128
-0.385316838127
-0.378568207045
-0.372451792636
-0.366990459692
-0.36220305243
-0.358104473234
-0.354705760086
-0.352014182484
-0.350033299667
-0.348763049718
-0.348199780127
-0.348336324909
-0.349162031462
-0.350662803723
-0.352821119308
-0.35561604837
-0.359023267753
-0.363015061675
-0.367560333388
-0.37262460609
-0.378170030126
-0.384155401264
-0.390536173755
-0.397264521583
-0.404289362079
-0.411556463857
-0.419008510643
-0.426585271031
-0.43422372219
-0.441858279857
-0.44942100989
-0.456841920886
-0.4640492772
-0.470969977907
-0.477529989871
-0.483654794294
-0.489269912677
-0.49430146071
-0.498676758162
-0.502324977547
-0.505177819448
-0.507170250105
-0.508241204216
-0.508334382639
-0.507398942454
-0.505390286213
-0.502270811848
-0.498010659271
-0.492588339958
-0.485991267715
-0.478216427151
-0.469270769401
-0.459171669541
-0.447947016281
-0.435635518869
-0.422286608078
-0.407960410095
-0.392727336673
-0.376667714115
-0.359871192334
-0.342436002065
-0.324468046252
-0.306079816709
-0.287389239187
-0.268518363665
-0.249591889724
-0.230735711576
-0.212075206429
-0.193733753477
-0.17583087071
-0.158480743333
-0.141790393042
-0.125858278751
-0.110772682019
-0.0966104108797
-0.0834355771006
-0.0712984814021
-0.0602349053705
-0.0502652758561
-0.0413944964861
-0.033611549287
-0.0268898096269
-0.0211872212229
-0.0164470171739
-0.0125985156053
-0.00955820625355
-0.00723109719393
-0.00551215051009
-0.00428801679895
-0.00343881627827
-0.00284004077871
-0.00236465198491
-0.00188493067871
-0.00127479026919
-0.000411442551026
0.00082228878169
0.00253652722405
0.00483228607341
0.00780026260785
0.0115192551099
0.0160552170487
0.0214602782925
0.0277721161143
0.0350136032136
0.0431925798163
0.0523020538154
0.0623204620873
0.0732122849109
0.0849288408499
0.0974091884679
0.110581395832
0.124363659014
0.138665889432
0.153391018438
0.16843670106
0.183696779163
0.199062909563
0.214426133895
0.229678287827
0.244713587304
0.259429750214
0.273729460254
0.287521222037
0.300720543385
0.31325056834
0.325042880617
0.336037930729
0.346185444434
0.355444631208
0.363784246591
0.371182557133
0.377627143011
0.383114602169
0.387650187854
0.391247263203
0.393926843285
0.395716858443
0.396651629356
0.396771032441
0.396119915969
0.394747260322
0.392705545827
0.390049978631
0.386837833049
0.383127783866
0.378979257809
0.374451885026
0.369604902291
0.364496717198
0.359184398782
0.353723311597
0.348166736298
0.342565606022
0.336968238599
0.331420124881
0.325963778036
0.320638590678
0.315480754305
0.310523205441
0.30579560125
0.301324329563
0.297132517952
0.293240109145
0.289663895327
0.286417629382
0.283512061875
0.280955073427
0.278751746071
0.276904483884
0.275413098231
0.274274919203
0.273484880159
0.273035605271
0.272917506109
0.273118856212
0.273625869278
0.27442275268
0.275491778447
0.276813331283
0.278365956418
0.280126397674
0.282069631536
0.284168905707
0.2863957627
0.288720070542
0.291110046352
0.293532284019
0.295951783334
0.298331986816
0.300634842303
0.302820832572
0.304849042339
0.306677222646
0.308261910848
0.309558510882
0.310521433713
0.311104229574
0.311259769099
0.310940426497
0.3100983152
0.308685544636
0.306654467402
0.303957964675
0.300549799724
0.296385036923
0.29142039022
0.285614604082
0.278928927061
0.271327590677
0.262778295679
0.253252693159
0.242726922944
0.231182121005
0.218604957194
0.20498814946
0.190330964686
0.174639724228
0.157928209238
0.140218154469
0.121539582546
0.101931197977
0.0814405293235
0.0601242223836
0.0380480730328
0.0152871073826
-0.00807454218371
-0.031943782231
-0.0562188625158
-0.0807897862372
-0.105538796274
-0.130341041519
-0.155065288653
-0.179574816707
-0.203728367864
-0.227381211945
-0.250386340844
-0.272595672211
-0.293861433694
-0.314037462315
-0.33298069626
-0.35055255617
-0.36662042953
-0.381059096796
-0.393752085909
-0.404593106617
-0.413487176221
-0.420351971429
-0.425118676761
-0.42773312663
-0.428156377392
-0.426365506684
-0.4223539067
-0.416131652831
-0.407725511227
-0.39717884315
-0.384551298329
-0.369918283771
-0.353370309957
-0.335012104861
-0.314961584497
-0.293348715509
-0.270314125933
-0.246007801151
-0.220587417539
-0.194216920178
-0.167064716182
-0.139302165123
-0.111101786868
-0.0826356970185
-0.0540739704131
-0.02558307271
0.0026755179114
0.0305468056122
0.0578833520932
0.0845465858558
0.110407595733
0.135348133057
0.159261159547
0.18205147353
0.203636025763
0.223944165954
0.242917718957
0.260510900592
0.276690138203
0.291433736491
0.304731433547
0.316583905265
0.327002074184
0.336006517471
0.343626590181
0.349899765215
0.354870663915
0.358590338864
0.361115304378
0.362506775568
0.362829771203
0.362152333668
0.360544748282
0.358078780234
0.354827026485
0.350862213248
0.34625667231
0.341081745915
0.335407370321
0.329301614389
0.322830316945
0.31605677605
0.30904155784
0.301842306658
0.294513514542
0.287106413484
0.279668971478
0.272245893016
0.264878593716
0.25760519574
0.250460655277
0.243476814312
0.236682539841
0.230103823523
0.223763950984
0.217683573738
0.2118808896
0.206371812944
0.201170140569
0.196287660734
0.191734289254
0.187518241456
0.183646163455
0.180123260251
0.176953401074
0.174139248482
0.171682340678
0.169583195317
0.167841393398
0.166455653548
0.165423888262
0.164743259605
0.164410227735
0.164420585851
0.164769489496
0.165451478843
0.16646049103
0.167789870019
0.169432365776
0.171380138591
0.173624745496
0.1761571391
0.17896764838
0.182045971168
0.185381153905
0.188961583099
0.192774968291
0.196808335643
0.201048022173
0.205479662217
0.210088182718
0.214857809846
0.219772099698
0.224813936641
0.22996555351
0.23520856273
0.240524008945
0.245892407696
0.251293805388
0.256707844381
0.262113833182
0.267490827067
0.272817730983
0.278073412025
0.283236794859
0.288286961381
0.29320329022
0.297965592338
0.30255423976
0.306950285451
0.311135614218
0.315093061323
0.318806554356
0.322261248332
0.325443660275
0.328341756478
0.330945043205
0.333244684929
0.335233585865
0.336906447464
0.338259782178
0.339291969607
0.34000324769
0.340395706621
0.340473227999
0.340241435282
0.339707619151
0.338880634991
0.33777075941
0.336389534863
0.3347496332
0.332864694718
0.33074911399
0.328417836858
0.325886153394
0.32316952289
0.32028332873
0.317242716323
0.314062367346
0.310756341198
0.307337884159
0.303819312144
0.300211876025
0.296525663554
0.29276953626
0.288951069151
0.285076545023
0.281150966357
0.277178157108
0.273160808129
0.269100546375
0.264998091171
0.2608534299
0.256665996298
0.252434850675
0.248158913067
0.243837118534
0.239468611491
0.235053017391
0.230590680826
0.226082828926
0.22153166004
0.216940597581
0.212314406335
0.207659317086
0.20298303516
0.198294831531
0.19360555314
0.188927610411
0.18427489436
0.179662683914
0.175107565934
0.170627305591
0.166240632203
0.16196699413
0.15782637922
0.153839175928
0.150025854288
0.146406733363
0.143001718141
0.139830056917
0.136910059735
0.134258990303
0.131892849223
0.12982609022
0.12807141247
0.126639683435
0.125539871551
0.124778866
0.124361405525
0.124290044756
0.12456514931
0.125184890684
0.126145321518
0.127440434519
0.129062172614
0.131000540648
0.133243790962
0.135778581389
0.138590054354
0.141661962037
0.144976890473
0.148516435511
0.152261364677
0.156191756733
0.160287208866
0.164526960521
0.168890074678
0.173355585863
0.177902651139
0.182510641204
0.187159258729
0.191828665878
0.196499581768
0.201153343488
0.205771954854
0.210338158293
0.21483547885
0.219248245309
0.223561612986
0.227761568757
0.231834924689
0.235769303558
0.239553144427
0.243175673807
0.246626864383
0.249897396274
0.252978638677
0.255862624543
0.25854199163
0.261009938418
0.263260189052
0.265286974321
0.267084978205
0.268649308877
0.269975464392
0.271059311705
0.271897057876
0.272485233888
0.272820678397
0.272900524158
0.272722190304
0.272283379326
0.271582079417
0.270616566806
0.269385412764
0.267887495968
0.266122013648
0.264088499949
0.261786839676
0.259217290643
0.256380501985
0.253277537333
0.249909888052
0.246279491024
0.242388751886
0.238240563105
0.233838314945
0.229185897006
0.224287715289
0.219148694105
0.213774279036
0.208170434402
0.202343639357
0.196300863428
0.190049553061
0.183597634403
0.176953496546
0.170125951084
0.163124199382
0.155957824585
0.148636780336
0.141171349464
0.133572120555
0.125849968733
0.118016051814
0.110081785734
0.102058844611
0.0939591532796
0.085794900347
0.0775785468669
0.0693228472854
0.0610408774216
0.052746067905
0.0444522485729
0.0361736944038
0.0279251789694
0.0197220346903
0.0115802063858
0.00351632189099
-0.00445226194456
-0.0123073882106
-0.0200300670084
-0.0276004192954
-0.0349976606918
-0.0422000779117
-0.0491850337753
-0.0559289923716
-0.0624075514316
-0.0685955264173
-0.0744670214648
-0.0799955719328
-0.0851542691236
-0.0899159526545
-0.094253400054
-0.0981395599441
-0.101547805648
-0.104452202707
-0.10682781198
-0.108650987923
-0.109899704493
-0.110553880798
-0.110595695926
-0.110009934119
-0.108784256971
-0.10690954679
-0.104380119025
-0.101194026408
-0.0973532060704
-0.0928637036915
-0.087735752753
-0.0819838856716
-0.0756269402068
-0.0686880401212
-0.0611945186972
-0.0531777706434
-0.0446730786316
-0.0357193561079
-0.0263588636143
-0.0166368725139
-0.0066012699483
0.00369783110739
0.0142085766401
0.0248778002617
0.0356515572854
0.0464755832275
0.0572958282558
0.0680589359886
0.0787127319825
0.0892067071825
0.0994924257819
0.10952398704
0.119258338452
0.128655676364
0.137679671209
0.146297765983
0.154481323359
0.162205799261
0.169450814409
0.17620020174
0.182441998329
0.188168383254
0.193375583426
0.198063729447
0.202236671832
0.20590178489
0.209069700168
0.211754079208
0.213971287284
0.215740144136
0.217081570833
0.218018322624
0.218574641296
0.218775975566
0.218648664134
0.218219653143
0.217516225058
0.216565726791
0.215395349477
0.214031883873
0.212501546708
0.210829780549
0.209041118523
0.207159039189
0.205205865212
0.203202673068
0.201169225744
0.199123929653
0.197083803869
0.195064473703
0.193080172344
0.191143755232
0.189266744009
0.187459368046
0.185730625771
0.184088321525
0.182539157093
0.181088794857
0.179741946218
0.178502429175
0.177373259926
0.176356736525
0.175454524004
0.174667719719
0.173996921463
0.173442312993
0.173003732837
0.172680736659
0.172472644762
0.172378606484
0.172397640008
0.172528678544
0.172770611665
0.173122317274
0.17358267607
0.174150591227
0.174825009004
0.175604926982
0.176489392419
0.177477498585
0.178568378377
0.179761192142
0.181055108097
0.182449282914
0.18394283386
0.18553481583
0.187224185835
0.189009765668
0.190890202881
0.192863953063
0.194929246056
0.197084031772
0.199325935022
0.201652236362
0.204059856372
0.206545310549
0.209104694027
0.21173366015
0.214427409636
0.21718067892
0.219987757709
0.222842490499
0.225738294923
0.228668187167
0.231624826406
0.234600564152
0.237587490403
0.240577493239
0.243562338627
0.246533762086
0.249483552713
0.252403648411
0.255286243123
0.258123850726
0.260909425138
0.263636502988
0.266299315231
0.268892822507
0.271412803814
0.273855975111
0.276220067563
0.278503862685
0.280707202594
0.282831047562
0.284877461072
0.286849600883
0.288751642006
0.290588730006
0.29236687986
0.294092862481
0.295774055272
0.297418276155
0.299033606018
0.300628181529
0.302209975981
0.30378657191
0.305364911682
0.306951078376
0.308550021465
0.310165360056
0.311799113362
0.313451538626
0.315120897129
0.316803330278
0.318492695177
0.320180486251
0.321855764798
0.323505134934
0.325112778402
0.326660499767
0.328127861598
0.329492316342
0.330729422132
0.331813074481
0.332715781552
0.333408989944
0.3338634055
0.334049387436
0.33393730684
0.333497969492
0.33270300564
0.331525277119
0.329939287696
0.327921535017
0.325450920312
0.322509022942
0.31908047167
0.315153140627
0.310718437527
0.305771426552
0.300311001288
0.294339935596
0.287864928723
0.280896579054
0.273449308798
0.265541251472
0.257194079083
0.248432795238
0.239285495439
0.229783066823
0.219958907154
0.209848549908
0.199489355942
0.188920097559
0.17818062949
0.16731147021
0.156353458482
0.145347365728
0.134333548433
0.123351615301
0.112440091238
0.10163615071
0.0909753146946
0.0804912476961
0.0702155124101
0.0601774208378
0.0504038642623
0.0409192153365
0.0317452356711
0.022901010882
0.0144029256423
0.00626468732337
-0.00150262926731
-0.00889056179769
-0.0158932125567
-0.0225071142957
-0.028731102612
-0.0345661999729
-0.0400155254669
-0.0450841020074
-0.0497787121629
-0.0541077235879
-0.0580809517315
-0.0617094755175
-0.0650054802183
-0.0679820891216
-0.0706532062734
-0.073033364984
-0.0751375705301
-0.0769811666937
-0.0785796885375
-0.0799487426859
-0.0811038788477
-0.082060492996
-0.0828337158134
-0.0834383108776
-0.0838885887301
-0.0841983405315
-0.0843807684169
-0.0844484121233
-0.0844130923635
-0.0842858694479
-0.084077003375
-0.0837959152487
-0.0834511525439
-0.0830503701712
-0.0826003048596
-0.0821067634863
-0.0815746090365
-0.0810077556239
-0.0804091565704
-0.0797808048487
-0.0791237340812
-0.0784380219249
-0.0777227941546
-0.076976231322
-0.0761955799864
-0.0753771630434
-0.0745163944948
-0.0736077939207
-0.0726450061771
-0.07162082724
-0.0705272263245
-0.0693553686019
-0.068095645611
-0.0667377198236
-0.0652705628216
-0.063682495858
-0.0619612385935
-0.0600939676575
-0.0580673811552
-0.0558677653067
-0.0534810809785
-0.0508930409746
-0.0480891991664
-0.0450550531087
-0.0417761769893
-0.0382383352914
-0.0344276059057
-0.0303305232928
-0.0259342404479
-0.0212266919587
-0.0161967606964
-0.0108344597388
-0.00513112090046
0.000920416031654
0.00732559477522
0.0140879354934
0.0212088225261
0.028687324258
0.0365199674522
0.0447005549685
0.0532199612237
0.0620659648689
0.0712230694917
0.0806723834683
0.0903915065133
0.100354415137
0.110531406593
0.120889056307
0.131390266724
0.141994270143
0.152656755348
0.163329972055
0.173962942772
0.184501672714
0.194889480894
0.205067332761
0.214974188794
0.22454743126
0.233723372692
0.242437798002
0.250626496317
0.258225819966
0.26517334894
0.271408498647
0.276873208133
0.28151250964
0.285275250063
0.288114665581
0.289989047527
0.290862228767
0.290704140964
0.289491328571
0.287207393367
0.283843305154
0.279397555753
0.273876498551
0.26729448493
0.259673884341
0.251044873235
0.241445381085
0.230920856308
0.219523919291
0.207313936703
0.194356520303
0.180722976771
0.166489654926
0.151737262265
0.136550136905
0.121015448146
0.105222480164
