0.0
0.0167492200586
0.0334213129581
0.0499581990483
0.0662968187342
0.0823764137498
0.0981375399311
0.113522535537
0.128475836361
0.142944306281
0.156877671935
0.170228710452
0.182953634688
0.195012328462
0.206368567446
0.216990185549
0.226849370215
0.23592269934
0.244191271016
0.251640846816
0.258261872938
0.264049558362
0.26900380832
0.273129223025
0.276435177139
0.278935608424
0.280649043338
0.281598509225
0.281811430708
0.281319553172
0.280158846177
0.278369409312
0.275995405002
0.273084958015
0.269690082363
0.265866668749
0.261674359927
0.257176486162
0.252439964766
0.247535215231
0.242535889539
0.237518615316
0.232562560094
0.22774877035
0.223159302296
0.218876105513
0.214979482864
0.211546299095
0.208647948392
0.206348064537
0.20470027024
0.203746135032
0.203513576336
0.204015844434
0.205251415445
0.207204622232
0.209847048947
0.213139547513
0.217034580504
0.22147863791
0.226414587373
0.231783775389
0.237527684659
0.243589330507
0.249914237797
0.256451113332
0.263152146137
0.269973256085
0.276874029263
0.283817696464
0.290770848574
0.297703288746
0.304587712502
0.311399501821
0.318116383142
0.324718239424
0.331186803611
0.337505482396
0.343659105863
0.349633741069
0.355416510686
0.360995433801
0.366359280685
0.371497439537
0.37639977907
0.381056590858
0.3854584469
0.389596163151
0.393460712352
0.397043168601
0.400334667129
0.403326366384
0.406009439172
0.408375044952
0.410414299081
0.412118338149
0.413478274477
0.414485252469
0.415130467372
0.415405207138
0.415300897796
0.414809188547
0.413921967332
0.412631491173
0.410930448337
0.408812057312
0.406270170333
0.403299430394
0.399895371279
0.396054550542
0.391774731715
0.387055076127
0.381896285882
0.376300873069
0.370273359444
0.363820554764
0.35695183363
0.349679498756
0.342019102074
0.333989946439
0.325615452276
0.316923856652
0.307948686215
0.298729678656
0.289313406478
0.279754461471
0.270116289329
0.260472617981
0.250908418546
0.241521364657
0.23242262195
0.223737610364
0.215605575668
0.208178136866
0.201615619902
0.196081084388
0.191731398281
0.188706027532
0.187114536294
0.187025270375
0.18845738099
0.191378712381
0.195709386413
0.201330897758
0.20809728001
0.215847302698
0.224414205811
0.233633957625
0.243349852417
0.253416013206
0.263698133488
0.274074254152
0.284433807555
0.294677338043
0.304715200045
0.314467031411
0.323860656562
0.332831586378
0.341322232116
0.349281507799
0.356664312453
0.363431206315
0.369548110226
0.374986041578
0.379720897046
0.383733276435
0.387008283139
0.389535411768
0.391308337441
0.392324858369
0.392586660235
0.39209921733
0.390871596376
0.388916359589
0.386249396771
0.382889748371
0.378859453372
0.374183377309
0.368889049664
0.363006513204
0.356568142229
0.349608507455
0.342164245244
0.334273881415
0.325977765322
0.31731794273
0.308338089756
0.29908346047
0.289600877952
0.279938724368
0.270147017992
0.260277485706
0.250383697964
0.240521220744
0.230747832028
0.221123709083
0.211711639028
0.202577134903
0.193788498131
0.185416630548
0.177534518008
0.170216334852
0.163535891933
0.157564378873
0.152367345837
0.148001104935
0.144508719632
0.141916196806
0.14022957748
0.13943348231
0.139491564521
0.140348863622
0.141935717934
0.144172469616
0.14697427984
0.150255448339
0.1539328395
0.157928318563
0.162170233891
0.166594167236
0.171143071473
0.175767055561
0.180422894107
0.185073452922
0.189687042599
0.194236787853
0.198700037996
0.203057817685
0.207294330593
0.211396512225
0.215353653922
0.219157090393
0.222799875508
0.226276549147
0.229582906173
0.232715820825
0.235673077303
0.238453240294
0.241055525937
0.243479709902
0.245726016705
0.247795067057
0.249687824669
0.25140554907
0.252949724536
0.254322062423
0.255524461366
0.256558996887
0.257427927559
0.258133706882
0.258678947823
0.259066435882
0.259299145922
0.259380320513
0.259313440781
0.259102222433
0.25875066623
0.258263091344
0.257644133838
0.256898785368
0.256032398872
0.255050692285
0.253959750822
0.252766031735
0.251476339503
0.2500978054
0.248637848749
0.247104115797
0.245504439151
0.243846731195
0.242138922543
0.24038882575
0.238604042891
0.23679183899
0.234958987264
0.233111670888
0.231255301609
0.229394442837
0.227532642811
0.2256723728
0.22381493772
0.221960417628
0.220107682997
0.218254402864
0.216397144233
0.214531472963
0.212652165111
0.210753414429
0.208829135854
0.206873313379
0.204880373956
0.202845668426
0.200765925228
0.198639814013
0.196468514984
0.194256278949
0.19201113384
0.189745384591
0.187476383574
0.185226952315
0.183026043292
0.180909021503
0.178917984374
0.177101711048
0.175515342779
0.17421968686
0.173279960285
0.172764118338
0.172740572255
0.173275504758
0.17442996402
0.17625679814
0.178798076349
0.182082876025
0.186126053607
0.190927888789
0.19647456381
0.202739636454
0.209685680054
0.217266658752
0.225429849394
0.234118100394
0.243271465219
0.25282880645
0.262728959379
0.272911654184
0.283318250963
0.29389220223
0.30457943174
0.315328593044
0.326091193006
0.336821749344
0.347477782745
0.35801992287
0.368411844253
0.378620291324
0.388615068407
0.398368951451
0.407857723279
0.417060021252
0.42595737969
0.434534055653
0.442777043214
0.450675915942
0.458222768347
0.465412107802
0.47224072654
0.478707628776
0.484813852596
0.490562390226
0.49595804798
0.501007299888
0.50571817229
0.510100081602
0.514163746265
0.517920996005
0.521384672413
0.524568492383
0.527486909748
0.530155011401
0.532588349298
0.534802898494
0.536814850545
0.538640604075
0.540296581589
0.541799180899
0.543164694073
0.544409160731
0.545548363684
0.546597709696
0.547572180271
0.548486246834
0.549353846329
0.550188329881
0.551002363366
0.551807948354
0.552616353163
0.553438060841
0.55428276268
0.555159328346
0.556075763694
0.557039190877
0.558055828713
0.559130966588
0.560268977598
0.561473236411
0.562746174677
0.564089227057
0.565502808023
0.566986334604
0.568538203022
0.570155784824
0.571835388124
0.573572296652
0.575360748516
0.577193933718
0.579064017592
0.580962098551
0.5828782819
0.584801629842
0.586720228859
0.58862118881
0.590490681692
0.592313946109
0.59407536957
0.595758485801
0.59734608067
0.598820196386
0.6001622412
0.601353031964
0.602372903977
0.603201772556
0.603819246245
0.604204738294
0.604337566435
0.604197084041
0.603762799904
0.603014547236
0.601932563336
0.600497707286
0.59869157003
0.596496658514
0.59389656233
0.590876085285
0.587421484499
0.583520543542
0.579162844672
0.574339858793
0.56904516811
0.563274574615
0.557026317756
0.550301151252
0.543102544108
0.53543679155
0.527313102402
0.518743767545
0.509744176577
0.50033297044
0.49053205147
0.480366625795
0.469865249815
0.459059812797
0.447985531484
0.436680896893
0.425187572801
0.413550357731
0.401816957466
0.390037920504
0.378266251837
0.366557327262
0.354968353415
0.343558091671
0.332386236122
0.321512829803
0.310997536553
0.300898683788
0.291272361605
0.282171148473
0.273642957848
0.26572966249
0.258465777416
0.251877255177
0.245980370175
0.240781047962
0.236274470549
0.232445193481
0.229267888101
0.22670827859
0.224724963402
0.223270925491
0.22229587272
0.221747939396
0.221575790313
0.221730135787
0.222165148173
0.222839501951
0.22371702075
0.224767159401
0.225965045142
0.227291409415
0.228732294809
0.230278546476
0.231925335077
0.23367141059
0.235518507525
0.237470580751
0.239533090243
0.241712399288
0.244014994564
0.246447099115
0.249013966434
0.251719646341
0.254566513313
0.257555126083
0.260684047682
0.263949795197
0.267346887095
0.270867922379
0.274503756262
0.278243707703
0.282075782487
0.2859869647
0.289963447022
0.293990951599
0.298054926954
0.302140860175
0.306234435144
0.310321766253
0.314389578917
0.318425288523
0.322417199891
0.32635452201
0.330227480216
0.334027317779
0.337746340233
0.341377892612
0.344916361167
0.348357122759
0.351696498596
0.354931730066
0.358060869281
0.361082731226
0.363996827745
0.366803263177
0.369502684101
0.372096157763
0.374585120497
0.376971282381
0.379256542065
0.381442922606
0.383532465797
0.385527196854
0.387429000474
0.389239614752
0.390960520162
0.392592909689
0.394137608273
0.395595039409
0.396965187808
0.398247525504
0.399441021312
0.40054407015
0.401554497472
0.402469513527
0.403285732273
0.403999142923
0.404605109453
0.405098383577
0.40547312158
0.405722897978
0.405840751715
0.405819209184
0.40565032835
0.405325767792
0.404836836097
0.40417459943
0.403329972147
0.402293781667
0.401056895705
0.399610368942
0.397945592851
0.396054431555
0.393929408514
0.391563891227
0.388952318264
0.386090444558
0.382975550197
0.379606753093
0.375985294617
0.372114853636
0.368001918797
0.363656116005
0.359090639867
0.354322624141
0.34937362233
0.344269972899
0.339043313396
0.333730908996
0.32837610807
0.323028590902
0.317744589166
0.312586927245
0.307624807915
0.302933361153
0.298592777252
0.294687023314
0.291302081362
0.288523629505
0.286434344194
0.285110713598
0.284619846722
0.285016188063
0.286338775823
0.288609106279
0.291829836881
0.295984749676
0.301039320453
0.306942672134
0.313629634876
0.32102367538
0.32903952413
0.337586007249
0.346568472418
0.355890889285
0.365457676632
0.375175055767
0.384952208695
0.394702081194
0.40434199228
0.413794166957
0.422985926218
0.43185006869
0.440324906991
0.448354458526
0.455888482111
0.462882483129
0.469297835378
0.475101590359
0.480266661858
0.48477155561
0.488600493108
0.491743138741
0.49419459984
0.495955217308
0.497030402482
0.497430431851
0.497170238246
0.496269148745
0.494750607491
0.492641861682
0.489973661042
0.486779880085
0.483097167592
0.478964547446
0.474423024812
0.46951517348
0.464284674297
0.458775929577
0.453033565975
0.44710203798
0.441025174195
0.434845727784
0.428604995606
0.422342375551
0.41609504878
0.409897561132
0.403781551214
0.397775537316
0.391904671534
0.386190516738
0.380650986205
0.375300398828
0.370149373926
0.365204977447
0.360470841201
0.355947390943
0.351632103967
0.34751978617
0.343602888883
0.339871879661
0.336315586396
0.332921558332
0.329676419332
0.326566233988
0.323576786619
0.32069386688
0.317903563194
0.315192450798
0.312547797465
0.309957707016
0.307411251546
0.304898531454
0.302410761736
0.299940318793
0.297480728765
0.295026654181
0.292573925126
0.290119471077
0.287661309303
0.285198470196
0.282730962884
0.280259771395
0.277786762862
0.275314607298
0.272846821973
0.270387708495
0.267942255315
0.265516156564
0.263115806719
0.260748246312
0.258421174825
0.256142863109
0.253922200975
0.25176869147
0.249692386568
0.247703871507
0.245814302793
0.244035349666
0.242379104863
0.240858083422
0.239485154917
0.238273516102
0.237236565027
0.23638770402
0.235740376704
0.235307953697
0.235103431425
0.235139331156
0.235427612367
0.235979459136
0.236805124564
0.237913737902
0.239313174578
0.241009951564
0.243009060717
0.245313872337
0.247926134186
0.250845909593
0.254071498234
0.257599485156
0.261424768623
0.265540661147
0.269938949194
0.27460986341
0.279542256652
0.284723760308
0.29014077686
0.295778603491
0.301621560152
0.307653065501
0.313855689781
0.320211246037
0.326700849285
0.333305022181
0.340003722704
0.346776355057
0.353601857854
0.360458752704
0.367325138124
0.374178757618
0.380997020779
0.387757061401
0.39443576498
0.401009753933
0.407455457748
0.413749247957
0.419867387121
0.425786051323
0.431481514512
0.436930123847
0.442108394903
0.44699309963
0.451561325735
0.455790636765
0.459659167564
0.463145622214
0.466229493612
0.468891214875
0.47111219845
0.472875022045
0.474163566751
0.474963160634
0.475260713136
0.475044865529
0.474306145972
0.47303714136
0.471232616689
0.468889635692
0.46600776418
0.462589202596
0.458638866559
0.454164546758
0.449177053383
0.44369030864
0.43772144765
0.431290927584
0.424422645145
0.417143993441
0.409485948994
0.401483165675
0.39317399904
0.384600584588
0.375808871859
0.366848628229
0.35777340695
0.34864053675
0.339511002809
0.33044920519
0.321522718515
0.312801880845
0.304359170508
0.296268386458
0.28860363558
0.281437980702
0.274841793972
0.268880901219
0.263614516795
0.259093066851
0.255356082021
0.252430297128
0.250328343634
0.24904803271
0.248572328234
0.248870205493
0.249898186358
0.251602420552
0.253921100416
0.256786998605
0.260129953939
0.263879105704
0.267964722417
0.272319658888
0.276880537145
0.281588484649
0.286389540366
0.291234931564
0.296081119549
0.30088963363
0.305626890436
0.310263900931
0.314775986465
0.319142475779
0.323346285708
0.327373629401
0.331213757592
0.334858575411
0.338302333425
0.341541398441
0.344573965185
0.347399857349
0.350020262543
0.352437530135
0.354655015573
0.356676889218
0.358507947458
0.360153471813
0.361619159714
0.36291093583
0.364034874535
0.364997069161
0.365803563575
0.366460312309
0.36697306143
0.3673472838
0.367588171832
0.36770055167
0.367688864486
0.367557131496
0.36730895325
0.366947458488
0.36647531786
0.365894712705
0.365207370914
0.364414578334
0.363517140622
0.362515426863
0.361409426896
0.36019874747
0.358882641169
0.357460052309
0.355929662367
0.35428997678
0.352539350284
0.350675998308
0.34869814422
0.346604123241
0.344392358333
0.342061510373
0.339610594821
0.337039046465
0.334346858278
0.331534680108
0.328603962963
0.325557103619
0.322397582274
0.319130051645
0.315760598659
0.312296877031
0.30874821565
0.305125812721
0.301442928918
0.297715032715
0.293959973981
0.290198053757
0.286452164422
0.282747894025
0.279113480645
0.275579786391
0.272180221113
0.268950501915
0.265928299219
0.263152756717
0.260663898345
0.258501984797
0.256706575137
0.255315455456
0.254363670007
0.253882402221
0.253897823549
0.254430130654
0.255492725405
0.257091605576
0.259225005869
0.261883232673
0.26504890724
0.26869753932
0.272798071398
0.277313686558
0.28220283202
0.287420105436
0.292917173844
0.2986436745
0.304548017681
0.310578206557
0.316682453879
0.322809576772
0.328909578293
0.334934059368
0.340836439974
0.346572260235
0.352099395259
0.357378240612
0.362371845031
0.367045999878
0.37136932717
0.375313474567
0.378853111897
0.381965890423
0.384632608371
0.386837215869
0.388566788524
0.389811568294
0.390564991403
0.390823651234
0.390587240159
0.389858571571
0.388643518572
0.38695102727
0.38479302108
0.382184265264
0.379142418058
0.37568790589
0.371843795562
0.367635757624
0.363091990887
0.358243025938
0.353121621333
0.347762685564
0.342203096065
0.33648158777
0.330638514073
0.324715643431
0.318755995961
0.312803524816
0.306902807757
0.301098734353
0.295436092109
0.289959068546
0.284710765859
0.279732634863
0.275063883536
0.270740809051
0.266796078523
0.263258114767
0.260150545588
0.257491606729
0.255293750711
0.25356340813
0.252300922646
0.251500600526
0.251151032768
0.251235527748
0.25173282995
0.252617797721
0.253862009166
0.25543471392
0.257303700866
0.259435863947
0.26179792234
0.264357038358
0.267081252046
0.269939875568
0.27290376715
0.275945544776
0.279039751401
0.282162892621
0.285293411524
0.288411751217
0.291500277683
0.294543165477
0.297526320785
0.300437268085
0.303265058146
0.306000134368
0.30863420896
0.311160152685
0.313571902418
0.315864320093
0.318033085818
0.320074618418
