0.0
0.00775743555166
0.0159020880443
0.0247353380036
0.0345394142014
0.0455818192023
0.0581087003247
0.0723300672082
0.088400275848
0.106398635646
0.126314028175
0.148035877186
0.171351923683
0.195952664456
0.221441852052
0.247351822806
0.273162725442
0.298324511484
0.322279770616
0.344486131503
0.36443690184
0.381677681917
0.395818872432
0.406542952776
0.413606700173
0.41683904134
0.416135488428
0.411450608598
0.402790144461
0.390204203104
0.37378292008
0.353655540402
0.32999402184
0.303021342758
0.273026142812
0.240387895438
0.205622793198
0.169484256524
0.13322449989
0.0993739892739
0.074071724396
0.0692760531881
0.088589517602
0.120361027739
0.156201155514
0.192669076796
0.228202722048
0.261928161052
0.293272655312
0.321823248841
0.347265552519
0.369352260322
0.387885252994
0.402704877209
0.41368385232
0.420725740363
0.423766374094
0.422777734583
0.417773362266
0.4088146917
0.396016595066
0.379551917599
0.359654245929
0.336618498686
0.310799657001
0.282610545853
0.252519792178
0.221053774283
0.188808351542
0.156484316132
0.124984794272
0.0956778076935
0.0711033796574
0.0562927437684
0.0567962382864
0.0697654607332
0.087558486461
0.105626373912
0.121906343747
0.135358044687
0.145370478918
0.151552126349
0.153658548089
0.151575594751
0.14533551891
0.135170574569
0.121634478263
0.105880203367
0.0902934870277
0.0796102529545
0.0807085852503
0.0969758106078
0.125070401486
0.160333830357
0.19964714537
0.24102800974
0.283040352288
0.324507730569
0.364397823184
0.40178327338
0.435835112498
0.465828817698
0.491153246343
0.511317625836
0.525954362392
0.534816925666
0.537773376505
0.534796960144
0.525955480953
0.511401431168
0.491364982482
0.466151018488
0.436142195921
0.401809788954
0.363735656579
0.322653620635
0.279529636308
0.23572855716
0.193382730019
0.156191910397
0.130652707021
0.12503538756
0.141448066043
0.172729956377
0.211003380681
0.251558432337
0.291878635264
0.330546031174
0.366695202568
0.399763612131
0.429370758542
0.455253641014
0.477229222781
0.495171273955
0.508996312241
0.518656599479
0.524138365017
0.525464669297
0.522701802926
0.515967940237
0.505443172238
0.49137936313
0.474108737551
0.454050221231
0.431713020549
0.407697078415
0.382690241828
0.357461544655
0.332848513067
0.309733822335
0.289003239885
0.271475329954
0.257799454516
0.248337570146
0.24307168597
0.241588354919
0.243161205698
0.246899502409
0.251902977743
0.257378895204
0.262710663074
0.267489279652
0.271523361249
0.274838605569
0.277670586184
0.280448502645
0.283763381058
0.288312942081
0.294818807267
0.303921749718
0.316074299188
0.33145878424
0.349953258119
0.371150102961
0.394412716912
0.418948614151
0.443881379182
0.468311956011
0.491367864406
0.51224119647
0.530216902686
0.544692729917
0.555191064416
0.56136306756
0.562985708466
0.559952718667
0.552261289592
0.539996424092
0.523315446286
0.502434792169
0.477621095614
0.449188398215
0.417503012452
0.382998196505
0.346202467243
0.307789692811
0.26866871737
0.230149624977
0.194252562933
0.164206069611
0.14478235786
0.140848970329
0.153318019336
0.178031647809
0.209702695573
0.244522467555
0.280181376235
0.315303628649
0.349043508318
0.3808602823
0.410394907546
0.437398261512
0.461686790441
0.483114367862
0.501555071925
0.516894852218
0.529030660082
0.537875719209
0.543369642729
0.545491570799
0.544274025323
0.53981535509
0.532288704331
0.521945795895
0.509114672735
0.494191123228
0.477624437125
0.459898853285
0.441512251099
0.422954186029
0.40468511166
0.387118607454
0.370608171629
0.355439628488
0.341829696986
0.329930669796
0.319840223745
0.311614701363
0.305283756974
0.300864014372
0.298369822031
0.297819778966
0.299238564146
0.302654287016
0.308092172512
0.315565669751
0.325066237039
0.33655283404
0.34994217068
0.365100386679
0.381836866264
0.399900726398
0.418980505426
0.438707603959
0.458663740027
0.478392624789
0.497415305124
0.515248431911
0.531423897314
0.545508100109
0.557118826798
0.565937947103
0.571718602586
0.574286348862
0.573534485467
0.569414736372
0.561925025182
0.551096457056
0.536981604668
0.51964621593
0.499165724641
0.475628020398
0.449143174996
0.41986122841
0.387999490642
0.353882798417
0.318004222532
0.281122189811
0.244426771705
0.209828039276
0.180395131061
0.160647205451
0.155421397892
0.166438029221
0.190592035537
0.222879495109
0.259203491709
0.296837988103
0.334018462344
0.369557231711
0.402611183322
0.432552953604
0.458899475406
0.481271947717
0.499374461491
0.512984659271
0.521952969478
0.526207731093
0.525764219821
0.520735210799
0.511341118675
0.497917891225
0.480921046972
0.460924862947
0.438616074069
0.414781368722
0.390287586286
0.366052283335
0.343000981465
0.322006149262
0.303806303807
0.288911911156
0.277519548765
0.269467406685
0.26426025012
0.261163702353
0.25933761128
0.257966342332
0.256357301419
0.254000681775
0.250597586037
0.246068998192
0.240555602131
0.23441485723
0.228215619333
0.222723362662
0.218860638279
0.217622241427
0.219934427137
0.226481460745
0.23756423793
0.253057454102
0.27247610854
0.295100372726
0.320096575092
0.346602337364
0.373775295521
0.400817834892
0.426990041172
0.451617973485
0.474100384087
0.493914252013
0.510618542657
0.523855376676
0.533348132693
0.538896743004
0.540370689616
0.537700864193
0.530871594794
0.519914267851
0.5049039435
0.485960329621
0.463254393807
0.437021945391
0.407586514196
0.375394720806
0.341071066442
0.305504442458
0.269987918648
0.236437544425
0.20767194056
0.187502253248
0.179876492089
0.18662891432
0.20595254884
0.233839934252
0.266361091995
0.300565099092
0.334405240718
0.366460740893
0.39571925393
0.421440900618
0.443077917151
0.460227230327
0.472602969498
0.480021520736
0.482394697773
0.479728785417
0.472127196524
0.459794662268
0.44304219241
0.42229102975
0.398075279947
0.37104333577
0.341958935488
0.311703169335
0.281278850122
0.251815573226
0.224566022414
0.200865536798
0.181999344025
0.168920501769
0.161866632735
0.160127967915
0.162222226613
0.166378475868
0.170980581944
0.174782632886
0.176943148152
0.176981802835
0.17472457396
0.170263532153
0.163938190846
0.156339477715
0.148332192662
0.141076763617
0.135997327746
0.13460427004
0.138121501738
0.147079247206
0.161194466036
0.179621878384
0.201314127245
0.225255434721
0.250544510231
0.276396449774
0.302119890492
0.327095947957
0.35076609049
0.372628181892
0.392239484395
0.409222197517
0.423269552419
0.43415052854
0.441711402177
0.445873763995
0.446629157483
0.444031224236
0.438186530276
0.429245646497
0.417396120104
0.402858813246
0.385889247164
0.366784793119
0.345899311563
0.323666145547
0.300630396166
0.277491052271
0.25514955274
0.234750840116
0.217680045196
0.205441972297
0.199349590754
0.200075463625
0.207341420586
0.220017250761
0.236542531431
0.25534310641
0.275058289918
0.294602149533
0.313142986959
0.330058708608
0.34489319097
0.357320663966
0.367118329395
0.37414637397
0.378333855904
0.37966895446
0.37819332025
0.373998956838
0.367226698081
0.358065643578
0.346752405485
0.33356895489
0.318838788878
0.302920960818
0.28620068305
0.269077974104
0.251953699022
0.235213106659
0.219208745238
0.204243818762
0.19055734938
0.178314018314
0.167602540602
0.158441897056
0.15079805159
0.144606107996
0.139793168154
0.13629660041
0.134073060615
0.133097241569
0.133354913502
0.134835722209
0.137529653416
0.141432286304
0.146556097398
0.152942943846
0.160671680062
0.169855470489
0.18062591919
0.193105917157
0.207376835058
0.223446668182
0.241226398249
0.260519148758
0.281021787767
0.302337785367
0.323998040432
0.34548645497
0.366266464513
0.385807598875
0.403609132311
0.419219792925
0.432252593101
0.442394189267
0.449409013068
0.453138818975
0.453498845806
0.45047195908
0.444102720404
0.434492922747
0.421800236599
0.40624145123
0.388101399774
0.367748871345
0.345660203268
0.32245136689
0.298918379454
0.276081052298
0.255214021859
0.237825188074
0.225508409162
0.219611882856
0.220793862885
0.228741442436
0.242293332851
0.259862033937
0.279844394677
0.30084777043
0.321753383281
0.341695931944
0.360017490108
0.376221228391
0.389933171744
0.400873629884
0.408837162489
0.413679380986
0.415310041741
0.413690641263
0.40883539567
0.400814570141
0.389759379281
0.375866820611
0.359404643294
0.340715753217
0.320222095937
0.298428865152
0.2759294737
0.253411285488
0.231659924729
0.211554545822
0.194036196507
0.180021056579
0.170234825078
0.164995076247
0.164053173904
0.166622005555
0.171589543658
0.17778185604
0.184148812384
0.189847490149
0.194259996307
0.196984224706
0.197824412078
0.196793314233
0.194127544333
0.190317991329
0.186146251427
0.182704561328
0.181352683963
0.183549749739
0.190543668666
0.203029381217
0.220980925465
0.243748342925
0.270304379346
0.299475197885
0.330082457951
0.361010875539
0.391235410008
0.419832882462
0.445989646139
0.469008471102
0.488314331369
0.503457731847
0.514114569716
0.52008236243
0.521273231239
0.517704853577
0.509491165461
0.496834675303
0.480022322094
0.459427067081
0.435516518852
0.408871146772
0.380214066446
0.350454687852
0.320747408151
0.292558064905
0.267707197075
0.248305100527
0.236438870204
0.233548701734
0.239787491047
0.253922230179
0.273892709573
0.29751763269
0.322915316239
0.348620340553
0.373546578118
0.396907781677
0.418142100908
0.436852141605
0.452760400259
0.465677161158
0.475477974412
0.482089217714
0.485480272471
0.485660874531
0.482683152394
0.476646722676
0.467705548328
0.456075290383
0.442039633237
0.425954131424
0.408246703419
0.389413642378
0.370010489343
0.350636932999
0.331914657399
0.314456725955
0.298827849263
0.285496948144
0.274787764181
0.266838638418
0.261585365277
0.258776687048
0.258021594746
0.258856004569
0.260811950592
0.263475900276
0.266530365424
0.269779090901
0.273158707264
0.276739345656
0.280715009371
0.285382866592
0.291110163169
0.298288846327
0.307281122819
0.318363470144
0.331678782649
0.347206025234
0.364752023089
0.383963885124
0.404356627033
0.425348859376
0.446300734501
0.466550911736
0.485450376347
0.502392089756
0.516836104638
0.528328932368
0.536516671844
0.541151482709
0.542091453037
0.539294762696
0.532809406724
0.522760561628
0.509337601634
0.492783126851
0.473385914322
0.451479522503
0.427447962649
0.401739454328
0.374889221419
0.347551753701
0.320541635613
0.294877465645
0.271811585659
0.252804820835
0.239378349283
0.232790991609
0.233621153617
0.241514659977
0.255314579979
0.27346875968
0.294423882697
0.316843488078
0.339667648077
0.362090054868
0.383508030604
0.403471828201
0.421641796657
0.437755437787
0.451603970888
0.463017482424
0.471857712039
0.478017503134
0.481425331328
0.48205331479
0.479926915096
0.475133909484
0.467831040447
0.458246567765
0.446677742133
0.433482740877
0.419067498508
0.403868111157
0.38833028194
0.372887449671
0.357939482517
0.343833916431
0.33085186203
0.319200314434
0.309012199634
0.300354349538
0.293242197376
0.287658868692
0.283575379483
0.280968385334
0.279832976513
0.280188721043
0.282078943781
0.285563970198
0.29071017313
0.297576831
0.306202821858
0.316594688643
0.328717014832
0.342485378697
0.357761867093
0.374352857102
0.392009108988
0.410428306355
0.429260451551
0.448116366087
0.4665794591
0.484220384631
0.500613629917
0.515354788355
0.5280768612
0.538463781511
0.54625997665
0.551274846786
0.553382187741
0.55251509466
0.548657567112
0.541834626826
0.532102714677
0.519542371792
0.504254823307
0.486363572152
0.466022410995
0.443430310786
0.418854081579
0.392659850575
0.36535427087
0.337636811321
0.310462056005
0.285101365715
0.263170281802
0.246541290585
0.237028935863
0.235831581156
0.243009338949
0.257432594612
0.277250310736
0.30047070629
0.325320728235
0.350361957038
0.374474931658
0.396801607642
0.416687190446
0.433634027904
0.447269009745
0.45732284329
0.463618911922
0.466069433571
0.4646769933
0.459539200385
0.450854545599
0.438927525592
0.424171298018
0.407106468773
0.388354471133
0.368624187989
0.348689456058
0.329354610283
0.311404657731
0.295538153558
0.282287197371
0.271939129933
0.264484334527
0.259615006271
0.25678248025
0.255297315005
0.254441047039
0.253561714536
0.252140849199
0.249832402929
0.246480594128
0.242125397996
0.23700104584
0.231529582102
0.22630733159
0.222076372079
0.21966921722
0.21991694859
0.223525666144
0.2309520689
0.242325622131
0.257448537125
0.275863172396
0.296946600675
0.319994988521
0.344281814187
0.369092034403
0.393740871078
0.417585321651
0.440033260027
0.460552013812
0.478676348872
0.494015162648
0.506255675162
0.515164689097
0.520586484533
0.522437940925
0.520701709159
0.515418737298
0.506681617188
0.494630252311
0.479451235345
0.461382170414
0.440722212671
0.417849602945
0.393247251369
0.367536831258
0.341520786035
0.316227325927
0.292943013829
0.273195771754
0.258622745833
0.250661870554
0.250114316572
0.256815247467
0.269670950188
0.287034824932
0.307142705782
0.328395138437
0.349466200108
0.369308623383
0.387118181672
0.402291286517
0.414387742672
0.423102188812
0.4282441618
0.429725051056
0.427550815642
0.421819263348
0.41271992373
0.400535492284
0.385643586823
0.36851711173
0.349722085091
0.329911225643
0.309810676925
0.290196145773
0.271853317158
0.255517006872
0.241788139231
0.231039460202
0.223337287838
0.218415948369
0.215726115942
0.214544616402
0.214105121998
0.213710911859
0.212811054785
0.211040348718
0.208235042241
0.204433709633
0.199870868257
0.194965014541
0.190297726653
0.186575532975
0.184564354049
0.184991119874
0.188425624353
0.195180191064
0.205269605108
0.218445152223
0.234276577323
0.252239304945
0.271778797777
0.292346171408
0.313412618111
0.334473180344
0.355047333546
0.374681049839
0.392951995482
0.409477053918
0.423921835816
0.436009574161
0.445528372577
0.45233543855
0.45635761077
0.457588151378
0.456080463925
0.451939867952
0.445314803795
0.436388926174
0.425375554812
0.412515572009
0.398079526703
0.382374043997
0.365752229636
0.348626797271
0.331483190305
0.314888548269
0.299489607445
0.285989856875
0.27509630182
0.267431977756
0.263425885373
0.263215081916
0.266601590744
0.273086687997
0.281967897264
0.292456203251
0.303774964396
0.315223896767
0.32621003826
0.336254945305
0.344988510484
0.352136829289
0.357508189122
0.360980202381
0.362489251671
0.362022304813
0.359611420238
0.355330707224
0.349294410202
0.341655625528
0.332605135546
0.322368373474
0.311200949694
0.299381731864
0.287202834871
0.274957886814
0.262928674046
0.25137122038
0.240503400706
0.23049604965
0.221468526264
0.213490469219
0.206589827438
0.200764658527
0.195996688532
0.192264401088
0.189551148517
0.187848321081
0.187154621861
0.187471694709
0.188800398717
0.191140785991
0.194495403845
0.198876763849
0.204316733034
0.210872781868
0.21862897731
0.227688625186
0.238157515312
0.250120304422
0.263614127116
0.278604443669
0.294967667471
0.312484592102
0.33084449426
0.349659106968
0.368483505207
0.386841063537
0.404249459725
0.420245683577
0.434407255869
0.446369173778
0.455835503802
0.462585402589
0.466474343669
0.467431557774
0.46545506523
0.460605901161
0.453003210415
0.442821599967
0.430291957343
0.415706125687
0.399425982169
0.38189584609
0.363656668085
