0.0
0.00103093076868
0.00374274662954
0.00712434540049
0.00991499922381
0.011074332134
0.0101694160033
0.00753658441011
0.00415576974464
0.001285676996
-5.32136881601e-06
0.000762911749709
0.00330328955613
0.006668526417
0.00960390795818
0.011015065534
0.0103754581127
0.00792246943437
0.00456902728317
0.00156360326224
2.51591701335e-05
0.000525913787369
0.0028784277147
0.00620538533222
0.00926639507173
0.010920350898
0.0105501868051
0.00829296763527
0.00498862422304
0.00186732829637
9.11576574756e-05
0.000321112244022
0.0024703994696
0.00573754341373
0.00890444919491
0.0107904295309
0.0106921935293
0.0086452580056
0.00541140642617
0.00219453253711
0.000192284665052
0.000149753578854
0.00208192375928
0.0052680742135
0.00852029870864
0.0106261019176
0.0108001848925
0.00897682938662
0.0058345640937
0.00254297960883
0.000327582234392
1.29629584296e-05
0.00171548063736
0.0047999817542
0.0081164245401
0.0104283980115
0.0108737785569
0.00928580234853
0.00625515236829
0.00291001529223
0.000495810953224
-8.88691824743e-05
0.00137294635745
0.00433578579431
0.00769493799457
0.0101980741776
0.010911851688
0.00956953075188
0.00667028471843
0.0032933389627
0.000695961914549
-0.000155006066737
0.00105661828122
0.00387857962997
0.00725865784981
0.00993672286477
0.0109142585744
0.00982627569625
0.00707720517661
0.00369031890749
0.000926585663014
-0.000185170313128
0.000768397753854
0.00343118060126
0.00681036909271
0.00964609851495
0.0108811635293
0.010054546295
0.00747344824353
0.00409856176437
0.00118637060769
-0.000178970233377
0.000510350659031
0.00299668300278
0.00635286268527
0.00932765167764
0.0108120963397
0.0102521883158
0.00785577361981
0.00451479676768
0.00147299992747
-0.000137201941064
0.000283473745243
0.00257723242053
0.00588867042809
0.00898336337153
0.0107075324168
0.0104179449479
0.00822172213946
0.00493616754956
0.00178448232683
-5.99617243937e-05
8.9165325484e-05
0.00217546579616
0.00542075095907
0.00861525434489
0.0105677920978
0.010550399768
0.00856863439217
0.005359835093
0.00211864940314
5.17954036407e-05
-7.15349494623e-05
0.00179377892203
0.00495195457822
0.00822552599925
0.010394095124
0.0106489828056
0.00889440907229
0.00578327195882
0.00247357916454
0.000197720830859
-0.000197279788579
0.00143494188608
0.0044854524596
0.00781690396814
0.0101873200565
0.0107128316284
0.00919685350578
0.00620327638475
0.00284650208404
0.000376313359422
-0.000287811769254
0.0011007251944
0.00402378366373
0.0073915034255
0.00994838876496
0.0107410977079
0.0094735158657
0.00661705127613
0.00323504281349
0.000586563612016
-0.000342393899063
0.000793447129487
0.0035700952149
0.00695224251476
0.00967901378382
0.0107337717844
0.00972278857475
0.00702184131305
0.00363630152402
0.000826662956438
-0.000361120048081
0.000514651351348
0.00312688096021
0.0065015229959
0.00938049547777
0.0106904535927
0.00994260620916
0.00741471278324
0.00404766947037
0.00109507347659
-0.000343855834776
0.000266152251604
0.00269701836813
0.0060422722995
0.00905477871247
0.0106114370329
0.0101315558887
0.00779307809911
0.00446633176332
0.00138989641056
-0.000290866201847
4.94169705927e-05
0.00228315794883
0.00557733357827
0.00870383768246
0.0104970925973
0.0102882698066
0.00815434533956
0.00488944172693
0.00170909175386
-0.000202625865482
-0.000134179891826
0.00188794240104
0.00510966956892
0.00832989218952
0.0103481008376
0.0104116714405
0.00849616096912
0.0053142442194
0.00205062101355
-7.96699155314e-05
-0.000283732883491
0.00151370280267
0.00464211001966
0.00793519651092
0.0101653089709
0.010500908928
0.00881611832008
0.00573779620112
0.0024119514062
7.68721815402e-05
-0.000398279630353
0.00116271289512
0.00417748257903
0.00752206848729
0.00994957219455
0.0105549099328
0.00911178858428
0.0061569876014
0.00279048924497
0.000265724767213
-0.000477468485568
0.000836992363998
0.00371859405882
0.00709295170434
0.00970212234199
0.010573309483
0.00938119150181
0.0065690465273
0.00318370433566
0.000485614372167
-0.000520805793253
0.000538597768618
0.0032683401025
0.0066506186736
0.00942453520246
0.0105559123653
0.00962250696624
0.00697122572659
0.00358896385745
0.000735019480782
-0.000528119290401
0.000269348209256
0.0028295274128
0.00619779444356
0.00911846832625
0.0105026912488
0.00983403261899
0.00736078132009
0.00400350434686
0.00101218649917
-0.000499499567199
3.08497054726e-05
0.00240486024799
0.0057372736415
0.00878576527048
0.0104138518882
0.0100142595348
0.00773505114735
0.00442450192034
0.00131518187057
-0.000435164518492
-0.000175281914636
0.00199715917749
0.00527210731247
0.00842871451675
0.0102901204962
0.0101621810017
0.00809177193337
0.00484943517069
0.00164226578661
-0.000335607436248
-0.000348088009861
0.00160869328723
0.00480491052085
0.00804901046234
0.0101315219833
0.0102760216997
0.00842780974261
0.00527459631902
0.00199032292641
-0.000202194308769
-0.000486872257792
0.0012415581369
0.00433837616205
0.00764903871624
0.00993936744179
0.010355373211
0.00874132240074
0.00569769354932
0.00235758768296
-3.53618323549e-05
-0.000590333029671
0.000898541060982
0.00387586439951
0.00723162773064
0.00971484550557
0.010399672696
0.00903023188524
0.00611588151204
0.00274155990484
0.000163638956903
-0.000658213659423
0.000581415649466
0.00341992059684
0.00679911770337
0.00945906254448
0.0104082075006
0.00929221925306
0.00652604720419
0.00313941663995
0.000393278086323
-0.0006900210295
0.000292343996715
0.0029736165602
0.00635407811929
0.00917353112558
0.0103808592942
0.00952555590552
0.0069254561462
0.00354841162451
0.000651803744059
-0.000685956467177
3.2757514744e-05
0.00253941569745
0.00589936162795
0.0088600458893
0.0103177273407
0.00972863166245
0.00731143592783
0.00396585265672
0.000937536916805
-0.000646029762573
-0.000195641977813
0.00212014394893
0.00543779571541
0.00852051355483
0.0102190825021
0.00989999589096
0.00768135695764
0.00438890567453
0.00124849228497
-0.000570639542998
-0.000391510000051
0.00171848109061
0.00497236770652
0.0081571399214
0.010085593862
0.0100385837848
0.00803286462047
0.00481485330157
0.00158266243894
-0.000460367729472
-0.000553671979286
0.00133665139021
0.00450571930171
0.00777187575674
0.00991768409235
0.0101430258127
0.00836333342644
0.00524071572444
0.00193767584018
-0.000315833656654
-0.000680993777069
0.000977485445865
0.00404111147585
0.00736746784019
0.00971671634085
0.0102129424757
0.00867066279407
0.00566344683962
0.00231097049117
-0.000138508461842
-0.00077315554493
0.000642721679577
0.00358087857915
0.00694591096225
0.00948340216466
0.0102473098188
0.00895232461034
0.00608014116158
0.00269996993992
7.04188429939e-05
-0.000829586223589
0.000334509346077
0.00312827088844
0.0065100975363
0.00921931081758
0.0102458782717
0.0092066754781
0.00648803439125
0.00310206156229
0.000309431150082
-0.000850147887905
5.46044105265e-05
0.00268587313489
0.00606257832724
0.00892594638686
0.0102085652414
0.00943198594763
0.0068845444095
0.00351471700173
0.000577049168062
-0.000834619002472
-0.000195099566399
0.00225661137454
0.00560631224815
0.00860532185322
0.0101356420776
0.00962640641029
0.0072666406155
0.00393464800638
0.000871049879688
-0.000783520932095
-0.000413363536239
0.00184300181984
0.00514400441901
0.00825920587354
0.0100273022878
0.00978891408775
0.0076321094024
0.00435960812068
0.00118977437064
-0.000697027041404
-0.0005986612546
0.00144738516076
0.00467828068589
0.00788957485265
0.00988397391236
0.00991791913831
0.00797803391198
0.00478623418876
0.0015309211624
-0.000575872024236
-0.000749948810286
0.00107282917478
0.00421268242999
0.0074990044469
0.00970678064032
0.010012832709
0.0083024281016
0.00521200777108
0.00189216292872
-0.000421000449406
-0.00086639814071
0.000721186952609
0.00374955489809
0.00708974148675
0.00949658827533
0.0100727979877
0.0086029425286
0.00563387863814
0.00227097940573
-0.000233543138574
-0.00094739410914
0.000394692641329
0.0032919905834
0.00666434640461
0.00925463827871
0.0100971741799
0.00887737793233
0.00604891608948
0.00266477742568
-1.49611349404e-05
-0.000992648216049
9.52375815333e-05
0.00284267675955
0.00622535179184
0.00898229228391
0.0100857178516
0.00912387084785
0.00645433043734
0.00307087289184
0.000233432010527
-0.00100173441521
-0.000175123542321
0.00240463945603
0.00577571446314
0.00868145044175
0.0100386248882
0.009340955228
0.00684761425641
0.00348673277275
0.000509713663173
-0.000975028024036
-0.000415054409099
0.00198029931556
0.00531790000363
0.00835356588263
0.00995566448857
0.00952667456984
0.00722568381462
0.00390915988036
0.000811976543334
-0.000912677268769
-0.000622980539557
0.00157242653077
0.00485491066012
0.00800082687172
0.00983751133562
0.00967994665943
0.00758620155864
0.00433552563658
0.00113823931117
-0.00081516321467
-0.000797632925085
0.00118355357861
0.00438959521256
0.00762532204966
0.00968464498577
0.00979954068058
0.00792659572966
0.00476281653937
0.00148615668495
-0.000683283418989
-0.000938033276862
0.000816156322158
0.00392504162184
0.00722965642507
0.00949814988927
0.00988474456467
0.00824472577299
0.00518832371626
0.00185348130463
-0.000518064649958
-0.0010434699725
0.000472424747603
0.0034640822273
0.00681624872268
0.00927934747463
0.00993512197512
0.00853863766765
0.00560942755638
0.00223803098293
-0.000320214010928
-0.00111288080796
0.00015464257841
0.00300943379074
0.00638720153837
0.00902882966972
0.00994952208311
0.0088056120106
0.00602252190419
0.00263636003847
-9.2020612684e-05
-0.00114682273612
-0.000135771194893
0.00256376523237
0.00594534217634
0.00874842063274
0.00992805138908
0.00904411152656
0.00642518307979
0.00304621115678
0.000165366043436
-0.00114474828481
-0.000396735518928
0.00213003527844
0.00549349159024
0.00843984415219
0.00987076145482
0.00925251231701
0.00681470755145
0.00346481096426
0.000450155881206
-0.00110679614675
-0.000626682644545
0.00171093812102
0.00503446932182
0.00810499458431
0.00977791353488
0.00942934357757
0.00718844054912
0.00388931192711
0.00076037177832
-0.00103333659515
-0.000824241239669
0.0013090708759
0.0045711257887
0.0077459118801
0.00965006780349
0.00957342002987
0.00754393079199
0.00431708231838
0.00109413861316
-0.000924717908839
-0.000987906721018
0.000927256467856
0.00410668249378
0.00736513454948
0.00948800393876
0.00968376720944
0.00787882978745
0.00474488075961
0.00144877672843
-0.0007821465445
-0.00111742714186
0.000567168914806
0.00364334656266
0.00696445566536
0.009292449298
0.00975934868609
0.00819064383836
0.00517002493726
0.00182212566202
-0.0006064981451
-0.0012116227575
0.00023146884304
0.00318460283669
0.0065466191121
0.00906444606417
0.0097994337024
0.0084771130558
0.0055893985067
0.00221137353384
-0.000399097607363
-0.00127013440067
-7.79001564732e-05
0.00273275327948
0.00611400587054
0.00880546322489
0.00980378697444
0.00873641427607
0.00600031035506
0.00261410837365
-0.000161353498617
-0.00129266185769
-0.000359020442418
0.00229106387331
0.00566961205308
0.00851716001998
0.00977231499059
0.00896678440282
0.00639996694236
0.00302750333345
0.000105044953075
-0.00127922748765
-0.000610351808072
0.00186198917251
0.00521593280801
0.00820141559069
0.00970524637119
0.00916676512286
0.00678587878089
0.00344890847892
0.00039822646371
-0.00123006430901
-0.000830089854995
0.00144846399107
0.00475602839059
0.00785967229992
0.00960259353621
0.00933464518586
0.0071550835934
0.00387520891175
0.000716261548992
-0.00114556591501
-0.00101720392372
0.00105278875033
0.00429255250497
0.00749440811202
0.00946482915933
0.00946914079085
0.00750506242063
0.0043035958357
0.00105679159349
-0.00102637581152
-0.00117046753509
0.000677540420169
0.00382849817473
0.00710780080818
0.00929318835821
0.00956971769004
0.00783381156486
0.00473147861446
0.00141781249446
-0.00087328437423
-0.0012889060186
0.000325255438287
0.003366979121
0.00670240602646
0.00908837070203
0.00963529955808
0.00813886650129
0.00515585924226
0.00179678730486
-0.000687426087773
-0.0013719168008
-2.33027399757e-06
0.00291043090429
0.00628052180265
0.00885173239493
0.0096655457522
0.00841815276243
0.0055735699864
0.00219086283793
-0.000470356329855
-0.00141927193098
-0.000303016422911
0.00246189097839
0.0058446962507
0.00858445012998
0.00965988207333
0.00866964300573
0.0059820505444
0.00259749721201
-0.000223466297459
-0.00143064319713
-0.000574953586214
0.00202427418477
0.00539790066701
0.00828841017215
0.00961837399362
0.00889171304004
0.00637846606719
0.00301431509372
5.18728211683e-05
-0.00140578135085
-0.000816225615527
0.00160025853639
0.0049427403837
0.00796527871652
0.00954120374238
0.0090828078493
0.00676019971086
0.00343796852424
0.000353194445039
-0.00134540113025
-0.0010257089436
0.0011924726555
0.00448218915789
0.00761708003845
0.00942874777519
0.00924156451799
0.0071246889293
0.00386596561129
0.000678855048064
-0.00124988266632
-0.0012022276905
0.000803386438867
0.00401903382071
0.00724613327837
0.00928170622607
0.00936696131983
0.0074693993719
0.00429534200901
0.00102653813609
-0.0011197626239
-0.00134456414473
0.000435227409602
0.00355599356215
0.00685427312665
0.00910071342992
0.0094577927259
0.00779198533168
0.00472303757205
0.00139371461087
-0.000956238740827
-0.00145196200067
9.04849680469e-05
0.00309600495892
0.00644411444354
0.00888670384017
0.00951336153834
0.00809004536313
0.00514619041858
0.00177789883037
-0.000760511995115
-0.00152396370904
-0.000228664481003
0.00264218302389
0.00601846969961
0.00864150527504
0.00953354807365
0.00836177651448
0.00556199367785
0.00217658680555
-0.000533827455331
-0.00156006018307
-0.000520309181853
0.00219724871979
0.00557972097222
0.00836627180588
0.00951816836244
0.0086055323763
0.00596798075042
0.00258738241941
-0.00027748094
-0.00155985165998
-0.000782607130047
0.00176405952801
0.0051307314647
0.00806248773716
0.00946649846079
0.00881911790279
0.00636087443541
0.00300691523846
6.15437885258e-06
-0.00152406083353
-0.00101426688324
0.00134511075735
0.00467424432002
0.00773219904847
0.00937929943803
0.00900128744154
0.00673827825888
0.00343277936565
0.000315575868818
-0.00145251469591
-0.00121349516836
0.000943043606978
0.004213042174
0.00737759560534
0.00925712939022
0.00915085218798
0.00709778197276
0.0038620589874
0.000648582389058
-0.0013460457441
-0.00137933194305
0.000560505797172
0.00375014744298
0.00700062719002
0.00910033670858
0.00926650509927
0.00743656779393
0.00429159754878
0.00100263001998
-0.00120560507326
-0.00151106965373
0.000199487963398
0.00328811541258
0.00660339419762
0.00890972443105
0.0093472006173
0.00775229170708
0.00471846623427
0.00137542584419
-0.00103204740041
-0.00160759898018
-0.000137471469144
0.00283025815898
0.0061890242624
0.0086870225028
0.00939305148481
0.0080434938863
0.0051404684764
0.001764931902
-0.000826232727466
-0.00166831801494
-0.000448057953361
0.00237924655466
0.00575975569473
0.008433189997
0.00940313077688
0.00830765096696
0.00555422221203
0.00216803956819
-0.000589941306476
-0.00169290798519
-0.000730517389348
0.00193807627622
0.00531816353785
0.00814973087396
0.00937736663289
0.0085430610411
0.00595705219895
0.00258211109099
-0.00032498240035
-0.00168180800108
-0.000983453148734
0.00150930298003
0.00486726398126
0.00783869442456
0.00931604004604
0.0087483010839
0.00634646295161
0.00300467559715
-3.26531146162e-05
-0.0016344987145
-0.00120476090337
0.00109590438509
0.00440976007039
0.00750158226554
0.00921891728879
0.0089214174536
0.00671930081629
0.00343231438618
0.000284434539518
-0.00155215663341
-0.00139382875515
0.000699831154538
0.00394821274908
0.00714048597306
0.0090867665883
0.00906141644431
0.00707327759462
0.00386238062633
0.000624348332793
-0.00143504738647
-0.00154916429753
0.000323912175297
0.00348575678083
0.00675778253153
0.00892038695785
0.00916734194132
0.0074060556718
0.00429204774595
0.000984837714754
-0.00128402862308
-0.00166986435621
-2.95236514206e-05
0.00302528039662
0.00635584426478
0.0087207512013
0.00923840385919
0.00771537404645
0.00471842365847
0.00136345555138
-0.00110019095116
-0.00175525560922
-0.000358287855483
0.00256967315989
0.00593718472567
0.00848905926826
0.00927404130436
0.00799912092736
0.00513863421852
0.00175763829973
-0.000884831553633
-0.00180488748373
-0.000660353533607
0.00212177983529
0.00550440479704
0.00822669971416
0.0092739148495
0.0082553561194
0.00554986122475
0.00216473937185
-0.000639439836469
-0.00181853730534
-0.000933867719528
0.00168439478851
0.00506020001882
0.00793526544113
0.00923792107347
0.0084823168073
0.00594933676009
0.0025820152047
-0.00036571343964
-0.00179622369717
-0.00117716116623
0.00126025571125
0.00460735818061
0.00761655540828
0.00916619913675
0.00867843033948
0.00633436303818
0.00300664977907
-6.55358405017e-05
-0.00173819609432
-0.00138875868607
0.000852009293783
0.00414870788623
0.0072725252787
0.00905910468769
0.00884240243548
0.00670241826296
0.0034359157516
0.000259221516229
-0.00164474776049
-0.0015672104041
0.000462374629627
0.00368726212557
0.00690540581393
0.00891735380563
0.00897296415149
0.00705094124064
0.00386680355471
0.000606209696314
-0.00151675068574
-0.00171162960074
9.36113505374e-05
0.00322577309543
0.0065174931704
0.00874169921997
0.00906944467254
0.00737784553567
0.00429661868423
0.000973045637843
-0.00135517303145
-0.00182120813554
-0.0002520180399
0.0027672090415
0.00611105265273
0.00853316076611
0.00913064071166
0.00768035293111
0.00472197912537
0.00135706662548
-0.0011613157097
-0.00189549870316
-0.00057254045064
0.00231411947523
0.00568844341703
0.00829272240006
0.00915620113087
0.00795664507912
0.00514033314591
0.00175588881007
-0.000936353360164
-0.00193394655597
-0.000865799738138
0.00186957024006
0.00525249882504
0.00802207781782
0.00914594906697
0.00820488311691
0.00554887485356
0.00216680941274
-0.000681860164079
-0.00193639608213
-0.00112999337467
0.00143635394835
0.00480596235776
0.00772287042353
0.00909983758553
0.0084233544959
0.00594484557243
0.00258707428664
-0.00039956216399
-0.00190292999023
-0.00136351004605
0.00101717399629
0.00435160545657
0.00739693735495
0.00901808030125
0.00861054892486
0.00632559334395
0.00301386477591
-9.14086410017e-05
-0.00183387424244
-0.00156493546042
0.00061464553368
0.00389229194712
0.00704630749919
0.00890109767084
0.00876514941348
0.00668854190086
0.00344430046614
0.000240517890299
-0.00172975899129
-0.00173306116009
0.000231285849679
0.00343088988281
0.00667313133924
0.00874955044084
0.00888606155843
0.00703124652664
0.00387551405277
0.000593968033278
-0.00159137483107
-0.00186690092411
-0.000130527907918
0.00297028957303
0.00627975079199
0.00856433221992
0.00897239912986
0.00735138765943
0.00430459592325
0.00096663473201
-0.0014196087013
-0.0019655708699
-0.000468436081486
0.00251351818094
0.00586874352983
0.00834673911298
0.00902372420626
0.00764700934694
0.00472887559921
0.00135586392648
-0.00121584238166
-0.00202875008204
-0.00078056534713
0.00206314434499
0.00544236816892
0.00809759072661
0.00903908754368
0.00791558208142
0.0051450449855
0.00175905897914
-0.000981444919528
-0.00205601598204
-0.00106487461061
0.00162217670411
0.0050034969941
0.00781878685797
0.00901868347775
0.00815565282529
0.0055506354687
0.00217354486227
-0.000718005267467
-0.00204728575784
-0.0013196217312
0.00119334566949
0.00455483794474
0.00751194187531
0.0089624560087
0.00836548633025
0.00594286340155
0.00259654570733
-0.000427322566706
-0.00200271124508
-0.00154325290666
0.000779334375243
0.00409920584192
0.00717895434759
0.00887067954101
0.00854362847498
0.00631908485634
0.00302521124711
-0.000111390835608
-0.00192268643823
-0.00173441562254
0.000382736289885
0.00363946611451
0.00682189195228
0.00874385400439
0.0086888278868
0.00667676707795
0.00345667395972
0.00022765666477
-0.00180781706523
-0.00189196435654
6.02035680592e-06
0.00317849107833
0.00644296058849
0.00858269748755
0.0088000467337
0.00701350100691
0.00388804909017
0.000587533052584
-0.00165894026314
-0.00201497332431
-0.000348467076097
0.00271917598615
0.00604452706707
0.00838816670882
0.00887647389837
0.00732700719341
0.00431643599015
0.000965797329279
-0.00147712668302
-0.00210274357095
-0.000678518859644
0.0022644116514
0.0056290864748
0.00816143100778
0.00891751943896
0.00761516001779
0.0047389688705
0.00135991325124
-0.00126353996783
-0.00215469096206
-0.0009819468626
0.00181716889569
0.00519923967847
0.00790384257505
0.00892280499464
0.00787598173804
0.005152801833
0.00176722599128
-0.00101995571797
-0.00217088443788
-0.00125730963407
0.00137987948219
0.00475763521328
0.00761701408083
0.00889222661605
0.00810777127815
0.00555523948786
0.00218506269804
-0.000747586329348
-0.00215073931737
-0.00150222930899
0.000955980725556
0.0043074237193
0.00730301220919
0.00882621969192
0.00830913683196
0.00594385618476
0.00261092571236
-0.000448413557923
-0.00209490354436
-0.00171565946851
0.000547503921309
0.00385097421018
0.00696335076785
0.00872465037953
0.00847826656672
0.00631540248301
0.00304126057926
-0.000124892354034
-0.00200399386027
-0.00189633778498
0.000157170621258
0.00339110699176
0.00660009916538
0.0085881047776
0.00861401288956
0.00666764747013
0.00347355604814
0.00022117532985
-0.00187830781884
-0.00204322068569
-0.000212685691898
0.00293084620327
0.00621559827943
0.00841748737265
0.00871554098666
0.00699827800944
0.00390489507463
0.000587312716172
-0.00171900085941
-0.00215532332511
-0.000559631467628
0.00247307493639
0.00581239653054
0.00821374010307
0.00878198528944
0.00730494203149
0.00433231579807
0.000971023425413
-0.0015271718036
-0.00223205687192
-0.000881559689189
0.00202067477817
0.00539287168032
0.00797816306431
0.0088129146802
0.00758565336939
0.00475303515543
0.00136980358637
-0.00130408656166
-0.00227298384422
-0.00117643875585
0.00157651164731
0.00495971500418
0.00771219428024
0.00880804039188
0.00783850020669
0.00516423141549
0.00178098642094
-0.00105128737513
-0.00227792550718
-0.00144244588219
0.00114337267839
0.00451564207909
0.00741747608426
0.00876729755678
0.008061752722
0.00556315667509
0.00220181407534
-0.000770507733743
-0.00224693667139
-0.00167794875839
0.000723968465558
0.00406344638505
0.00709582088563
0.00869085974171
0.0082538773049
0.00594713654775
0.00262946097009
-0.000463645127868
-0.00218031042246
-0.00188151264181
0.000320929928776
0.0036059741206
0.00674921809184
0.00857913884924
0.00841353843104
0.00631358950854
0.00306107157707
-0.000132778398973
-0.0020785751636
-0.00205190560537
-6.32168259324e-05
0.00314608932101
0.00637982797332
0.00843276948211
0.00853960993621
0.00666004996198
0.00349376504134
0.000219851434061
-0.0019424715087
-0.00218811159464
-0.000426074155868
0.0026866838773
0.00598996471669
0.00825260364652
0.00863118768198
0.00698418905066
0.00392464533472
0.000591868434529
-0.00177296712088
-0.00228934074984
-0.000765381246336
0.00223065236551
0.00558205656024
0.00803972147507
0.00868759399926
0.00728381696563
0.00435082528662
0.000980784847759
-0.00157125303229
-0.00235502407743
-0.00107902494737
0.00178086425772
0.00515865523046
0.0077954225209
0.0087083704009
0.00755690172929
0.00476946126902
0.00138399032824
-0.00133873181398
-0.00238482006124
-0.00136505974036
0.00134013803092
0.00472242134982
0.00752119928351
0.00869329293959
0.00780158784089
0.00517775563293
0.00179877642191
-0.0010769868943
-0.00237862373843
-0.00162172238256
0.000911244136758
0.00427610253518
0.00721873355702
0.00864237612686
0.00801620372217
0.00557297187171
0.0022223684724
-0.000787800221352
-0.00233656941936
-0.00184743554847
0.000496879450228
0.0038224933806
0.00688990076525
0.00855586657642
0.00819926975246
0.00595245801971
0.00265194392319
-0.000473138590579
-0.00225901144822
-0.00204082153227
9.96422070833e-05
0.00336444527511
0.00653675442948
0.00843423027052
0.00834951272396
0.00631367420385
0.00308462952253
-0.000135133843673
-0.00214653474748
-0.00220071586993
-0.000277984791638
0.00290484529275
0.00616149089795
0.00827816864339
0.00846587716677
0.00665419373659
0.00351752790126
0.000223949823605
-0.00199995663611
-0.00232616985536
-0.000633637855829
0.00244659154992
0.00576644940252
0.00808861369621
0.0085475203196
0.00697172161872
0.00394775121228
0.000601699560737
-0.00182032115743
-0.0024164523919
-0.000965095515012
0.00199255829736
0.00535410806505
0.00786670988612
0.00859382554652
0.0072641142537
0.00437243222331
0.000995575076749
-0.001608869207
-0.0024710631538
-0.00127029729069
0.00154560309594
0.00492706282864
0.00761380057436
0.00860440954323
0.00752939532571
0.00478873049902
0.00140293501142
-0.00136705259237
-0.00248973859244
-0.00154735136073
0.0011085420845
0.00448798827057
0.00733144062517
0.00857912460397
0.00776575950081
0.00519385848626
0.00182106654171
-0.00109652707429
-0.00247244093947
-0.00179454450525
0.000684125732227
0.00403964067156
0.00702138378332
0.00851804324988
0.00797158947322
0.00558511075041
0.00224717423048
-0.000799138609256
-0.00241936127434
-0.00201035944242
0.000275013009428
0.00358484586499
0.00668555387544
0.00842147569842
0.00814547021804
0.00595987113682
0.00267840572724
-0.000476887143366
-0.00233092836549
-0.00219348426223
-0.000116226986606
0.00312647487252
0.00632603429281
0.00828996819645
0.00828619135613
0.00631562420454
0.00311188188818
-0.000131942448429
-0.00220780659159
-0.00234281307741
-0.000487138932102
0.00266740597656
0.00594507352656
0.00812429506098
0.00839275505619
0.00664997926383
0.00354471995549
0.000233371438375
-0.0020508722268
-0.00245745970853
-0.000835402789036
0.00221052878351
0.00554506655235
0.00792543688786
0.00846438833632
0.00696069057498
0.00397402950393
0.000616596980779
-0.00186121957482
-0.00253676745192
-0.00115884786261
0.00175872603383
0.0051285186099
0.00769459922878
0.00850054974141
0.00724566239936
0.00439693997919
0.00101518042246
-0.00164016265972
-0.00258030645686
-0.00145545831321
0.0013148480874
0.00469803925493
0.00743320191049
0.00850091863691
0.00750296352692
0.0048107359535
0.00142658517778
-0.00138909544536
-0.00258769722944
-0.00172322225134
0.000881853883159
0.00425652220427
0.00714304546424
0.00846559993546
0.00773104006311
0.00521253591442
0.00184785713678
-0.00110992385904
-0.00255932107573
-0.00196082818114
0.000462123018066
0.00380638228154
0.00682554218651
0.00839435861727
0.00792794572976
0.0055995849403
0.00227620456423
-0.000804512839309
-0.0024952745002
-0.0021666485369
5.8473779219e-05
0.00335064919576
0.00648287461497
0.00828777601074
0.00809251793955
0.00596937476188
0.00270882020627
-0.000474874850944
-0.00239604920781
-0.00233942673705
-0.00032645405993
0.00289226177819
0.00611729606794
0.00814656907817
0.00822372610676
0.00631955377035
0.00314294903623
-0.000122997820678
-0.00226213016433
-0.0024778386863
-0.00069028385663
0.00243415831029
0.00573098387536
0.00797149009216
0.00832054783328
0.0066476733478
0.00357559850806
0.000248355039428
-0.00209490421246
-0.00258164207736
-0.00103098886125
0.00197890569514
0.00532621657074
0.00776341652052
0.00838210866637
0.00695136612679
0.00400376611576
0.000636926364753
-0.00189538134368
-0.00264996971133
-0.00134619775939
0.001529644278
0.00490574740968
0.00752390556346
0.00840822960519
0.0072288840948
0.0044247445815
0.00104001841742
-0.00166473306262
-0.00268228603275
-0.00163400723531
0.0010891165264
0.00447210892166
0.007254148049
0.00839835436307
0.00747803527272
0.00483557404512
0.00145493946904
-0.00140483365265
-0.00267876146286
-0.00189269573768
0.000660066219335
0.00402802340929
0.00695604482495
0.00835271155743
0.0076974113062
0.00523383506148
0.00187919457844
-0.00111706649309
-0.00263911923451
-0.00212036452674
0.00024548457684
0.0035765634417
0.00663140398263
0.00827146269522
0.00788534587936
0.00561642951227
0.00230951139824
-0.000803837906981
-0.00256416339367
-0.00231609298398
-0.00015249769523
0.00312012370333
0.00628206373791
0.00815489855275
0.00804049136855
0.00598101774047
0.00274325022228
-0.000467028270292
-0.00245412282242
-0.00247835077302
-0.000531093261578
0.00266194403769
0.0059104932375
0.00800395431702
0.00816199847654
0.00632530648959
0.00317768175743
-0.000108670667628
-0.00230985090547
-0.00260623727425
-0.000887864982809
0.00220461126474
0.00551869775173
0.0078192132868
0.00824868264203
0.00664669973575
0.00360955024027
0.000268310704395
-0.00213273422036
-0.00269935814881
-0.0012209980324
0.00175110367566
0.00510928572718
0.00760206738507
0.00830019433452
0.00694319011591
0.00403618422161
0.000661779954874
-0.00192336615206
-0.00275655637746
-0.00152783261885
0.0013046058661
0.00468507511347
0.00735372912915
0.00831580138591
0.00721266064044
0.00445470728299
0.00106894754994
-0.00168364418655
-0.00277802318931
-0.00180690508708
0.000867587014605
0.00424840326424
0.00707586575574
0.00829588950729
0.00745371463311
0.00486263529068
0.00148750901301
-0.0014147265617
-0.0027632132994
-0.00205592768235
0.000443059722094
0.00380256739107
0.00677021496012
0.00824017643912
0.00766442136614
0.00525699648818
0.00191432056024
-0.00111871001297
-0.00271254274124
-0.00227382587433
3.35651137433e-05
0.00334956316634
0.00643831727134
0.00814868246099
0.00784307494336
0.00563489902118
0.00234633626548
-0.000797872227962
-0.00262662517764
-0.00245925358784
-0.000358418641228
0.00289277235253
0.00608261608349
0.00802229942301
0.00798880691238
0.00599417945399
0.0027810403062
-0.000453976529135
-0.00250605648066
-0.00261112243334
-0.00073046518302
0.00243481101958
0.00570507028967
0.00786151187033
0.00810034978822
0.00633218688629
0.00321527993917
-8.95246317136e-05
-0.00235150131815
-0.00272833434161
-0.00108005335447
0.0019788493014
0.00530831896024
0.00766758282737
0.00817724261421
0.00664699391983
0.00364651622989
0.000293207523875
-0.0021640307534
-0.00281021205211
-0.00140507378416
0.00152760350969
0.00489471380001
0.00744135814516
0.00821843648405
0.00693601258113
0.00407139382139
0.000691347821006
-0.00194527209001
-0.00285660698077
-0.00170356282285
0.00108387174223
0.00446678316276
0.00718442093291
0.0082239148457
0.00719761849357
0.00448741965404
0.00110255083774
-0.00169633495809
-0.00286692591793
-0.00197353454193
0.00065058116989
0.00402736502223
0.00689833969332
0.00819351225821
0.00742998313343
0.0048917556826
0.00152399735353
-0.00141903165533
-0.00284129396542
-0.0022133546574
0.000230430279471
0.00357919794033
0.00658489573883
0.00812734961129
0.00763152617702
0.0052817127002
0.00195287911915
-0.00111522557369
-0.00277995315479
-0.00242154222877
-0.000173929408952
0.00312510845637
0.0062460518911
0.0080257795019
0.00780086955329
0.00565468995158
0.00238633942633
-0.00078695853337
-0.00268337782849
-0.00259682043014
-0.00055995174827
0.00266796745347
0.00588392854133
0.00788938712274
0.00793684334836
0.00600819542629
0.00282150254431
-0.00043643376477
-0.0025522616784
-0.00273812676343
-0.000925211106801
0.00221066851988
0.00550079406437
0.00771898778943
0.00803849189026
0.00633986434509
0.00325547648424
-6.60008854507e-05
-0.0023875259317
-0.00284462102331
-0.00126741156004
0.00175610245841
0.00509905973229
0.00751561228496
0.00810508349355
0.00664747765894
0.00368537380705
0.000321873970685
-0.0021903126899
-0.0029156832168
-0.00158440675994
0.00130713729594
0.0046812609108
0.00728050135157
0.00813611674248
0.00692896975134
0.00410833297541
0.000724606643158
-0.0019619771779
-0.00295092373125
-0.00187421532853
0.000866611693008
0.00425003455044
0.00701510664305
0.0081313194836
0.00718244327011
0.00452154510974
0.00113951311011
-0.00170406549098
-0.00295018664984
-0.00213503243544
0.000437311503444
0.00380809615822
0.00672108024264
0.00809064767642
0.00740618424681
0.0049222626269
0.0015638277394
-0.00141831803036
-0.00291355242301
-0.00236523807568
2.19484725211e-05
0.00335823907257
0.00640025848722
0.0080142931152
0.00759867316531
0.00530781565207
0.00199473386686
-0.00110665959315
-0.00284132644034
-0.00256341113088
-0.000376861119831
0.00290331072949
0.00605464202618
0.00790268203855
0.00775849696757
0.00567553900622
0.00242928217843
-0.000771265483815
-0.00273415052194
-0.00272844669016
-0.000756569612393
0.00244621463752
0.00568641280503
0.0077564690888
0.0078848188455
0.00602325062967
0.00286484883324
-0.000414114051333
-0.0025924334122
-0.00285896417673
-0.00111472081451
0.00198992198102
0.00529810628817
0.00757674711311
0.00797679588157
0.00634867150759
0.00329858560331
-3.75906643439e-05
-0.00241738498037
-0.00295446290257
-0.00144922516539
0.00153711505799
0.00489163807725
0.00736419685805
0.00803318390031
0.0066490483324
0.00372701227632
0.00035523028108
-0.00221032788973
-0.00301445869006
-0.0017578116066
0.00109093230446
0.00447010499156
0.00712041417887
0.00805408152239
0.00692289618297
0.0041478529404
0.000762372903217
-0.00197263947757
-0.00303863645387
-0.00203888389925
0.00065377277545
0.00403576150761
0.00684669815364
0.00803898569887
0.00716807170987
0.0045579984461
0.00118072046043
-0.00170591785215
-0.00302676653667
-0.00229030761436
0.000228830974416
0.003591677916
0.00654500759214
0.00798825933531
0.00738325218213
0.00495511161464
0.00160792116443
-0.00141163344684
-0.00297898120958
-0.00251060317565
-0.000181384082585
0.00314052279699
0.00621719458988
0.00790188671619
0.00756666458182
0.00533612879238
0.00204070997061
-0.00109219378167
-0.00289578347948
-0.00269852395092
-0.000574289203851
0.00268512401399
0.0058650095045
0.00778030473856
0.00771709841686
0.00569860374521
0.00247629101482
-0.000749660339964
-0.00277782969226
-0.00285294007234
-0.000947462525127
0.00222846370184
0.00549105666011
0.00762450928676
0.00783359587178
0.00604016883698
0.00291184571262
-0.000386211864447
-0.00262580092843
-0.00297287228882
-0.00129850377879
0.00177313485388
0.00509727752531
0.00743507731964
0.00791528408788
0.00635859117711
0.00334451899921
-4.43006124936e-06
-0.00244096346081
-0.00305775532466
-0.00162535469594
0.0013221852597
0.00468634577587
0.00721339765638
0.00796152334049
0.00665171469556
0.00377141519982
0.000393434279698
-0.00222421881638
-0.00310666017614
-0.00192548125959
0.000878846456746
0.00426119665899
0.00696105954713
0.00797227734824
0.00691769913092
0.00418991874397
0.000804734426527
-0.00197707572888
-0.00311950987739
-0.00219737901165
0.000445549844414
0.0038242414042
0.00667943095372
0.00794714782682
0.00715468948584
0.00459692757528
0.00122634620689
-0.0017016976267
-0.00309659060755
-0.00243925935003
2.51571357427e-05
0.00337814148692
0.00637015895598
0.00788605509738
0.00736084804105
0.00498980117648
0.00165576307165
-0.00139948289772
-0.00303805513056
-0.00264988687198
-0.000379967769983
0.00292576180002
0.00603506831774
0.00778945335741
0.00753489074248
0.00536582742086
0.00209002688286
-0.00107259244883
-0.00294410209773
-0.00282759846716
-0.0007669335008
0.00246989564271
0.00567655250345
0.00765800619328
0.0076758446713
0.00572285925866
0.00252633264278
-0.00072327372719
-0.00281561464724
-0.00297158380476
-0.00113331601259
0.00201373280233
0.00529685361113
