1.0
0.999990512367
0.999963186662
0.999813889714
0.99956650138
0.999501282072
0.999419010525
0.999416044577
0.99919209881
0.998951609726
0.998199117821
0.997922300283
0.997776813743
0.997821409403
0.997439517666
0.99709056239
0.996175836884
0.995394995043
0.995273925568
0.995280857935
0.995006486033
0.994284862943
0.993592336397
0.992293867532
0.992104475137
0.992036534697
0.99204366404
0.990977722941
0.990356160653
0.989008709894
0.988496582963
0.988445450143
0.988585084376
0.987599183036
0.986616552446
0.985626168708
0.984730335132
0.984750082426
0.98480120067
0.98419284781
0.982704191465
0.982009599246
0.980999568865
0.980995683149
0.980918606173
0.980644174726
0.978915215477
0.978080995081
0.977273530212
0.977136503272
0.977019151219
0.976779184436
0.975177784984
0.973888199738
0.973332338904
0.973081593268
0.972950876792
0.972560010433
0.97115269564
0.969360682628
0.968890867271
0.968617077374
0.968474577522
0.967780377787
0.966644361184
0.964363806995
0.963738354644
0.963486578699
0.963392591637
0.962266346828
0.961231714553
0.958761167934
0.957648049319
0.957461990875
0.957446184765
0.956019504445
0.954630342995
0.952371387429
0.950495572133
0.950383071821
0.950347323481
0.949063891679
0.94675644632
0.945016403428
0.942425908748
0.942196627094
0.942051263205
0.941318544614
0.938044550438
0.936289702178
0.933664544428
0.93291474245
0.932756209398
0.932422712569
0.929079560315
0.926290267692
0.924246953588
0.922789977195
0.922758401248
0.922354780263
0.919865052166
0.91567381062
0.914059434745
0.91224548964
0.912273046276
0.911550031665
0.910168066953
0.905256505326
0.903103939181
0.901564672288
0.901404898727
0.900592683814
0.899558664254
0.895360933369
0.891851475097
0.890806208475
0.890364291679
0.889806390084
0.88835921007
0.885439328393
0.880882643497
0.879866617049
0.879336138356
0.879124646398
0.87705427555
0.875106235309
0.870397403005
0.868743583165
0.868357852162
0.868341025244
0.86595172324
0.863929258144
0.860090490549
0.857470339546
0.857268049278
0.85726108396
0.855076704409
0.852110763873
0.849281429444
0.845980097936
0.845765458178
0.845649753719
0.84402578799
0.83985303734
0.837554318679
0.834109161721
0.833582440459
0.83333663611
0.83238561911
0.827373763981
0.824476461843
0.821578515367
0.820460208903
0.820214023284
0.819523417956
0.814889256935
0.81022179836
0.808056952196
0.806333072395
0.806241387849
0.805208922993
0.801805617406
0.795344737964
0.793238568745
0.791331267213
0.791352033166
0.789744834551
0.787589419277
0.780449237231
0.777092873807
0.775583466221
0.775447173619
0.773729345138
0.771616394229
0.765784844227
0.760240140397
0.759178990141
0.758722506836
0.757574210471
0.75441430854
0.750455841454
0.743543152127
0.742117286128
0.741553409257
0.741168284472
0.737035952496
0.734035800614
0.727436586845
0.72469974241
0.724342058298
0.724342638964
0.720279206554
0.71646590393
0.711668161599
0.707442648504
0.707274541228
0.707184244642
0.704274265768
0.698737571721
0.695381107206
0.690670390529
0.690265256298
0.68994894924
0.688286961541
0.681719711733
0.678348067286
0.674303331904
0.673263773624
0.672867788889
0.671913566356
0.665542414497
0.660684616445
0.657827395945
0.656148466511
0.655872362712
0.654780199192
0.649904683398
0.642945694772
0.640698378912
0.638768376413
0.63867090924
0.63691207814
0.633587767658
0.625507409943
0.622608934335
0.62095211709
0.620932090524
0.618571773999
0.616025026097
0.608246820985
0.603543429252
0.602417449484
0.602264584149
0.599962418402
0.59669544405
0.59082614075
0.583896082331
0.58295849549
0.582572388001
0.581073931098
0.5761456176
0.571985023759
0.564158678439
0.562406119243
0.561988815681
0.56142543075
0.555447337755
0.551361084232
0.54442803486
0.540988282561
0.540799924747
0.540628069119
0.535183509424
0.529205255677
0.524331116381
0.519292454897
0.519229403028
0.518815606366
0.515302877853
0.506941230038
0.503081525549
0.497843810277
0.497342675696
0.496615897795
0.494778341952
0.48588282138
0.480849350344
0.476770197173
0.475381790786
0.47471747829
0.47337317782
0.465963744554
0.458470667764
0.455685234468
0.453631087523
0.453333719283
0.451357137104
0.446582941519
0.437092980935
0.434293358616
0.432298736008
0.432274295821
0.429504836264
0.426324021453
0.417104101768
0.412701294396
0.411329000675
0.411296394324
0.408353768053
0.405095084323
0.397686321497
0.39123511665
0.390330825414
0.390121342513
0.387771666652
0.383061584868
0.37801670312
0.370178791177
0.368995805923
0.368656498237
0.36733217225
0.360958129715
0.356844532298
0.349385367219
0.347025163472
0.346769350401
0.346221415015
0.339437220632
0.334140045825
0.328274170034
0.324393739178
0.324345483807
0.32390598627
0.318268109418
0.310388241174
0.306199371318
0.301318676391
0.30128334503
0.300399244162
0.296934055513
0.286783503884
0.282511125222
0.27795078972
0.277412742612
0.276192769776
0.274115807079
0.264267558191
0.257595229335
0.254285073088
0.252895234579
0.251912247493
0.249696194707
0.242215787117
0.232581832869
0.230026177572
0.228117230861
0.227758661753
0.22440617314
0.219840233087
0.208761437336
0.205200853652
0.203540819066
0.203587538757
0.199542942364
0.19590613418
0.186469345534
0.180414753671
0.179413196139
0.179388415671
0.175942872378
0.171097954215
0.164550115114
0.15653426021
0.155623528796
0.155352316447
0.153288189936
0.146582641073
0.142143275988
0.134023719261
0.132177094261
0.131855265322
0.13103825088
0.123515530503
0.118620457052
0.112370753328
0.109071949157
0.108932966704
0.108493128195
0.102164240302
0.0948487988036
0.0906241052534
0.0863974986844
0.0863688677776
0.0855520774856
0.0813433104333
0.0717513039839
0.0680582504849
0.0641110356701
0.0638544377486
0.0624591166596
0.0602215304704
0.0503372704564
0.0446402320219
0.0419918354906
0.0411676015226
0.0397217470758
0.0376360129424
0.0311779024657
0.0222507098437
0.0209296733873
0.0196945087618
0.0193937704157
0.0158689314357
0.0168664498273
0.0149138024557
0.0145491890758
0.0156174981669
0.0166667590709
0.0184930021169
0.0234914958608
0.0334975557042
0.035393882935
0.0366368700211
0.0367984825839
0.0415532208528
0.0452915685662
0.0549849582204
0.0603492346106
0.0609183051542
0.0609686638737
0.0653299650933
0.0709285516834
0.0775227614734
0.085363132548
0.0859048982188
0.0862169319542
0.0887911176806
0.0966887500678
0.101377873649
0.109470478185
0.111098264828
0.111467546574
0.112540083546
0.121058873486
0.126601193613
0.132689180523
0.135961991738
0.136084211859
0.13679933255
0.143585459235
0.151816665107
0.1559040677
0.16004941533
0.160023241262
0.161174103137
0.16548246081
0.175537139117
0.179400317683
0.183150323427
0.183353238185
0.184957531748
0.187541174179
0.19750603782
0.203032479999
0.205612525546
0.20627915845
0.207827371609
0.210326438218
0.218017432161
0.22611473782
0.227903973645
0.228898197336
0.229939623831
0.233547247289
0.238738874794
0.248170089886
0.25040816306
0.251331194267
0.251736406214
0.256511045735
0.26041308816
0.269431995328
0.273275494251
0.273813369227
0.273876396227
0.278818580386
0.2835697429
0.290333207069
0.296278585068
0.296519053295
0.296679263419
0.300426050458
0.307495777674
0.312210025667
0.319112937626
0.319717607047
0.320120955319
0.322185616855
0.330871477729
0.335473112244
0.341651163953
0.343396404246
0.343793391323
0.344839123764
0.353124544467
0.35982703612
0.364152151827
0.367200593138
0.367306280426
0.368513116984
0.374325635
0.38386986483
0.387188143412
0.39064848734
0.390607628718
0.392461119015
0.39588787194
0.406239204709
0.410638535262
0.413381004824
0.413613396042
0.415668594346
0.418203093606
0.427016991963
0.433738544152
0.435499117003
0.436171008844
0.437683357963
0.440955451451
0.446790520881
0.455477474335
0.45713748385
0.457963034579
0.458669882651
0.463094522035
0.466997733806
0.475480941702
0.478274362816
0.478839148136
0.479014192936
0.483797161854
0.487672276708
0.494414920733
0.498720824472
0.498962453785
0.49904542195
0.503137083448
0.508466402707
0.513001810942
0.518342900051
0.518585806691
0.51885596078
0.521551862904
0.528661146262
0.53223724892
0.537347407248
0.538084893862
0.538525568158
0.540024816349
0.547646983458
0.552168434503
0.556129733045
0.557671180561
0.558060313026
0.55917180406
0.565762503867
0.572445111708
0.575170969248
0.57738422558
0.577510049655
0.579123312769
0.58350550347
0.592284031799
0.594931307255
0.597154513747
0.597120241786
0.59939133164
0.602197683243
0.610947484936
0.61524986146
0.616828406233
0.616970109544
0.619235165926
0.622046597697
0.628908951386
0.635417188257
0.636470600013
0.636934998374
0.638401124418
0.642397278784
0.646754673301
0.65453768309
0.65602467744
0.656563744209
0.657090192816
0.662005775671
0.665409531817
0.67223285935
0.675147244927
0.675429012388
0.675525465748
0.680009276855
0.684332675566
0.689116308129
0.693304241071
0.693405635856
0.693589846851
0.696692249756
0.702493755141
0.705698402941
0.710129657762
0.710472572804
0.710866152758
0.712527975962
0.719064434476
0.722299122699
0.725800372304
0.726701290462
0.727123893882
0.728119855727
0.733875233382
0.738454922862
0.74078887299
0.742146779219
0.742436890122
0.743546416063
0.747800794246
0.753737807328
0.755514597965
0.75694673653
0.757051600545
0.758694759561
0.761394713782
0.768009017099
0.770231990817
0.771360465957
0.771365651169
0.773417436298
0.775514608483
0.781345186132
0.784928522223
0.785603281981
0.785677140506
0.787588753158
0.790258955328
0.794543848986
0.799427578161
0.799947095023
0.800169742167
0.801389478144
0.805190230483
0.808078719523
0.813452506567
0.814494338538
0.814736588616
0.81520895019
0.819619230524
0.822486058445
0.826906980236
0.829085824469
0.829147266648
0.829346502198
0.833064423639
0.837245824306
0.840231208733
0.843286581713
0.843255630512
0.843620478857
0.84591428689
0.851291485184
0.853622200408
0.85663933239
0.856886186207
0.857418794414
0.858541770053
0.863921988115
0.866927444724
0.869074317459
0.869828254748
0.870243510081
0.871111051906
0.875073208278
0.879361755335
0.880747182276
0.881778695743
0.881948397508
0.88311654569
0.885531886523
0.89029017744
0.89169773946
0.892568488006
0.892596101833
0.894026196407
0.895543477252
0.899791604186
0.901800628546
0.902317118332
0.902340063556
0.903725544464
0.905234752461
0.908260645159
0.910922938477
0.911219791464
0.91127860481
0.912365382607
0.914373131191
0.916377822105
0.919203588085
0.919542089881
0.919623758023
0.920304209952
0.922829857709
0.924358376781
0.926940935179
0.927534389787
0.927603062544
0.927936441425
0.930651765427
0.932452726833
0.934377573706
0.935389428404
0.935369127087
0.935613650922
0.937857361358
0.940551537113
0.941839688114
0.943171644279
0.94306754287
0.943471487679
0.944892036993
0.948282492501
0.949489234978
0.950772473751
0.950761906863
0.951301760889
0.95210780058
0.955400458908
0.957242369625
0.958109021659
0.958370067215
0.958779930746
0.959575738373
0.961854784386
0.964580454396
0.965152126866
0.965604649036
0.965740180848
0.966811541915
0.968094473006
0.970949179836
0.971759546823
0.972128179392
0.972113468614
0.973202867
0.97410561151
0.976264128364
0.977551959983
0.977730623314
0.977738946579
0.978478274214
0.97949956345
0.980692507986
0.982157941678
0.982303341371
0.98235187517
0.982697886564
0.98378576813
0.98446214312
0.985554994824
0.985798011464
0.985824449805
0.985982264275
0.986861665104
0.987399495876
0.987993549686
0.988217698581
0.988228788113
0.988325644056
0.988981205894
0.989415089357
0.989686342067
0.989749787615
0.989755662041
0.989825023509
0.990350313445
0.990712936057
0.990769776048
0.990717836186
0.990646276008
0.990761932842
0.991145210806
0.991572835368
0.99139082735
0.991337032391
0.991141910516
0.991372508895
0.991572991698
0.992138363388
0.991838024652
0.991717531293
0.991497731729
0.991764414926
0.991916989804
0.99241194651
0.992300089728
0.99197004236
0.991845565477
0.992000327731
0.992286510679
0.99249948242
0.99264199379
0.992167524963
0.992106837602
0.992127216352
0.992489250239
0.992496616621
0.992646517456
0.992227057878
0.992111883006
0.992102304749
0.992326861981
0.992255815255
0.992209345534
0.991874945579
0.991679517118
0.991693684235
0.991719833269
0.991461625952
0.991193989726
0.99080453507
0.990557496097
0.990562257361
0.99050696109
0.989922223325
0.98935082736
0.988862945643
0.988490718938
0.988482116685
0.98838805002
0.987621670824
0.986462372692
0.985942311491
0.985346841572
0.985352441966
0.985119261922
0.984508067439
0.98262312982
0.981850048699
0.981152859428
0.981097210321
0.9807296323
0.980249879954
0.978170534218
0.976600589953
0.976020687175
0.975769925119
0.975479979482
0.974771101223
0.973130191998
0.970595724095
0.970012030387
0.969596173406
0.969550714013
0.968410008676
0.967336947462
0.964364935409
0.963268967351
0.962900498374
0.962999228506
0.961732263376
0.960589764765
0.958146858249
0.956167647535
0.955944375523
0.955980300913
0.955082810019
0.953315225846
0.951660455682
0.949139838799
0.948835334097
0.948764741477
0.948355598787
0.946045120168
0.944704693686
0.942329931359
0.941644088611
0.941571150799
0.94143284288
0.939045084965
0.93724664774
0.935500525039
0.934392264043
0.934377627982
0.934209258582
0.932236643433
0.929562387276
0.928280167415
0.926988962639
0.926983722127
0.926618984965
0.925137793032
0.921723522449
0.920397838359
0.919202373814
0.919144172821
0.918519949529
0.917460018207
0.913655894483
0.911663085463
0.910732256981
0.91056928862
0.909789168046
0.908687367414
0.905286014902
0.902058949014
0.901353980926
0.901039059883
0.900381513556
0.8986441389
0.896043889395
0.891719145851
0.890826873784
0.890429434541
0.890131385834
0.88755964778
0.88553024973
0.880878771143
0.879108007774
0.878810489038
0.878788656278
0.875934407748
0.873361065267
0.869598998741
0.866473527791
0.866332518691
0.866270648745
0.864095621949
0.860063089015
0.857354305771
0.853415662681
0.853082344459
0.852839256007
0.851702249862
0.846626674818
0.843955068472
0.840311488137
0.83928656472
0.839028900916
0.838515890739
0.833666248992
0.829679054698
0.827084927637
0.825276900825
0.825200147243
0.824555580098
0.821163442113
0.815457491109
0.813428798031
0.811378942352
0.811403106841
0.810326701982
0.808262290311
0.801996412218
0.799337878937
0.797701058049
0.797601739705
0.796309697154
0.79474053015
0.78916372489
0.785086066179
0.784000936858
0.78368569622
0.782564722027
0.780472443401
0.776472974461
0.77100270453
0.770008451764
0.769584323046
0.768879899634
0.76578486919
0.762904073446
0.75708889761
0.755456466312
0.755112721124
0.754828045286
0.751010535548
0.748158836936
0.742978898832
0.740206340115
0.740039506643
0.739940049249
0.736190061931
0.732034578273
0.728210435841
0.724261149879
0.724169061011
0.72392511376
0.721209530967
0.715080470857
0.712014222955
0.707692178026
0.707276743988
0.706788094881
0.705247107664
0.698132669311
0.694219598408
0.690545229677
0.689350463937
0.688857532545
0.687799910482
0.681375428134
0.675220833877
0.672597920339
0.670609034543
0.670412594268
0.668866346774
0.664569668521
0.656155568161
0.653607892028
0.651456602713
