0.0
0.0158102829946
0.0223513373591
0.0273672895238
0.0315901872393
0.0353048667057
0.0386598037849
0.0417398485442
0.044603783883
0.047297139493
0.0498446764316
0.0522619812327
0.0545679681164
0.0567745897025
0.0588909169691
0.0609339601222
0.0629143001441
0.0648314267378
0.0666908242552
0.0684997843957
0.0702559830913
0.0719623188749
0.0736290359181
0.0752554569455
0.0768426912125
0.0784038562755
0.0799385145009
0.0814370008866
0.0829028538629
0.0843392546427
0.0857441369085
0.0871270617914
0.0884964854632
0.0898441074698
0.0911659829484
0.0924685313609
0.0937486379961
0.0950040936906
0.0962450179238
0.0974710292836
0.0986756921457
0.0998683728366
0.101052337533
0.102216432243
0.103361550516
0.104493368822
0.105607643574
0.106708324032
0.107805113668
0.108891833215
0.109960883398
0.111018359459
0.112064257712
0.113093592617
0.114115114581
0.115132037599
0.116134217609
0.117125048529
0.118111801564
0.119087110529
0.120049987505
0.121007155606
0.121953764979
0.122887283242
0.123817167977
0.124743285475
0.125657483351
0.126563111472
0.127462827326
0.128350801785
0.129231951231
0.130112539813
0.130983593633
0.13184268717
0.132698093386
0.133547921849
0.13438959649
0.135228128549
0.136060282799
0.136880346489
0.137694929983
0.13850846352
0.13931500716
0.140114575409
0.140910859843
0.141699725473
0.14248181834
0.143262888251
0.144037915151
0.14480277601
0.145564053294
0.146322991313
0.147076062236
0.147825496803
0.148570823774
0.149307314829
0.150038011625
0.15076787588
0.151493627249
0.152213370796
0.152930311097
0.153643218851
0.154350330904
0.155054575736
0.155754985934
0.156448832868
0.157139229977
0.157827435893
0.158510675746
0.159189542231
0.15986559737
0.160537370792
0.161204931122
0.161870052941
0.162531559116
0.163188072513
0.163841071538
0.164491246299
0.165138238835
0.165782578372
0.166423894162
0.167061376574
0.167695080602
0.168324676624
0.168950049332
0.169572584926
0.170193506928
0.170812637738
0.1714292735
0.172042134349
0.172650643363
0.173255374977
0.173855892371
0.174452817305
0.175049282082
0.175645862522
0.176239918492
0.176830298263
0.177415971481
0.177995678023
0.178572439266
0.179149838077
0.17972655535
0.180301050273
0.180873700733
0.181442494167
0.182006238669
0.182567265108
0.183124660518
0.183677089926
0.184230351434
0.184787140542
0.185341570354
0.185890712504
0.186434864798
0.186973030156
0.187509071244
0.188048472864
0.188588331312
0.189124113099
0.189657514413
0.190188209888
0.190713585842
0.191236552758
0.191758059129
0.192274911059
0.192791646769
0.193312706872
0.193831570178
0.194344114559
0.194852895041
0.195357464996
0.195859422488
0.196364611072
0.196871248979
0.197373271659
0.197872238045
0.198369630878
0.198861884007
0.199351510382
0.199842477464
0.200330710154
0.200816278614
0.201304026429
0.201790147037
0.202270881901
0.202749905656
0.203226794398
0.203699366854
0.204172524516
0.204648256512
0.205121175265
0.205590543762
0.206058456532
0.206522061089
0.206982881045
0.207446614149
0.207909877533
0.208368403195
0.208825868531
0.209282613315
0.209736157245
0.210189073997
0.210640895977
0.211087602401
0.211532438835
0.211980167737
0.212427361291
0.212870820856
0.213312175747
0.213750759607
0.214187237696
0.214626158587
0.21506533787
0.215499424295
0.215930822025
0.216362272799
0.216792053676
0.217220664034
0.217648275497
0.218072013579
0.218493358653
0.218916796376
0.219340579953
0.219760721119
0.220178068561
0.220594095653
0.221009161293
0.22142497475
0.221840618693
0.222252905099
0.222662784172
0.223072188441
0.223479766323
0.22388521206
0.224289769369
0.224693201794
0.225095665175
0.22549836972
0.22590027393
0.226299063521
0.226694907831
0.227089521868
0.227484033618
0.227878878551
0.228273338633
0.228666379183
0.229057684212
0.229446537947
0.229832476071
0.230216780408
0.230601288155
0.23098667576
0.23137225282
0.23175644116
0.232138099935
0.232517445368
0.232894188024
0.233268297209
0.233642492627
0.234018645736
0.234395319986
0.234771154004
0.235144747636
0.235513722694
0.235879181873
0.236245336615
0.236613320575
0.236981907317
0.237350518365
0.237717264577
0.238080529706
0.238441993985
0.238801596262
0.239157158407
0.239512292707
0.239871875489
0.240233280633
0.240592560591
0.240948462407
0.241299162511
0.24164665015
0.241996910936
0.242350386363
0.242703000317
0.243054288681
0.243404348197
0.243750985781
0.244095475146
0.244439189337
0.24477942536
0.245118653602
0.245462903726
0.245809223956
0.246151875209
0.246490886499
0.246826195278
0.247158696645
0.247493857384
0.247832681119
0.248169998909
0.248504978656
0.248839392495
0.249170704717
0.249499005235
0.249827989152
0.250156121766
0.250482569044
0.250811725254
0.25114209282
0.251468671025
0.251792777794
0.25211548752
0.252435106076
0.252754892427
0.253078130546
0.253401363075
0.253722233117
0.254042085514
0.25435898878
0.254672546429
0.25498791076
0.255305259636
0.25562055866
0.255935061159
0.256249569595
0.256561662601
0.256872712618
0.257183654758
0.257491189925
0.257796542005
0.258104790798
0.258415043806
0.258723385864
0.259029445412
0.259332794361
0.259633711927
0.259936759135
0.260242719086
0.260546580314
0.26084759628
0.261148070438
0.261447504676
0.261746177236
0.262044641344
0.262340445836
0.262633777988
0.262929150088
0.263227120081
0.263523477536
0.263816516308
0.264107255389
0.264397093324
0.264688501362
0.26498178618
0.265273807608
0.265563517103
0.265852300981
0.266139849013
0.266425829651
0.266711178559
0.266995829936
0.267279945039
0.267565051676
0.267851045896
0.268135353773
0.268416441889
0.268695336398
0.268974052449
0.269253989521
0.269534926665
0.269815805119
0.2700959169
0.270374153594
0.270649466722
0.270922765136
0.271196080295
0.271470766185
0.271746800141
0.272022793023
0.272297256666
0.272569867474
0.272840267378
0.27310787778
0.273374734309
0.273643509179
0.273913927835
0.274185072507
0.274455911933
0.27472334728
0.274986217691
0.275247991082
0.275511622304
0.275777239747
0.27604437055
0.276311037353
0.276574768426
0.276836434876
0.277096971111
0.2773541856
0.27760943596
0.277867889064
0.278129755813
0.278391882067
0.278652556636
0.278908995988
0.279160558234
0.279412423094
0.279667911419
0.279924862833
0.280181912257
0.280438597436
0.280692521249
0.280943841338
0.281194593286
0.281442776635
0.281688655689
0.281938172121
0.282191785326
0.282444335004
0.282694174985
0.282940596131
0.283183015959
0.283425997493
0.283673118547
0.283921248899
0.284168172291
0.284414952852
0.284659658731
0.284900927266
0.285141853839
0.285382638969
0.285621928472
0.285863346714
0.286107616993
0.286349909423
0.286589510138
0.286827659998
0.287062846846
0.287297008704
0.287534387413
0.287773640201
0.288011855325
0.288249497479
0.28848511597
0.28871682753
0.288948427517
0.289182533785
0.28941648714
0.289650154135
0.289884372117
0.29011672476
0.290347416025
0.290578153498
0.290806543995
0.291032174089
0.291259717048
0.291490471548
0.291721184887
0.291950271592
0.292176815172
0.292400010533
0.292623503983
0.29285059408
0.293078324192
0.293304215076
0.293529169402
0.293752893634
0.293975566805
0.294198342514
0.294419461686
0.294637843745
0.29485719373
0.295079976396
0.29530332802
0.295524148431
0.295741995117
0.295957744658
0.296174086497
0.296393068668
0.296612965941
0.296831722223
0.29704933234
0.297265480237
0.297479930495
0.297693764729
0.297907198936
0.298120023795
0.298333650858
0.298549007736
0.298764330491
0.29897715415
0.299187004792
0.29939547786
0.299604625373
0.299815281942
0.300027157965
0.30023965076
0.300451148972
0.300659670235
0.300865378186
0.301070419662
0.301276683354
0.301484804083
0.301693813629
0.301902134663
0.302109187846
0.302314539957
0.302517089555
0.302717728765
0.302919311985
0.303122718239
0.303327789147
0.30353439546
0.303739492428
0.303939811084
0.304137014369
0.30433484912
0.304534951053
0.304737618462
0.304941352222
0.30514304196
0.305342330806
0.305540631887
0.305736403979
0.305929263735
0.306123543944
0.306321316016
0.306520812164
0.306720808851
0.306918512005
0.307110861723
0.307300734898
0.307492829205
0.307687368489
0.307883471635
0.308080634477
0.308276016316
0.308468234206
0.308659373451
0.308848801589
0.309035422769
0.309223832263
0.309416700252
0.309610404187
0.309802744514
0.309992836558
0.310178583969
0.310362335183
0.310548878846
0.31073778244
0.310927022718
0.311117110837
0.311306272635
0.311491712259
0.311675415858
0.311859141264
0.312041758798
0.312225671846
0.312412943962
0.312599842974
0.312784412775
0.312967814888
0.313148523618
0.313326731252
0.313506759967
0.313689575955
0.313872899791
0.314056553758
0.314239290955
0.314418025916
0.314594618936
0.314773034694
0.314952567576
0.315132432373
0.315313333025
0.315493079563
0.315670785501
0.315848380145
0.316024446996
0.316197323173
0.316370673533
0.316547484638
0.316725829434
0.316903686851
0.317079757084
0.317252166071
0.317422752066
0.317595876556
0.317771321535
0.317946536604
0.31812122914
0.318294716084
0.318466595395
0.318638269657
0.318809046242
0.318977240055
0.319145300939
0.319316582379
0.319489906275
0.319662112711
0.319831700587
0.319998451116
0.320164066441
0.320331416913
0.320500893462
0.320671014958
0.320840890005
0.321009333604
0.321175510531
0.321340480897
0.321505227368
0.32166959831
0.32183442884
0.32200098764
0.322168566412
0.322334955806
0.322498649919
0.322660012234
0.322820643495
0.322982013054
0.323145115718
0.323310472637
0.323476579241
0.323640215848
0.323800138097
0.323958255665
0.324117131166
0.324278084669
0.324440558869
0.324602902322
0.324764456394
0.324925104316
0.325083484223
0.325239135527
0.325394194558
0.325550373147
0.325708437898
0.325869527233
0.326031536253
0.326189660484
0.326343146426
0.326495472099
0.326649451529
0.326806310591
0.326965449651
0.327123860622
0.327280000643
0.327435102707
0.327588343091
0.327738238378
0.327887798153
0.328040172937
0.328194880858
0.328351453639
0.328508004012
0.32866017667
0.328808003596
0.328955883021
0.329105708329
0.329257584063
0.329411911741
0.329566300916
0.329717800813
0.329867304318
0.33001524494
0.330160338406
0.330305828617
0.330455507387
0.330607101581
0.330758157251
0.330908313137
0.331055190583
0.331198564539
0.331342372959
0.331488035263
0.331634759937
0.331783731103
0.331933875466
0.332080891587
0.332224458936
0.332367176719
0.332509309888
0.332652570997
0.332799266811
0.332946441322
0.33309139506
0.333235672686
0.333378491286
0.333518058233
0.333657030436
0.333798025589
0.333940643297
0.334085194545
0.334230676711
0.334372664795
0.334510482432
0.334648581342
0.334788698151
0.334930076935
0.335072685357
0.335214478843
0.335354057472
0.335493610582
0.335632653461
0.335768183153
0.3359021147
0.336038841488
0.336178619777
0.33631953329
0.336459703641
0.336596352111
0.336729596885
0.336863821386
0.337000948708
0.337138994807
0.337276868777
0.337413955647
0.337549586805
0.337684723669
0.337819009023
0.337950508649
0.338080974809
0.338214570986
0.338351470062
0.338488394903
0.338623094202
0.338754994176
0.338884992654
0.33901535002
0.339147250675
0.339280337184
0.339414445402
0.339548573776
0.339680776497
0.339810627227
0.339939135779
0.340067328743
0.340196610171
0.340328142798
0.340461008633
0.340593000869
0.340722872598
0.340850862539
0.340977616158
0.341103346268
0.341229102928
0.341357492764
0.341489356226
0.341621217747
0.341749095879
0.341872986367
0.341996176153
0.34212197082
0.342250816911
0.342380156847
0.342508065843
0.342635021531
0.34276108332
0.342885158223
0.343007269567
0.343128186742
0.343249554727
0.343374989816
0.343504876429
0.343633255697
0.343755735538
0.343874575695
0.343994254211
0.344117506117
0.34424397182
0.344370153785
0.344493771561
0.344616611476
0.344739102503
0.344858464886
0.344975094876
0.345092528486
0.345212551146
0.345336188376
0.345462361001
0.345585517588
0.345702965989
0.345818693229
0.345936102935
0.34605544538
0.346176939882
0.346299404649
0.346420317253
0.346539724799
0.346657724454
0.346772042492
0.346884581551
0.347000863588
0.347121019316
0.347241874066
0.347362185399
0.347479880611
0.347593968972
0.347707567872
0.34782217864
0.347936564595
0.348052428868
0.348171539804
0.348290503009
0.348405985939
0.348518464076
0.348628956117
0.34874034698
0.348856610347
0.348975355932
0.349091508129
0.349205662693
0.349319408338
0.349431429851
0.349541941827
0.349652081083
0.349762081001
0.349874401856
0.349990884586
0.350106912987
0.350217500715
0.350324815036
0.350433359463
0.350545143095
0.350660167975
0.35077486346
0.350885797056
0.350995562269
0.351106657732
0.351216015976
0.351321881365
0.351427285217
0.351535155675
0.351646425897
0.351759970124
0.351871264083
0.351977129847
0.352081192013
0.352188473016
0.352299028831
0.352410280438
0.352519946479
0.352627363883
0.352734622505
0.352842401858
0.352947475567
0.353049096523
0.353151911865
0.353259381154
0.353369737365
0.353479146765
0.353585095159
0.353687883409
0.353790426752
0.353894904217
0.354000761109
0.354107064043
0.35421354201
0.354319528979
0.354424193168
0.354526692617
0.354626797398
0.354726701047
0.354829842351
0.354936715327
0.355043976126
0.355148448981
0.355250213518
0.355351279574
0.355452049576
0.355551529913
0.355651104508
0.355753802534
0.355859445791
0.355964134995
0.356064520869
0.356160916995
0.356257331484
0.356357892445
0.356462253836
0.356566661001
0.356668846031
0.356769059964
0.356868220866
0.35696692991
0.357064038785
0.357158332072
0.357253580999
0.35735497563
0.357460027893
0.357561434874
0.357656523075
0.357748654333
0.357843485404
0.357944167143
0.358047480039
0.358147969862
0.3582454815
0.35834289744
0.358439640285
0.358533975243
0.358626331258
0.358718068401
0.358812720526
0.358913378957
0.359015455907
0.359111777088
0.359202807953
0.359293685342
0.359387566167
0.35948516792
0.359584302893
0.359681272283
0.35977623494
0.35987129826
0.359964257876
0.360053321112
0.360142491286
0.360235157839
0.360330953068
0.360428883926
0.360525459495
0.360617122358
0.360706444563
0.360797310703
0.360888946881
0.36098080538
0.361074618296
0.361169614308
0.361263364244
0.361354883962
0.361442918007
0.361528518117
0.361617575718
0.361712204858
0.361807481275
0.361900377837
0.361991345315
0.36208049276
0.362169153856
0.362258270209
0.362345853894
0.362432521099
0.362522827743
0.362616727561
0.362708420959
0.362795002543
0.362878705265
0.362963798817
0.363054345518
0.363148824777
0.363240677474
0.363328330723
0.363415721076
0.363503711487
0.363590331245
0.363675081418
0.363758695928
0.363843580852
0.363932874008
0.364024635216
0.364112396195
0.364194448904
0.364275934015
0.364361686176
0.36445203197
0.3645430702
0.364630458232
0.364715045471
0.36480058676
0.364886337166
0.36496893528
0.36504917666
0.36513106104
0.365216950708
0.365305694854
0.3653934107
0.365476659016
0.365556486709
0.365637299673
0.365721625456
0.365808319899
0.365894748378
0.365979425167
0.366063047607
0.366146203588
0.366227334985
0.366305701212
0.366384313875
0.366467031635
0.366553648651
0.366640041345
0.366722880968
0.366802853335
0.36688237564
0.366962059766
0.36704192945
0.367123261844
0.367206633304
0.367290735566
0.367373294979
0.367452184749
0.367527674262
0.367603686118
0.367683964426
0.367768102137
0.367852810279
0.367934984573
0.368013953141
0.368092110112
0.368170902694
0.368247845439
0.368322492421
0.368399828292
0.36848238801
0.368566032414
0.368645609322
0.36871951035
0.368791079525
0.368866795771
0.368948941417
0.369032677143
0.369113398998
0.369191396985
0.369268163224
0.369344434204
0.369420275874
0.369493826021
0.369565804144
0.369642071815
0.369724101176
0.369805207109
0.369880389468
0.369951055461
0.370021688038
0.37009710261
0.370177986966
0.370258889655
0.370335968064
0.370411348312
0.370486370586
0.370559363784
0.370630877283
0.370702587833
0.370775478792
0.370852014268
0.370931544853
0.371008143313
0.371079595687
0.371149627535
0.371220915651
0.371294294126
0.371370460469
0.371447505926
0.371522772218
0.371596583345
0.371668745934
0.371737653612
0.371806071702
0.371878226828
0.371953283082
0.372028962269
0.37210402707
0.372176210421
0.372245844275
0.372316148856
0.372387068658
0.372456929668
0.372527884088
0.372601922882
0.372676434824
0.372748162013
0.372816174505
0.372881761881
0.372949574259
0.373023093413
0.373098732514
0.373171720787
0.373242230333
0.373311607873
0.37338043597
0.373449528185
0.373518008609
0.373584912827
0.373653178944
0.373725472991
0.373798417044
0.373866924199
0.373930967201
0.373994904806
0.37406338162
0.374136916469
0.374210543794
0.374280331918
0.374347902564
0.374415592835
0.374482828613
0.374548830579
0.374614125419
0.374680026899
0.37474839575
0.374819248217
0.374889003773
0.374954172898
0.375015966208
0.375079123251
0.375146961952
0.375218257666
0.37528883113
0.375356513813
0.375422536904
0.375487929017
0.375551982872
0.375614746118
0.375678320303
0.375744839971
0.375813831576
0.375882421878
0.375948212052
0.376011083874
0.376072346499
0.376134258952
0.376199285623
0.376267249397
0.376335470921
0.376402137583
0.376466538156
0.376528220039
0.376588322221
0.376649487567
0.376713603339
0.376780738937
0.376848745733
0.37691424749
0.376976569025
0.377038081049
0.377099252061
0.377159281952
0.377220656473
0.377285748133
0.377352635215
0.377418117235
0.37747993041
0.377537485166
0.377594342048
0.377655409503
0.37772091612
0.377787589756
0.377852865239
0.377915224278
0.377975054751
0.378035078227
0.378095378037
0.378153765018
0.378212676471
0.378275959534
0.378341449569
0.378404609503
0.378463381582
0.378518156878
0.378573205771
0.378633985255
0.378699668854
0.378764755966
0.378826939011
0.378886719406
0.378944529735
0.379002234733
0.379060905022
0.379118832495
0.379177133359
0.379238956194
0.37930204065
0.379362017833
0.37941833117
0.379472340573
0.379526818172
0.379585965531
0.379649572906
0.379712546558
0.379772372444
0.379830003582
0.379885679885
0.379940800162
0.379997845251
0.380056114224
0.38011465597
0.380174691471
0.380234642863
0.380291537495
0.380346246923
0.380400552158
0.380454999569
0.380511669541
0.380571854767
0.380632566838
0.380690732342
0.380746199567
0.380799444836
0.380852316853
0.380908120626
0.380966683224
0.381025298041
0.381083330328
0.381140144699
0.381194510582
0.381247921335
0.381302204974
0.381356634627
0.381411373969
0.381468289739
0.381526632376
0.381583191561
0.381636331487
0.381686956567
0.381738047926
0.381792916753
0.381851150639
0.381909280465
0.381965453696
0.382019528268
0.382071760062
0.382123770099
0.382177120062
0.382231099845
0.382284956225
0.382339795876
0.38239578254
0.382450430494
0.382501340114
0.382549420799
0.382598731893
0.382652613929
0.382710115833
0.382767396656
0.38282185344
0.382873391742
0.382923480426
0.38297401974
0.383025957195
0.38307896417
0.383132505748
0.383186336515
0.383240102998
0.383292485652
0.383341456533
0.38338745323
0.383435053403
0.38348802589
0.383544617929
0.383600523773
0.383653067386
0.38370215666
0.383749990297
0.383799013378
0.383849633951
0.383901436607
0.383954495972
0.384007738275
0.384059378665
0.384109010721
0.384156325387
0.38420146419
0.384248237795
0.384300322208
0.384355441733
0.384409149986
0.38445957614
0.384506631129
0.384552112122
0.384599114807
0.384648575216
0.384699657914
0.384752158711
0.384804447053
0.384853630535
0.384900149201
0.384946247607
0.384992123978
0.385039200316
0.385090004232
0.385142646862
0.385193611632
0.385242180402
0.385287827687
0.3853308594
0.385375098263
0.385423489345
0.385474767488
0.385526754389
0.38557716613
0.38562345251
0.385667158297
0.385712668788
0.385760167771
0.385807849541
0.385856583656
0.385906114908
0.385954594437
0.386001671464
0.386046136127
0.386087055616
0.386128700721
0.386176113453
0.386227797105
0.38627890509
0.386326559096
0.386370080869
0.386412209815
0.386457608802
0.386505846412
0.386553063371
0.386599379882
0.386646401082
0.386693140638
0.386738466784
0.386781312816
0.386821149827
0.386861928738
0.386908687849
0.386959681431
0.38700884
0.387053572904
0.387095279169
0.387136977462
0.387181627843
0.387228428136
0.387274138362
0.38731906277
0.387364888939
0.387409963134
0.387452556004
0.387493406667
0.387533898733
0.387576196489
0.38762235066
0.387670650035
0.387716870059
0.387759571967
0.387800428853
0.387841357979
0.387883727094
0.387927633052
0.387972201956
0.388017422349
0.388062604933
0.388105085908
0.388144444431
0.388184023251
0.388226413894
0.388270915168
0.388315888068
0.388360377397
0.388403853319
0.388445776671
0.388485671399
0.388524084432
0.388563057474
0.388604815831
0.38864981177
0.388695966138
0.38873953595
0.388778549773
0.388815634034
0.388855394234
0.388899193781
0.388944193759
0.388987305786
0.389028767384
0.389070606881
0.389112008257
0.389149790038
0.38918441101
0.389220912107
0.389262898289
0.389309086203
0.389354739882
0.389395334691
0.389431340255
0.389467964397
0.389508562964
0.389551695321
0.389594540652
0.389635899086
0.389676367539
0.389717127912
0.389756674167
0.389791600458
0.389823871731
0.389860632327
0.389904271998
0.389950159304
0.389992996018
0.390030634664
0.390065407538
0.390102175353
0.390142153731
0.390182563961
0.390222593116
0.390263428703
0.390304065881
0.390342719506
0.390378801557
0.390412114198
0.390445605859
0.390484678066
0.390528687528
0.390571576472
0.390610718691
0.390647141302
0.390682040909
0.390717334307
0.390754179924
0.390791882266
0.390831055005
0.390872382251
0.390912239854
0.390947251686
0.39097997921
0.391014349185
0.391051724491
0.39109238804
0.391133820261
0.391172422924
0.391209177892
0.391245933568
0.391280543962
0.391312321368
0.391345143465
0.391382068454
0.391422626097
0.391463840732
0.391500897766
0.391532344768
0.391564029637
0.391601091658
0.391641272866
0.39168063593
0.391717939302
0.391753661081
0.391789795592
0.391826277023
0.391858995524
0.391887479118
0.391918419853
0.391956507654
0.391998270667
0.392037408383
0.392070830146
0.39210088585
0.392133783468
0.392172076
0.392211204734
0.39224733321
0.392282005265
0.39231724173
0.392352664975
0.392386427167
0.392416600855
0.392445122194
0.392477847692
0.392516908779
0.392557083861
0.392592722192
0.392623926581
0.392654802049
0.392688566744
0.392724542165
0.392759656842
0.392793630119
0.39282865731
0.392864083002
0.392896801425
0.392926336572
0.392955596751
0.392987826459
0.393023967771
0.393061811527
0.393097819753
0.393130669993
0.393161915511
0.393193353346
0.393225028011
0.393256279614
0.393288243413
0.393323048372
0.393359683034
0.393393477813
0.393421987926
0.39344882002
0.393479726182
0.39351611537
0.393553787239
0.393588384431
0.393620380501
0.393652487105
0.393684347038
0.393713726496
0.393740856541
0.393768814428
0.393801152791
0.393838212713
0.393874633559
0.393904705935
0.393930062014
0.393957511371
0.393990934019
0.394028076643
0.394063745868
0.394095381261
0.394125849108
0.394158008841
0.394188633017
0.394214017832
0.394237846364
0.394266531679
0.39430154493
0.394338916748
0.394372274668
0.394398906445
0.394423954198
0.394453656957
0.3944874223
0.394521218018
0.394553384275
0.394584345148
0.394615103798
0.394645641135
0.39467284256
0.394695697072
0.394720543369
0.394752794087
0.394789063933
0.394823276671
0.394852803783
0.394878697516
0.394905150167
0.394934963511
0.394965737554
0.394995300782
0.395025767229
0.395057809451
0.395088041312
0.395114518903
0.395138461166
0.395162890806
0.395192261423
0.395226944665
0.395260808154
0.395290327083
0.395318003725
0.395345500198
0.395372222391
0.395398446689
0.39542489552
0.395452967103
0.395484464891
0.395516882394
0.395544298044
0.395566589845
0.395590114078
0.395618930598
0.395651985211
0.395685281164
0.395714709243
0.395741278956
0.395769289166
0.395797786811
0.395822257358
0.395843728596
0.395867952707
0.395897822474
0.395930792114
0.395961071628
0.395984801443
0.396005742233
0.396031484372
0.396063246906
0.396095782359
0.396125180021
0.396151648018
0.396177993323
0.396205928309
0.39623239195
0.396253892054
0.396273961138
0.396299605648
0.396331545219
0.396363520456
0.39639004606
0.396411864197
0.396434576656
0.396462143041
0.396492335774
0.396520911239
0.396547544073
0.396574163331
0.396600894751
0.396626047547
0.396648357841
0.396669237217
0.396692809001
0.39672160139
0.396752813195
0.396781156093
0.396804955849
0.396827437474
0.396852006175
0.396878108227
0.396903436782
0.3969285991
0.396955723125
0.396983736339
0.397008787484
0.397029323505
0.397048717719
0.397072213392
0.397101132673
0.397131495892
0.397159097686
0.397183708551
0.397207277662
0.397230931852
0.397254310369
0.397276230333
0.397297753038
0.397322839475
0.397352072225
0.397379674907
0.397400902565
0.397418199981
0.3974382411
0.397465228656
0.397496521994
0.397525350055
0.397549290313
0.397572321375
0.397596700182
0.397619486766
0.397638970594
0.397657634904
0.397679415437
0.397706699672
0.397736296234
0.397760868542
0.397778703585
0.397796241329
0.397819170778
0.397847103297
0.397875994235
0.397901842978
0.397924544215
0.39794760342
0.39797112471
0.397990844068
0.398007294641
0.398026649002
0.398051736193
0.398080049237
0.398106817046
0.398127946862
0.398145196588
0.398164990642
0.398189343296
0.398214710369
0.398239140098
0.398263242484
0.398286773229
0.398309053234
0.398329099027
0.398346030782
0.398363452369
0.398386755667
0.398414392315
0.398440560978
0.398463140635
0.398483021776
0.398502102695
0.398522845254
0.398544994344
0.398566432564
0.398588367201
0.398612791799
0.398636749311
0.398656227552
0.398672295158
0.398689185527
0.398710729698
0.398737479675
0.398764348754
0.398786654435
0.398806546758
0.398827390218
0.398848042263
0.398866793198
0.398884683754
0.398904021237
0.398926789536
0.398951923236
0.398974108517
0.398990192819
0.399004654277
0.399023870555
0.399048846972
0.399075663837
0.399099393333
0.399119007524
0.399138465354
0.39915986674
0.39917963517
0.399195398583
0.399210925588
0.399231078321
0.399255670051
0.399279786795
0.399298726808
0.399313246756
0.399329122961
0.399350311653
0.399374941221
0.39939888435
0.399420088692
0.399439428219
0.39945885691
0.39947815064
0.39949511165
0.399510102828
0.399527334072
0.399549589119
0.399574027284
0.399595263052
0.399611741756
0.399627113648
0.399645110931
0.399665574876
0.39968667726
0.39970779332
0.399728779342
0.399748786232
0.39976653662
0.399781692049
0.399796315229
0.399813786886
0.399835259401
0.399858471745
0.399880149141
0.399898460101
0.399914523085
0.399931292732
0.399949406115
0.399966972034
0.399984646041
0.4000050479
0.400027055845
0.400046412465
0.400060921832
0.400072802008
0.400087431585
0.4001084488
0.400132945442
0.400155057173
0.400173374488
0.40019027842
0.400207012511
0.400223575237
0.40023957296
0.400254712165
0.400271555833
0.400292747632
0.400314708598
0.400331555685
0.400343275081
0.400354917854
0.400371393621
0.400393880115
0.400417953581
0.400438004636
0.400454439882
0.400471065715
0.400487629314
0.400502213394
0.400516074286
0.400531388379
0.400549684053
0.40057098845
0.400590875449
0.400604967668
0.400615989985
0.400629660801
0.40064770596
0.400668626441
0.400689767865
0.400708371419
0.4007245548
0.400740355858
0.400754994749
0.400767645375
0.400781644803
0.400799365633
0.400819111819
0.400838641314
0.400855559554
0.400868508716
0.400880692397
0.400896022042
0.400913691972
0.400931626427
0.400950007075
0.400968228974
0.400984326492
0.400997934354
0.401009908204
0.401022306869
0.40103857714
0.401058740926
0.401078328815
0.401095003079
0.401109780752
0.401123423714
0.40113697366
0.401151801359
0.40116738938
0.401183302514
0.401200740439
0.401218794864
0.401233781333
0.401244699107
0.401254905277
0.401268518443
0.401287222563
0.40130813412
0.401326166183
0.401340508249
0.40135439438
0.401368970565
0.401382833483
0.401395815881
0.401409414616
0.401425082386
0.401442798194
0.401459852293
0.401472852661
0.401482175989
0.401492294877
0.401507138991
0.40152652296
0.401546409178
0.401562815042
0.401576067989
0.401589317865
0.401603381453
0.401616513013
0.401628479587
0.401641754683
0.40165812766
0.401675730112
0.401690792374
0.401701924341
0.40171136906
0.401722492665
0.401737387757
0.401755560639
0.401773823483
0.401789308054
0.401802160985
0.401814028595
0.401825837117
0.401837921235
0.401850923082
0.4018657745
0.401882497633
0.401898716331
0.401911533541
0.401921634219
0.401932147697
0.401944316253
0.401958249639
0.401974393549
0.401991339893
0.402006420951
0.402018622781
0.402028406504
0.402037439525
0.402048871918
0.402064161775
0.402081208334
0.402097393741
0.402111357994
0.402122491103
0.402132400336
0.402143832108
0.402156515371
0.402169303783
0.402183695767
0.402199739847
0.402214251939
0.40222516604
0.402233020322
0.402240427972
0.402251813905
0.40226884457
0.402287142232
0.402302124087
0.402313878228
0.402324120406
0.402334241775
0.402345931544
0.402358597642
0.402370775997
0.402384117281
0.40239930428
0.402412710156
0.402421934485
0.402428730072
0.402436387297
0.402448361811
0.402465517494
0.402483263544
0.402496804361
0.402507001541
0.402516736289
0.402526920807
0.402538315572
0.402550815497
0.402563094339
0.402576005469
0.402590060604
0.402601892146
0.402609630998
0.402616428385
0.402625702678
0.402638519763
0.402654316379
0.402670048351
0.40268231622
0.402691712421
0.402700781438
0.402710330361
0.402721029707
0.402733532712
0.402746609128
0.402759492918
0.40277201263
0.402782116868
0.402789229094
0.402796884817
0.402807816613
0.402821027574
0.402834887318
0.402848285747
0.402859734508
0.402868792775
0.402876588304
0.402884499586
0.402894403792
0.402907492878
0.402921811015
0.402934576081
0.402945099803
0.402953641788
0.402961297937
0.402970413415
0.402982016998
0.402994523352
0.403006637367
0.403018487419
0.403029486293
0.403038094559
0.40304409227
0.403049994874
0.403059559353
0.403073822093
0.403089121916
0.403101097598
0.403109425916
0.403116897327
0.403125818168
0.403136364055
0.403147433332
0.403158388205
0.40316952398
0.403180855494
0.403191170188
0.403198632775
0.403203058481
0.403207955772
0.403218118421
0.403233492434
0.403248572572
0.403258965576
0.403265640358
0.40327257916
0.403282148679
0.40329309033
0.403303275605
0.403313139316
0.403324171645
0.403335237615
0.403343906133
