0.0
0.00191748698668
0.00208247250791
0.00258209617714
0.00411913261206
0.00365791041597
0.00242926909935
0.00335411247298
0.0018918991759
0.00240856762139
0.0027781899406
0.00290888046647
0.00447362184434
0.00451693331224
0.00360353103032
0.00493254788775
0.00386396056915
0.00370852606914
0.00407921109032
0.00413586867508
0.00548923584821
0.00518315880002
0.00520092000049
0.0060660818426
0.00549762369442
0.00518917843843
0.00556386229115
0.00543005076022
0.00646549399248
0.00631792569857
0.00672718793088
0.00732602150814
0.00696035749582
0.00678015263244
0.0070729340831
0.00696814880094
0.00742225312001
0.00775970944006
0.00796123854587
0.008722149495
0.00875021665731
0.00835473887656
0.00876410351646
0.00863682851643
0.00879287075594
0.00923748398979
0.00924298869507
0.0100036781723
0.0104844607897
0.00990705607455
0.0105846038603
0.0104068287986
0.0103430248493
0.0107442912734
0.0107360931012
0.0113963742581
0.0117979759576
0.0114831861994
0.0121878560557
0.0121606741972
0.0119003343452
0.0122890985401
0.0122698753564
0.0128464686087
0.0130515045769
0.013092979311
0.013617768456
0.0136947110182
0.0135176625851
0.0138300692283
0.013843907677
0.0141745490397
0.0144991415103
0.0146280790799
0.0150936942523
0.0152697707258
0.015122104401
0.0153897602819
0.0154708833625
0.0155810997843
0.0160049889288
0.0160636513
0.0165307167036
0.0170115094149
0.0166765080822
0.0170498142626
0.0171394861312
0.0171188465266
0.0175014145063
0.0175301087082
0.0179421066754
0.018547142406
0.0182151285907
0.0187039377673
0.0188580943044
0.0186610414105
0.0190188913726
0.0190579650633
0.0194282320761
0.0198465812184
0.0197626103552
0.0202118352259
0.020455080022
0.0202522757483
0.0205521871532
0.02061947636
0.0208842177656
0.0212234378152
0.0213166828208
0.0216691464119
0.0219370426246
0.0218706466949
0.0220787378917
0.0222152469197
0.0223237262872
0.0227102895556
0.022824769424
0.0231338617537
0.0235536395301
0.0234257859125
0.0236328195841
0.0238273729241
0.0238423566075
0.0241940318324
0.0242909276472
0.0245636785261
0.0251798238281
0.0249428676928
0.0252361864374
0.0254802572539
0.0253693893418
0.0256785838375
0.0257778196649
0.0260199135242
0.0265696296558
0.0264551486008
0.0267915343221
0.0271045954356
0.0269163501467
0.0271872686043
0.0273024145899
0.0275052707632
0.0278907580906
0.0279693278884
0.0282585431051
0.0285862372725
0.0285285255655
0.0287036283531
0.028861178737
0.0289762381803
0.0293245195633
0.029482623899
0.0297079884402
0.0300787999217
0.0301010344014
0.0302139186036
0.0304359473347
0.0304840530661
0.0307972051422
0.03096369733
0.0311481626958
0.0316810957357
0.0316002296305
0.0317469904798
0.0320280109465
0.0320045864783
0.0322583439227
0.0324235242691
0.0325832918638
0.033166390486
0.0330886378948
0.0332968766378
0.0336329839175
0.0335100198917
0.0337361981707
0.0339014690277
0.0340496470875
0.0344893473127
0.0345707257218
0.0347937791043
0.0351455544539
0.035083442805
0.0352364389546
0.0354133269408
0.0355300888796
0.0358555542358
0.0360495087768
0.0362357092875
0.03657645642
0.036674455537
0.0367362294739
0.0369513289735
0.0370319487096
0.0373024827991
0.0375262397533
0.0376662670053
0.0380894977577
0.0381744099592
0.0382263276437
0.0384993977036
0.0385507119205
0.0387512905417
0.0389785100106
0.03909160023
0.0396173782042
0.0396336685524
0.039733282137
0.0400608212943
0.0400337776716
0.0402032494398
0.0404194920752
0.0405294419958
0.0409934518353
0.0410953629847
0.0412411704492
0.0415866411477
0.0415478605051
0.0416787949829
0.0418801521189
0.0419932392464
0.0423156622229
0.0425392033846
0.0426989988779
0.0430146641973
0.0431299871145
0.0431705540519
0.0433729161761
0.0434830345403
0.0437153588755
0.0439830750855
0.0441170000151
0.0444427706973
0.0446518695617
0.0446503695907
0.0448855336164
0.0449962924082
0.0451514436524
0.0454264272882
0.045527959704
0.0459421626932
0.0460878106016
0.0461165703743
0.0464051968085
0.0464766721182
0.0465874066826
0.0468489764341
0.046943096672
0.047375923164
0.0475225911458
0.0475995309564
0.0479155500126
0.0479377935738
0.048038341609
0.0482666706315
0.0483773797501
0.0487018405512
0.0489468428795
0.0490740835065
0.0493599370882
0.049472806732
0.0495118185221
0.0497084566047
0.0498420920701
0.0500500619935
0.0503500591623
0.0504973116649
0.050747987041
0.0510137017722
0.050991777042
0.0511815978825
0.0513386245503
0.0514595008994
0.0517648979412
0.0518894363579
0.0521808578322
0.0524507189835
0.0524442680222
0.0526686786401
0.0528224633651
0.0528843022355
0.0531771628464
0.0532820359545
0.0536316544821
0.0538498968583
0.0538865508951
0.054151213072
0.054255965154
0.0543175155286
0.0545697229443
0.0546868669171
0.0549950363598
0.055256952429
0.055350178355
0.0555997842784
0.055723963196
0.055767406355
0.0559655862183
0.056117284732
0.0563157842792
0.0566340754964
0.056791264658
0.0569859275518
0.0572516243106
0.0572372950652
0.0573920940788
0.0575834659918
0.0576848247893
0.058006037656
0.0581765456776
0.0583627608729
0.0587105508485
0.0586955962405
0.0588472076316
0.0590609695191
0.0590921523396
0.059397666706
0.0595421233393
0.0597829974941
0.0600849712347
0.0601133279722
0.0603050802979
0.0604899929251
0.0605129670186
0.0607793727771
0.0609179071585
0.061178282263
0.0614623363557
0.0615377824809
0.0617426503077
0.0619014930255
0.061943201598
0.0621451165626
0.0623132873922
0.0625066004344
0.0628272860173
0.0629820592797
0.0631361269092
0.063378225289
0.0633905277218
0.0635258292443
0.0637400997775
0.0638386379456
0.0641630582203
0.0643799969945
0.0644897714374
0.0648520388331
0.0648503806789
0.0649416401347
0.0651938296553
0.0652158445882
0.0655172241064
0.0657244762936
0.065861191883
0.066228407548
0.0662702574565
0.0663773092915
0.0666237640979
0.0666212330456
0.0668870051881
0.067066478286
0.0672543428767
0.0675702565089
0.0676546047987
0.0678010886614
0.0680064697407
0.0680377214757
0.0682401170419
0.068428274912
0.068606702974
0.0689194512695
0.069069252645
0.0691939912226
0.0694176805853
0.0694605645064
0.069587260416
0.0698150100129
0.0699235716539
0.0702376466189
0.0704819619012
0.0705462202531
0.0708736924037
0.0709041037708
0.0709598812754
0.0712311149855
0.0712646223708
0.0715501668382
0.0718256639741
0.0718827303775
0.0722688954581
0.0723356211056
0.072366462013
0.0726501013376
0.072644048768
0.0728938684119
0.0731336387982
0.0732440852555
0.073590605993
0.0737047753619
0.0737789238361
0.0740257299211
0.0740459840777
0.0742412690843
0.0744582540409
0.0746067439349
0.0749116109804
0.0750693900107
0.0751666627376
0.0753862573279
0.075450499226
0.0755724910122
0.0758083866613
0.0759304035886
0.0762217577703
0.0764715923993
0.0765196120724
0.0767930672501
0.0768656510609
0.0769094822611
0.0771830492892
0.0772442638014
0.0775059899438
0.0778317179218
0.0778427792458
0.0781960143547
0.0782948934177
0.0782777513412
0.0785744300985
0.078588498214
0.0788115318915
0.0791207396972
0.0791680712778
0.0795223803403
0.0796733604298
0.0796736188458
0.0799457403556
0.0799665500678
0.0801450742488
0.0804034422454
0.0805139516213
0.0808148736202
0.0809984011499
0.0810589756055
0.0812821583763
0.0813560653297
0.0814724876792
0.0817165200107
0.0818467151804
0.0821104039723
0.0823568685635
0.0824094864081
0.0826336020978
0.0827442304267
0.0827900401704
0.0830537341113
0.0831509989974
0.0833830411339
0.0837263212026
0.0837281191586
0.0840147589803
0.0841504383223
0.0841205448716
0.0844084085735
0.0844614587905
0.0846530966327
0.0850206926754
0.0850310324547
0.0853553780354
0.0855401319755
0.0854863491371
0.0857638060035
0.0858043559353
0.0859582025304
0.0862680406448
0.0863450302815
0.0866370739774
0.0868550420464
0.0868678687021
0.0870925480504
0.0871726922669
0.087280405419
0.0875381329706
0.087669420986
0.0879093933034
0.0881580564185
0.0882194825103
0.0884067580712
0.0885406370512
0.0885931596758
0.0888411664348
0.0889740449013
0.0891747276084
0.0895060867829
0.089532203219
0.0897448373597
0.0899143411086
0.0898992179032
0.0901606750329
0.0902628740544
0.0904236319967
0.0908180980412
0.0908236104028
0.0910846587847
0.0912968550618
0.0912257341192
0.0914882269466
0.0915670156503
0.0916933191384
0.0920523635885
0.0921101560846
0.0923743852455
0.0926224757638
0.0925897088734
0.0928080303548
0.0929020458515
0.0929976194214
0.0932777193529
0.0934077150625
0.0936290378826
0.0938886726306
0.0939470104342
0.094107145476
0.0942499380665
0.0943092983081
0.0945428651788
0.0947053653583
0.0948802055153
0.0951860247719
0.0952563860412
0.0954052869645
0.0955950574397
0.0956079572664
0.0958326704487
0.0959845812354
0.096119332653
0.0965013292904
0.0965360116163
0.0967202535403
0.0969512535663
0.0969009403196
0.097129847606
0.0972579013365
0.0973597949316
0.0977468263549
0.0978055258324
0.0980182238923
0.0982845928325
0.0982290724227
0.0984304943148
0.0985515423146
0.0986335942933
0.0989410109256
0.0990729479662
0.0992722604476
0.0995439781013
0.0995844194427
0.0997231125121
0.0998700168826
0.0999351653816
0.100161605241
0.100347193225
0.100506442514
0.100787721166
0.100900092304
0.101000574356
0.101192166867
0.101234993702
0.101421925291
0.10161687633
0.101735534959
0.102074904547
0.102166660048
0.102280850876
0.102516534616
0.1025122218
0.102694001923
0.102872185846
0.102958217847
0.103337228129
0.103420837974
0.103568839657
0.10383949985
0.103797345851
0.103969453687
0.104127863292
0.104199082224
0.104526501644
0.104666897434
0.104832152189
0.10510807552
0.105129347964
0.105249874729
0.105406020268
0.105476143462
0.105704997824
0.105909084273
0.106059481486
0.106321445434
0.10645517932
0.106521670715
0.10670215351
0.106771879894
0.106928770507
0.107157130576
0.107273746645
0.107558461959
0.107717427828
0.107778350313
0.10799965812
0.108049160953
0.108179654872
0.108400180047
0.108483697599
0.108818117668
0.108951131129
0.109039136108
0.109298169831
0.109302451588
0.10943292644
0.109630628009
0.109698573426
0.110023203168
0.110181424711
0.110302303667
0.110570338025
0.110590583011
0.110692850176
0.110866574318
0.110942201674
0.111178307774
0.111397248512
0.111536226277
0.111780279256
0.111912614091
0.111958817254
0.112126592746
0.112219374037
0.1123596074
0.112611955868
0.112739135259
0.112971980699
0.113184134488
0.113209549781
0.113399947347
0.113498606589
0.11358505185
0.113835735404
0.113933520553
0.114200568439
0.114399008611
0.114444094282
0.114672664582
0.114740703224
0.11482223056
0.115052063106
0.115129143085
0.1154196295
0.11560870683
0.115687439001
0.115934016694
0.115981631483
0.11606082665
0.11625613893
0.11634049882
0.11657753276
0.116808045567
0.116927632167
0.11715091192
0.117273508312
0.11731157067
0.117473487866
0.117585780447
0.117722934213
0.117990271314
0.118131839282
0.118321363781
0.118556002449
0.118562722229
0.11871661201
0.118854720863
0.118913535896
0.119181972398
0.119309940127
0.119505492084
0.119766121035
0.119787393847
0.119967654928
0.120099010732
0.120134638864
0.120383640917
0.120486164142
0.120716150516
0.120949266423
0.121001299735
0.121210646211
0.121308635107
0.121357791428
0.121570896964
0.121671055023
0.12189120893
0.122132938855
0.122230314546
0.122428035752
0.122550887682
0.12258735698
0.122750941224
0.122880064817
0.123021475021
0.123294174818
0.12344360128
0.12359825111
0.123825887596
0.123830756234
0.12395495657
0.124122198789
0.124173426139
0.124448592185
0.12461470831
0.124748363616
0.125046011711
0.125059280448
0.125182727352
0.125365301198
0.125369927123
0.125624179941
0.125768933083
0.125927557253
0.126208631163
0.12625372131
0.126408982142
0.126564974674
0.126581479934
0.126802029019
0.126929361988
0.127111201369
0.127368653377
0.127452811259
0.127617751928
0.127759210759
0.127792773227
0.127960119109
0.12810559076
0.128248432222
0.128517592556
0.128665288401
0.128792512955
0.128999629832
0.129016965664
0.129124294991
0.129310981615
0.129371576198
0.12964310594
0.129842414406
0.129929933301
0.130228310125
0.130247193243
0.130320147108
0.130537502946
0.130533746388
0.130781759868
0.130979452168
0.131072457038
0.131387594673
0.131440960704
0.131530827579
0.131737314959
0.131728798385
0.131943951261
0.132112621339
0.132242162012
0.132520407439
0.132608364542
0.132729334292
0.132902421811
0.13292776548
0.133094397967
0.13325958178
0.133392860626
0.133654244086
0.133797610164
0.13390291387
0.134093285227
0.134129470042
0.134230308398
0.134428189245
0.134506770713
0.134764661374
0.134982068112
0.135041052839
0.135310173474
0.135347444859
0.135387935681
0.135623463428
0.13563417761
0.135867387318
0.136115795047
0.136159847158
0.136478809065
0.136549278749
0.13657633497
0.136816882584
0.13680161523
0.137000399535
0.137222261138
0.137299243623
0.137594703379
0.137701667613
0.137766695573
0.137972270172
0.137987947013
0.138145493152
0.138338288608
0.138450203675
0.138705560714
0.138852383932
0.138935706747
0.139120354492
0.13917220733
0.139270166259
0.139474240595
0.139569939888
0.139806934225
0.140027025464
0.140074833157
0.140302027322
0.140366436258
0.140394713354
0.140633205967
0.140674509189
0.140886402531
0.141168770469
0.141185619045
0.141474608844
0.141567578144
0.1415505354
0.141805782392
0.141806831136
0.141982511316
0.142259531807
0.142295924656
0.142590757421
0.142723780267
0.142728869867
0.142957349144
0.142971406094
0.143111463504
0.143342038483
0.143427582623
0.143679279465
0.143841674517
0.143895663689
0.144082020305
0.144142280319
0.144235286156
0.144445784378
0.144551907465
0.144766825374
0.144982942577
0.145032518123
0.145220645409
0.145312162098
0.145342160213
0.145571489372
0.145649462635
0.145835893165
0.146127721223
0.146140916051
0.146377363545
0.146496128401
0.146462688199
0.146713590201
0.146750510425
0.146900506873
0.147219390042
0.147234338961
0.147501374496
0.147660165236
0.147617112436
0.147853466872
0.147882347275
0.147999686425
0.148274234132
0.148337766756
0.148580557536
0.148766000706
0.148781453363
0.148969526265
0.149035240589
0.149119112195
0.149341814679
0.149451807147
0.149648939397
0.149864173552
0.149918305003
0.150076268769
0.150186403108
0.150223347356
0.15043701543
0.150549181262
0.150710410621
0.150990736472
0.151022074836
0.151200543395
0.151343608419
0.151318924884
0.151548743882
0.151631673267
0.151756876637
0.1520910724
0.152107153996
0.152322729901
0.152503216772
0.152438865173
0.152666282107
0.152727853447
0.152821856639
0.153135003849
0.153187833525
0.153406399467
0.153613956028
0.153590372003
0.153774770141
0.153851676062
0.153923260646
0.154166223321
0.154277770308
0.154460668102
0.154681099232
0.154731535757
0.154866730478
0.154985340534
0.155028803774
0.155227800843
0.155367667402
0.155509532984
0.155768491983
0.155831472267
0.155958829153
0.156117406327
0.156116178486
0.156313345272
0.156442171553
0.156547286073
0.156866837013
0.156907360132
0.157061772816
0.157257118249
0.157203323952
0.157405250518
0.157511002341
0.157585505029
0.157916983995
0.157974359388
0.158150441456
0.158373016769
0.158325699935
0.158498162376
0.158597903513
0.158656949678
0.158923591715
0.159038745295
0.159203829485
0.159431222905
0.159466648879
0.159583548029
0.159706461184
0.159754580564
0.159946532404
0.16010774082
0.160238677544
0.160476545737
0.160570153024
0.160657243806
0.160818096922
0.160844156252
0.161005505361
0.161173426241
0.161267533669
0.161550560127
0.161634529353
0.161732594999
0.1619317097
0.16191310896
0.16207584518
0.162227082642
0.16229001364
0.162609676311
0.16268932535
0.162812803265
0.16304017205
0.162997100607
0.163147366223
0.163280196613
0.163330144308
0.163612417967
0.163735907837
0.163873050133
0.164103002668
0.164120990771
0.164222362549
0.164353505295
