0.0
0.0141456006866
0.0199998460552
0.0244884744398
0.0282696978169
0.0315986461748
0.0346061095335
0.0373695833716
0.0399397441698
0.0423518616338
0.0446315647855
0.0467980190573
0.0488667279863
0.0508494386691
0.0527559894592
0.0545939350696
0.056370147358
0.0580906186998
0.0597597779989
0.0613816937304
0.0629606399042
0.06449945507
0.066000787727
0.06746713686
0.0689007746622
0.0703042988987
0.0716786790321
0.0730257945133
0.0743472932234
0.0756444272398
0.0769180714096
0.0781697411246
0.0794006521428
0.0806118819569
0.0818038791826
0.0829775208795
0.0841335513574
0.0852726105736
0.0863952651213
0.0875023777689
0.0885950294603
0.0896736316629
0.0907382583451
0.091789203903
0.0928270923238
0.0938524019644
0.0948652421307
0.0958666060537
0.096856828393
0.0978367604055
0.0988055390077
0.0997636120083
0.100711771746
0.101650027279
0.10257824232
0.103497783359
0.104408440481
0.105310691451
0.106203838915
0.10708832413
0.107965388256
0.108834081875
0.10969477135
0.110548233685
0.111394615133
0.11223343643
0.113064923651
0.113889460185
0.114707887395
0.115519494221
0.116324595156
0.117123317179
0.117915829136
0.118701833619
0.119481650035
0.120256071282
0.121025199548
0.121788849
0.122546695939
0.123298944258
0.12404569361
0.124786821975
0.12552273356
0.12625394647
0.126981327847
0.127703565652
0.128420476187
0.129132578474
0.129840008676
0.13054224727
0.131240404878
0.131934292894
0.132625128955
0.133310912875
0.133991903115
0.134669263611
0.135342184813
0.136010580413
0.136675486435
0.137337055669
0.137994990389
0.138648484602
0.139297829969
0.139944326481
0.140586835516
0.141225664028
0.141861047946
0.142493404031
0.143121904647
0.143746544314
0.144367955168
0.144986552223
0.145602211667
0.146214510401
0.14682347221
0.147429137436
0.148031370506
0.148630098847
0.149226080835
0.149820192023
0.150411570375
0.150999514079
0.151584283645
0.152166095556
0.152744534761
0.153320111977
0.153892951211
0.15446516315
0.155034052652
0.155599535664
0.156162442937
0.15672256995
0.157279428868
0.157834024785
0.158386613628
0.158937958251
0.159485963965
0.160030796067
0.160573890278
0.161114131598
0.161651705204
0.162187092115
0.162721098144
0.163252725195
0.163781420149
0.164307513566
0.164831873908
0.165354259924
0.165874400696
0.166392290995
0.166908203298
0.167421798499
0.167932610712
0.168441315332
0.168948705928
0.169454771646
0.169958515875
0.170459919092
0.170959069991
0.171455996378
0.171950383006
0.172442601595
0.172935199092
0.173425767907
0.173913806203
0.174399597776
0.174883468695
0.17536483507
0.175844181264
0.176321848823
0.176800126084
0.177275827097
0.177748915364
0.17822045051
0.178689865083
0.17915702695
0.179622485132
0.180087334239
0.180551192924
0.181012718054
0.181471863165
0.181929740019
0.182385915469
0.182840339159
0.183293119153
0.183745016921
0.184195362787
0.184643449548
0.185089555285
0.185534392603
0.185978604726
0.186421223491
0.186862076493
0.18730115199
0.187738939957
0.188174363319
0.188607776201
0.189041493584
0.189474294738
0.189905375158
0.190334434212
0.190761911748
0.191187677066
0.191611310102
0.192033121633
0.19245662753
0.192878315186
0.193298001292
0.193715952529
0.194132394974
0.19454687208
0.19495962489
0.195371780784
0.195784395346
0.196195245921
0.196603964742
0.197011447722
0.19741733124
0.197821629344
0.198224524946
0.19862729398
0.199029216804
0.199429488303
0.199827816869
0.200224812423
0.200621237886
0.201016435894
0.201410290474
0.201802942211
0.202195036107
0.202585098079
0.202973194065
0.203360904816
0.203748464518
0.20413498835
0.204519789134
0.204903050943
0.205285557151
0.205665874574
0.206044117772
0.206424075741
0.206802976206
0.207180667895
0.207556453281
0.20793111991
0.208304269337
0.208675474025
0.209045572803
0.209417298595
0.209787794813
0.210156634894
0.210524006516
0.210890031464
0.211254533677
0.211617543799
0.211980592203
0.212343582127
0.21270564582
0.213065939508
0.213424836626
0.213782853689
0.214139727874
0.214495483078
0.214850648963
0.215205707986
0.215559342981
0.215911174594
0.216261871104
0.216612616687
0.216962694001
0.217311405549
0.217658615472
0.218006030734
0.218351457596
0.218694740647
0.21903882942
0.219382489164
0.219725756524
0.220067129277
0.220407431703
0.22074698658
0.221084506196
0.221420280314
0.221758071936
0.222095038303
0.222431120045
0.222765453326
0.223098830675
0.22343083898
0.223761118982
0.224090994672
0.224421596276
0.224751932939
0.225080885125
0.225408373973
0.225734746677
0.226059941748
0.226383979718
0.226707786255
0.227031701204
0.22735505043
0.227676967359
0.227997308603
0.228317351184
0.228636737836
0.228955076124
0.229272104944
0.229589984692
0.229906373016
0.230220942129
0.230535047063
0.230849012653
0.231163103182
0.2314755061
0.231786633234
0.232098031572
0.232407602503
0.232715077603
0.233023968318
0.233332257958
0.233640605226
0.233947031533
0.234252772751
0.234557562822
0.23486055775
0.235162390768
0.235465402378
0.235768492359
0.236070822095
0.236371625475
0.236671421737
0.236970035932
0.23726727256
0.237564166058
0.237861268209
0.238158700115
0.238455197493
0.238750071765
0.239044105232
0.239337309422
0.23962960505
0.239920846921
0.24021305326
0.240504519141
0.240794908474
0.241083846027
0.241372463281
0.241661223523
0.24194863073
0.242234532371
0.242521626721
0.242807348001
0.243091242118
0.243375268288
0.243658719642
0.2439429963
0.244225338314
0.24450694478
0.244788347894
0.245068270052
0.245346420479
0.245625535809
0.245904642079
0.246183822004
0.246461421631
0.246738361156
0.247014260437
0.247288671392
0.247562230383
0.247836006982
0.248110691177
0.248384943177
0.248657813546
0.248929564933
0.249200339862
0.249470106366
0.249738933969
0.25000836701
0.25027792838
0.250547330604
0.250814942112
0.251081714876
0.251348265716
0.251613792436
0.251877713262
0.252143223183
0.252407916027
0.252671771328
0.252934455634
0.253196361765
0.253459317995
0.253720496893
0.253980615842
0.254241427793
0.254501367851
0.254759527415
0.255017763654
0.255275578063
0.2555343126
0.255791394396
0.25604806549
0.256304073079
0.2565589101
0.256812314535
0.257065726573
0.257320029576
0.257574387455
0.257827704829
0.258080074271
0.258331458077
0.258581659871
0.25883080905
0.259079980263
0.259329990644
0.259580548078
0.25982962763
0.260077408207
0.260324541774
0.260570803114
0.260815483331
0.261061430518
0.261307104901
0.261553388254
0.261797772889
0.262040974781
0.262284828766
0.262527218784
0.262768162567
0.263010430138
0.263252421202
0.263493500753
0.263733504872
0.26397254872
0.264213003428
0.264451725273
0.264689958431
0.264928115803
0.265165885065
0.265401989511
0.265637570418
0.265873451813
0.266109887881
0.266345498563
0.266580562404
0.266814794672
0.267047961465
0.267279843335
0.267511152279
0.267743527657
0.267976710491
0.268209125576
0.268440201077
0.268670399408
0.26889964427
0.269127404975
0.269355576686
0.269583906844
0.269814151708
0.270042580446
0.270269428086
0.270496207846
0.270721875749
0.270945842473
0.271171114209
0.271396420659
0.271622479098
0.271846613945
0.272069282766
0.27229320508
0.272515418441
0.272736779444
0.272958625345
0.273180977222
0.27340214465
0.273622068096
0.273841432057
0.274061757071
0.274281189108
0.27450032736
0.274718935185
0.27493714625
0.275153945784
0.275369650219
0.275586023543
0.275803102397
0.27602012968
0.276236202328
0.276451414051
0.276665570431
0.276878415526
0.277090685536
0.277303281936
0.277518351698
0.277732361246
0.277944711864
0.278156385184
0.278367136303
0.278576179471
0.278785811391
0.278995437695
0.279207722736
0.279417905143
0.279626284213
0.279835180471
0.280042598861
0.28024873346
0.280455520114
0.280663316615
0.280871271092
0.281077408707
0.281282219808
0.281488046979
0.281692699852
0.281896963096
0.282101037362
0.282305784014
0.282509339071
0.282711407936
0.282913317771
0.283115710457
0.283318380106
0.283520567231
0.283722076383
0.283922783021
0.284122458743
0.284320796941
0.28451923724
0.284719768041
0.284920284048
0.285119520163
0.285317823506
0.285515150058
0.285711087447
0.285906540046
0.286101677492
0.286300778833
0.286498284504
0.286693995281
0.286889321837
0.28708352426
0.287276187815
0.287469063601
0.287662778736
0.287858604186
0.288052472227
0.288244581534
0.288437245604
0.288628527598
0.288819055139
0.289009540411
0.289201622299
0.289393275894
0.289583309336
0.289772335258
0.289961608856
0.290150925733
0.29033996246
0.290528551126
0.290717122473
0.290905046232
0.291091282685
0.291277064135
0.291463945528
0.291651646867
0.291838680039
0.292024849811
0.292209946196
0.292394305447
0.292577234957
0.292759384124
0.29294555039
0.293131066037
0.293315258746
0.293498432762
0.293680712065
0.293861588489
0.294041785318
0.294222069624
0.294406316257
0.294588928531
0.294769814172
0.294950431572
0.295129772138
0.295307964302
0.295485842193
0.295665534503
0.295846140965
0.296025354185
0.296203045366
0.296380647595
0.296557716371
0.296734341363
0.296910632373
0.297087943046
0.29726508207
0.297440673768
0.297615206232
0.29778978534
0.297965384279
0.298140749686
0.298315477206
0.298489331469
0.29866328308
0.298835340415
0.299006132093
0.299179744397
0.299353694847
0.299527107624
0.299699299161
0.299870555572
0.30004107199
0.300210004823
0.300378039542
0.300550905151
0.300722744096
0.30089340983
0.301063004883
0.301231671271
0.301399039532
0.30156542591
0.301732961352
0.301903030744
0.30207220825
0.302239846306
0.30240688275
0.302572945195
0.302738195741
0.302902932025
0.303069380596
0.303236269608
0.303402231382
0.303566802679
0.30373064911
0.303895008036
0.304059150689
0.304222846958
0.304386277149
0.304550535632
0.304713049669
0.304873997764
0.305035967474
0.305198862922
0.305361898124
0.3055238408
0.305684681107
0.30584589664
0.306005032609
0.306162452173
0.306324088559
0.306485355351
0.306646408889
0.306805910311
0.306964758219
0.307122648517
0.307278826827
0.307434909979
0.307594762521
0.307754227254
0.307912660713
0.308069913362
0.308226215498
0.308381391301
0.308535544997
0.308691287791
0.308848240879
0.309005182454
0.309160813807
0.309315266706
0.30946941994
0.309623039318
0.309776189465
0.309929787612
0.310084609679
0.310238426238
0.310390764098
0.310542531718
0.310695107222
0.310848012678
0.311000083009
0.311151036917
0.311303565543
0.311454102011
0.311602612954
0.311753520517
0.311904529697
0.312056299943
0.312206405696
0.3123558283
0.312505231351
0.312652547752
0.312798525171
0.312948424296
0.31309819525
0.313247897053
0.3133959653
0.31354346237
0.313689823215
0.31383457648
0.313979980245
0.314127338369
0.314275499313
0.314422801857
0.314568698995
0.314713781502
0.314857940504
0.315001301203
0.315145437666
0.315290846454
0.315436401265
0.31558096704
0.315724059101
0.315867231453
0.316010410471
0.31615293641
0.316294578415
0.316438565313
0.31658118073
0.316722177064
0.316863428627
0.317004837053
0.317147489124
0.317288615282
0.31742878757
0.317570275383
0.317709848653
0.31784742469
0.317987768834
0.318127936173
0.318269179158
0.318408542195
0.31854766697
0.31868614299
0.318822768008
0.318958756387
0.319096997083
0.319236332823
0.319375558429
0.319513304219
0.319650324065
0.31978620328
0.319920798321
0.320055829925
0.320191975767
0.320329447797
0.320466599315
0.320602101988
0.320736874566
0.320871116526
0.32100464667
0.321137569887
0.321272846082
0.321407748345
0.321542087075
0.321675120119
0.321807856627
0.321941593443
0.322074042975
0.322205257154
0.322338988301
0.322471394768
0.322602131265
0.322733676247
0.322864742986
0.32299771752
0.323128726844
0.323259477209
0.323390574427
0.323520178822
0.323648179049
0.32377790636
0.323908352259
0.324039633657
0.32416941995
0.324298958452
0.324427473432
0.324554466764
0.324681045239
0.324808441758
0.324937852897
0.325067538427
0.325195902845
0.325323223011
0.325449602794
0.325574959691
0.325699749641
0.325826202809
0.325953408983
0.326081329062
0.326207401618
0.326332454388
0.32645777486
0.326581988162
0.326704811233
0.32683062208
0.326955846862
0.327080767052
0.327204649239
0.327327554867
0.327452439477
0.327575393163
0.327697721032
0.327821587243
0.327944775365
0.328066300554
0.328188253704
0.328310092722
0.328433646909
0.328555614128
0.328677717771
0.328799317661
0.328919797512
0.329038987397
0.329158471844
0.329279802252
0.32940186403
0.329523102101
0.32964362773
0.329763108204
0.32988127587
0.32999859992
0.330116554202
0.330236135279
0.330357333624
0.33047707932
0.33059532467
0.330713101726
0.330829752089
0.330944961867
0.331062628489
0.331180389097
0.331299812829
0.331417213704
0.331533049621
0.331650153695
0.331765469052
0.331879663952
0.331996213299
0.332112901298
0.332229076611
0.332344161645
0.332458201682
0.332574345101
0.332688687009
0.33280312541
0.332917870969
0.3330325467
0.333145596416
0.333258127145
0.333371551828
0.333486078153
0.333600081857
0.333713984499
0.33382705896
0.33393901117
0.334049721647
0.334160035607
0.334272186603
0.334386140097
0.334499562009
0.334611627476
0.334722839115
0.334832728058
0.334941187363
0.335050813066
0.335161014984
0.335274595722
0.335386253905
0.335495944817
0.335605867427
0.335714174986
0.335820967436
0.335930054121
0.336039686159
0.336150985519
0.336260155222
0.336367529898
0.336476620176
0.336583708859
0.336690444567
0.336798228149
0.336907158328
0.337015088608
0.337121585326
0.337227708692
0.337335141687
0.337441911297
0.33754895273
0.337655617684
0.337762103705
0.337867155108
0.337970977409
0.338076032386
0.338182489164
0.338289306958
0.338395426002
0.338500714035
0.338604612539
0.338707196634
0.338809464911
0.338912435976
0.339019419045
0.339125411448
0.339229555585
0.339333132144
0.339435161616
0.33953555337
0.339637233257
0.339739342326
0.339845571874
0.339949494296
0.340051248447
0.340153722587
0.340254186072
0.340353694854
0.340454451479
0.340557057594
0.340660370189
0.340761625914
0.340861450502
0.340962400933
0.341062185917
0.341162112307
0.341262138245
0.341363436697
0.341463603807
0.341562015394
0.341660534294
0.341759840898
0.341859858367
0.341959845379
0.342059287401
0.342157819502
0.342255336446
0.342351391967
0.342447799225
0.34254752838
0.34264750202
0.34274632157
0.342844286877
0.342940654372
0.343035667608
0.343130459245
0.343225180215
0.343325643628
0.343424416857
0.343521206422
0.343617647686
0.343712257239
0.343805486627
0.343899365111
0.34399487875
0.344093523365
0.344190056571
0.344284636491
0.344379661095
0.344473035474
0.344566018126
0.344659277198
0.344755061305
0.344850689339
0.344944478968
0.34503728991
0.345130280963
0.345223592645
0.345317096582
0.345410384942
0.345503914918
0.345596926419
0.345687959201
0.345778618874
0.345871074683
0.345964689001
0.346058029097
0.346150657996
0.346241759322
0.346332235539
0.34642114544
0.346509308552
0.346603172749
0.346696405115
0.346788445201
0.346879474689
0.346968862684
0.34705692729
0.347144435847
0.347232563579
0.34732607789
0.347417931128
0.34750798131
0.347597535703
0.347685313194
0.347772093387
0.347858769899
0.347948302738
0.348039301054
0.34812888575
0.34821689566
0.3483044689
0.348391537899
0.34847847972
