0.0
0.062318073289
0.307471549445
0.322572778875
0.630835219775
0.176936103334
0.362433053965
0.191556457098
0.0155652741161
0.0100946195328
0.0486337658867
0.560594944331
0.0523504899708
0.580213640742
0.511156594218
0.157339266285
0.573665336738
0.00222324922694
0.0238889901849
0.0639889071015
0.411839593905
0.529469741336
0.178038508842
0.914401152333
0.0257494527811
0.555000956806
0.0434048852889
0.0183546359609
0.199576558344
0.0190344591909
0.71027522399
0.190179096986
0.684117049909
0.0264651006875
0.155975826147
0.10179157634
0.0115418503401
0.219008791078
0.302015408305
0.370872055573
0.265916391541
0.0542225655414
0.0812419143938
0.320770176956
0.0867962609914
0.0423959962932
0.0510230093025
0.341600512654
0.305526618181
0.114600760258
0.764965519153
0.0742071138796
0.533508256096
0.0232792516481
0.0452444313652
0.216122520388
0.152514149409
0.829665882017
9.91708542703e-12
0.935250909125
0.132913984434
0.366618971032
0.152619574481
0.0148398378272
0.377588842549
0.042295001316
0.78913216186
0.0880707095917
0.459777648453
0.381909147067
0.0100418693118
0.189245893406
0.02379424417
0.277632228278
0.0772810143393
0.188615611542
0.254647213012
0.281929348003
0.398333469459
0.290819855792
0.0869492039953
0.0371908464696
0.0468809898562
0.0147187354721
0.539469099226
0.232414538758
0.742610917611
0.0664864997499
0.31288575327
0.0874994680929
0.0209742104115
0.368501764984
0.0360600483758
0.865289492656
0.100597353881
0.643583079414
0.422301874866
0.132797993777
0.203803281327
0.00359995710366
0.444249958394
0.101468053441
0.582582035262
0.532490380885
0.154132100112
0.680874628198
0.0513855007422
0.176345604794
0.00223119110005
0.207883080371
0.294345180111
0.0542801321427
0.671977530004
0.300442562983
0.461851594731
0.0996255488709
0.0314315518612
0.0256583640192
0.168699289182
0.311560685704
0.549843838138
0.295961808473
0.412228262709
0.121779582683
0.0371224512903
0.120759739156
0.0279747373554
0.408407586374
0.0336686727475
0.589351432217
0.40072541682
0.217614888428
0.647438617617
0.00489365344644
0.171770718687
0.0185905337855
0.35118313197
0.398096953562
0.245343509444
0.902891525148
5.64232560386e-11
0.727095212007
0.0515286626266
0.103084076168
0.0901558931347
0.0715188538677
0.628098663023
0.133931206665
0.79234887361
0.0444094036958
0.302855691466
0.154115973955
0.0177669398933
0.118414428314
0.200016824409
0.412931922492
0.25956333972
0.10462903189
0.0795427373185
0.305086314387
0.160084787278
0.0949467918668
0.0495459746499
0.273209971135
0.158878142037
0.138132078863
0.682747070198
0.103483382618
0.652009648755
0.00766255838365
0.0907817254333
0.0920730763166
0.149501486986
0.680762554229
0.00212062070093
0.983908368938
0.0966934135853
0.525434646211
0.225666109327
0.0328767257459
0.203360004201
0.0145709097389
0.750128686572
0.0628059837117
0.599433025552
0.39123227315
0.0801742513826
0.332935461144
0.0214269241807
0.180022494738
0.0646282338073
0.288043010464
0.228155863
0.160321789625
0.476129726989
0.32396938044
0.20083523252
0.0355235854681
0.0124635624232
0.0150140973524
0.378865073254
0.254819315726
0.721998575551
0.167029378181
0.416194574564
0.101944521111
0.0198054426638
0.190983990698
0.03601868455
0.761586680729
0.0301361995446
0.725555835598
0.384964627602
0.218575781454
0.352881013726
0.00247559984197
0.274053131037
0.0554368801302
0.602923291394
0.454401191165
0.262551380652
0.755893431837
0.0324410936562
0.362013736742
0.0
0.164444794917
0.216319341189
0.0629973671916
0.668724566025
0.247860429753
0.610796998787
0.130753646588
0.119560525423
0.010328259372
0.064278329844
0.269175690892
0.440264869565
0.39141889534
0.436460131746
0.0338223740088
0.0654391719219
0.196035490923
0.0114628765427
0.243038390819
0.0832861642305
0.55711676581
0.268633689905
0.273929401833
0.659351879087
0.00839041903025
0.353319794212
3.77685689583e-11
0.245071556547
0.266371417346
0.290357829157
0.83458594447
0.0211508730188
0.864229027246
0.0469710237288
0.259257455584
0.0167056289496
0.0835961206294
0.506578895571
0.071736435405
0.849696584476
0.0552301647989
0.467142869764
0.188527917473
0.0166777051201
0.0237591175193
0.10641495356
0.401311285043
0.23447628683
0.249819415641
0.0722985482803
0.234891557849
0.232594612471
0.198973538088
0.0118036434469
0.183608072127
0.0427410222055
0.151865641744
0.555726927844
0.124934701028
0.719885743072
0.0574290695789
0.233451668758
0.0122045371036
0.120555803555
0.507819125032
0.0162779504586
0.970218425144
0.0520907436334
0.673400682263
0.257872293182
0.11246565014
0.0424231397662
0.0117104566207
0.651476849621
0.0413541787387
0.704879435774
0.37077979495
0.195859440351
0.455893199865
0.0377973048299
0.0476709716765
0.0444198645839
0.335636065672
0.190258628756
0.0373517470446
0.525721364157
0.314470205474
0.336966548531
0.103025065404
0.011473611451
0.0155175185131
0.224158291758
0.254823768659
0.652066676253
0.269423136174
0.49717514491
0.0650878164741
0.070908196825
0.0475354009688
0.0282907386784
0.615611757026
0.0517573607116
0.764303896125
0.308416461412
0.311957823128
0.45474744948
0.0107757337076
0.0877715094179
0.0235972883834
0.566788171245
0.357159433003
0.362405285977
0.778390929179
2.02601328602e-11
0.544778076371
2.7377588768e-34
0.0677044037034
0.137604408134
0.144465171337
0.621803384084
0.17205557812
0.734842350645
0.150348064183
0.253176563164
0.0348478122748
0.00928480170055
0.201379057387
0.316597450684
0.450273369552
0.431449207639
0.142254953753
0.0974395531744
0.211512046075
0.0505895882883
0.0866319941687
0.0986147375264
0.485714903131
0.1351011433
0.318385246291
0.61106765484
0.0124564226303
0.504361943915
2.5490957659e-11
0.106325510034
0.149924047558
0.304448965058
0.719142146088
0.059642583628
0.95034980538
0.0333991444667
0.434825151891
0.0789834436475
0.0516172922884
0.360159399027
0.0161731967538
0.847908258757
0.0576509767379
0.627233918057
0.202993066869
0.0894954473827
0.127070740698
0.0352831798065
0.336718187035
0.193567868845
0.369278708485
0.0629986687771
0.123874778899
0.294718160683
0.261454076356
0.082778675628
0.083858494992
0.0468778070969
0.152076864716
0.40210091364
0.135590145353
0.730312553249
0.128722175034
0.371058480345
0.032792973523
0.0668133412309
0.332017749457
0.0288470330779
0.895853596501
0.0209059330035
0.792431241064
0.249323123141
0.21917866358
0.133265053422
0.0159471964188
0.503783768262
0.0263041103454
0.760818045528
0.325496195786
0.327446873396
0.544910876702
0.0233231706817
0.141101061296
0.0208550146053
0.323246806771
0.146381859727
0.122207895523
0.541471627128
0.264050530492
0.477406982778
0.159276707108
0.0514794012113
0.00923697679489
0.0963737740643
0.233196010561
0.54254021013
0.358878778207
0.545965731137
0.0453713196342
0.131447419111
0.0674733962525
0.0167555150536
0.444792951955
0.0963281074785
0.753816453895
0.206288249925
0.4018962382
0.500188895909
0.032623393016
0.126338744233
0.00836693574142
0.475894070158
0.253687367699
0.439180067584
0.74769357173
0.0595014046245
0.703467373652
1.4656868506e-11
0.0940522355733
0.0669077406869
0.18430580986
0.537327366992
0.0843309833131
0.817907171868
0.154459300133
0.414947328042
0.0516346457899
0.0125651219526
0.117540865505
0.195538189129
0.464316053925
0.397298518677
0.2859274934
0.128794351793
0.168503192783
0.0926596567647
0.0632823682433
0.078112387692
0.382533322803
0.0387627054106
0.344010504921
0.511776283589
0.0214861099808
0.608264285091
0.0315541916198
0.0744805041948
0.0615740386763
0.282641643031
0.571803069475
0.098051039997
0.975736624101
0.0147687799072
0.609269546875
0.119842855022
0.03743307008
0.206394442817
0.0351155912305
0.786182601638
0.0512571925157
0.761829138529
0.198228513012
0.207435503488
0.237193425827
0.0126518516395
0.227057632458
0.142426980904
0.444788030298
0.055237919576
0.0545419989975
0.338807369395
0.274987461395
0.191623592077
0.0305536373192
0.0704768759163
0.136904193488
0.243501189593
0.134564360326
0.683636132674
0.206527233101
0.487428891933
0.0258653294531
0.024197853392
0.174663726226
0.0377744938789
0.770020280806
0.0486975627078
0.867671274676
0.20534965903
0.341382468143
0.249643872656
0.0107364259164
0.324192539471
0.0182419567022
0.758002743442
0.263083684183
0.457392086226
0.591322389278
0.0237308246592
0.317743849709
1.3700676008e-11
0.250663442429
0.102092628396
0.231828555908
0.522266627004
0.180234257632
0.604063857774
0.195926451569
0.16200814069
1.96833447928e-11
0.0163102395163
0.193557470962
0.408354590452
0.422910358238
0.556496530238
0.153655670203
0.19426162143
0.111786528213
0.00985021311349
0.269975041781
0.117903952269
0.694168185158
0.0981193397326
0.477015339964
0.487184429642
0.0658404909243
0.296332019499
5.36794594102e-28
0.339258238212
0.156927632217
0.480721821376
0.669674321405
0.127219470361
0.820014336572
1.47929014378e-18
0.269542028404
0.0129638634121
0.173618637963
0.42584497435
0.0204307589453
0.849268249503
0.141325608309
0.583947574022
0.0596579451339
0.0689088862476
0.0352226239945
0.0939144976531
0.431264256893
0.338118908627
0.415522770696
0.154747452262
0.0823801968903
0.129358855487
0.152716749497
0.0304161720082
0.25947912498
0.0886707692353
0.345873661202
0.377111208569
0.036849399041
0.654381237742
0.0742408731581
0.233391969599
0.00685746744623
0.22460863452
0.411365485447
0.130963309546
0.938213938985
3.4723289755e-11
0.76198171056
0.130070058304
0.149009994752
0.067936285657
0.0572809008306
0.671207128348
0.037533864786
0.85269248464
0.177399500207
0.352364632318
0.325209444204
0.0138479542216
0.0909965280775
0.088714433531
0.464592481114
0.0504649053582
0.183768549503
0.360064171184
0.238919104639
0.311800924453
0.110333307644
0.0429616655245
0.106835806611
0.103438326994
0.122938005865
0.587436158436
0.279016305708
0.569008315514
0.0473166144459
0.107040229309
0.05582316501
0.0394175808234
0.608311501143
0.0787276110222
0.889474457043
0.136402084879
0.465090715678
0.319940029265
0.0396300570364
0.137427418891
0.0149592331992
0.694509570625
0.192841678933
0.567926210843
0.592002175708
0.0967404994738
0.483597857441
0.0106411056302
0.128293179067
0.0621959100656
0.302493169705
0.471423381963
0.0778283580195
0.700980608003
0.207301966073
0.309255177049
0.0191448936977
0.0206811487263
0.14169430593
0.267841171132
0.452817715778
0.527478101305
0.285549554044
0.251739124666
0.0998102138873
0.0179781542694
0.114143892571
0.113520805037
0.591681133062
0.0532887559406
0.527171438772
0.421177805226
0.108280953445
0.429947648776
0.00254582463364
0.173972566139
0.0782080121965
0.478965681101
0.555839719419
0.196692531223
0.881720624034
2.45604170669e-10
0.45807211939
0.0282632144386
0.112035428645
0.300866070427
0.083727536449
0.824811978963
0.111858140685
0.738325584025
0.0605012460492
0.177627010067
0.0699166867828
0.0271550798047
0.354984345499
0.261693263106
0.511457423491
0.170968974812
0.0899404900751
0.155968675396
0.195006856845
0.0612678952195
0.132316197335
0.131656819847
0.321978168645
0.227693753197
0.0561110261725
0.639359927339
0.123157719155
0.382323837079
0.0
0.13566497845
0.257721785215
0.152129308619
0.843391232984
0.015693062825
0.874812682529
0.112326692473
0.290448477493
0.0739017105954
0.0518905204227
0.516291746325
0.0208785970286
0.886989346279
0.145479526945
0.505467944609
0.382007746534
0.0382402360806
0.0970340574444
0.0413724206168
0.424308206106
0.0468452923571
0.316255353202
0.35697156466
0.160096902146
0.427558132302
0.17273970757
0.0508255644328
0.0649475098188
0.0335559416272
0.103301215043
0.455662985227
0.335856424052
0.606396840473
0.135410238413
0.202788568386
0.0286792056673
0.0311332388434
0.430755935677
0.0953701248104
0.854737238631
0.0629556835236
0.575487090763
0.338024467447
0.0946801184059
0.0815688768561
0.0132786763966
0.576113155226
0.124440925961
0.643257106597
0.549573077737
0.18898041111
0.618686957689
0.00664775238638
0.0738304705536
0.0298229454589
0.321102147242
0.396020918626
0.056144543368
0.756292952129
0.191033800207
0.474205655679
0.0410843983852
0.0206533551244
0.0847423018241
0.140510844384
0.444639468447
0.462776863459
0.413821067535
0.296406886225
0.0521500961944
0.02972681374
0.0391052863179
0.0854111149182
0.458291597061
0.122258156579
0.544923583521
0.314566428856
0.155866627436
0.510416977855
0.0227449908251
0.0606060732193
0.0258669071899
0.431193194295
0.421721951175
0.258427928051
0.882797359905
1.49802965372e-10
0.635449682036
0.0446644515034
0.0413317885874
0.177202595785
0.131621910611
0.74742405961
0.0697623461123
0.858080101783
0.0566776049195
0.324103086745
0.14095357472
0.0111128185424
0.245161974939
0.178620254892
0.559605362024
0.174394508354
0.231295147306
0.169859299094
0.182779222967
0.150858280089
0.0357111412883
0.128594309281
0.273785390396
0.0916477835968
0.0756065790754
0.567609340448
0.170542001379
0.499004524732
0.0303311891477
0.0415524819472
0.129268585485
0.156236618448
0.703909694561
0.0264156153856
0.934400340795
0.0741979285748
0.442337080575
0.152937019198
0.0233988318287
0.339884152628
0.0147547207816
0.858931062993
0.108435352328
0.646675887716
0.403217286301
0.116133599208
0.248377567601
0.0115046445066
0.327665100966
0.0414143289318
0.416194784238
0.331252606238
0.0623677934894
0.524439660164
0.202918280821
0.170187530091
0.0185736453427
0.0729095760079
0.0790676925165
0.307019937746
0.369389004061
0.595666009026
0.246586929272
0.293027567078
0.0428747438094
0.0143940088974
0.259373086075
0.0966531214121
0.767404832244
0.0673640217681
0.65883452133
0.305668766617
0.165889556548
0.221394308743
0.0111513492005
0.415854461849
0.0670240438376
0.671661266934
0.471869269707
0.288787490512
0.70828141291
5.91559815192e-18
0.247302722266
2.05517466493e-11
0.28239830261
0.305778967563
0.152857853579
0.763611884623
0.148619564231
0.635923658573
0.0611870786495
0.105870481537
0.0317897724983
0.0454689975282
0.399471264959
0.371108289276
0.519573977199
0.322035528808
0.112527457523
0.0422549760694
0.0964055670514
0.0415527926303
0.310240887277
0.175607910934
0.526697369864
0.186520400359
0.203024523479
0.530277106674
0.0434877023161
0.203921661809
2.34152146492e-11
0.340720143379
0.284802187133
0.302901906256
0.82501134765
5.59583076933e-11
0.78088318162
0.0425332853162
0.163006532428
0.0705097162117
0.144730523504
0.626493577197
0.0217107306042
0.927581750834
0.0505188272484
0.489891901847
0.193370073505
0.0314594559042
0.118528531164
0.101078455638
0.552294946356
0.163874742617
0.377937591082
0.170567099427
0.121580241368
0.243839650097
0.0928455848152
0.0806093741274
0.206295144852
0.0713269769957
0.0913502307784
0.450845105927
0.20931049105
0.569858189748
0.0933716343825
0.118345967491
0.0402480996377
0.139971395814
0.537795667522
0.0317584189222
0.933909737571
0.0373676774001
0.586786836557
0.192749406777
0.0634287045508
0.165041044046
0.0241822026865
0.770531649334
0.0724585882624
0.757062555284
0.389196352303
0.224491817141
0.386484765419
0.00871899360869
0.187933537846
0.0327193186923
0.466993823184
0.287386809308
0.106532804663
0.590899199173
0.196194551393
0.318183441583
0.0367632554531
0.0706046426395
0.0536338031961
0.163145626971
0.375455997142
0.539019962098
0.362244423755
0.366482079102
0.0369459926592
0.0267805741091
0.116006127587
0.0837904118734
0.638076605969
0.133518146534
0.704328545614
0.231857490324
0.245706518429
0.328025131265
0.0086334014162
0.233816324716
0.0299863433
0.647111954415
0.370761960338
