0.0
0.000627250720333622
0.0012702134698304168
0.0019011856288388002
0.0025716691480415915
0.0031885297985353375
0.003810876724116563
0.004419153537761823
0.005050454653546407
0.00567509739003038
0.006352727611052274
0.0069824522582221105
0.007656228840854061
0.008284680381982067
0.008918891279807696
0.009512908194614575
0.010152221040821675
0.010793287467202456
0.011464836643779064
0.012104761407026897
0.012778752205576067
0.013404024225493624
0.01404084483895026
0.014636869871546276
0.015296923856933896
0.01588404134610085
0.01676420342758001
0.01735296764953599
0.01803187393408759
0.018643484308482
0.019261023394496257
0.0200259194841564
0.02063589970384612
0.02158701416080032
0.022151778514163382
0.0227880869987169
0.02334922985157936
0.023982813694224413
0.024608392388691454
0.025546247638471076
0.02614506213230311
0.026939154222705528
0.027517933866239228
0.028184936358877213
0.02872980878251965
0.029383432128499594
0.030118648950685445
0.030828501804849084
0.031524272829491405
0.03217737657368664
0.03278297938949175
0.033453397646407326
0.034021180020958636
0.0347323233512561
0.03533867447244108
0.036378780028343716
0.036998444905496065
0.03765892923754379
0.038248211973128755
0.03886957794151948
0.03969464256284792
0.04039223944645014
0.04144294761442014
0.04201691213314988
0.04266255208025308
0.043191878244145616
0.04385150533224328
0.04445629825877219
0.04578737312807813
0.04633397769208708
0.04718385230244661
0.04769836797941016
0.04839334821157965
0.04891066933144775
0.04962600797089035
0.050450096202964506
0.051234929348946516
0.05196167926314909
0.05254735497479472
0.053102666123474446
0.05380951446307437
0.05439512058376753
0.055163545893721154
0.05585483334181619
0.0568929160791418
0.057587809045031614
0.058193275300365624
0.058740747930154144
0.05939502211752758
0.06015121178214852
0.06107251911115224
0.062027982282478515
0.06267385761468415
0.06333563094272862
0.06385129493979545
0.06461508053384407
0.06514935765245769
0.06690930066406499
0.06739923799240147
0.06820293314640695
0.06866710164425877
0.06937504738581997
0.06986899249994966
0.07079032446977421
0.07158077663566671
0.07258389723094087
0.07326115584966486
0.07379875469017731
0.07427836658479631
0.075006136166612
0.07572002963367835
0.07650452651470015
0.07730690111824264
0.07822327590948583
0.07898081109305574
0.07955544712686263
0.08005424591093768
0.08077119292752716
0.08138160095711724
0.08257537018693321
0.08336525851148482
0.0840765316991601
0.08476304451340835
0.0852731775206098
0.08622565578234812
0.0866361834295373
0.08871632286736157
0.08914503342969518
0.0898518472352555
0.0902761654600151
0.09098037555867947
0.091438245453391
0.09276806990975846
0.09335657810268377
0.09470363699793449
0.09526011623615196
0.09579896584466738
0.09621306344935918
0.09692623730081615
0.09795357538929564
0.09866748705185502
0.09956231028559653
0.10028263989805516
0.10105493458527114
0.10164084471214035
0.1021132040400799
0.10290678653820143
0.10343406285159971
0.1047993028487575
0.10549983533349856
0.1061913347005134
0.1068965643072384
0.10740691165784089
0.10855299772547292
0.10884619187966382
0.11102288175213318
0.11139933989322245
0.11204561068387701
0.11243618461603198
0.11312745238255445
0.11354610619310482
0.11541525404745333
0.1157209195159609
0.11736439812256418
0.11779862052833925
0.11837390863693657
0.11878217364305542
0.1194543529282385
0.120965969354372
0.12155372654983296
0.12248547585997595
0.1229737790829695
0.12371010919532788
0.12433272718075665
0.12483667485325639
0.12569813471009683
0.12631148594983793
0.12764136949139515
0.12837376693952005
0.12894635754418565
0.12963937112908525
0.13017573308048916
0.13139742109773206
0.13168987436021384
0.13371887222349485
0.1340859229267213
0.13475111477791363
0.13512220088460128
0.13580518130812397
0.1362082804311883
0.13855398333946056
0.13865866854356368
0.14035532069470366
0.14073121303245928
0.14134586069235275
0.1418213323354113
0.1425013253780326
0.14448047329256627
0.145019343802003
0.14590271338746416
0.14617686818566974
0.14683140680723475
0.14749523107102858
0.1481510843382003
0.149044759920712
0.14989725923845382
0.15099147258904472
0.15181136080849028
0.1522279496234637
0.15286380311772907
0.15347760978381034
0.15459618156482668
0.155076953908246
0.1567876529298877
0.15720188556582815
0.1579388481432259
0.15830881061190338
0.15900582321974446
0.15942767795595233
0.16200329495685495
0.16210092330524561
0.16356399738499722
0.16395206017736413
0.1645956157561787
0.16515252754246315
0.1660016201831307
0.1681347996121726
0.1688451372961398
0.16959126675738248
0.16973286470536225
0.1702734197520897
0.17096510580641253
0.17199963056323941
0.17285436652938027
0.17397521083381517
0.17473186369529478
0.1756102604217079
0.17591274066600693
0.17646157885934355
0.1771933990998801
0.17812287100797247
0.17891147432027368
0.1802562935694967
0.1807281663931757
0.1815336111030395
0.1819086983158036
0.1826552943493696
0.18311367943936827
0.1856356906467981
0.18590397568689446
0.1869959992457581
0.18742035236802645
0.18809526943333899
0.18865450791535598
0.18987513809802306
0.1916660530932783
0.19277342977149367
0.1933438327693729
0.19346606859988008
0.19391391114480655
0.19459648079763603
0.19632261256968414
0.19703370876784015
0.19830660946165096
0.19873541984520687
0.19961378555941184
0.1998777621211728
0.20036411546612248
0.20119002868629948
0.20205351248643524
0.20307544624230803
0.20411156193466135
0.20457520310015193
0.20540798293461535
0.20578753913262526
0.20660803516428491
0.20711010268121793
0.2094021799149468
0.20990356922682463
0.21069607850270516
0.21113254793796277
0.21184997330347674
0.21229380825726418
0.21398318683028855
0.2150533773936182
0.21660753971118585
0.2170528815364272
0.2172446742766015
0.2177084793008457
0.21832273756492965
0.22097545058818013
0.22144098203920254
0.22266794338652213
0.22284018987853893
0.22367780742547216
0.223959715234388
0.22450643269317594
0.22532533918096823
0.22642292552870583
0.22742472533382807
0.2282609558011387
0.2286139173968937
0.22942634277493468
0.22984373797800506
0.23071215902554926
0.23129074297848062
0.23329127052464557
0.23396994983645303
0.23463732863555764
0.23505190020902006
0.235806492386579
0.236086233206633
0.23814461539101736
0.23849573272047372
0.24030504188201635
0.24074265270872303
0.24103898613201968
0.24166856404952294
0.24216277030686933
0.24565959501084705
0.245849783007994
0.24685489890592205
0.2468525556015873
0.24762518253440702
0.24795123227389743
0.24880262329319297
0.24949081784444405
0.2511042059431588
0.2518157455338422
0.252557201459992
0.25273748194547585
0.25348174943584006
0.2540399547163289
0.25488229324443956
0.2556038870082714
0.25726649890055253
0.25801213567793363
0.25868322460955673
0.2590596683351444
0.25982987222027837
0.26002574403207973
0.26221171389920583
0.2622201388773069
0.2639604571301631
0.2644936969902663
0.2648942291318419
0.2657550758259064
0.266133746948019
0.26997430456155574
0.2699902956404794
0.2707108127989139
0.2706120005657768
0.27130046674861225
0.2716875909476991
0.27315537861815786
0.27364431603835865
0.2758003091838816
0.2761107729936292
0.27682334749537096
0.27685190504472407
0.2774847630329041
0.2783218696494574
0.2791063124249758
0.28000807762969077
0.2812454984010492
0.2819557545724637
0.28265647485828094
0.2829886921941789
0.2837673990668216
0.28404349963881054
0.286122368080467
0.2862649213854687
0.28766759409299675
0.28831124348481507
0.28881640408077286
0.2897972292214877
0.2901535666041793
0.2936156563910601
0.29367735982219256
0.29419264629678826
0.29407893336645724
0.2946894063654613
0.29515042582775464
0.2974567916682189
0.29776125875402937
0.3001432435822599
0.3001448293227119
0.30084899014250666
0.300804887715252
0.3013410342315561
0.3025151670181012
0.30337878454116124
0.30437847218350883
0.30512961236082564
0.30573001980765435
0.30643132738421724
0.30672259870143853
0.3075252272284279
0.3080278343530909
0.3098670471120535
0.3104094809212551
0.3113828527774442
0.31206172819055944
0.3126831456812974
0.31354560915051877
0.3140415767618616
0.3165781007100484
0.3169181402846596
0.3173960196718719
0.31734717023784564
0.31793672527583833
0.31845010061648366
0.3215511787280955
0.32172751920766557
0.3238375897793718
0.3237205353253929
0.32441184741374784
0.3243741152788068
0.32496696752607945
0.32634377944300413
0.3276086532432394
0.32849098182711206
0.3288248212833783
0.32926010828252905
0.3299380451580685
0.3302622212242319
0.3310834953460828
0.3318777582152322
0.3334124369290101
0.3343045341072073
0.33492177510064447
0.33553710914296503
0.3362796801604926
0.3368324841037158
0.33761700938267925
0.33915119373130204
0.33986856486002853
0.34046166190670185
0.34053186330944246
0.34118480205634255
0.3416702557301571
0.34521169473556906
0.34530434475143673
0.3467774208411679
0.346691294219482
0.34736965019822985
0.34738208303478296
0.3483189424459686
0.34958027623683463
0.35156249890411356
0.3520932308274253
0.35221106122067686
0.3524485261430217
0.35308825134039995
0.35367825775197137
0.3544505130426955
0.3555230556560347
0.35666949382772745
0.3576841562485491
0.358085423166209
0.3585740372993944
0.35941945134579917
0.3596801992873872
0.3607862287142933
0.3616719920713844
0.36265189780651785
0.3634118071778467
0.3636147754091606
0.3643718929796048
0.3647309192821938
0.3682040827283959
0.3682463202075609
0.3690721331114251
0.3690694144422315
0.36975220179523105
0.3698317488292376
0.37136740210514385
0.37217685667900297
0.3748974365329214
0.37498988423347196
0.3751072150969765
0.37516467237246626
0.3757451692882608
0.3769724662137467
0.37760364949061004
0.3788733280766591
0.3795222779563417
0.3804641063018269
0.38076954463652496
0.38111313440259464
0.3820224121435136
0.38223790245244227
0.3835330093844783
0.3842377630490564
0.3852114921797172
0.38607652814634347
0.3863996362772801
0.38720268603011265
0.3874180772625998
0.3904140424188858
0.3904697531632993
0.39094694366422883
0.3910189363301848
0.39172488238979974
0.39188708359818136
0.3940190138819391
0.39423927406530546
0.3972996584018488
0.39709039908118665
0.39731806326586583
0.397281960663659
0.39780566413600227
0.3999573068793336
0.4004426827593209
0.40174198770940206
0.40185413935017167
0.4026488637434085
0.40293252133207114
0.40316755923731784
0.4040937145202614
0.404608370833623
0.4058436304863967
0.406634396385566
0.4073432479575509
0.4081964939300702
0.4086294567972689
0.40934213241541595
0.4095402012777606
0.4119097033201206
0.4120791453147856
0.41256109816422176
0.41269357445093374
0.4134129551857136
0.41367637619558106
0.4160842645374314
0.41587817181501413
0.4186586215649971
0.4184220199148358
0.41875816533037646
0.41874929246945225
0.41929398857235206
0.4222641760827159
0.42275924102881396
0.4238408408516042
0.4235337044245097
0.42417633232620366
0.42448106842128075
0.42476757160399553
0.42566020195607823
0.42672674878099653
0.42765509858284045
0.42852154300353706
0.42885955974675755
0.42959428355026313
0.43013942435280494
0.43065628031670944
0.43103763151299646
0.4328542285332058
0.4332076452937291
0.43386814446746513
0.43405658649815576
0.4347462221011462
0.43511214444203355
0.4373593799590465
0.4370907728859169
0.4391339712367328
0.43910690643993794
0.43952240642442847
0.43961837129506076
0.44031962601648866
0.44350000188498945
0.444254534716194
0.44489237576311763
0.4444105119983254
0.44489424527258853
0.4452485042759895
0.4459354529006173
0.44673124921369134
0.4483660648414784
0.4488515520790898
0.44965594724652724
0.4496910280187544
0.4502362060199148
0.4508864928954127
0.4512712147447326
0.4519395301646315
0.4533423867349216
0.45384220344454407
0.4546355349878057
0.4548656010519221
0.4554795207691755
0.4559228844678809
0.45775444378152624
0.4577635232971579
0.4590217667519296
0.4592784890413001
0.4597857894104372
0.45996960731451175
0.4609086571848258
0.46346321337227436
0.46464820440017157
0.4647962262957455
0.4643822108929717
0.46470726408311475
0.465128027417785
0.4666597043051544
0.4672753596831838
0.4692208413389737
0.46927551209433316
0.46993517212663993
0.46982036213884687
0.47015491310564433
0.4708653901721034
0.4714122564481206
0.47224915830958014
0.4733261773761004
0.47382636773966474
0.47461766720500154
0.4748593991338314
0.47537604403353856
0.4758751780866661
0.4773371337533436
0.4777542265217096
0.47851186278909036
0.4789696501857812
0.47960428207943484
0.47979432086375345
0.4808998864942367
0.482274813993801
0.4838498594258872
0.48371298570240046
0.4834957168678631
0.48372111230324755
0.4842072792291874
0.4868268568206324
0.4871790334730328
0.4889987029721071
0.4887420209772205
0.4892827074652349
0.489153527494234
0.48935802497728614
0.49004960079862375
0.4911737379741844
0.49188855215106003
0.492670036285388
0.4930070719362225
0.493704734927634
0.49394983901655476
0.49436962513103044
0.494949019673715
0.49622661877096014
0.49694478622699145
0.49752811949337217
0.49804831617742923
0.49880508303563337
0.4989379927748534
0.5000253785084238
0.5002973624736435
0.5020310613977277
0.5019542557403187
0.501941733656104
0.5021780193372902
0.5027024901531036
0.5061575056285659
0.5062177360862621
0.5075045040691535
0.5070933357572278
0.5075823746039354
0.5075200668729816
0.5078300693985676
0.5084280615019307
0.5104024548055678
0.5107253947002193
0.5112426301417498
0.5113370180934166
0.5119102770215602
0.5122228956493549
0.5125716039670477
0.5132937214014353
0.5144540092324816
0.5152481520406813
0.5158037403261326
0.516279197526732
0.5170948273824312
0.5171837986562611
0.5181091969169519
0.5178835117556331
0.5194951002575704
0.5197421974763256
0.519896965332327
0.5202183479772308
0.520729624912592
0.5242803413481689
0.5241349414009536
0.5247337493964888
0.5243095877268877
0.5247842409546785
0.5248392378792344
0.5255868852706548
0.5260552637386448
0.5287535467772969
0.5286136400235598
0.5289328587715951
0.5288187956176407
0.5292481940015117
0.5297636269162277
0.5301410352864488
0.5310213708665049
0.5319318788378538
0.5326124675794337
0.5331118388273752
0.5334774215863776
0.5342775621939727
0.5344059002776081
0.535178983273475
0.5351266401926258
0.5364228806187978
0.5370249797984905
0.5373321650200422
0.5376995774259374
0.5381460031714842
0.5409585325070934
0.5408134093496462
0.5409084467421914
0.5405740010244519
0.5410380031404612
0.5412507277743411
0.5426539906283536
0.5429922058017012
0.5458565205030316
0.545406556108118
0.545612225635669
0.5453901307045024
0.5456730670712028
0.5465113258517099
0.5471384883420191
0.5480494045557919
0.5485375796352738
0.5490283789650812
0.5494138779552293
0.5496293083940057
0.5503735095187489
0.5506546136474753
0.551384773633287
0.5518069689206174
0.5527233774264771
0.5535132466409194
0.5539819477781645
0.554267146973897
0.554636583994807
0.5562884102809393
0.5563806566999792
0.5563671565406575
0.5561799671086691
0.5566348222539947
0.5570161904596675
0.558961762479139
0.559179331509904
0.5615005455145861
0.5609940603148192
0.5611610577526747
0.5609334068170135
0.5611585320410373
0.5623018860185792
0.5634560699096711
0.5641309464851241
0.5641899845875942
0.5645048201901409
0.5647866749014039
0.5648779249564475
0.5655541407757735
0.5660994793353233
0.5668276748583383
0.5675744961560614
0.5681346204290871
0.5689030661606136
0.5695247273567574
0.5696237368401358
0.5699615838431421
0.5706514497789829
0.5711076881265292
0.5713325218568972
0.5713076181083157
0.5717560056122194
0.5722568237581844
0.5742980775939601
0.5744112575692667
0.5757530592476318
0.575393228411123
0.5755831463596118
0.5754244301247824
0.575788354885341
0.5770292497191791
0.5788385682876418
0.5790165403206721
0.5788376472074273
0.5790157643627306
0.5792472100833254
0.5793929345663204
0.5799911511391757
0.5808713966569425
0.5814727626318428
0.5822044948420341
0.5824696114016357
0.5830790404392766
0.5838031365217159
0.5837463263819168
0.5841230909631822
0.584422088092025
0.5851676021396142
0.5857335702445733
0.5858563653008766
0.5862750436488325
0.5868001320813795
0.5884262584566438
0.5884862695249224
0.5889333373119071
0.5888008129137583
0.5890712733001047
0.5890304960528472
0.5897012164766219
0.5907310160889542
0.5929818685229187
0.5925989240488295
0.5924184835466273
0.5924897723700419
0.5927090425808955
0.593237926284404
0.5937557026345865
0.5949218470882554
0.5951959962463828
0.5956976906379559
0.5957490868926117
0.5961336475588419
0.596885639002052
0.596863395961368
0.5973098311920116
0.5976900656703266
0.5984882771546534
0.5992605400857884
0.5995047935110557
0.5998316851799945
0.6003057607514732
0.6012804328069788
0.601385209711102
0.601419976488297
0.601493408335811
0.6018872991246249
0.6019921307302716
0.6029185447841421
0.6035148317704887
0.6056875238104559
0.604956718655768
0.6048956251749991
0.6048920283298963
0.6051275605998041
0.6063268019487534
0.6067988730072339
0.608007953246404
0.6078719138131823
0.6081589600604416
0.6080949054074907
0.6082357532872579
0.6089534605106476
0.609244272414983
0.6097065912808214
0.6102504198872248
0.6108484531310888
0.6116182516924116
0.61195676601935
0.612124003817792
0.6125467614150477
0.61302954317786
0.6132746743744525
0.6133973953619122
0.6136132820502762
0.6141261537017114
0.6143727223301758
0.6152568533109205
0.6154334190659079
0.6170038298182943
0.6163074403075395
0.6163535097912723
0.616326980952907
0.6166373806926904
0.6184751025694503
0.6189666825363277
0.6198275079479639
0.6194159171813791
0.6196185588947842
0.6195375753025175
0.6195123230069322
0.6201643709610443
0.6209974019056499
0.6213542716649169
0.6218382795645155
0.6221077015477208
0.6227376728693375
0.6231414789001174
0.6231460288295669
0.6235727057631093
0.6239259393699538
0.624323853827481
0.6247362171579984
0.6250330199990752
0.6255992857771153
0.6259440186132709
0.6264551390724047
0.6264520011177864
0.6272329593304823
0.6269011277267952
0.6270121741498623
0.6270222620054915
0.6274735415212259
0.6294953406816728
0.630039451114756
0.6302243442116715
0.6298005176488026
0.6300084831273027
0.6299869660256513
0.6300372115112303
0.6306109190039632
0.6320105669126841
0.6321458934752369
0.6323426844506445
0.632318133532799
0.6327571967782686
0.6331939468936173
0.6331620504095132
0.6336225351813984
0.6340911055962052
0.6345413152234113
0.6351245154735479
0.635451614343996
0.6359757601540923
0.6363546991126707
0.6364062267693115
0.6365177858682218
0.636744971308141
0.636883858790127
0.6370747449772475
0.6371560699031754
0.6377274863597822
0.6392896590029367
0.639833025784983
0.639325982634367
0.6390972085036137
0.6393165928277482
0.6394054004759234
0.6398606054618032
0.6403369305116234
0.6420269776544847
0.6419076608924124
0.6418000062552456
0.6416130230248118
0.6418416696882503
0.6422860413614404
0.6424725433862747
0.6429098011882501
0.6434555191277307
0.6438086256895335
0.6443421958939891
0.644651462046807
0.6450584457316736
0.6454314926915106
0.645251880622971
0.6456221446770497
0.6457138798324817
0.6462002771493842
0.6465263015145919
0.6466701065871184
0.6472059081437845
0.647906458999415
0.648339582251011
0.647500855776219
0.6475086778612945
0.6477187813649373
0.647955244527067
0.6489768317128174
0.6493207059555508
0.6507869917014353
0.6504916941096817
0.6502484877293049
0.6500339004267192
0.6500648868906392
0.6505147164541248
0.6511953010043772
0.6514867464365208
0.6518852019021896
0.652048604443097
0.6524194249121802
0.6526700174261979
0.6529391295109725
0.6533212641518181
0.6532431423943733
0.6537834123931172
0.6540043498866875
0.654621769113477
0.655102810817056
0.6552667415030364
0.6555699248914192
0.6555230004901338
0.6557812119623218
0.6551349943370139
0.6552965609919855
0.6554988270279952
0.6559029388069392
0.6572561321166075
0.6574379546687457
0.6581803302838726
0.6578625197353044
0.6576743049419711
0.6575228305573788
0.6574648612349876
0.6579384607990414
0.6592162174051099
0.6592602242361401
0.6593244225534144
0.6593153274918475
0.6595414563666042
0.65972855833713
0.6599087783449302
0.6603469189293055
0.6605210014048837
0.6610037411569245
0.6613298254590612
0.6619087027355532
0.6624932036707925
0.6626294048169405
0.6626326451227335
0.6623412788286686
0.6624739524164747
0.6623699198928379
0.6625989263011549
0.6628042389866322
0.6633483632518787
0.6644702645077812
0.6645051268996561
0.6643502737541944
0.6641617848977832
0.664121988168629
0.6640870653289233
0.6641426742626166
0.6646465467658186
0.6662905764809576
0.6660820719057774
0.6658024884736581
0.6657108042276356
0.6658383610215561
0.6660213262587265
0.666236029903396
0.6667329406588505
0.6670397241455791
0.6672801435807206
0.6675385058225288
0.6679927771731571
0.6685918062080527
0.6686815360716725
0.6685204485939218
0.6684590587273953
0.6685851529102322
0.6690089400657587
0.669290292175132
0.6694842457509876
0.6700734186022385
0.6704600637686351
0.6704256798983012
0.6696639883440656
0.6696861073457744
0.6697937643793027
0.6699108946392637
0.6702248221509459
0.6707204001748964
0.6721951384550472
0.6718345314158508
0.671353154965175
0.6712666633370296
0.671312249883709
0.671600509117313
0.6720152912989655
0.6724618473425352
0.672675102187464
0.6726523504685877
0.6727420834579074
0.6730281529160157
0.6735692401594855
0.6736553496534204
0.6735504906021935
0.6738249603785867
0.6740140280507861
0.6746862080439516
0.6750523551184315
0.675192379314409
0.6756973398247411
0.6753004449581973
0.6753050194057254
0.6745097090954131
0.6747312480498692
0.6749488044028322
0.6752339992949472
0.6757066590937847
0.6761222811556701
0.6768610271883394
0.6765045901154823
0.6760015381915143
0.6759677619897072
0.6759670769592669
0.676449849346752
0.6771651464593125
0.677358032087992
0.6773625772595047
0.6772016916092096
0.6771691395736343
0.6772707141102627
0.677724081472931
0.6779145028805555
0.677969458448785
0.6783272672728844
0.6785306046514153
0.6791622429000455
0.6796251783416071
0.6796745563851582
0.6800062650799042
0.6792701153779207
0.6793862835604869
0.6790311800233434
0.6793822482856439
0.6796650364107922
0.6800986124210203
0.6803833075818886
0.6806771936456126
0.6804457422934269
0.6802400930100765
0.6798491013915382
0.679889880476785
0.6799434769614093
0.6806074077213297
0.6815125914264077
0.68127503117
0.6811260229164539
0.680985589549748
0.6809321161165728
0.6809071122974009
0.6812870004414158
0.681686195912406
0.6818085444476104
0.681933446339075
0.682038442467989
0.6824917415581837
0.6830102917406313
0.6829781667893795
0.6831424062180406
0.6826291909806722
0.6828456997414959
0.6830237704522266
0.6834342496736865
0.6837255228474154
0.6842484045164833
0.6840033647544459
0.6842169009316807
0.6832871940942454
0.6833178950600682
0.6831100541289157
0.6832468776008603
0.6834489467271122
0.6841597094299476
0.6848869945755396
0.6842176753023667
0.6840312252328326
0.6840049053254741
0.6839850560335211
0.6839898163504177
0.6843477373458288
0.6849215689998251
0.6849473022011425
0.684736315288873
0.6846842020302464
0.6849405376358686
0.6854454664275093
0.685407657666421
0.685487878260832
0.6854290373030071
0.6856619753378171
0.686120876086843
0.6865551925003585
0.6867864903057868
0.6873191735985156
0.686517405915005
0.6867487091123264
0.6857169192900758
0.6859845854514615
0.6859806455669052
0.6862315269913478
0.6865351096076122
0.6871196094664952
0.6872144967197164
0.6863443305256289
0.6861788072400392
0.6862764434145322
0.6863059728018339
0.686503329145614
0.6868989705954802
0.6873790887478718
0.6872641361440409
0.6868613200418305
0.6867048426626392
0.6867677353353541
0.6872081144939614
0.6872967158923919
0.6873767022907543
0.6875468294263896
0.6877021271783712
0.6881196393584169
0.6885653923213212
0.6886834521641548
0.689151534514692
0.6881500444337825
0.6884553176029496
0.6878336376805183
0.6882675478651195
0.6884417869481769
0.6887946116467215
0.6889855908644584
0.6893594246933853
0.6885996427430017
0.6878895354662707
0.6877408066525104
0.6879295069607974
0.6880517106877565
0.6884475616897633
0.6888801398859026
0.6888476726450473
0.6887265196327704
0.6883546164123967
0.6882081804956315
0.6880978014903224
0.6884643515987209
0.6888050016024632
0.6889010791436024
0.6888868021899404
0.6889229376739833
0.689141760174056
0.689577206984606
0.6895837183918339
0.6899338288775759
0.689209986674592
0.6895272751180226
0.6894404064517915
0.6899443775153737
0.6902295807884047
0.6906284159963484
0.690484431571558
0.690709562376696
0.6893195634759849
0.68905328227692
0.68892974254238
0.6891780243512371
0.6894603769124676
0.6898390933421897
0.6901820825972989
0.6893447000785397
0.6894055576394568
0.6891998330963098
0.6891508794976903
0.6889693027714705
0.6892833097258422
0.6898715797026354
0.6899354645238622
0.6895083314979066
0.6894527181089223
0.6894913754212907
0.6898779053274315
0.6898517061897885
0.6900596482422762
0.689842604046381
0.6900254310876728
0.6902413195731437
0.6907397099668791
0.6910498759193098
0.6914172595276826
0.6909180346824895
0.6911275113132952
0.6896687204747743
0.6898900156564763
0.6898509176272379
0.6901443073935994
0.6905852605968318
0.6906576534316617
0.6906852699623719
0.6891557288003877
0.6894709009511594
0.6894480147486384
0.6895236041947823
0.6894340189799703
0.6897210151089875
0.6903064365334806
0.6902933214379186
0.689552563167735
0.6894714881438934
0.6893915908341994
0.6897074252010359
0.6897820961932155
0.6898594822100133
0.689980524909031
0.6899224783461851
0.6901342190939188
0.6905849021900625
0.6908453371032038
0.6911241752335721
0.6904984535434017
0.6907527595075628
0.6897453799707671
0.690266149052422
0.6903750218283188
0.690704254063484
0.6911714339372628
0.6908352466253681
0.6903708692675345
0.6886836045859832
0.6891619756115533
0.6892834033236946
0.6894863067572914
0.6895487439328815
0.6898199481039757
0.6899368311336965
0.6898759355850403
0.6890998375002456
0.689059615297022
0.6888894852344263
0.6891672330487582
0.6894495193968488
0.6894421228903981
0.6895066631927811
0.6892425969365388
0.6893093302468383
0.6896857173424852
0.6898575551268805
0.6900353207591384
0.6895841047798423
0.6897964659364347
0.6893895379371822
0.6899525937522948
0.6902109358903031
0.6905489291939763
0.6908527398666073
0.6903140214338365
0.6894001913435315
0.6881921959729252
0.6886807762001855
0.6889034417312091
0.6892495917834256
0.6892750114088417
0.6895260760475083
0.6887463263091936
0.688750466313713
0.688162668077675
0.688211932481652
0.6879937952795574
0.6883082835427489
0.6887546304471902
0.6887216214597881
0.6884144379952984
0.6881039093817729
0.6880602868052773
0.688338163939451
0.6884395227629088
0.6885307768788197
0.6883982795991785
0.6884032119975587
0.6883708724086589
0.6888153914654122
0.6891559047385665
0.6894474343779418
0.6894952584055568
0.6891047309776467
0.6880306118795703
0.6876204470038011
0.6880372223606964
0.6883174003776099
0.6888158684077511
0.6884524413094522
0.688672844815333
0.6869477749363015
0.6871488878416557
0.6868149624619093
0.6869848907086096
0.6868217733032936
0.6872240520249323
0.6875546541275198
0.6875387850168222
0.6868030068299413
0.686617183360213
0.6865319116794393
0.6867068548456408
0.6868221578665366
0.6868187861799833
0.6869271058492037
0.6866279937009442
0.6866549796988204
0.6869519690234044
0.6872869052981129
0.6874718813851977
0.6873415992048428
0.6872856311522064
0.6864130657337335
0.6866309819882107
0.6870029757016888
0.6872915587178202
0.6878910457478719
0.6869352329824356
0.6871139664454547
0.6849121058534988
0.6853708836321292
0.6852499887319662
0.6855549514447826
0.6855334229939856
0.6859940748685673
0.685758827855462
0.685777908014522
0.684780252863148
0.6848009847819374
0.6846904419135464
0.6848046621220436
0.6850440789379211
0.6848745735283611
0.6850478189735765
0.6845073249705691
0.6844632287618079
0.68463858089347
0.6849045550797218
0.6849686965077098
0.684818969614541
0.6849635292337224
0.6844869612559652
0.6848873552816463
0.6852817491363382
0.6855349777266584
0.6861111476932721
0.6847597729631578
0.6848821542259009
0.6829413043532544
0.6836037617762025
0.6836345495352255
0.6840675272966222
0.6841187206045782
0.6845479507920657
0.6833807687876413
0.6834524890136678
0.6824386802952404
0.6826485754998933
0.6825236107623349
0.6826565543101606
0.683040209659298
0.6825865281410942
0.682698461460886
0.682101037243683
0.68206270340151
0.6821304076789587
0.6823033834274087
0.682304996204537
0.6822218830049908
0.6822557575388654
0.6821065717896027
0.6823368476902406
0.6827750451305626
0.6829659051374489
0.6833832962245397
0.6821410674443577
0.6821858517093302
0.6810363081187132
0.6817738166900711
0.6819047042243239
0.6824340090026717
0.6823197620887274
0.6826525846921743
0.6805731407139661
0.6807402176513229
0.6799148965237813
0.6802576981563542
0.6801912704233533
0.6804048582677588
0.6807349106718004
0.6799231409176729
0.6799243871136048
0.6794633107967838
0.6795367389088784
0.6795128787631506
0.6796139798493583
0.6796219763768229
0.6795725501959831
0.6792940216186284
0.6792629321402306
0.6792481240318097
0.679684551626881
0.6798033538147553
0.6800043475756794
0.679290308082489
0.6792382787501309
0.6788896790687794
0.6795872535536521
0.6797653247081793
0.6803362899378308
0.6798375245080873
0.6800921321560257
0.6775970813658005
0.6779092075153393
0.6773835571011493
0.6778197843207583
0.6779061811197967
0.6781953769185767
0.6780611237940407
0.6769765289920348
0.6768342684822878
0.6766248347375803
0.6768053064426439
0.6767449880475594
0.676845612628578
0.6767971509875838
0.6767311270301495
0.6761958710617575
0.6761401581179453
0.6759811827802958
0.6763478164165372
0.6764064013441612
0.6764460829689469
0.6762607043656934
0.6761150306917971
0.6761622223056674
0.6767780728295175
0.6769442591638308
0.6774820883319504
0.6766313739567102
0.6768688990592643
0.6746738865073713
0.6751351213985086
0.6749163508845848
0.6754285592764445
0.675666174673307
0.6759728040202648
0.674975316254903
0.6738974870142689
0.6735774145860702
0.6736411210422723
0.6738520734804437
0.6738169152189406
0.6740078362286944
0.6736145640671767
0.6735816010734783
0.6730026961698267
0.6729449679242328
0.6727281117462589
0.672989188353151
0.6730320353315076
0.673027280545754
0.6729894520064986
0.6727926254718303
0.6728026199092579
0.6733531271376179
0.6734582195995623
0.6738740530837578
0.6729844783357175
0.6732080057380765
0.6718085938399126
0.6723514090679712
0.6723587585482569
0.6729208722990795
0.6731699412114142
0.6734478446051184
0.6715273859629804
0.6708103877822464
0.6703400468038109
0.670631000560205
0.6708512555054253
0.6708211360666312
0.6711240692511805
0.6699846535936602
0.6701229617953804
0.6696732482510644
0.66973119537053
0.6694761994020096
0.6696466635367716
0.6697241324141413
0.6697657342829294
0.669460133476779
0.6692866760193319
0.6690906408277396
0.6695898146520558
0.6696187749494661
0.6698329119633508
0.6692630120035292
0.6693706442688869
0.6687818344075681
0.6693059091627876
0.6694191605413057
0.6699737632507606
0.6700631199727604
0.6703144399621359
0.6679011793966408
0.667752203368638
0.6672683201557614
0.6677057866794356
0.6680053578259961
0.6678541206842554
0.6681384980320634
0.6660577819247356
0.6664632629411732
0.6661882109510507
0.6664405987153009
0.6661848675932227
0.6663109808767911
0.6663749335449174
0.6664800878326166
0.6657713504181991
0.6656943260560988
0.665367931789961
0.6657938119539818
0.6657827418785014
0.6657679891619511
0.6656349086670612
0.665493066176672
0.6653729968913206
0.6658126482403163
0.6659311534208043
0.6663997698384639
0.6662810265032767
0.6665146046521891
0.6643130182642044
0.6646439010097271
0.6643297399805455
0.6648299829830261
0.6652701709354808
0.6648803446909656
0.6648940978284476
0.6621674112437177
0.6627876008863309
0.6626660985801491
0.6630928588837695
0.6629282253502132
0.663058218551758
0.6628468646433501
0.6629859471872367
0.6620420734951428
0.662101080811649
0.6617604538913867
0.6620856521020685
0.6621136026223176
0.6619287952464069
0.6620287451947227
0.6616045728853881
0.6616058078170686
0.6619584106860685
0.6620262749042927
0.6623412852151164
0.6621269688290519
0.6622916717961698
0.6608321903985407
0.6613267118450931
0.6612811014464159
0.6617821629863642
0.6623102476913153
0.6617336307357411
0.6612740179180681
0.6586327872437647
0.6592982022608124
0.659321812779561
0.6598519694965874
0.6598185398610699
0.6599857034341767
0.6590618593537277
0.6592268850456109
0.6583120478722156
0.6585121731519235
0.6581919709978298
0.6584376877459509
0.6585676815689587
0.6583401022487424
0.6583154720425924
0.6577401674597785
0.6577417799544119
0.6580368182642823
0.6580314340446181
0.6581614603910653
0.6580121041903488
0.657999081676477
0.6573342118282992
0.657683210986281
0.6578538757954364
0.658315407813445
0.6587844715190598
0.658258964886967
0.6573575926216131
0.6555341234837064
0.6560915437097219
0.6562601832191524
0.6568471498709463
0.6568141100827669
0.6570337484080342
0.6550616311716444
0.6553089819054336
0.6545908675806086
0.6549269591264553
0.6546336159288871
0.6548752423786247
0.6550434098505412
0.6548990414686646
0.6544695051210419
0.6539710485530355
0.6540218425669073
0.6542765828523146
0.6542052783234931
0.6541508590924677
0.6541434703728961
0.6538730455322131
0.6536744535355027
0.6537685798219437
0.6540117862041421
0.654393362569569
0.6546824066394631
0.6544425131811833
0.6533847185128884
0.6526280769921758
0.6530442719218407
0.6533189459587023
0.6539533203614232
0.6536785138014685
0.6539466490924118
0.6510400911251658
0.6514621808263908
0.6509787354946248
0.6514512228645655
0.6512494842480302
0.6515570332064236
0.6514871615443782
0.6514851701056124
0.6505643777249694
0.6503334258499858
0.6504586552488801
0.6506724885684846
0.6505957200491146
0.6503500196964538
0.6504602422984099
0.6499635390563927
0.6498935390596329
0.6498166192850718
0.6500075889551209
0.650262216412752
0.6503593218507937
0.6504151732577649
0.6495508912583406
0.6495153814630508
0.6498646342883347
0.6501654577388174
0.6508231289644316
0.6501861562471452
0.6504719903691742
0.6472783379686552
0.6479228157718856
0.6476502772549424
0.6482543024774089
0.6482319409684997
0.6486080540221979
0.6478808602019694
0.6480119209908043
0.6466972940523834
0.6468003695702402
0.6469257661238635
0.6471080793354781
0.6471346456345947
0.6466367542864873
0.6468090610679627
0.6462147480205147
0.6462009022527045
0.6460785639584923
0.6461655475938535
0.6462731551562849
0.6462421598045331
0.6463641313263188
0.645872514864631
0.6459668678609035
0.6463350932445775
0.6465887293196563
0.6471881709917354
0.6463584694970351
0.6465995557108789
0.6439560853184675
0.6447646577500713
0.64466490725008
0.6453698992995199
0.6455162984169391
0.6459019307460434
0.6442205458223511
0.644460920628235
0.6429801244265592
0.6433697361219448
0.6434233475652175
0.643607113111325
0.6437984051606979
0.6429384185353704
0.6431192093272557
0.6425661888983086
0.6427505940075322
0.6426376964995386
0.642624306979428
0.6426241186982282
0.6425207516666547
0.6424553456302144
0.6422722323819762
0.6421255498304809
0.6425300336665429
0.6427032157070303
0.6431319350892337
0.6424602194633152
0.6425776389610577
0.6409823562364199
0.6418114005713207
0.6418302152597948
0.642575816558163
0.6427419918526823
0.6430798900606824
0.640566898501448
0.6409174617088621
0.6395632106466755
0.6401434723089106
0.6401702466293485
0.6403889083330588
0.6406180488946938
0.6393366428485092
0.6394303507580693
0.6390071967371878
0.6394935836157852
0.6393967985533916
0.6393169268261232
0.6392570099667652
0.6391081385099046
0.6387992154364289
0.6387505051730912
0.6383788436645172
0.6387655185904544
0.6388570926033436
0.6390497974769498
0.6387639894440136
0.6387019740601444
0.6380514413725469
0.6387637985554662
0.6388301415846901
0.6395400036931267
0.6395585329189987
0.6398345537717172
0.6370770219621088
0.6375384988153758
0.636564892509329
0.6372472134233959
0.6373757186016622
0.6376357507978115
0.6375617970452226
0.6359941063677431
0.6358439413260945
0.6356040716315798
0.6363008862391772
0.636253538865879
0.63617612877613
0.6359724888326929
0.6358302824852643
0.6354210527901223
0.6354112154151338
0.635016747573393
0.6353174000286357
0.6353464160085258
0.6353409856604995
0.6353499221536414
0.6351209218444852
0.6349263183059914
0.6354747679705939
0.6355227348625809
0.6361171542445199
0.6359647252466447
0.6361782296112325
0.6339043430679545
0.6344248200271628
0.6339265610954852
0.6346464308661998
0.6349465293526341
0.6352354117910655
0.6345012525119672
0.6330168487783243
0.6325028280047345
0.6324969771856997
0.6332005961242626
0.6332587250015324
0.6332810085175324
0.6326241448402247
0.6326001887511499
0.6322450111533808
0.6323264814507652
0.6320236952563414
0.6322131549460309
0.6322275354164952
0.6321449349412087
0.6321359357642623
0.6318363717056462
0.6316729689186124
0.6321026890225079
0.6320903553776238
0.6324922910453148
0.6323135354787635
0.6324217621100211
0.631045047279136
0.6315173997282776
0.6313883391980473
0.6320935747886874
0.6324954552698508
0.632808895242445
0.6313505492943481
0.6303810811044921
0.6295650481743905
0.6298197291636282
0.6304076351691489
0.6305657361837522
0.6307476303729413
0.6292341452793
0.6294442275994742
0.6291624994027629
0.6294536823160226
0.6292129929500601
0.6293227902248374
0.6293778369991058
0.6293434664643172
0.6290468089582987
0.6288196514426729
0.6285810435208566
0.6289590054708333
0.6288725833238479
0.6290254701654354
0.6289891486162861
0.6289077866547547
0.6283357954202409
0.6286641816805465
0.6286914706042399
0.6293266422837765
0.6296867344921204
0.6300208226077308
0.6282041978616049
0.6279499463177194
0.6270966498134003
0.6275631371319592
0.6280734872737875
0.6282261887988417
0.6285069667745248
0.625988522502097
0.6264553649701128
0.6261785237659697
0.6267376425810514
0.6265289747977122
0.6266194709099642
0.6266727978547549
0.626746682119249
0.6260973648053548
0.626059741021151
0.6258523573929007
0.6262031895321721
0.6260665292434404
0.6259700356694602
0.6261120365578694
0.6257880138510099
0.625647254633197
0.6258162382926926
0.6258297691237319
0.626334473571047
0.6265609035817716
0.6268662921559895
0.6252738303590835
0.6255445303000495
0.6249575452772897
0.6255136997734164
0.6260462442616529
0.6260788805698161
0.6262790059303415
0.6231446532570772
0.6237644822244707
0.6234812991404288
0.624254759793523
0.6241496092013055
0.6242733614017717
0.6240684560183773
0.6242392853732432
0.6233313034544624
0.6235228628569631
0.623417637290136
0.6237287622030598
0.623618955643104
0.6233499948059428
0.6235468680496536
0.6230304975930709
0.6230517552573384
0.6231265056537669
0.6230672096361984
0.6233920162460834
0.6234923375688519
0.6236629486651518
0.622686386497854
