0.0
0.0006276813590856758
0.0012734058232039477
0.0019092879761999915
0.002614295871005437
0.003245644163473227
0.0038685402615352693
0.0044678400437133114
0.005118850998786888
0.005719441851248654
0.006379255326176052
0.007014707363800471
0.007742766449656581
0.00839879216879006
0.008995951513548019
0.009629439804423073
0.010267963578177636
0.010888947392850332
0.011572120270817915
0.012183531164205508
0.012831400669321223
0.013439417662334023
0.014052157631820342
0.01469827840913656
0.015430353394373493
0.016026087674908582
0.016877689342780985
0.01743341191510598
0.01808284824632774
0.018666170444228358
0.019297334191356666
0.020086291319275314
0.02071344455406901
0.021738807283176426
0.022340024379424943
0.022982914495336265
0.023525407313210747
0.02419739160664449
0.024763355851997654
0.025568946803986442
0.026194647428082557
0.02717424576911326
0.027853300038583835
0.028423470894765768
0.0290399273960198
0.02968896775736375
0.030342617135659132
0.031073154128322712
0.03173534935689818
0.0323978646756694
0.03300916658026258
0.033578376587555435
0.03427690937995994
0.03515496563521015
0.03578539237592897
0.03667096799810673
0.037194788878346076
0.03786758176073149
0.03837395170115791
0.03902239769434891
0.03995775022257026
0.040793623266497624
0.04183467528305213
0.04243632826193175
0.04308721714677846
0.04357961162268427
0.04423369403533594
0.04478998346256119
0.045977808742239785
0.04658810433945142
0.047728984914293275
0.04840729502537362
0.04898444100647995
0.049513525693533865
0.05018867207847805
0.050906165256572725
0.051703694202645145
0.05246966702501086
0.05309361608496439
0.053766583102286505
0.054272018948811646
0.05502137702945214
0.05597449214498594
0.056658012093297204
0.057444291593079434
0.05793295037333747
0.05866661844785112
0.059121870095445846
0.0598240506125794
0.060739061257867565
0.061978430009357405
0.06276866928560906
0.06334776877591974
0.06400807112432065
0.06451662744535247
0.06523413248255569
0.06575693979547945
0.06756417350965892
0.068126853794887
0.06916760094531443
0.06979159855428871
0.07045404563581142
0.07085795028915651
0.07157349233903668
0.07235677028483481
0.07341654155557184
0.07424112567081265
0.07479169654353246
0.07554812632751223
0.07602244670466554
0.0767547089644478
0.07768004416360152
0.07842181267504372
0.07920010319818871
0.07965656939529348
0.08041477920304155
0.08090375000337334
0.08172131606315475
0.08247173373432334
0.08398856953277911
0.08453735335292932
0.08505747567831351
0.08564478504535392
0.0862309070902455
0.08728282624280004
0.08773627784527574
0.0900535109599995
0.09053770653005744
0.09129954677951349
0.09180146622611982
0.09256855075709298
0.09289403889784878
0.0937770094997306
0.09450997368898685
0.09608034421591377
0.09685401443588401
0.09732376659171786
0.09811077432942482
0.0986065720162289
0.09932464998405147
0.1001500999548383
0.10105353395759098
0.10189528014873875
0.10236759478448826
0.10304363197131444
0.10367073611636177
0.10457773095982496
0.10522958306426351
0.10663082932109048
0.10709659511540108
0.10761740303813805
0.10803414603248407
0.10869461938288277
0.11028126675573931
0.11072859304289989
0.11304394103577015
0.1134165712194811
0.11400652109897041
0.11436254623516426
0.1151208600496447
0.11546343896673222
0.1168661578449108
0.11736735356330269
0.11943820111063796
0.12011714005056609
0.12052821685011314
0.1212239882857469
0.12176049540140038
0.12270338477944207
0.12336444705591149
0.1245556155571881
0.12536351326622672
0.12592294561990133
0.12644188105763635
0.12725587029289376
0.1281128176392868
0.12885519595278666
0.1298948012234295
0.13037195886884673
0.1310158759937609
0.13127689257934752
0.13197258523127414
0.13391415392774372
0.13450365432391098
0.1363119911734313
0.13652653038149193
0.13717344292137926
0.13745918931211165
0.13812022242223784
0.13854265087491843
0.14084516100365746
0.14106769556075438
0.1431857942284169
0.14380053748146412
0.1442442522554699
0.14476272831729844
0.1452921643165757
0.1468020628153826
0.14732707220999935
0.1487106012638799
0.1493430864963841
0.15005940499808734
0.15043032455351102
0.15132482247598916
0.15205185242000022
0.15302836632436634
0.15384103169504276
0.15433194166815284
0.15513241691837082
0.15536204218478514
0.15607085181992603
0.15790691373857887
0.1587071822596014
0.1599009509716792
0.15996474971175179
0.16069543952291251
0.16105343254270377
0.16178801238967205
0.16230380648053322
0.1654379388556527
0.16554280519906525
0.16712086739537965
0.1676526779876161
0.16824801887900454
0.1686533728254808
0.1691874899498046
0.17125492803084366
0.17193200002851333
0.17317676015987793
0.17358805936585928
0.17447802127723355
0.1747850393766463
0.1755704617098964
0.17625220553878132
0.17756608639883661
0.17842802095735294
0.1789099006296816
0.17975451782130417
0.1801041877474872
0.18078759622212062
0.18220923478949247
0.1831231526460745
0.1839367231474733
0.1839839497529817
0.18459542759070166
0.18513186879698118
0.18628181514657927
0.1868863978866008
0.19016899497207443
0.190323500735481
0.19119978323836512
0.19155267063948994
0.19229512851247918
0.19273943281012124
0.1936020399129489
0.1956396543572581
0.19688000083952759
0.19774971871900793
0.19797947355342096
0.19892090409359328
0.19927372109427818
0.20003062099294952
0.2007347857978845
0.20246128965433208
0.20344116131205722
0.20390157058108882
0.20462374503982045
0.20521431076574914
0.20577435084390472
0.20685759553477578
0.20775293840813258
0.20845003904963713
0.20868416461831257
0.20901465463642793
0.20973149534595292
0.21141865737254872
0.2120693393301157
0.21470390987060303
0.21487713365276911
0.21543284964216064
0.21557150565692604
0.2163117388935771
0.21684099572279514
0.21863459295879784
0.21990962801481034
0.22176687809979279
0.2223443705305319
0.22248925802258257
0.22327846218292052
0.22370157636638194
0.22501164500568638
0.22560221186639495
0.2276044166745496
0.22853305588889217
0.22902431815448532
0.2295127067083661
0.2303438311734995
0.23070943809423042
0.23178474019549075
0.23263197399738575
0.23335271928441553
0.23389400019102216
0.23400113077650736
0.23480005626400358
0.23673950692597406
0.23733961631347295
0.23905814499637265
0.23912046691835237
0.23979244341818104
0.23984145203036394
0.2405021140643465
0.24103002228940162
0.24406237441116663
0.24437058716312166
0.24632227660570083
0.24680568342199466
0.24702565305753
0.24764291824845677
0.24802736841785653
0.2505502713811316
0.2508566813455277
0.2526830330562833
0.2533646856801214
0.25402922147247226
0.25428690133902276
0.2551614381579517
0.25540681827678957
0.25685624549081015
0.2576860818394713
0.25846037308419473
0.25926554830924825
0.25934806583790476
0.2600741724124408
0.2618339683283865
0.26235918827639093
0.2634578475222572
0.2634263035689379
0.26425019276953643
0.26442238891723713
0.2651389783470379
0.2656446098813158
0.26937396486122045
0.26914366697583225
0.2705570283704766
0.2709536759768672
0.27138393552831264
0.2721232260135395
0.2724309396472089
0.2760928862855797
0.27621579468809043
0.27742295673889594
0.27777226644390524
0.27868589993403176
0.27884593149343323
0.2795763082823691
0.27985678397815117
0.2819656880409208
0.28276673512382333
0.28351631138815697
0.2844142968219576
0.2846729989175416
0.2852111521080537
0.28654813876920965
0.2871917007317324
0.2880465385727707
0.28811142630496234
0.28881343296059586
0.28927716786320634
0.2902070856634497
0.29081290772778795
0.2941288397618306
0.2938893351988046
0.2946556536823822
0.2948194813254369
0.295430969006591
0.2965917689317763
0.2971340708441877
0.3009178612223296
0.3011594979728942
0.30175180100482374
0.3018018375985895
0.30278158659578075
0.30303297819516073
0.3038809901930736
0.30424418103779305
0.3069592224505856
0.30768799365118993
0.3082865187945245
0.30905355341678464
0.30959862117815723
0.31000131567657047
0.31093722747498254
0.3119658073189779
0.3127282334548043
0.3130584817918612
0.31344131490404303
0.31422589370758014
0.3153088565080183
0.3160813248551621
0.31826102127195144
0.3182068664647808
0.31875299941438784
0.3186532064707496
0.3192890991084416
0.3207691926123572
0.3220676712147255
0.3248044712643771
0.32527051876004814
0.32564239225843056
0.3255434322185724
0.32629801286286964
0.32672579604068835
0.3284569206551068
0.32880404641813504
0.33154480027837796
0.33217557603758335
0.33264142886629156
0.3330979284327943
0.3338561582725391
0.33432927978122606
0.33512609554219247
0.3365036874625545
0.3372114858316967
0.3378391263801393
0.33795618052966353
0.3388878565376986
0.339930230391946
0.34077141588058607
0.3420085952452776
0.3420950187948444
0.3428214316508994
0.34264030927332606
0.34320626035909785
0.3445841892338979
0.34677946401539117
0.3480867487914805
0.3485504742238725
0.3489816504131867
0.3489655364754889
0.34952241088832
0.35004076102135984
0.3532299620668061
0.353465059983322
0.3554241748500149
0.355911784490291
0.3564671534882559
0.3565987907107519
0.35736158130499773
0.35801327773169644
0.35918608594500084
0.360474184064959
0.36116937068389515
0.362032344608315
0.36209239085535705
0.3628613137061193
0.36375916029241545
0.36465487200584323
0.36559085721946427
0.36579900807339877
0.3666931103953868
0.36669657484553175
0.36720891882852086
0.3682301695940198
0.37074965885537464
0.37111437763338345
0.37135870003615323
0.3717429549010175
0.37198178785422786
0.3727846899653401
0.3732851923318178
0.37754787656866373
0.3776571341144205
0.3784950582274712
0.37874021220986803
0.37953498249071654
0.3795265664987715
0.38029893936071346
0.38092691147887275
0.38300762282253176
0.3837742366740485
0.38441823708110073
0.3853770278657055
0.3856008333820494
0.3860810481974229
0.38678776852464025
0.38800371711589854
0.38896990607572246
0.3893261778295027
0.39011829406497955
0.39051214642073473
0.39095680308912567
0.3917495312941062
0.3937705756285783
0.39390411443898254
0.3940452761426958
0.3941496705287968
0.39462941557885206
0.3960543559421049
0.39657742911984845
0.4007106950213508
0.400671609996143
0.4008222835458387
0.40077183482393075
0.40162681977461484
0.40172225222480823
0.4030174488243747
0.40328501117162885
0.4062503286763529
0.40649705267039105
0.4069751369065467
0.40779252746427697
0.4082792237349993
0.40882960390678275
0.4092184159963442
0.4109726310662292
0.4118540380487672
0.41234403773096606
0.41284749949253563
0.41365736558214555
0.41396435774748475
0.41477009009736215
0.41598397598575254
0.4163048060668305
0.41665672286624
0.4164686606627973
0.4170311414515454
0.4189201045356441
0.4195930566714204
0.4225458562730575
0.4222896297863633
0.42245470017414666
0.42222925796643546
0.42284268804183606
0.42317034015799093
0.4256634357944937
0.425500797091362
0.4285084571560396
0.42856215812784526
0.4288933732889132
0.4293633140370118
0.43000011731623156
0.43122867460763237
0.4312791911865722
0.4332516557244086
0.4338794143507804
0.4345030619654747
0.4347418215019816
0.4356978499562399
0.43591296480499353
0.43685217917479596
0.43761707182958265
0.4382115533553827
0.4389186570489348
0.438663427977959
0.4391392307654262
0.4409660707109255
0.4418050592648831
0.4433950516831481
0.4429512308273707
0.44339787894875116
0.4432488380760457
0.4436277900923111
0.444180334544775
0.4478995581075516
0.447582325030413
0.44958544157544894
0.4496472883847771
0.4500402681578854
0.45020183975638584
0.45082561624422085
0.4528775695351462
0.45299885707543747
0.45445836404086454
0.4548358266369536
0.4556430047983704
0.45579010531022657
0.4564610006641763
0.45676948025725106
0.4579511094102778
0.4587426703692109
0.459489267995672
0.4604000922041341
0.4603604879913169
0.4606305020855797
0.46202774915180145
0.4629110600453895
0.4636555421844192
0.4632556481252133
0.46373288110193883
0.46386152090929395
0.46434795316671257
0.4650574880554781
0.46909712967808403
0.4688824623624303
0.4695804610451582
0.4695590105649823
0.470140875293636
0.47025812850853155
0.4710372454885859
0.47324602420886086
0.47407077301292233
0.47459154913244284
0.47477452155989985
0.4757029982223728
0.4759698047335236
0.4762730194553166
0.4767287398136912
0.47830347075625185
0.47922427031992243
0.4798920684601627
0.48073478233668565
0.48111349577355694
0.48112422197123145
0.4820952357183007
0.4829215734410995
0.48345618521374933
0.48338933870996825
0.48359575077947214
0.484029907727332
0.48487834712723676
0.4856226983599509
0.4888496114734054
0.4886993168364138
0.4887221712264557
0.48849275233976086
0.4891103457255071
0.4893946679919526
0.49089291561787024
0.4923380088256075
0.4940033529658708
0.4938590215850736
0.4938788912693684
0.49466345042778853
0.4951519472093174
0.4957093786305824
0.49607869669235133
0.4979385619745137
0.49878365475946984
0.49922859695237054
0.4998151609277215
0.5006020812641893
0.5004252730616681
0.5011682258343891
0.501922822597087
0.5026593836330316
0.5030454007265661
0.5029698551508665
0.5035656100708888
0.5046751207257638
0.5052864463536775
0.5072421179707496
0.507016650017639
0.5071658223279756
0.5068174381799769
0.5072356145509506
0.5076913433787115
0.510285972264336
0.5106450816466923
0.512480185867768
0.5122311574772084
0.5121983903539334
0.5126286675706831
0.5132442148780948
0.5149262768413891
0.5149712913938438
0.5165618092542876
0.5171398958719579
0.5174962107993644
0.5178043204641025
0.5186824012992232
0.5185255236761815
0.5193010743009321
0.5199492022010027
0.5209992500312474
0.5217429253953089
0.5216039525019341
0.5221166754762804
0.5232095114934442
0.5236400748845255
0.5246477392583295
0.5244269931247765
0.5249408013143493
0.5247150291528339
0.5249098122210324
0.5254755476732164
0.5287372173929404
0.5284372714471584
0.5295898885384207
0.5294727138488838
0.5295746213285477
0.5297943006731749
0.5304030327358212
0.5333689708616735
0.5332010866345327
0.5339354496596449
0.534189176833988
0.5347240708603158
0.5348907652344653
0.5354715355971573
0.5355218163755525
0.536627284492105
0.5370751327064178
0.5382284876237627
0.5391308291016061
0.539189285461157
0.5394142851171975
0.5402845777563187
0.5407519387133898
0.5413456566307048
0.5413766442888023
0.5419742225187139
0.5420704926712342
0.5421961440877756
0.5428671645467675
0.5457797077000223
0.5454104283279824
0.545696513871377
0.5455660259553229
0.5458713852862402
0.5462415215459381
0.5469439300187583
0.5503012757892021
0.5502578855976111
0.5501196289968646
0.5500653403636397
0.5507944277595299
0.551030992974618
0.5513816690457735
0.5516310014424998
0.5531803943503377
0.5534027067149616
0.5542708696946773
0.5551143090771803
0.5555430496037082
0.5554988098847014
0.5560333667229357
0.5568080194371798
0.5573253568987001
0.5577160087927777
0.5581034858141932
0.5585658632750377
0.5587300713812589
0.559446911379188
0.5613161868311806
0.5611507479406179
0.5611153216193417
0.5608292202513171
0.5611968952877568
0.5618773684455535
0.5629726942808616
0.565527675652528
0.56571934849639
0.5652569463347994
0.5649807594193916
0.5655962668706294
0.5660359270007629
0.5668431050663048
0.5671282918608873
0.5687563111326208
0.5688599904345973
0.5692548064463674
0.5698511433977187
0.5706048467551934
0.570559017979468
0.5707539646952988
0.5717323253993073
0.5723538379249561
0.5729931857835113
0.5731443130972874
0.573813369241881
0.574036137526357
0.5746255186351372
0.5755971882120648
0.5756672977930173
0.5759002443392107
0.5755477781116358
0.5757867688376531
0.5766175423581317
0.5781924913301795
0.5794352165640304
0.5796146690397966
0.5793386777272551
0.579028673177097
0.5793000830451185
0.5799129396499426
0.5818596034135389
0.5820516873104155
0.5830752438653056
0.5831540533523958
0.583307676152178
0.5835928313051741
0.5843927753320707
0.5846048604713013
0.5847201487343988
0.5853796249008708
0.5861883158514661
0.5869428717581338
0.5870245276172763
0.5875727418737524
0.5878780310365995
0.5882777366600406
0.5889270300902051
0.5892418915486265
0.5898479507412255
0.5896478798752389
0.5896866401717099
0.5904647307552261
0.5921442373108005
0.5924364003461832
0.59236767377019
0.592332879659472
0.5921915742184587
0.5922850638607423
0.592961288816046
0.5959259753641042
0.5959961114908321
0.5960494658175443
0.5960449574304084
0.5963250646367008
0.5964250437372685
0.5970614985433013
0.59750206298363
0.5979986872281025
0.5979157141644462
0.598782940719259
0.5995915215807124
0.599813570817997
0.5999915407941965
0.600346116832217
0.60076326107141
0.6014233382112824
0.6019353917053105
0.6026469706964273
0.6027818826700516
0.6026559740831106
0.6033237372784692
0.6045879666939775
0.6046060100221233
0.6044028633579307
0.6043881545622087
0.6044811007795254
0.6047526167539194
0.6054287340644372
0.608475452134444
0.6084010007695354
0.6078104086941354
0.6076052838516747
0.608065931504011
0.6082031611760483
0.6089003835148986
0.609313067855936
0.6103783969799673
0.6096922108993317
0.6103208161898284
0.6110767677636538
0.6115731421670229
0.611522984794927
0.6117306359041967
0.6123462786751865
0.6129884333413865
0.6135252444237974
0.6140929052250935
0.6146072112783656
0.614399561922178
0.6149217845764143
0.6156178741439807
0.6158285375234348
0.6158288364244109
0.6157115190895539
0.6159354984773495
0.6165220618622832
0.6171769323763492
0.6193604831768731
0.6191037645037251
0.6185260658436803
0.6181389839581116
0.6185080563264801
0.6188279744061455
0.6201116728951317
0.6203312438385004
0.6215282276890145
0.6207596921344317
0.621003096883661
0.6215239763983462
0.622244055738744
0.6224493283640623
0.6223307051391
0.6228919356166228
0.62344624315695
0.623879968855348
0.6242549106398618
0.6249618742036552
0.6248157310553611
0.6250884106821122
0.6254954799477703
0.6260287256284404
0.6264302035449192
0.6262862911593288
0.626472120013943
0.627225495569784
0.6278033763878732
0.6288655001982587
0.6284975845854197
0.6282964916522344
0.6279065801049808
0.6279858334723519
0.6284952793224972
0.6305726090210725
0.6306530594267236
0.6312708627558704
0.6307615884167308
0.6308016039781527
0.6310129609702013
0.6317638408125187
0.6325572899758191
0.6322665521316425
0.6322251762006454
0.6327257481425919
0.6331357045744808
0.633418358018114
0.6339428930317375
0.6340161812023317
0.6340183787888402
0.6344532542283795
0.6351594165594578
0.6358726082545259
0.6358613870106076
0.6358835365382937
0.6366004613915908
0.6370284948988926
0.6373581981675723
0.6371022491373192
0.6371878913051094
0.6369811304036304
0.6368816065799272
0.6375031787392675
0.6399029614641807
0.6399271858834373
0.6397041256531869
0.6393843853595488
0.6394905864925813
0.6395430425792439
0.6402486175976134
0.6414312872751456
0.6413820579396523
0.6405076956711261
0.6409440580248509
0.6414605237191613
0.6418002801945162
0.6419098491104718
0.6422087430634857
0.6420819808510109
0.6426005746409007
0.6431591183898255
0.6439511926155872
0.6442165696837603
0.6440558561836823
0.6445899983057941
0.6448583178415341
0.6450167210685982
0.6450825837322861
0.6452294792727229
0.6452708898710934
0.6452331892207314
0.6458387613942521
0.6477975540824517
0.6477336430268877
0.6470844193435041
0.6467439401829334
0.6469518435795574
0.6470750245869976
0.6479364953005989
0.6489867514146659
0.6493541315936794
0.6480348214617417
0.648292515145158
0.6488410987152895
0.6493389359449694
0.6492771077201066
0.6495990242274221
0.6494183194219654
0.64990719097074
0.6500758196584151
0.6507577049634604
0.6513347688743281
0.6511067343622627
0.6513087529400742
0.651451867915179
0.6518124234705254
0.65222755906569
0.652348162287048
0.65256892406011
0.652716042492445
0.6531402606710331
0.6542646025387645
0.6541081003540143
0.653635826964138
0.6532343144677466
0.6533694386920323
0.653671485680417
0.6549233314736572
0.655512605572098
0.6559588044970207
0.6548092644131367
0.6548357558343533
0.6551940298822022
0.6558277773822555
0.6561586719023544
0.6563006801204332
0.6558740829911085
0.6562621244820889
0.6561287976311998
0.6566312091389802
0.6573383654447815
0.6572437532652879
0.6570023413006407
0.6570090789570362
0.6576312665017686
0.6582774703261336
0.6584145668741533
0.658654060137365
0.6589735934897492
0.6591046214439463
0.6595617373155003
0.6594880743402586
0.6594413094253018
0.6591080457504656
0.6590511462592891
0.6595048258242193
0.6610310941393737
0.6612179899120028
0.6612550131455797
0.6605626681011995
0.6604718314185778
0.6605634407354164
0.6612305682606967
0.6622568338412816
0.6622402138275757
0.6613141142080013
0.6615979015540967
0.661500316333522
0.6618678277121708
0.662388415423777
0.6625666603614431
0.6619519253264925
0.6617832785411405
0.6624209702371306
0.6631734840296764
0.6634114318397502
0.6634983706203313
0.6639072824634349
0.6637735454032881
0.6639640113384996
0.6641811140507817
0.6644286515893276
0.6642951221156235
0.664101622413054
0.6646261703064718
0.665979294402439
0.6659806228235317
0.6655251438443065
0.6651682766710246
0.6651121917827154
0.6651075687448282
0.665763440789819
0.667184556243696
0.6671784811907375
0.665810436215066
0.66596597354925
0.6661142835698097
0.6664545350589013
0.6666679437156684
0.6670809971086773
0.6663060006922806
0.6660137222468816
0.6663024902310009
0.6670681407455599
0.6674922762642903
0.6673767973522156
0.6676968491238877
0.6673713431836998
0.6676005850827355
0.6680953934247158
0.6684403428954881
0.6685503611346006
0.6683527468040577
0.6688143373664404
0.6696523144697664
0.6696188575523009
0.6690593691272135
0.668825945056712
0.6688347502666195
0.6689485258055606
0.6696422065492162
0.6708507917304661
0.6709074958142339
0.6694927086863862
0.6694792080926691
0.6697497787882136
0.6701497653127072
0.6703370245791331
0.6708160087270824
0.6700020463419695
0.669738630350963
0.6695298654606958
0.6702067711340118
0.6708262938030208
0.6706552385451672
0.6706394994988331
0.6700555497615969
0.6704617797698427
0.67102953897693
0.6713945682964555
0.6716878680689929
0.6716013456607841
0.6717986318910335
0.6721843097448391
0.6722084450821931
0.6719758302133773
0.6717959402591256
0.6717952090214697
0.6720964000627734
0.6728339127686899
0.6734624406504546
0.6734480439814935
0.6723766807592377
0.6722174732883365
0.6723631185471893
0.67283382605898
0.6734137996436781
0.6738031787215695
0.6728827983312624
0.6727468878214014
0.6722683928442446
0.6727714319965077
0.6734430366816444
0.6734550691284219
0.6729777704217832
0.6719689711625554
0.6725319654289507
0.6730404854669957
0.6734311729360553
0.673736776786699
0.6738398981044613
0.6735972012173418
0.673831661301869
0.6739785565524278
0.6741856061814406
0.6741016170436852
0.6740331823789205
0.6744651571263658
0.6751135219892467
0.6752318137779949
0.675039173111017
0.6744317932488167
0.6742257654560982
0.6741859510275573
0.6746856830102596
0.675737865377988
0.6759695755010556
0.6748661827028075
0.6747929510225608
0.6744167261038952
0.6747538832140293
0.6752865027390516
0.6756125140026059
0.6748011163707077
0.6733856444988204
0.67391567827296
0.6744123409431443
0.6748546208304476
0.6749664069470549
0.6752499550527632
0.6745078881976829
0.6748040849903852
0.6750289754010886
0.6755150890685448
0.6755843711342953
0.6754647803561067
0.675916048275255
0.6763225468675531
0.6762135003061935
0.6759476114984071
0.6757120024678689
0.6755578876496182
0.6754828945901565
0.6759653883564304
0.6771120140048925
0.6771825692771072
0.6759934767832692
0.6758443642511438
0.6757246714487296
0.6759924711327331
0.6763764879939385
0.6769554968418616
0.6760497469621113
0.6745688401401826
0.6748110251283509
0.6753582272743255
0.6758765515472989
0.6757273061400533
0.6760409319615038
0.6747971654089842
0.675200603630423
0.6753433516961324
0.6759177066974542
0.6761681212092648
0.6760707820504596
0.6763533288804632
0.6765250763655952
0.6763966226159229
0.6762963845206725
0.6763039264042893
0.6762393849008906
0.6762913989055044
0.6767031768991728
0.677475633926691
0.6774296254959401
0.6763723191357129
0.6760974043556294
0.6761026062065774
0.6763920885663713
0.6768344888882738
0.6774920276075793
0.6766038722252795
0.6754743426118296
0.6753282660640021
0.6758586662424204
0.6764352295894918
0.676186071520204
0.6763281350508852
0.6745560815562143
0.675068060384485
0.6750375081816548
0.6756074654825099
0.6759878504112028
0.6760079570188793
0.6758566924340963
0.6759506164045567
0.6758218857073007
0.6760471595700231
0.6762017842463472
0.6762066445113367
0.6764392306927851
0.676694402736902
0.6769357510283257
0.6768783243147323
0.6761233931034137
0.6757959212564688
0.6757508465200646
0.6760849233340162
0.6767498778947175
0.6773038352632641
0.676388822974451
0.6757528851971276
0.6753632592210871
0.6757598166296132
0.6763155817461353
0.6762247255247273
0.6761211643684384
0.6738672399548087
0.6744877028118964
0.6743975624355858
0.6749440967748481
0.6752920507442136
0.6754927491801096
0.6746925562340667
0.6748451315491532
0.6745864893092193
0.6751185150079617
0.6753558080443329
0.6753890464238435
0.6757644116255422
0.6757685652543609
0.6756677493697082
0.6757235352633438
0.6753375701830444
0.6750636085498949
0.6749508796642618
0.6753024374485151
0.6760786638320855
0.6763979117953153
0.675427596354802
0.6751099968948615
0.6747112176482801
0.6749593397095985
0.6754285666381646
0.6756354678077259
0.6753734312205021
0.6729177902627703
0.6735682162583525
0.6736106954351847
0.6741326055656569
0.6742703753116295
0.6746201911028814
0.6731416197957216
0.6733723605747658
0.6728416930278851
0.6735458403643352
0.6738501904022124
0.6738933378978851
0.6742809558663012
0.6739898583014051
0.6738119703267738
0.6740337731314141
0.6740200376142483
0.6738648103824205
0.673787423032236
0.6741064117140192
0.6747037294860575
0.6747642069712823
0.6738348185220202
0.6735984928653189
0.6733132447584836
0.6735084586200353
0.6739189943363166
0.6743649387784082
0.6740348333451294
0.6718291519104761
0.6723397636042775
0.6725643920739689
0.6730500364435218
0.6729537596409955
0.6733352203684609
0.6713351584450207
0.6716088928928383
0.6708227923952349
0.6715546754458935
0.6719398349734768
0.6720293369054293
0.6721686932142136
0.6716183312847903
0.671445166802169
0.6717943583462282
0.6720988979214645
0.6720801921499431
0.6721345722546332
0.6723317339060275
0.6725783130454916
0.6725002462803615
0.6717673744980779
0.6715241777573756
0.6713385425420755
0.6715759335614638
0.672000122050501
0.6725096523054472
0.6720854738464465
0.6704751382927074
0.6706983821593058
0.6709856609059064
0.6714109935179802
0.6712424029233655
0.6715529463570798
0.669281112620295
0.669591872965724
0.6687754132242164
0.6694409396466027
0.6698657789674028
0.6700788036598144
0.6696512605797162
0.6689547415118878
0.6686358812205226
0.669067109300008
0.6695635602805785
0.6696563127082398
0.6698861496197159
0.6698051009788908
0.6697961407517984
0.6697606129806697
0.6693379981812614
0.6691284815995722
0.6690035457464668
0.6693074676209332
0.6697409594836555
0.6701367970284321
0.6695563727853088
0.6685962305017871
0.6685154175868857
0.668741809437922
0.6690943708664842
0.6690355364587178
0.669266611479872
0.6669819413819116
0.667341947603596
0.6667623524616758
0.6673249113143492
0.6676687894766719
0.668055756735539
0.6668867342749474
0.6662182126718355
0.6655380229758269
0.6660594668151537
0.6666039946473692
0.6667399549055837
0.6671298642950542
0.6665554776503804
0.6665327372076442
0.6666078009481954
0.666547102972371
0.6664242629241186
0.6663675078996177
0.6667029684483651
0.6670496698586974
0.6672244683786624
0.6665416530946954
0.6660745629323302
0.665801850863825
0.6659612735670309
0.6662634150312652
0.6663463904563087
0.6665433426961767
0.6644551843698732
0.6648341351299031
0.6645822430792105
0.6650371721907511
0.6652101741568102
0.6657331564461227
0.6639489941106888
0.663486017606784
0.6624074316921456
0.6630321436189798
0.6635441077137423
0.663647606439577
0.6640799892080508
0.6628133444194125
0.6629449109928424
0.6630299580772422
0.6633335609947227
0.6633182980583053
0.6633644285874265
0.6636507761134335
0.6638370058236459
0.6637749061153603
0.6631773120330249
0.6630178555170958
0.6627141643296072
0.6628833174355779
0.6631698966589246
0.6632815469622567
0.6634492320103066
0.6616811825678177
0.6619914598806415
0.6619563037510051
0.6623022406664668
0.6623532643906783
0.6628918572446971
0.6608765227534942
0.6606964131082753
0.6594559732139448
0.6601317060490298
0.6605885989989277
0.6606443927316801
0.6608845657038083
0.6588954030081104
0.6591527248062979
0.6591346466771173
0.6597402809584898
0.6598334737371839
0.6600094943375374
0.6600906698580856
0.660152813922298
0.6598873872615254
0.659570577944103
0.6595898115843755
0.659387014060001
0.6596357597352674
0.6599035651660816
0.6599198038063998
0.6600051450781648
0.6586194015320533
0.6587662570334816
0.6588018972545873
0.6590412972652223
0.659102179165783
0.6595235922635411
0.6576954512021123
0.6577194133356615
0.6566563163218694
0.6572812321636764
0.6576556161150393
0.6577437384060484
0.657539441770946
0.6551114752529716
0.6553114305497988
0.6552339183165388
0.6560100380550666
0.6561824650966325
0.6564930473038757
0.656107892881995
0.6561596732261478
0.6556955788833132
0.6557453294047679
0.6558574418323769
0.6558209876766388
0.6561706815376639
0.6563730292952243
0.6562509152385573
0.6562190782557911
0.6552759706668637
0.655226567270321
0.6552893764544434
0.6554522362644061
0.6555766822945238
0.6558190779892697
0.6543867734128075
0.6544502155296479
0.6537405929898477
0.6542371859010778
0.6544923256446451
0.6547416545497056
0.6539857731833271
0.6516677067261452
0.6516322227656487
0.6516588847378824
0.6524471298417742
0.6526190010977561
0.6530319122317314
0.6518652078331938
0.652015127711632
0.6513231285682544
0.6517032075432593
0.6518548510784109
0.6519886127401883
0.652396908383436
0.6524998645805662
0.6522354747720467
0.6521412483797558
0.6516921195866658
0.6515115669022894
0.6516403992508233
0.6517841113109971
0.6518838582074643
0.6519958216986372
0.6508852338512507
0.650867710362296
0.6504502133785244
0.6508035286317881
0.6509499089792621
0.6514269475131301
0.6502492674804693
0.6485516379075218
0.6482489018271174
0.6484865748780831
0.6491518224987086
0.6492188339233173
0.6496591924110752
0.6475183258119834
0.647827714767619
0.6469539527364682
0.6475668748448279
0.6477410966741874
0.6480177684946363
0.6483447331251938
0.648373500284573
0.647884872385776
0.647863872570397
0.6478654289711148
0.6476902894829673
0.6479230760486103
0.6480827419382919
0.6480374167851497
0.6481333975478545
0.6471621865926025
0.6470455883739294
0.6467826595804457
0.6470191837851701
0.6471242607543474
0.6477393681698832
0.646444475938122
0.6455263932864332
0.6450590521653639
0.6454660683365536
0.6459243267298169
0.6458322136209776
0.6462074931924368
0.6432423616243981
0.6437248690702977
0.6428644218222909
0.6436108289515251
0.6438034349180961
0.6441853862481395
0.6441739302108457
0.6441970289552263
0.6432876320805632
0.6434800917014359
0.6437610536678291
0.6437229566278547
0.6440710765344885
0.6441952240617954
0.6439992124999178
0.6441486617495112
0.6432868469708408
0.6431146577046419
0.6429623769856917
0.6431195545063091
0.6432364409918995
0.6437746216073228
0.6426525000797417
0.6423024431272848
0.6417755554761878
0.6422269243333492
0.6424687097091157
0.6422767818486312
0.6425106489768513
0.6392563315197529
0.6398848674453204
0.639273871408104
0.6400680406892344
0.640253694167209
0.6406868642308082
0.6400307655502072
0.640112187121241
0.6386286948416482
0.6390947983357037
0.6394531808235667
0.6396099555592492
0.6400687427165176
0.6400050084421073
0.6397669838260001
0.6399186360248424
0.6393559785264474
0.6391785354439671
0.6391858770647061
0.6393083221871301
0.6394141103574409
0.6397025084461886
0.6388504763360123
0.6387445143066086
0.638193880380477
0.6385904618789435
0.638688819309522
0.6385505060598837
0.6385979742880099
0.6357056904306074
0.6364133041096187
0.6361472606103679
0.6368920400813223
0.6370235415163861
0.6374365241031216
0.635956220803154
0.6361250053258534
0.6342091527842182
0.634894401448277
0.6352152232846447
0.6355409637883479
0.6360560345328798
0.6356301862899111
0.6353956051199563
0.6354377929117803
0.635382616902292
0.6352491138315648
0.6354528468994832
0.6355908029680547
0.6356159081769742
0.6356641670326704
0.6349880801819306
0.6349293094762675
0.6343877851511573
0.6347026553624173
0.6347666986640054
0.634811120815024
0.6346672988462813
0.6325233372763801
0.6331929491903261
0.6331939526875566
0.6337681270413007
0.6338017390167809
0.6341396831225286
0.6319688344641119
0.6322186912656653
0.630354315858564
0.6311312574032509
0.6313889899036933
0.6318154066091043
0.6322190731304049
0.6313881118688188
0.6309684173458806
0.63088168802677
0.6313299397391343
0.6312987099213857
0.6316726385010321
0.6318280569758754
0.6317493969229061
0.6316810280332062
0.6310861429619096
0.6310330726307133
0.630605983849031
0.6308648146984459
0.630963304699531
0.6311745242046143
0.6308832709935995
0.6294825155482613
0.6299469839652967
0.6300927353728515
0.6304045281357666
0.6303215289333096
0.630583302302547
0.6281759976907474
0.6284878006802623
0.627188376596174
0.6279359347167522
0.6281208480687939
0.6285832817467789
0.6286018171810844
0.6275685903901432
0.6266237718455228
0.6265482724626874
0.6272796693137929
0.6274013271227706
0.627890313977396
0.62790851689419
0.6278098391851511
0.6276504003262069
0.6272123703059156
0.6271801177640874
0.6270024973656282
0.6272468943609839
0.6273806747001892
0.6276091944454104
0.6272468063785108
0.6263956207026001
0.626504675652464
0.626734170087591
0.6268038562434672
0.6266205599277408
0.6268515850627385
0.6247140142369241
0.6250815187689283
0.624494313187535
0.6251375572296083
0.6252318403132292
0.6256885084026198
0.6250850640063641
0.6242264225411577
0.6226160986234164
0.6227403887224798
0.6234990988633028
0.6237773256449427
0.624331905355928
0.6238578331334002
0.6238787286373858
0.6234840815986935
0.6234025079133282
0.6233989931925873
0.6235304571426518
0.6237967641683194
0.6239371459258848
0.6240270469834883
0.6236685566825214
0.623217878984085
0.6229651193506321
0.6232651273161172
0.6232309531191419
0.6229927883934757
0.6232411641451693
0.6215906913900114
0.6220107881819157
0.6218703563494699
0.6223593544992354
0.622372306396904
0.6227922861501701
0.6215793650167829
0.6211865556896096
0.6192422889431632
0.6196388644783728
0.6202611314179531
0.6206289352212259
0.6211913942924376
0.6198497430514314
0.6200395527311531
0.6192929955261745
0.6196940498053803
0.6197245149771292
0.6201138312273394
0.6204123670512716
0.6205418191549099
0.620392499184855
0.6201095582794214
0.619975773042392
0.6195587269973325
0.6199141143601132
0.6199328024040228
0.6196888203428532
0.6199660067193948
0.61867759042196
0.6190999038023768
0.6190643414813314
0.6193545556609871
0.6193289883532006
0.6196665317710432
0.6181923854806598
0.6182539314448103
0.6165992272920258
0.6171828250119562
0.6175859834060985
0.6179332391179422
0.6184040828174645
0.6161610932049664
0.6163806494993225
0.6154190079353095
0.6162439458328406
0.6163251741841409
0.6168614569247226
0.6171117945493633
0.6172305348677303
0.6167196611651418
0.6166060425719928
0.6166798609467793
0.6163923210308874
0.6167855120164711
0.6169255905984624
0.6167064652341463
0.6169725784457545
0.6158728677067088
0.6161813810462218
0.6161447026380794
0.6162283464600394
0.6161951793738758
0.6163969880804226
0.6151414218912136
0.6153974044669813
0.6144311283891939
0.6150454024743242
0.6152004208229175
0.6154555806229535
0.6156920622889058
0.6130577139590272
0.6130823325217368
0.6122443418913972
0.6133124852336267
0.6134656670474591
0.6140344275998275
0.613977955482569
0.6141046843702106
0.6130628836109683
0.6132175087030517
0.6133642156398644
0.6134050398295929
0.6138393995245092
0.6140636650899101
0.6138714346379734
0.6140537609286153
0.6131880714724676
0.6132796597097282
0.6133521946393274
0.6133023065559235
0.6132468922833036
0.6133180660768769
0.6125149707418187
0.6127120597086659
0.6123135454452319
0.6128260135397693
0.6127828978477281
0.6129786184460553
0.6128629934633022
0.6106258715881282
0.6103861596501116
0.6099360708217456
0.6110417131021825
0.611266644364922
0.6117773175472477
0.6110158217134825
0.6111928896392983
0.6095973768846072
0.6100536911529387
0.6101930732134838
0.6105709157983462
0.6110580996277272
0.6112824110578793
0.6110404332795856
0.6110976515081292
0.6106428288906921
0.6105414964361117
0.6108276221613758
0.6107855657388999
0.6106692075784764
0.6107197542274566
0.6101950545038857
0.6102563296825592
0.6100287193134398
0.6103696112972872
0.6102526263592183
0.6104782741274482
0.610033639276445
0.6087040322981605
0.608373972169669
0.6083313139770783
0.6092644833482056
0.6095064776299568
0.6099181892448933
0.6081903404903138
0.6084645879038344
0.6066523434218687
0.6073467643888152
0.6074689590522464
0.6080576601235254
0.6085584054532207
0.608719669022329
0.6081833366829336
0.6081814156636739
0.6081674730132551
0.6080409260712162
0.6085166002109637
0.6086073547544035
0.6084243145354846
0.6085793090693676
0.6080234030951298
0.6079995926080801
0.6077246627673831
0.6078910286191084
0.6078156519592482
0.6080878572465106
0.607517306383372
0.6070294892334223
0.6068097383355264
0.6070315703366674
0.6076045002158325
0.6077598168983529
0.6080916268272996
0.6056001513759275
0.6059924997403937
0.6045313806324042
0.6053637494349692
0.6054703939942032
0.6061103600359178
0.6064682410712239
0.6065663153262408
0.605365932205857
0.6054724299160781
0.6057089606088193
0.6057565038097645
0.6063293790987655
0.606549673597008
0.6063655941889967
0.6065854234820528
0.6059608901891353
0.6059049062637537
0.6056928033303307
0.6057406083000478
0.60573915406404
0.6059671354415264
0.6055083971613812
0.6054513537083501
0.6053090086790339
0.6056487410025653
0.6058032300632092
0.6058001455877989
0.6060887862522839
0.6034845543045579
0.603998115592536
0.6032488547011927
0.6041440964981994
0.6042233944012643
0.6047762207529598
0.6047255391868253
0.6048232740407987
0.6027822537450425
0.603144291404589
0.6034158042740003
0.6037374138707924
0.6043448958779555
0.6045069270406662
0.6044083783492346
0.6044489685609953
0.6040455662217946
0.6039783412102113
0.6040426566835704
0.6040700171730519
0.6041044562896692
0.6042183877025898
0.6039307893695471
0.6039729779718586
0.6036970705305099
0.6040613424950612
0.6039407801417044
0.6038224036297115
0.6040687756994646
0.6019969207854349
0.6026372023634032
0.602489205942311
0.6033631291343008
0.6034154036744745
0.6037886790582043
0.6031134208287866
0.6032809448072683
0.6007760618542396
0.6013955472331859
0.6016216250197529
0.6021745766753911
0.6027949141139008
0.6026178465877694
0.6025549748811662
0.6021899401340176
0.6022867360584411
0.6022406064984208
0.602645951040972
0.6027653724293953
0.6027906310217062
0.6028319056713176
0.6025835212869322
