0.0
0.000112412276608
-0.000702501511999
-0.00266410135759
-0.00597743987966
-0.0108295827491
-0.0173859704669
-0.0257871421653
-0.036145887627
-0.0485449292953
-0.0630350399748
-0.0796336644291
-0.0983242189186
-0.119055899952
-0.141744029056
-0.166271066765
-0.192488110745
-0.220216820785
-0.249251998671
-0.279364446827
-0.310304171568
-0.341803973643
-0.373583269676
-0.405351962454
-0.436814526705
-0.467674051966
-0.497636255499
-0.526413381286
-0.553727923827
-0.579316120858
-0.602931165453
-0.624346094172
-0.643356309967
-0.659781722605
-0.673468480182
-0.684290280404
-0.692149258081
-0.696976452475
-0.698731865969
-0.6974041297
-0.693009796751
-0.685592301086
-0.675220604271
-0.661987561454
-0.646008075555
-0.627417050209
-0.606367152844
-0.583026483079
-0.557576229918
-0.530208174024
-0.501122287902
-0.47052434572
-0.438623580556
-0.405630427641
-0.371754416007
-0.33720223906
-0.302175857308
-0.266870877646
-0.231475081203
-0.196167114537
-0.161115396005
-0.126477212092
-0.0923979613314
-0.0590106272875
-0.0264353995116
0.00522055606702
0.0358631424794
0.065411258024
0.0937965951296
0.120963312185
0.146867612868
0.17147724506
0.19477090965
0.216737626681
0.237376046735
0.256693725365
0.274706377701
0.291437119666
0.306915698003
0.321177747084
0.33426403778
0.346219733526
0.357093676164
0.366937764577
0.375806265257
0.383755221844
0.390841892456
0.397124195932
0.402660262181
0.407507924488
0.411724387239
0.415365779024
0.418486847918
0.421140663519
0.423378340016
0.425248828332
0.426798666806
0.428071859716
0.429109678991
0.429950573954
0.430630047346
0.431180567822
0.431631521655
0.43200913453
0.432336462837
0.43263334345
0.432916400966
0.43319903672
0.433491437947
0.433800604093
0.434130361384
0.434481415654
0.434851381048
0.435234854309
0.435623466981
0.436005966816
0.436368303105
0.436693722862
0.436962896155
0.437154029503
0.437243009315
0.437203586166
0.437007518863
0.43662478744
0.436023822036
0.435171704989
0.434034468818
0.432577368847
0.430765167025
0.428562491756
0.425934169773
0.422845596929
0.419263140116
0.415154549125
0.410489378114
0.405239418611
0.399379192654
0.39288635689
0.385742185626
0.377932084476
0.369445916937
0.360278545255
0.350430259503
0.339906994037
0.328720887068
0.316890495522
0.304440921152
0.291404264685
0.27781952259
0.263732670089
0.249196806921
0.234271750606
0.21902400206
0.20352647463
0.187857846226
0.1721022499
0.156348523247
0.140689523548
0.125221288348
0.110042096646
0.095251467228
0.080949039391
0.0672334374405
0.0542010542703
0.0419447846873
0.0305528025672
0.0201072177523
0.0106829500181
0.00234637503633
-0.0048456305295
-0.0108469360163
-0.0156228820006
-0.0191512913326
-0.0214229263802
-0.02244213512
-0.0222270045906
-0.0208095437202
-0.018235500388
-0.0145640304592
-0.00986714209823
-0.00422886306537
0.0022557220231
0.00948172922577
0.0173358676103
0.0256979939366
0.034442921887
0.043442154904
0.0525659030776
0.0616850430845
0.0706731164979
0.0794083468873
0.0877755377519
0.0956679037567
0.10298878102
0.10965311639
0.115588798305
0.120737739129
0.12505667363
0.128517722294
0.131108629153
0.132832709579
0.133708508551
0.133769145714
0.133061398147
0.131644501372
0.129588730403
0.126973765323
0.123886871051
0.12042098451
0.116672665696
0.11274002453
0.108720671079
0.104709655637
0.100797552242
0.0970686546825
0.0935993142126
0.090456538627
0.0876967711703
0.0853649421153
0.0834938148217
0.0821035750527
0.0812017371487
0.080783320274
0.0808312965365
0.0813173036795
0.0822025775831
0.0834391174112
0.0849709984986
0.086735846178
0.0886664268478
0.0906922643179
0.0927413381307
0.0947417466296
0.0966232785011
0.0983190097428
0.0997667636922
0.100910260383
0.101700293695
0.102095830367
0.102064572484
0.101583481454
0.100639263047
0.0992283943686
0.0973570146137
0.0950407297234
0.092304124394
0.0891801226611
0.0857092699825
0.0819388302122
0.0779218010418
0.0737158968473
0.0693824348213
0.0649851430535
0.0605891014938
0.0562596767157
0.0520613252688
0.0480566377338
0.0443054781617
0.0408640525573
0.0377841590474
0.0351125494894
0.0328904588471
0.0311532042821
0.0299297429182
0.0292425985968
0.0291078293725
0.0295349566192
0.0305271414495
0.032081420507
0.0341889668307
0.0368354694109
0.0400015635302
0.0436633076443
0.0477926935716
0.0523581176333
0.057324985803
0.0626562911402
0.0683130952013
0.0742551026537
0.0804411893333
0.0868298846392
0.0933798385552
0.100050229541
0.106801188374
0.113594152384
0.120392138326
0.127160034827
0.13386482724
0.140475767228
0.146964519879
0.153305266819
0.159474767421
0.165452386228
0.171220088864
0.176762420507
0.182066447707
0.187121665313
0.191919907278
0.196455232195
0.200723790679
0.204723683769
0.208454813111
0.211918734651
0.215118497229
0.218058479728
0.220744237628
0.223182347669
0.225380264309
0.227346163335
0.229088798954
0.230617392669
0.231941496769
0.233070872197
0.234015395821
0.234784961017
0.235389391224
0.235838359929
0.236141323345
0.236307470221
0.236345668165
0.236264424331
0.236071857006
0.235775673113
0.235383155341
0.234901158968
0.234336109526
0.233694001931
0.232980433112
0.232200619168
0.231359394957
0.230461266895
0.229510450102
0.228510888662
0.227466292547
0.226380170079
0.225255912731
0.224096807691
0.222906020812
0.221686721737
0.220442109903
0.219175387297
0.217889824784
0.216588784656
0.215275759321
0.213954343161
0.212628200695
0.21130117349
0.209977210542
0.208660262523
0.207354351402
0.206063507789
0.204791670566
0.203542637761
0.202319983446
0.201127012712
0.199966605138
0.198841064285
0.197752114986
0.196700723601
0.195686905253
0.194709655222
0.193766796467
0.192854836088
0.191968822598
0.191102217296
0.190246837167
0.189392668179
0.18852772299
0.18763812376
0.1867079885
0.185719352178
0.184652237613
0.183484680523
0.18219281306
0.180750935674
0.179131670527
0.177306283653
0.175244805894
0.172916253054
0.170289084815
0.167331506555
0.164011841347
0.16029897987
0.156162852442
0.151574963238
0.146508766869
0.140940173346
0.134848277035
0.128215718061
0.121029139025
0.113279766413
0.104963819605
0.0960829118659
0.0866444060323
0.0766617363488
0.0661546827622
0.0551494291729
0.0436786382059
0.0317815972249
0.0195040135397
0.00689779918257
-0.00597914591383
-0.0190633281393
-0.0322861251767
-0.0455744151621
-0.0588511536173
-0.0720358957789
-0.0850458626861
-0.0977967865172
-0.11020348025
-0.122180961305
-0.133645401694
-0.144514932011
-0.154710592722
-0.164157210655
-0.172784383853
-0.18052720172
-0.187326703878
-0.193130914523
-0.197895404303
-0.201583415348
-0.204166482339
-0.205624708016
-0.205946761338
-0.205129980309
-0.203180311207
-0.200112121376
-0.195947868506
-0.190717599587
-0.184458678633
-0.177215202712
-0.169037101159
-0.159979672541
-0.150102880463
-0.139470416128
-0.128148986195
-0.116207542719
-0.103716500607
-0.0907469097086
-0.0773695903688
-0.0636547037327
-0.0496710684206
-0.0354852223814
-0.021161178024
-0.00675998787728
0.00766085606132
0.0220476460251
0.0363506835082
0.0505244866355
0.0645279328365
0.0783243937178
0.0918815260426
0.105171212652
0.118169665489
0.130857069961
0.143217367169
0.155238129215
0.166910236332
0.17822758318
0.189186775188
0.199786864345
0.210029146696
0.219916679539
0.229454017595
0.238647138718
0.247503025192
0.256029424417
0.264234717889
0.272127699549
0.279717416989
0.287012980469
0.294023469505
0.300757890526
0.30722502524
0.313433390024
0.319391239186
0.325106489132
0.330586707767
0.335839182101
0.34087089357
0.345688522415
0.350298483843
0.354706963267
0.358919974504
0.362943357157
0.366782825084
0.370444035783
0.373932570235
0.377253952329
0.380413722435
0.38341743472
0.386270673122
0.388979046024
0.391548199165
0.393983830374
0.39629165185
0.398477391526
0.40054681537
0.40250567224
0.404359666752
0.406114444151
0.407775574975
0.409348545316
0.410838681107
0.412251140109
0.413590899583
0.414862698118
0.416071014437
0.41722005544
0.418313714515
0.419355542733
0.420348716178
0.421296033437
0.422199909087
0.423062299505
0.423884717571
0.42466824886
0.425413498154
0.42612058726
0.426789151066
0.427418349295
0.428006866913
0.428552866389
0.429054036644
0.429507615012
0.429910344058
0.430258506775
0.430547951797
0.430774092707
0.430931930896
0.431016077209
0.431020769209
0.430939895995
0.430767034003
0.430495463961
0.430118195352
0.429628006475
0.429017480548
0.42827904826
0.427404986797
0.426387472713
0.42521866442
0.423890670112
0.422395589068
0.420725617076
0.418873033951
0.416830233584
0.41458977951
0.412144446164
0.409487270763
0.406611518104
0.403510745496
0.400178914659
0.396610331853
0.392799679972
0.388742072329
0.384433088388
0.379868819981
0.375045836214
0.369961250408
0.364612769455
0.358998667
0.353117844234
0.346969915604
0.340555194445
0.333874729352
0.326930334267
0.319724738415
0.312261686763
0.304545757294
0.296582634049
0.288379332158
0.279944048427
0.271286364386
0.262417449474
0.25335011774
0.244098982846
0.234680604043
0.225113685235
0.215419249899
0.205620677356
0.195743955254
0.185817888961
0.175874101276
0.1659471986
0.156074901242
0.146298058444
0.136660682728
0.127209925736
0.117996022504
0.109072165107
0.100494240528
0.0923206258226
0.0846118853139
0.0774302688456
0.0708392476892
0.0649029541302
0.0596854954013
0.0552502123762
0.0516588504136
0.0489706980068
0.0472416409364
0.0465231263209
0.0468611530889
0.0482952235183
0.0508572745521
0.0545706308079
0.0594490050553
0.0654955769744
0.0727021009396
0.0810481014967
0.0905003123014
0.101012189291
0.11252350737
0.12496030504
0.138235000769
0.15224660589
0.166881266626
0.182013044961
0.197504937507
0.213210078911
0.228973082485
0.244631822184
0.260019301071
0.274965543484
0.289299819004
0.302852910905
0.315459400385
0.326960062447
0.337204218493
0.346052018224
0.353376681849
0.35906655199
0.363027001076
0.365182135553
0.365476201788
0.363874769311
0.360365579252
0.354959053169
0.347688498495
0.33860993088
0.327801562713
0.315362946957
0.301413781574
0.286092413559
0.269554033527
0.251968642234
0.23351877086
0.214397016163
0.194803473428
0.174943020509
0.155022588656
0.135248440954
0.115823445077
0.0969444960767
0.0788000346696
0.0615677231765
0.0454123809461
0.0304840786096
0.0169165236995
0.00482577650884
-0.00569081831799
-0.0145553659982
-0.0217099034304
-0.027116514701
-0.0307570839579
-0.0326330361531
-0.0327646430541
-0.0311899578504
-0.0279638077615
-0.0231564880491
-0.0168522360883
-0.0091476756476
-0.000150163016112
0.0100240219593
0.0212514473115
0.0334032349504
0.0463468936476
0.0599480343875
0.0740719398361
0.0885851757238
0.103357040169
0.118260819754
0.13317500825
0.147984352994
0.162580786006
0.176864149344
0.190742707662
0.204133740036
0.216963841264
0.22916899247
0.240694706541
0.251495967337
0.261537025252
0.270791142073
0.27924024054
0.286874529564
0.293691989723
0.299697790414
0.304903812259
0.309328041104
0.312993917641
0.315929743817
0.318168060944
0.319745074069
0.32070003295
0.321074646179
0.320912572982
0.320258884125
0.319159560993
0.317661084953
0.315810017057
0.313652585303
0.311234362135
0.308599960633
0.305792793368
0.302854792351
0.29982617021
0.296745360164
0.293648813128
0.29057079687
0.287543402887
0.284596459065
0.281757443709
0.279051440711
0.276501098893
0.274126666838
0.271945951656
0.269974307794
0.268224675606
0.266707574585
0.265431097812
0.264400955489
0.263620487425
0.263090664553
0.262810108589
0.26277510313
0.262979620097
0.263415320595
0.264071560679
0.264935416799
0.265991692462
0.267222929919
0.268609436871
0.270129302848
0.271758412862
0.273470513064
0.275237256815
0.277028210692
0.278810967514
0.280551250656
0.282212979833
0.283758394485
0.285148184936
0.286341739083
0.287297302097
0.287972068332
0.288322596554
0.288305096183
0.287875597709
0.286990383595
0.285606371314
0.283681493168
0.281175121729
0.278048502863
0.274265321768
0.269792178374
0.264599009205
0.258659745675
0.25195286232
0.244461835391
0.236175713281
0.227089625529
0.217205309474
0.20653154979
0.195084566807
0.182888441537
0.169975384841
0.15638586998
0.142168845026
0.127381778586
0.112090578211
0.0963693352287
0.0802999495484
0.063971829872
0.0474812153452
0.0309303817907
0.0144268373937
-0.00191772343627
-0.0179885986841
-0.033669356685
-0.0488432495657
-0.0633947020211
-0.0772109674142
-0.090183832526
-0.102211231947
-0.113199062423
-0.123062954842
-0.131729881284
-0.139139835663
-0.14524739293
-0.150023060106
-0.153454508568
-0.155547516324
-0.156326797684
-0.155836523607
-0.154140434329
-0.151321803499
-0.147483008921
-0.142744611598
-0.137244246903
-0.131135171667
-0.124584360583
-0.117770297706
-0.110880388095
-0.104108309099
-0.0976510068315
-0.0917052619645
-0.0864644239078
-0.0821149913045
-0.0788330041319
-0.0767806006763
-0.0761027540049
-0.0769239299743
-0.0793450889118
-0.0834411859024
-0.0892587788853
-0.0968141498501
-0.106091918066
-0.11704412551
-0.129589922914
-0.143615773379
-0.158976252636
-0.175495480219
-0.19296905013
-0.211166561601
-0.229834663569
-0.248700538908
-0.267475849153
-0.285860972063
-0.303549567889
-0.320233324658
-0.335606766199
-0.349372180508
-0.361244392577
-0.370955401979
-0.378258850652
-0.382934045892
-0.384789687121
-0.383667115624
-0.379442966938
-0.372031361644
-0.361385424972
-0.34749817852
-0.330402837148
-0.310172416952
-0.286918755733
-0.260790911216
-0.231973009754
-0.200681582356
-0.16716239922
-0.131686956581
-0.09454866251
-0.0560587502481
-0.0165417421381
0.0236688038397
0.06423442283
0.104816625483
0.145081084096
0.184701268352
0.223362698924
0.260766499896
0.296632321628
0.330701340934
0.362738672479
0.392535262328
0.419909484565
0.444708239206
0.466807570887
0.486112904302
0.502558890258
0.516108833558
0.526753763568
0.534511206944
0.539423687486
0.541556980906
0.54099814541
0.537853406604
0.532245958226
0.524313657365
0.514206667175
0.50208515446
0.488116986171
0.472475476334
0.45533723144
0.436880164892
0.417281635776
0.396716588422
0.375356033355
0.353365714775
0.330904820398
0.308124931442
0.285169107355
0.262171251374
0.239255583043
0.216536192018
0.19411687945
0.17209108334
0.15054182319
0.129541910513
0.109154245999
0.0894321295508
0.0704196787365
0.0521522339467
0.0346569731384
0.0179534795741
0.00205425281499
-0.0130346250764
-0.0273128744077
-0.0407854492401
-0.0534619177029
-0.0653558738826
-0.0764843353828
-0.0868672261743
-0.0965269488848
-0.105487780222
-0.113775428389
-0.121416717841
-0.128439139287
-0.134870505923
-0.140738663469
-0.146071221383
-0.150895328773
-0.155237406545
-0.159123003722
-0.162576715911
-0.165621966655
-0.168280922967
-0.170574492204
-0.172522217723
-0.174142245467
-0.17545132023
-0.176464789422
-0.177196628142
-0.177659433988
-0.177864478847
-0.17782177649
-0.177540111292
-0.177027105177
-0.176289295716
-0.175332201494
-0.174160400799
-0.172777617745
-0.171186801207
-0.16939020755
-0.167389503974
-0.165185854307
-0.162780002534
-0.160172369621
-0.157363151471
-0.154352434883
-0.151140253059
-0.147726673608
-0.144111967754
-0.140296649132
-0.136281539035
-0.132067916771
-0.127657592761
-0.123052991386
-0.118257213971
-0.113274128285
-0.108108506566
-0.102766014931
-0.0972532675918
-0.0915779728975
-0.085748930701
-0.0797760590209
-0.0736704275247
-0.0674442796227
-0.0611110624083
-0.0546853777989
-0.0481829743821
-0.0416207474122
-0.0350166257272
-0.0283894916802
-0.0217591531294
-0.0151462261802
-0.00857201932882
-0.00205829161877
0.00437282907059
0.0106989019213
0.0168975387961
0.0229465644791
0.0288241384584
0.0345090491324
0.03998093044
0.0452204598876
0.0502095960087
0.0549318023318
0.0593722935473
