0.0
1.6852189359620951e-06
6.370174558229027e-06
1.339093850887536e-05
2.227091195155883e-05
3.237671329151325e-05
4.257288918282487e-05
5.1662408586720726e-05
5.890858370893539e-05
6.385477989890363e-05
6.593323987126245e-05
6.46842867423729e-05
6.02880060850306e-05
5.345360364196488e-05
4.479864001526237e-05
3.4837515607533115e-05
2.454274507205637e-05
1.5228531947639775e-05
7.784118253624458e-06
2.5928987217147333e-06
1.3176123971541457e-07
9.544100762912625e-07
5.036013340891319e-06
1.1684065318601368e-05
2.0162132496017516e-05
2.994655491224325e-05
4.02561967384363e-05
4.9826620495710985e-05
5.7532915749642793e-05
6.291030426084726e-05
6.56985798244793e-05
6.53638705542083e-05
6.165016386236673e-05
5.5165657528685814e-05
4.684290262578629e-05
3.7257198540893096e-05
2.6998425976748055e-05
1.7223766277559005e-05
9.214137520484673e-06
3.6199224341247393e-06
6.083384925434802e-07
5.196318992320257e-07
3.7573367535197392e-06
1.0020978017563122e-05
1.8291538700845347e-05
2.7715430866229873e-05
3.7825178224597804e-05
4.7759825950117234e-05
5.613575132247464e-05
6.200284377811565e-05
6.521153321112142e-05
6.564942445823906e-05
6.290227967308301e-05
5.698725449137756e-05
4.8795624242126594e-05
3.9416347947557516e-05
2.9471313453403586e-05
1.9546803408287897e-05
1.0821725491574153e-05
4.54934196920954e-06
1.14412865774893e-06
4.774545302901756e-07
2.755752033759017e-06
8.232903101739687e-06
1.629252243384456e-05
2.569156374210209e-05
3.556003178115761e-05
4.5412530018259206e-05
5.435117457607954e-05
6.107923383401682e-05
6.482790145978327e-05
6.566286521683337e-05
6.370639279029442e-05
5.873636642252114e-05
5.0958477686872116e-05
4.150601282722621e-05
3.160381634104783e-05
2.184105250175803e-05
1.279794533842712e-05
5.653569580164325e-06
1.4696918687477239e-06
3.9532820764901987e-07
2.135358030297824e-06
6.699841425807476e-06
1.4069841475410597e-05
2.3441264578784793e-05
3.34780748945622e-05
4.324569957044229e-05
5.2265955584003245e-05
5.970996766501593e-05
6.440012669744546e-05
6.580178326679977e-05
6.423482257391652e-05
5.9976732586577674e-05
5.3010016607985524e-05
4.383285678470135e-05
3.370398726547051e-05
2.380673146993469e-05
1.4760620949930828e-05
7.167124651043262e-06
2.026888805114854e-06
1.448592955604505e-07
1.472908743012544e-06
5.529022723995483e-06
1.2114606754554584e-05
2.0980629438084854e-05
3.112318229898195e-05
4.1181029541124075e-05
5.0308289483422944e-05
5.801271024252069e-05
6.348511446487518e-05
6.583827172028842e-05
6.48646615502425e-05
6.10018067911284e-05
5.466066864562004e-05
4.611778138406394e-05
3.609185932081652e-05
2.5862330647269243e-05
1.6551328894759732e-05
8.735968003489359e-06
2.9899679772745623e-06
1.658254297058822e-07
7.245883798110292e-07
4.331801422242301e-06
1.0442720669362295e-05
1.8718631381446267e-05
2.8574364444639592e-05
3.8863527592400666e-05
4.83811080686291e-05
5.637479689044637e-05
6.232109318538388e-05
6.553131199178343e-05
6.543176231853366e-05
6.212262057038994e-05
5.62067002280097e-05
4.8175272852697256e-05
3.849891801751951e-05
2.8166868924797584e-05
1.8464494551846796e-05
1.0271185770427524e-05
4.0871225824117116e-06
5.311251693345137e-07
2.1062781214853353e-07
3.1614885390109604e-06
8.846704715282909e-06
1.667705175406293e-05
2.6154168481804314e-05
3.6457139310974845e-05
4.634416106801081e-05
5.4749089325789746e-05
6.113177985590863e-05
6.502397975019047e-05
6.578315386087129e-05
6.317967306354038e-05
5.772768278143791e-05
5.011790841641892e-05
4.083403677691039e-05
3.058130607256193e-05
2.055555218270751e-05
1.1924131040115777e-05
5.333303852340742e-06
1.1706988407588239e-06
-1.856617115230219e-08
2.162684788382609e-06
7.385571750406964e-06
1.4829998661188448e-05
2.3883579182124862e-05
3.402681454956166e-05
4.420820623311249e-05
5.309387965745501e-05
5.988784949911984e-05
6.42996887310667e-05
6.589318327059611e-05
6.41655328085489e-05
5.924460555952759e-05
5.194387201953557e-05
4.3061752637627196e-05
3.311007014153456e-05
2.2877876789289825e-05
1.3681371061590074e-05
6.6207260249757315e-06
2.038195779243609e-06
1.086759549309697e-07
1.3385678580900932e-06
5.906902170671835e-06
1.3082883180077936e-05
2.1856858250454604e-05
3.16366914281299e-05
4.1835285189619446e-05
5.129039379817679e-05
5.871960701315302e-05
6.353188098423501e-05
6.567773687715127e-05
6.489716494779315e-05
6.082172099468516e-05
5.383717947434089e-05
4.507677296433863e-05
3.5434165221557376e-05
2.5363682269509095e-05
1.5727881893735532e-05
7.90286208197867e-06
2.789048160135141e-06
4.5598195007630673e-07
9.185157079915446e-07
4.507008935177063e-06
1.1150183373745137e-05
1.9886048978259025e-05
2.9541245090850366e-05
3.9472393448217824e-05
4.9124939243106094e-05
5.73359969107342e-05
6.287923383139929e-05
6.541936905399933e-05
6.517719823684353e-05
6.203012008356776e-05
5.581048768471944e-05
4.719923835398964e-05
3.74827607084645e-05
2.7578922264052426e-05
1.798621385576677e-05
9.553848703196346e-06
3.5246586589751984e-06
6.232979854519584e-07
7.031800284436197e-07
3.5398952506783795e-06
9.271668413896496e-06
1.7620005101221993e-05
2.739969575516903e-05
3.736619087836952e-05
4.691167805248416e-05
5.545663034845941e-05
6.189261099896943e-05
6.524770884823352e-05
6.542327240533001e-05
6.278165431356166e-05
5.742618877101489e-05
4.946469063649601e-05
3.973848826294781e-05
2.9604464918564015e-05
2.0010325408957792e-05
1.143379046785155e-05
4.670723021497316e-06
8.068688940531823e-07
2.762923963706481e-07
2.711677646522483e-06
7.7769667190257e-06
1.5368356235456724e-05
2.4904112579944804e-05
3.5135206155997745e-05
4.488951830418304e-05
5.352519454828908e-05
6.045842902077272e-05
6.477199692889342e-05
6.576531907464075e-05
6.356505407541222e-05
5.8698705737868975e-05
5.143483076804103e-05
4.2136700285734374e-05
3.1862601713103735e-05
2.1926239447114934e-05
1.3146492224678035e-05
6.044121666138371e-06
1.3845595562323842e-06
-7.943997528417683e-08
1.7582464025683861e-06
6.42111331824375e-06
1.3444913779469279e-05
2.245836542888114e-05
3.2660178245593296e-05
4.2769126265665394e-05
5.172596423390291e-05
5.897788526384784e-05
6.393858676110263e-05
6.583684229285349e-05
6.437296280054698e-05
5.9962190164645023e-05
5.3155370931677926e-05
4.436067094414163e-05
3.427418060246148e-05
2.406985656124358e-05
1.4895228473371357e-05
7.448839126833632e-06
2.2396473806560033e-06
-7.519894856194149e-08
9.601154018326137e-07
5.098587863038984e-06
1.1687455541419651e-05
2.023824910665838e-05
3.0199696145800524e-05
4.048449915556457e-05
4.984076638916431e-05
5.7488576493741846e-05
6.296000689185917e-05
6.564780344167668e-05
6.503328103803724e-05
6.121903663261763e-05
5.483866602106843e-05
4.650248559634773e-05
3.672334138409413e-05
2.6397191448766598e-05
1.681636654412755e-05
8.968701989225248e-06
3.2858846450907522e-06
2.1877957594322735e-07
3.850320172293152e-07
3.88165408931804e-06
1.0060540560246472e-05
1.819324267865878e-05
2.7791005903843714e-05
3.810677575495144e-05
4.789599664122703e-05
5.600683524856989e-05
6.188997718796023e-05
6.524830924909296e-05
6.555998175940289e-05
6.248017257221253e-05
5.648180348448619e-05
4.8492499343218e-05
3.912119202038723e-05
2.888857641530617e-05
1.8901603733358446e-05
1.0502885871149266e-05
4.4118116896136536e-06
8.244074098710689e-07
1.1102892866410268e-07
2.724826340306927e-06
8.45682616725058e-06
1.6373458016249816e-05
2.5605658707512668e-05
3.565851199800238e-05
4.5746388841320286e-05
5.4513893262523436e-05
6.089150941598525e-05
6.46495699058698e-05
6.570030916794218e-05
6.358819791134794e-05
5.821082145451348e-05
5.039523173798936e-05
4.122762559133163e-05
3.133373332953611e-05
2.1286985128479462e-05
1.2232058961380323e-05
5.447769469359237e-06
1.4681560559497208e-06
2.2425127696379343e-07
1.8889350510103813e-06
6.78148259604696e-06
1.4434140057908624e-05
2.3624260624194094e-05
3.3421047246722706e-05
4.336705976172962e-05
5.261356822861811e-05
5.982396413220826e-05
6.414648081519172e-05
6.557896090680552e-05
6.4213079489917e-05
5.981351999556519e-05
5.250327983540051e-05
4.330370621116128e-05
3.3455584274429786e-05
2.3619188021226686e-05
1.432613673506554e-05
6.708185479361737e-06
1.934505925071355e-06
2.662308596801814e-07
1.4119662787260864e-06
5.399980843980968e-06
1.2296673098069178e-05
2.1373488857288814e-05
3.1321813017396354e-05
4.117976251391954e-05
5.043561084325805e-05
5.8291568188552944e-05
6.35704478307884e-05
6.560855521274638e-05
6.462605652627608e-05
6.092832639710838e-05
5.446961812058292e-05
4.5617053326840916e-05
3.558614565789379e-05
2.5615845278204037e-05
1.6339948390504378e-05
8.34428158734437e-06
2.6532934545214697e-06
1.3749407680533615e-07
8.441255867064631e-07
4.351474108297417e-06
1.045394009200676e-05
1.8948692362092756e-05
2.8945905790857675e-05
3.908709902641888e-05
4.8435742405215496e-05
5.650341254451651e-05
6.251684583776899e-05
6.550441101434654e-05
6.514731956920648e-05
6.18487166216558e-05
5.599541644499821e-05
4.781451454572889e-05
3.797291946893103e-05
2.7709269464459665e-05
1.8169143677226226e-05
9.997027745442146e-06
3.7654661915204552e-06
3.1757770852247646e-07
2.2676637948077924e-07
3.270980760232615e-06
8.896421075576853e-06
1.6777381953570818e-05
2.642597388319437e-05
3.673092365221821e-05
4.644313295140861e-05
5.4784413898873714e-05
6.12149243684487e-05
6.5012710049233e-05
6.555502136612338e-05
6.285095225777057e-05
5.742773050894827e-05
4.978171422473983e-05
4.0360214158379676e-05
3.005839607212417e-05
2.015863707577544e-05
1.1631124512188697e-05
4.9912774866444555e-06
8.419687416978289e-07
-1.2675263073015715e-07
2.2217906187038714e-06
7.388131840130489e-06
1.4813790205006039e-05
2.4039479313288934e-05
3.4277116372188935e-05
4.431658221407895e-05
5.306453987156565e-05
5.990250746393215e-05
6.434817513449378e-05
6.576019744691398e-05
6.37971212194424e-05
5.886272730060997e-05
5.165800187536428e-05
4.265976978806986e-05
3.2488704551024555e-05
2.2318102649830797e-05
1.3370226105252227e-05
6.3298954377589886e-06
1.6121254492584061e-06
-2.0040670715344417e-07
1.3417502116022285e-06
6.005675110486919e-06
1.3043377625584904e-05
2.182325912883219e-05
3.183723250912377e-05
4.2122118775981476e-05
5.133519601199688e-05
5.856926566765141e-05
6.350440883618411e-05
6.572131197257098e-05
6.46381323736338e-05
6.027519118262849e-05
5.340423974112631e-05
4.4809248486944756e-05
3.49860212451506e-05
2.4695664945643357e-05
1.5220707415762015e-05
7.706631958608796e-06
2.6005517387509555e-06
9.382252707751945e-08
6.766489100675373e-07
4.6403932432480526e-06
1.137856916176351e-05
1.9864939136775004e-05
2.9483783798970964e-05
3.971455355233615e-05
4.9426021875108323e-05
5.728090779467592e-05
6.26207173202821e-05
6.534795202650079e-05
6.518143044968983e-05
6.17184965438335e-05
5.523455648651973e-05
4.677592794633696e-05
3.7279219870956355e-05
2.7222072125819522e-05
1.7379400609182787e-05
9.12081126038593e-06
3.4736502166448887e-06
5.72513945841346e-07
4.1841692642167283e-07
3.391457417299315e-06
9.521254499262753e-06
1.791314436698638e-05
2.7409474325797635e-05
3.734225060609096e-05
4.715983204994871e-05
5.5750537808063234e-05
6.185011459729668e-05
6.49832838556381e-05
6.532560323435204e-05
6.279026258712206e-05
5.712586983107993e-05
4.8877265790793454e-05
