0.0
0.00199312883183
0.00335677459174
0.00387040170323
0.0033859153233
0.00204778730084
0.000860708693583
0.00230126826022
0.00690837868545
0.0104023924491
0.0106112733971
0.011870674722
0.0136538639792
0.0139614895142
0.0148578185242
0.0222238010491
0.0289069937665
0.0282527594649
0.0270234636098
0.0285365823081
0.0288358164495
0.027481292002
0.027335209958
0.0281040572547
0.0264471454054
0.0258412185986
0.0264517830665
0.0255136332327
0.0234799380962
0.0222711459975
0.0231937776556
0.0251458194282
0.0260592490167
0.0253593599455
0.0233977089152
0.0220614582143
0.0227946533517
0.0245954643259
0.0248967698394
0.0269519431399
0.0314710126818
0.0323213154863
0.0332897884898
0.0346974895328
0.0352653597421
0.0344244392519
0.0358784675281
0.039407227536
0.0389536706898
0.0393601362296
0.0407225149813
0.0405954295688
0.039245798586
0.0376475621966
0.0376189577174
0.0379046322572
0.0386816220286
0.0383192645928
0.0363975736858
0.0345606161194
0.0345449956416
0.036281019085
0.0378358437693
0.0377781634152
0.036246898785
0.0344435934753
0.0342685586888
0.0345331892708
0.0352580155398
0.0351659527593
0.0346947817292
0.0350084846142
0.0350294301874
0.0360335952149
0.0343661457373
0.0342429308588
0.0343968468535
0.0328613614519
0.0327873398521
0.0333774484243
0.0347387618443
0.0348969323506
0.0364610280068
0.0376245858243
0.0378694605383
0.0397233969559
0.0414090145723
0.0414812239998
0.0398324678164
0.0380739699707
0.0379744801297
0.0395906027705
0.041178155969
0.0412469869327
0.0397402789353
0.0380997433133
0.0380185854982
0.0371446512754
0.0335708504189
0.0331847735492
0.033115413448
0.0316184969619
0.0318015044852
0.0335190415011
0.033345810458
0.0352423872254
0.0446269611622
0.04841441687
0.0485791982473
0.0506568166161
0.0522363033303
0.0520380412984
0.0525285796887
0.0549292296128
0.0547723913189
0.0545187641877
0.0558193081525
0.0559455184264
0.054486548376
0.0529986047382
0.0531816380694
0.0549066984476
0.0562114171285
0.0562012837831
0.0546685224618
0.0528194623516
0.0526497321085
0.0535533887081
0.0515684885602
0.051751683008
0.0584961933563
0.0611592872514
0.0615580939909
0.0633949473105
0.0647584252471
0.0653144838126
0.072994727264
0.0837476495349
0.0843771048376
0.0825655995509
0.0838016740796
0.0840348730766
0.0826434948488
0.082106354684
0.0822813944975
0.0811798304915
0.081168752584
0.0811374194938
0.0794381425339
0.0773739247064
0.0768199025476
0.0781810639564
0.0796421145141
0.0798698267847
0.0793330391763
0.077745765498
0.0769028202987
0.0778747632323
0.0791927826126
0.0794667171437
0.0844794098422
0.0920910200932
0.0935128852301
0.0943984407676
0.0961214963565
0.0964940981691
0.0954029734506
0.097696892963
0.10144417721
0.0999916850943
0.0993559646871
0.0999003726677
0.0989698781201
0.0971565960004
0.0961177770002
0.0964696836139
0.0970400608478
0.0974505491755
0.0961861120572
0.0937538426644
0.0921692204113
0.0926136443899
0.0942518053836
0.0950790546456
0.0947423218463
0.093803110463
0.0927531234966
0.0931950097583
0.0937728225479
0.0942010599911
0.0932764775883
0.0939277733607
0.0957248939589
0.0959763607845
0.0976168113828
0.0976724292183
0.0979662600124
0.0973775900242
0.0961925606205
0.0960643403237
0.0958262314219
0.0964504327951
0.0958777994284
0.0956124151074
0.0954371332777
0.0959501028046
0.0979855727689
0.0995386029635
0.0993643867855
0.0976763785179
0.0962304298739
0.0964832363786
0.0978890785015
0.099009935779
0.0985903971627
0.0971095317747
0.0960146256879
0.0965411282249
0.0960240813226
0.0926764565411
0.0924528561751
0.0922506939878
0.0909356357351
0.0911532862031
0.092768684374
0.093453889423
0.0943133844287
0.100178539903
0.102740611017
0.103086710731
0.105372685399
0.107132333508
0.107136643982
0.106518531849
0.107165119361
0.107154666228
0.107839660262
0.109374092752
0.10960019626
0.108411644388
0.107356450214
0.107903876176
0.109297505247
0.109816030414
0.109755286223
0.108429639024
0.106726622233
0.106697938243
0.107726103979
0.105452232077
0.104463531983
0.110397173257
0.113028512735
0.113427109187
0.115319967165
0.116807601648
0.11716136573
0.123235331938
0.132816206862
0.133229684591
0.131266070186
0.132435959136
0.132811007235
0.131614345307
0.130769422073
0.130704827997
0.130564637499
0.131157591798
0.130921398736
0.129067908038
0.127082751876
0.126715209117
0.128015005925
0.128700146694
0.128597178786
0.12912010445
0.128370341495
0.127714057063
0.128595882986
0.129565308355
0.130124402333
0.13762565995
0.148001892695
0.149699308949
0.149968288764
0.151685820112
0.151974907021
0.150932268685
0.153515146635
0.157484482518
0.156194296724
0.155194376173
0.155190661284
0.153768285835
0.151827173632
0.151048994298
0.151682264483
0.152666650927
0.152908611438
0.151240753102
0.14862832132
0.14701598901
0.147312303349
0.148523264095
0.148855670511
0.14919714734
0.149684106318
0.149232607671
0.149943126815
0.150828695448
0.151024639922
0.149975797649
0.152518929974
0.156333689165
0.156303710101
0.157462530434
0.158142350221
0.158093061591
0.15691826563
0.155923949282
0.155638292434
0.154865155793
0.154932174402
0.153699692503
0.152085547562
0.151115544567
0.1516308474
0.153519451188
0.154906615476
0.154582978262
0.152933461646
0.151657295538
0.151898066698
0.152911954799
0.153593736028
0.152820879992
0.151695453357
0.151088832515
0.151866445017
0.15230382534
0.149960617519
0.149790727126
0.149283146365
0.14811905573
0.148173241505
0.149167311978
0.150184917631
0.150780641057
0.154246773995
0.155609262402
0.15624512892
0.158612230295
0.16025770624
0.160336572977
0.159174346537
0.158679409671
0.158806967469
0.160104396276
0.161666135723
0.161887724533
0.160920299446
0.16027442383
0.161112735793
0.161924232675
0.161444365376
0.161301221969
0.160199065601
0.158700301004
0.158834622198
0.160168093305
0.158364775347
0.156519669158
0.160430070483
0.162029863518
0.162491558247
0.164607202679
0.166279086292
0.166471964894
0.170164057941
0.1767794603
0.176542834283
0.174923597592
0.176268117396
0.176924987506
0.17610948242
0.175300989474
0.175380298514
0.176200239909
0.177321692322
0.177088575771
0.175321176445
0.173542207413
0.173395786832
0.17458404051
0.174223406814
0.173412995928
0.174820936767
0.174993395663
0.174664053246
0.17558508855
0.176415577038
0.177178730244
0.185847329587
0.197348359924
0.198629492901
0.198104052233
0.199721917183
0.200066431419
0.199122705714
0.201154006887
0.20433866886
0.203286895175
0.202438282734
0.202152243332
0.200506725412
0.198631406223
0.198090704731
0.199055281424
0.200411549848
0.200546686544
0.198757941518
0.196154994738
0.194521841798
0.194610376584
0.19536502984
0.19550121602
0.197326464975
0.199890324379
0.200103031946
0.200921456793
0.201983960733
0.201927712583
0.201081840701
0.205821115523
0.21215593079
0.212333696627
0.212611296598
0.213144559896
0.212604073835
0.211084085026
0.21025726255
0.209932735654
0.209124983465
0.208952836038
0.207280793346
0.204824632668
0.203305696962
0.203599804119
0.205148423147
0.206209736187
0.205679598591
0.204075634564
0.202868630965
0.203014424799
0.20369882059
0.203901859006
0.202830513872
0.202588796703
0.202769332832
0.203394705931
0.204684237358
0.203769216988
0.203738070991
0.202864886679
0.201863024081
0.201725160264
0.201821658378
0.202458422514
0.202571063966
0.204296708172
0.204906122749
0.205776488801
0.207974674802
0.209338254118
0.209356536972
0.207994453883
0.206960369449
0.207128002894
0.208516310417
0.209806668286
0.20983782814
0.208951645543
0.208581759667
0.209633775987
0.209992762144
0.208740408156
0.208505505228
0.207513832598
0.206219843082
0.206419772068
0.207971267976
0.207271996435
0.205490765837
0.207456992933
0.207904449539
0.208561270658
0.210868234251
0.212616501111
0.212777906232
0.214327741874
0.2179270994
0.217340307493
0.21654260919
0.218183530084
0.219121315204
0.218763318398
0.218340267955
0.218936181411
0.220579747755
0.222049172331
0.221944385966
0.220410561881
0.218933238721
0.219069013586
0.220202590281
0.218706464168
0.216532552444
0.217807173929
0.218426989815
0.218510124983
0.219647980332
0.220537100274
0.221211659137
0.22910051042
0.239243089027
0.239180627665
0.237880809128
0.239475005266
0.240053600882
0.23927439204
0.240219426802
0.241823647409
0.240747024649
0.240184460526
0.239800599791
0.238173553513
0.23653196718
0.236300876899
0.23762612638
0.239219523293
0.239412463489
0.237997494471
0.235748054967
0.234240977429
0.234222240003
0.234659922482
0.234960880487
0.238704137111
0.243426613388
0.244138439427
0.244918432007
0.246066638564
0.245867621178
0.245380133035
0.251747614176
0.260127487998
0.26101389297
0.260697296099
0.260790697371
0.259811146097
0.258204369888
0.257541871558
0.257271355286
0.25673079871
0.256491665278
0.254570258472
0.251713002382
0.249862401386
0.249849658412
0.250945153552
0.251532976809
0.250898075607
0.249571638676
0.248472047147
0.248528153866
0.248958758048
0.248646660299
0.24754245872
0.249103355622
0.250855659444
0.251117553416
0.252549258412
0.252701913761
0.252659913908
0.251431234339
0.250658858129
0.250574303196
0.250115275212
0.250088695243
0.249325559084
0.249495812451
0.249477885937
0.250321841717
0.252153675113
0.253216527407
0.25306579719
0.251606284617
0.250326983548
0.250318085344
0.251334888703
0.252098735768
0.251748042216
0.250817607716
0.250537851272
0.251721016534
0.252116414362
0.250758829917
0.250530604455
0.249498683013
0.248380304106
0.248468181402
0.249791452113
0.250170322081
0.24931793975
0.250383060768
0.250294875344
0.251273690954
0.253522739883
0.255034786854
0.255173253889
0.255301084422
0.256781675195
0.256395135267
0.256594761216
0.258414511607
0.259462410368
0.259462946192
0.259527205031
0.260685095317
0.262713461763
0.264137573131
0.264122274392
0.262832879889
0.261660560384
0.262066266648
0.263300372883
0.261112097207
0.257428044441
0.257470154787
0.257811614315
0.258296482527
0.259756307881
0.260837883404
0.261255543094
0.266962870073
0.273915743831
0.272089215892
0.270325248174
0.272050744939
0.273004740512
0.272558154089
0.272602481903
0.272793375534
0.271758000709
0.271520038343
0.271166623364
0.269754317407
0.268499581392
0.268684912078
0.270339647247
0.271909570196
0.272192260618
0.27156169644
0.270037144231
0.268889392394
0.26895629144
0.269279118495
0.269816654031
0.274898134835
0.280697560643
0.281184853975
0.281741911367
0.283004957072
0.282875024052
0.282632404594
0.289100608777
0.297691022797
0.299031421263
0.298580861184
0.298360920141
0.297170539274
0.295716034522
0.295245432305
0.295112672161
0.294890833313
0.294519232772
0.292422013187
0.289489465212
0.287531898146
0.28725845954
0.287890236722
0.288046992324
0.287713919995
0.287154096184
0.286373565572
0.286406629926
0.286627187485
0.285860294934
0.285190712455
0.289525290438
0.29387922573
0.29408832034
0.294995624046
0.295451376449
0.295132219826
0.293664770699
0.293205778215
0.293488545156
0.293231096411
0.292922889253
0.291282861772
0.290044689095
0.289367115362
0.289930143189
0.291331240249
0.292128168669
0.291719224954
0.290141222765
0.288721416279
0.288409131443
0.288844505921
0.288927418522
0.288094663221
0.287197321271
0.286902333376
0.287998100101
0.288812976988
0.288004705173
0.287860212871
0.286648303073
0.285735769411
0.285697403371
0.286305045555
0.286994008393
0.287062827255
0.288060139166
0.288040400725
0.289266942281
0.291118293527
0.292090385782
0.292058070663
0.291339767037
0.291551158456
0.291525616641
0.292394516809
0.29406550481
0.294963214648
0.295107146207
0.295517750334
0.296981148677
0.29883424806
0.299816721326
0.299773824342
0.298635218096
0.297693266936
0.298241631002
0.299716694608
0.297793937123
0.293474696123
0.292073467774
0.291786066718
0.292650542333
0.294371280175
0.295627659548
0.295850936413
0.299190546731
0.302869014598
0.29994698738
0.298356089752
0.300336656178
0.301674837921
0.301725517595
0.301564321371
0.301323565727
0.300858041617
0.301100149031
0.30089163002
0.299801177467
0.29901543921
0.299668126264
0.301508144654
0.30256935325
0.302485371459
0.302483213359
0.301784007971
0.301193843279
0.301537182156
0.301903041876
0.302422689574
0.307362687987
0.312147620867
0.311217713203
0.311305588777
0.312768614836
0.312919719603
0.312689125455
0.317524321294
0.323959889649
0.324782202262
0.324351692027
0.32404981417
0.322922450961
0.321814549546
0.3216483051
0.321851118304
0.32200274797
0.321495716118
0.31935708812
0.316612870539
0.314775404915
0.314389259716
0.314687421476
0.314689872578
0.315180434127
0.315799703097
0.315553046165
0.315703532874
0.315814624485
0.314807094297
0.314941613471
0.322267745882
0.329635504376
0.330374930479
0.330633064609
0.330855843346
0.33016942646
0.328687791101
0.328511516179
0.329128400504
0.329525663205
0.329494824558
0.327408490314
0.325179634862
0.323939245323
0.324137171551
0.32512530636
0.325619992434
0.324883690402
0.323190025258
0.321702318202
0.321118597945
0.32099031493
0.320353371328
0.319197306683
0.318874797814
0.318808029432
0.319519639774
0.320637074655
0.32051210451
0.320333480835
0.318876463559
0.318362359182
0.318620816101
0.318609091661
0.31875144351
0.318857440041
0.31972318515
0.319850715627
0.321043344568
0.322299423265
0.322704013413
0.322397768938
0.321138155711
0.320525131173
0.320551669869
0.321458009998
0.322615435758
0.323101885542
0.323137885423
0.323653133507
0.325138808058
0.326530393314
0.326979731327
0.326829730928
0.325695383931
0.324877308803
0.325323230303
0.3268984
0.326064977525
0.32257649792
0.320625176822
0.319997377021
0.321205616934
0.32290519492
0.324083127246
0.324188257718
0.325800368036
0.327439486578
0.324775021479
0.324013707819
0.326199350064
0.327736233346
0.32825348296
0.328470885367
0.328738565628
0.329267562029
0.330030031535
0.329969978049
0.3291672238
0.328801921312
0.329854878131
0.331690151032
0.331782901003
0.330621139641
0.330532662457
0.330380284123
0.330414427813
0.331135643359
0.331647416345
0.331942235103
0.335425820212
0.337356249866
0.33411492993
0.33361316626
0.335349038277
0.335929143013
0.335664832133
0.338049786622
0.340989964073
0.340501187203
0.33999398815
0.339756451815
0.338911030159
0.338303984546
0.338637213443
0.339475636056
0.340205589297
0.339860574481
0.338045703638
0.335785157387
0.334308860226
0.33402772701
0.334210174451
0.334303521442
0.33567491687
0.337182236224
0.337312220795
0.337718700994
0.337926427503
0.336972062581
0.337817480151
0.346910537337
0.356139743092
0.357509532549
0.357400394095
0.357320018579
0.356435898207
0.355181152578
0.355104076835
0.355592285267
0.356361174676
0.356688705969
0.354589424053
0.351947838987
0.350411129156
0.350318325487
0.35093139112
0.351061584295
0.350080548985
0.34845426876
0.347041042439
0.346307922409
0.345738431461
0.344493878372
0.34353317644
0.344820746213
0.345712205731
0.345968987667
0.346939174484
0.347107373386
0.346650793497
0.34503913266
0.345213942621
0.34649437727
0.346786604933
0.34628908219
0.345542131101
0.345692223695
0.345663483621
0.346544892492
0.347270246006
0.347352806573
0.346816581174
0.34521076701
0.343999426185
0.343689343075
0.344100817144
0.344494138469
0.344356135962
0.344062362048
0.344433994887
0.345766132146
0.346788050558
0.346929882866
0.346629013229
0.345345632385
0.344611051171
0.344746979386
0.345929369593
0.346159015876
0.344467902569
0.343153340366
0.342723896186
0.34411716559
0.345390091752
0.34611760353
0.345988460644
0.346491493742
0.347301763345
0.345833020847
0.346079968709
0.348188240614
0.349617293811
0.350361501215
0.351058244209
0.352081896441
0.353426594255
0.354421860226
0.354366239424
0.353707609873
0.35360636685
0.354895467325
0.356671904991
0.355894369083
0.353470381067
0.352655195192
0.352655326875
0.353263258186
0.354325221848
0.355019362093
0.355149841981
0.356936422348
0.35580244845
0.350554213015
0.349723351241
0.351760338437
0.352801748363
0.352733050514
0.353228847981
0.353241179177
0.351681905423
0.351159080101
0.3510653596
0.350614603217
0.350592940506
0.351579217982
0.353230053403
0.354652711402
0.354794424665
0.353696533784
0.352188018621
0.351287146622
0.351316141206
0.351544166656
0.351641640697
0.35308835212
0.354139444884
0.35384675161
0.354487478166
0.355015983603
0.354352151488
0.355348179623
0.363816302745
0.372243551198
0.373415295982
0.373158421885
0.372963843369
0.372159636066
0.371309759673
0.371192203507
0.371132827655
0.371629383867
0.371875972443
0.369905098135
0.367335919127
0.36581706646
0.365593295898
0.365914800671
0.365764224635
0.364891765382
0.363732140097
0.362649495528
0.36195220335
0.361126031907
0.359557024515
0.359463947753
0.363350412074
0.366021222111
0.366104485845
0.366630562157
0.366645820627
0.365803067331
0.364268159543
0.365213489556
0.367858315035
0.369528606547
0.369153280305
0.367438292306
0.366546654914
0.366124313283
0.366610401423
0.367011508018
0.366993382716
0.366270741587
0.364486212409
0.362919412849
0.362153655194
0.361873476409
0.361419135005
0.360591252017
0.359941933105
0.360014766493
0.361051183019
0.361876083893
0.361937943239
0.361395650653
0.359891435099
0.359432834127
0.359448573597
0.359847079479
0.360265050923
0.360060385142
0.359811266921
0.359799958844
0.361085199101
0.361681415944
0.361823715822
0.361300479345
0.36091555196
0.361304842728
0.360958954155
0.361779264776
0.36342264416
0.364465926239
0.365149381269
0.366074367583
0.367504088347
0.369055807492
0.369862947156
0.369630173004
0.368940242253
0.368900231909
0.370176651583
0.371948299766
0.371032289595
0.368100619822
0.366608352402
0.366597433602
0.367646360704
0.368830397515
0.369589304695
0.36969301811
0.370476518854
0.367794987001
0.362099921809
0.36152571127
0.36377789376
0.365123177461
0.365478681079
0.36537400035
0.364288102304
0.362757263307
0.362526334305
0.362596527016
0.362500749039
0.363009078485
0.364603126114
0.366875813571
0.368645785565
0.369130692423
0.36877070796
0.368079721952
0.367853393383
0.368288807496
0.368617911664
0.368479983741
0.368871276769
0.367710862568
0.365884944682
0.366560987286
0.367534065297
0.367290287449
0.367876966735
0.373525064455
0.378457899777
0.378196013981
0.377738721317
0.37760866365
0.377109857349
0.376790113199
0.376772294198
0.37631067049
0.376276548047
0.376068048986
0.374233862404
0.372058481703
0.370840890965
0.370695246518
0.370900055872
0.370728923651
0.370391771841
0.370025735059
0.36952163941
0.369110362821
0.368292239716
0.366763437157
0.367857844586
0.374333562534
0.378793288522
0.378966566316
0.379108555743
0.37885114977
0.3777824252
0.376550945805
0.377860370195
0.381196661121
0.384396739996
0.38492588756
0.382813866912
0.381123971426
0.380365757911
0.380556419806
0.380782180787
0.380640502669
0.379654934582
0.3778131628
0.376171405742
0.375108799446
0.37423107242
0.373022931302
0.371764943969
0.371175334984
0.371068374822
0.371692942788
0.372307734694
0.372257178304
0.371338139568
0.369730565058
0.370017324969
0.370701440723
0.370700586489
0.370458318812
0.37049774198
0.37076397991
0.370947309272
0.371868302927
0.37191305525
0.371799072032
0.370994820098
0.36981156286
0.369631851112
0.369685676563
0.370397200602
0.371278598561
0.371745372804
0.372138398125
0.372990420943
0.374369347183
0.37560512172
0.37597480838
0.375432612915
0.374551712785
0.374388382283
0.375321351849
0.376961759562
0.376630737801
0.374396955007
0.372931431765
0.373020510235
0.374273491268
0.375206271932
0.375738401022
0.375736947412
0.3762636317
0.373955665692
0.369586028464
0.369734758517
0.371935092224
0.373252194104
0.373963739
0.374209597198
0.373624836957
0.373032775663
0.37324141635
0.373361877599
0.373440730682
0.374283191714
0.376242206006
0.378669800869
0.380123845036
0.380395804066
0.38038174833
0.380337557699
0.380744212572
0.381548932073
0.382000325856
0.381661917933
0.380613731455
0.376456614515
0.372579660802
0.373151083578
0.374561619709
0.374784612288
0.374882607284
0.377087967469
0.377619149751
0.375412478176
0.374675431596
0.374692511059
0.374611148609
0.37491042103
0.375376828067
0.375208612768
0.375086618776
0.374601415993
0.373061362307
0.37150347667
0.370812787543
0.370956360531
0.371234837097
0.371216067983
0.371403029041
0.371559249589
0.371569023764
0.371663851172
0.371147279016
0.369928504988
0.371806417892
0.379311516863
0.384081591693
0.384030400371
0.383967467942
0.383606748607
0.382615941456
0.38178579185
0.382728394536
0.385317975475
0.388966609487
0.390371149236
0.388455407251
0.386508712059
0.385665648336
0.385728242736
0.385828470063
0.385430362313
0.38415529728
0.382406970389
0.380948341941
0.379844087208
0.378601502583
0.376918825603
0.375870973078
0.376191902912
0.376340911761
0.37658365112
0.376883215455
0.376535276207
0.375205149275
0.37378305501
0.375237672598
0.377519423264
0.378318962235
0.377492937405
0.376738717524
0.376690215447
0.376736890328
0.377243811731
0.377121828766
0.377272510437
0.376546289126
0.374848784685
0.374005492068
0.373807580042
0.373938827263
0.373942036442
0.373697544747
0.373632016112
0.374211531855
0.375291520916
0.376042938775
0.375967109272
0.375033945611
0.373879462159
0.373565570315
0.373919985352
0.37502050021
0.375272116172
0.374396711612
0.373627504262
0.373928136447
0.375062485684
0.375436548308
0.375519541508
0.375117236935
0.375497290582
0.374467727528
0.372209996367
0.373025691553
0.374802165482
0.375766693512
0.37652350595
0.377277505981
0.377685843165
0.378076935946
0.378479400896
0.378433008181
0.378462912905
0.379389528936
0.381420127823
0.383636455698
0.384409637215
0.384110485184
0.384023483309
0.384380057945
0.385274785632
0.386287660103
0.386833691387
0.386583399111
0.38480540084
0.378631897827
0.373410537847
0.373999574035
0.375715418782
0.376340053901
0.376326994601
0.37620530508
0.373715605207
0.370391530144
0.369594230769
0.369773032886
0.370083742045
0.370987292302
0.37223970295
0.373039010051
0.37350587591
0.373256013429
0.372267679782
0.371451126907
0.371401679545
0.371947802992
0.372355698063
0.372340685112
0.372367743981
0.371982522491
0.371942098777
0.372581373577
0.372562402964
0.371738137787
0.373516198617
0.379621145006
0.382267544728
0.381079544822
0.380832064907
0.380568975261
0.379903619037
0.379489427903
0.37960974396
0.380340645236
0.382962291461
0.38444868785
0.382921391901
0.381190100953
0.380532742959
0.38064067514
0.380676341102
0.380067198706
0.378765374475
0.377401290648
0.376374115005
0.375483028111
0.374163681453
0.372416820446
0.372301380555
0.3742913688
0.375082506484
0.37509839709
0.375116434864
0.374424719189
0.372860967864
0.371879970794
0.374330961532
0.378305675
0.380977780075
0.380489710042
0.378849558705
0.378118462832
0.377919657403
0.378147345265
0.37814164214
0.378725906316
0.378265713333
0.376464742812
0.375197076458
0.374568945239
0.374032640297
0.373203618255
0.372214942595
0.371654485589
0.371889897282
0.372618545563
0.372945519133
0.372498313164
0.371139042876
0.369815170317
0.369655633679
0.369648051683
0.369939721007
0.370069498311
0.370118626882
0.37005417206
0.370463456346
0.371222414702
0.371101543571
0.370968397503
0.370043744351
0.369881786623
0.369771095405
0.36917923812
0.370154820603
0.371227213315
0.371697997223
0.3722191491
0.373150679049
0.374166622568
0.374970432148
0.375166055706
0.37476238084
0.374559005012
0.375326952674
0.377150965175
0.379042740861
0.379349959005
0.378707017256
0.378455490155
0.37903926215
0.380183551925
0.381116753516
0.381587924632
0.381561388458
0.380164716514
0.374094492658
0.369097742085
0.369957976061
0.371707034163
0.372491942541
0.372728676244
0.372029814278
0.368943000806
0.366011543821
0.365541754402
0.365810710403
0.366344434586
0.367667924126
0.369629546592
0.371448068389
0.372654712961
0.37286209409
0.372496664151
0.372386480443
0.372942269696
0.373852997447
0.374328893905
0.374100556186
0.373202235373
0.371079397755
0.37024495211
0.371282877945
0.371789225201
0.371339019599
0.3723509059
0.375327544162
0.374128735971
0.371067606635
0.370542940607
0.370463747904
0.370230481646
0.370286915173
0.369851480959
0.368845460021
0.36975077612
0.370555211762
0.369339242812
0.368100464831
0.367841614566
0.368167509454
0.368285086384
0.367749071726
0.366869914646
0.366188442904
0.365799409809
0.365360999319
0.36426701644
0.362822867014
0.363893591288
0.367413811425
0.368538215315
0.368311344327
0.36822416177
0.367378615244
0.365891517831
0.365363506391
0.367830691798
0.372203055716
0.376597316494
0.377255628246
0.375331336507
0.374128279563
0.373817186689
0.373936794286
0.374036021397
0.374696756751
0.374281713057
0.372643119694
0.371351274971
0.370490581877
0.369467599408
0.367994565104
0.366500089922
0.365713499442
0.36569696637
0.366114505418
0.366100490126
0.36531002441
0.363586126038
0.362414901871
0.36296805416
0.363360342976
0.363275528222
0.362689653385
0.362618279546
0.362705503067
0.363005611576
0.36335552396
0.363200265988
0.363561960558
0.36250837397
0.361561157355
0.361540518766
0.361623844628
0.362223990023
0.362519681076
0.362503807018
0.362670628291
0.36344496933
0.364501616004
0.365145226889
0.364889327397
0.364036328956
0.363489917242
0.363903693299
0.365229868861
0.366715792257
0.366953005381
0.366509755689
0.366298144276
0.367000296889
0.368071654742
0.368598345035
0.368741173557
0.36868345458
0.36821903089
0.364016508505
0.360593505978
0.361779927685
0.363206392805
0.363816185851
0.364287160018
0.364137353709
0.362204331915
0.360624268078
0.360585690764
0.360762939134
0.361280324229
0.362740492002
0.365017955702
0.367293880434
0.368742878967
0.369162860193
0.369227849485
0.369662345188
0.370678216752
0.371811702067
0.372309689257
0.371962234563
0.370118395046
0.365979242582
0.364086996904
0.365364764495
0.366277831649
0.366169871921
0.366407658872
0.366273815106
0.361537865131
0.356901437455
0.356153652352
0.356245294587
0.356418929455
0.357028564512
0.356821924387
0.355313208072
0.355050098197
0.355104985663
0.354173802269
0.353547560656
0.353808592316
0.354474819093
0.354805566169
0.35457825141
0.354302570545
0.354236980618
0.354483485132
0.354655975243
0.354016232742
0.35301448087
0.354775770749
0.358497474512
0.358682827279
0.357772396624
0.357687932313
0.356945229644
0.355792455772
0.355517669123
0.356759990063
0.359516402172
0.364174660797
0.365891040338
0.364266950595
0.363025599843
0.362807151952
0.362946444546
0.362998032773
0.363242198483
0.362540630179
0.361159210774
0.360162589006
0.359364554202
0.35813366152
0.356354584523
0.354936486666
0.354507647614
0.354467671697
0.354671240824
0.354404780851
0.353311663431
0.351426603139
0.350756839803
0.352341940755
0.353874795117
0.354466629961
0.353386962112
0.352507471624
0.352232232975
0.352318275583
0.352418004063
0.352692230528
0.354155864421
0.35362557029
0.352175288576
0.351781839861
0.351801360129
0.351791949125
0.351382689899
0.350866834649
0.350646806611
0.351136926908
0.351937612422
0.35218990793
0.351475950192
0.350184082253
0.349321287002
0.349352834548
0.349977687969
0.350846894693
0.351035743797
0.351029361825
0.351007911639
0.351698412697
0.352402360432
0.352406838713
0.352192749956
0.35168651238
0.351793544599
0.349838618845
0.348309659829
0.34954870831
0.350398534987
0.35064561069
0.351078499969
0.351607616565
0.351206733009
0.350906144606
0.351014837846
0.350897043516
0.351200289128
0.352547397269
0.354731002539
0.356833310802
0.357959016392
0.358257897671
0.358482019573
0.359266690236
0.360534414522
0.361683121464
0.362151340714
0.361961753353
0.359948909859
0.354795281369
0.352367959438
0.353810455063
0.354893832675
0.355047917464
0.354984191673
0.353198141845
0.346987588975
0.342105139072
0.341423780698
0.34160894482
0.342046607341
0.343163976329
0.343818677289
0.343140082358
0.342832987672
0.34262531878
0.342060572569
0.342039780146
0.342811012179
0.34380333953
0.344301823919
0.344300356935
0.344279972148
0.34423499185
0.344799648157
0.34557106981
0.345453960016
0.34481616099
0.346408687802
0.348608750508
0.34636157268
0.34417287366
0.344037306347
0.343529084099
0.342813114168
0.342647065062
0.342135774994
0.342034193846
0.345260849296
0.347178621499
0.346033074459
0.345087747546
0.345120822157
0.345384858439
0.345336083628
0.345011829148
0.344021957828
0.343015458828
0.342512477837
0.342022023617
0.34087261578
0.339209461254
0.3385336864
0.338992386215
0.339064914487
0.339146664803
0.338782621073
0.337540669029
0.335779177844
0.335689079208
0.337843490663
0.340350165231
0.342427549728
0.341701615503
0.340124394687
0.339404122543
0.339352501506
0.339370858709
0.340122896534
0.342562467297
0.342811716682
0.341393811181
0.340732179304
0.340492311642
0.339950879265
0.338941311705
0.337861789498
0.337256134559
0.337491477386
0.338019657001
0.337929054411
0.336881197673
0.335267314791
0.334323704428
0.33423564546
0.334290124831
0.334443259035
0.334213068595
0.334298757999
0.334334514551
0.334867718164
0.335103847489
0.334876201412
0.334788583569
0.333774848838
0.333698822106
0.33320240434
0.3329640958
0.333868042398
0.334143937413
0.33411786824
0.33432038627
0.335119964592
0.335699814445
0.336027822681
0.335924008407
0.335403561636
0.335383180836
0.336443440477
0.33826942883
0.339884341932
0.340510903348
0.340599114013
0.340812811194
0.341767594057
0.343012659319
0.343909707814
0.344199569759
0.344216584727
0.342892178886
0.338308421081
0.336257299751
0.337776128543
0.338717534971
0.338943552983
0.33900835176
0.337277750685
0.331908397167
0.328183609594
0.327830992333
0.327967990788
0.328451835685
0.329832410082
0.331352469655
0.331961676701
0.332251400091
0.332181554938
0.332011675535
0.332487056808
0.333643271713
0.334821371905
0.335322396089
0.335333170502
0.335070761084
0.33433262631
0.334784843614
0.335995886108
0.336316782032
0.33592194306
0.336785584092
0.336575503393
0.331445721064
0.327896836015
0.327645885104
0.327353411122
0.327045793558
0.327078575284
0.325451228628
0.322959281425
0.324060474805
0.32534923158
0.324576795807
0.324079105874
0.324450845805
0.324933579336
0.324896629547
0.324282343494
0.323363812019
0.322904938632
0.323000577794
0.322979714931
0.322151251354
0.32091616361
0.321251352598
0.322537871589
0.322443781512
0.322341951479
0.322048026231
0.320883850627
0.319467910118
0.319667866744
0.321177559898
0.32331623965
0.326622093669
0.326905409287
0.32519560987
0.324285855963
0.324243799348
0.324254580219
0.325144991089
0.327751506346
0.328388512548
0.327325273145
0.326737071363
0.326391385606
0.325537787335
0.324068550556
0.322507170925
0.321654171101
0.32173321396
0.322076515603
0.321770057293
0.320532301161
0.318817783487
0.318160140707
0.318359948631
0.318340741806
0.318143665672
0.317262714321
0.316892711014
0.31672639106
0.317035238097
0.316924825261
0.316979348891
0.317802341662
0.316808231286
0.316180929082
0.316145034433
0.316366150716
0.316727624085
0.316620727099
0.316517424611
0.316499321762
0.317203890105
0.318069815678
0.318433738347
0.317956289075
0.317051750177
0.316688590621
0.317351543629
0.318657607091
0.319715247525
0.319951148388
0.319934786554
0.320089687027
0.321045104498
0.321955641632
0.322363799579
0.322319855882
0.322246782557
0.321837809947
0.318884338349
0.317805836337
0.319192556511
0.319746380526
0.319846502134
0.320104221799
0.319367179829
0.316101038705
0.31408977975
0.314022849293
0.313951337498
0.314292686881
0.315630138924
0.317524859605
0.318935080833
0.319649326296
0.319737228382
0.319870962313
0.320693489712
0.322064548931
0.32326054952
0.323656813176
0.323654204799
0.323052316934
0.321417200448
0.321569776255
0.323016633367
0.323596006293
0.323386948596
0.323545122554
0.321353979389
0.31441548664
0.310242030259
0.309944249913
0.309769598946
0.309758195839
0.310174672085
0.308693287742
0.305539495838
0.305153184484
0.305630400675
0.305121705682
0.305083473577
0.305796528818
0.30652321836
0.306622188356
0.306088296905
0.305564871093
0.30566713055
0.306324202133
0.306817703968
0.306421314734
0.305657587531
0.306658898765
0.307999732012
0.30703631884
0.306490462231
0.306320904042
0.305388283907
0.304386286056
0.304477283516
0.304201275211
0.304358435778
0.307689273351
0.308889141687
0.307505045832
0.306701845179
0.30677604658
0.30681289389
0.307484543505
0.30940910804
0.309834179416
0.309152232672
0.308886486656
0.30865203784
0.307723738512
0.306052671277
0.304398316796
0.303635908273
0.303673002875
0.30391338598
0.30350884769
0.302227415993
0.300674732904
0.300532204021
0.301134477649
0.301479377707
0.301671934254
0.300448834279
0.29941929485
0.298945519226
0.299077794538
0.298811065281
0.299435699982
0.301574237221
0.301268709712
0.300340867894
0.300262405497
0.300442417795
0.300311657588
0.299973348011
0.299812728227
0.299641863326
0.300149419164
0.300923044222
0.301079297932
0.300292233663
0.299124275184
0.298521673606
0.298787797851
0.299492362586
0.299968713513
0.299864485249
0.299781036182
0.299852526342
0.300659291985
0.30100603445
0.300897640409
0.300612205748
0.300131734979
0.300181649235
0.298866861405
0.29870688785
0.299710454259
0.299880316305
0.299852844074
0.300130641571
0.30037705071
0.299193506643
0.298560366209
0.298518058116
0.298158521386
0.298275573159
0.299375076417
0.301126603491
0.302578338149
0.303228656019
0.303308337094
0.303600733318
0.304624767222
0.306022818954
0.307080639662
0.30732539536
0.30739307411
0.306777838413
0.30472824352
0.30474856349
0.306223685769
0.306825502023
0.306765339402
0.306634198451
0.303735110564
0.2968503837
0.293155520506
0.292941490726
0.292761079599
0.29287993578
0.293686338333
0.293248011443
0.291077670336
0.290390425588
0.290406706928
0.290140598702
0.290487646922
0.291456132969
0.292328260495
0.292520370107
0.292181918839
0.292026416096
0.292409999965
0.293420406928
0.294335105832
0.294330377947
0.293883789587
0.294913258071
0.295376623661
0.29297129811
0.291791368382
0.29168566532
0.290990773556
0.290352305705
0.290204459101
0.288039641416
0.285680891556
0.28785184304
0.289304380337
0.288362435135
0.287830579241
0.288064697851
0.288178666099
0.288508451175
0.289409967351
0.289373368917
0.28903390324
0.289180047711
0.289202120063
0.28840858296
0.286887547346
0.285682489137
0.285367363161
0.285412586715
0.285590271624
0.285194237259
0.284018855103
0.282812475937
0.283059669935
0.283578978185
0.284124088533
0.285237314953
0.284314884306
0.282887662262
0.282221233031
0.282274684018
0.28196906744
0.283017254269
0.286075118187
0.286612700863
0.28584235049
0.285735120378
0.285782233159
0.285333773476
0.284754959435
0.284340963388
0.284020631027
0.284385670757
0.284992479691
0.2849600757
0.284030411757
0.282795632149
0.282193797629
0.282222388139
0.282417503591
0.282365752532
0.281838704783
0.281555472296
0.281494974401
0.282065569139
0.281810651333
0.28142872402
0.281341769647
0.280529748503
0.280475601064
0.280141110023
0.280441257207
0.280952725689
0.280997730266
0.281058000801
0.281237451555
0.281982071011
0.282143810526
0.282222802341
0.282007971575
0.281403408304
0.281307234762
0.282115298702
0.283460935792
0.284499554049
0.284803366564
0.284765688223
0.285093519263
0.286175115287
0.287373368887
0.288138070272
0.288174131511
0.288249594437
0.287940141687
0.286208053851
0.286374059186
0.287652766834
0.288055166033
0.28806568265
0.288057642537
0.285718737842
0.280399063702
0.27790540009
0.277797815252
0.277508520649
0.277603268681
0.278568596034
0.279193850301
0.278556536473
0.278290220559
0.278216535542
0.278193826376
0.27882164095
0.279919749839
0.280775551425
0.280910659929
0.280692475082
0.280672614348
0.280951553695
0.282045670029
0.283195747183
0.283452875311
0.283169206489
0.28376352336
0.282922578705
0.279227739607
0.277610625951
0.277509264951
0.276962831081
0.276596217882
0.276430969298
0.273439400796
0.269553349877
0.270245911735
0.271325356288
0.270726264298
0.270498137173
0.270885433086
0.271109793921
0.271177862415
0.271263263189
0.27095056746
0.270965453038
0.271503623558
0.271829142995
0.271304840742
0.27019479317
0.269750532413
0.269962340784
0.269922434513
0.270015945122
0.269696609029
0.268729817686
0.267900043305
0.268150554598
0.267756581067
0.267739297252
0.269623352132
0.269433950017
0.26803449561
0.267368378392
0.267415506767
0.267137681997
0.26827831398
0.271380624219
0.272306254515
0.271906799106
0.271945820545
0.271960454246
0.271360994908
0.27048554136
0.269666159659
0.269203310498
0.269489342144
0.269958242183
0.269823203356
0.26890983327
0.267829627916
0.267476767866
0.267459253127
0.267421913687
0.267125667598
0.26619097939
0.265578182425
0.265365033208
0.26569322871
0.26497922416
0.264644208055
0.265227695847
0.264546843817
0.264243830133
0.264267174599
0.264610095038
0.264725085448
0.264919734529
0.265258177795
0.265362540002
0.266168662659
0.266892929869
0.267173248275
0.266779483983
0.266050373816
0.265804333835
0.266341359325
0.26723549388
0.267773229519
0.267728566962
0.267571612166
0.267865812498
0.268857851152
0.269608841443
0.269963896006
0.26978561101
0.269675775601
0.269656015702
0.268644612137
0.269043912609
0.269933335795
0.270066733392
0.270075471036
0.270326487093
0.269193940749
0.266005162458
0.264744094753
0.264639094492
0.264221448938
0.264228940084
0.265082271417
0.266195190983
0.266597119269
0.266736708158
0.266714392468
0.266909281593
0.267723955011
0.268843375291
0.269568583904
0.269564854419
0.269429745566
0.269415194902
0.269406270608
0.27040690079
0.271576054915
0.271936412496
0.271761401605
0.271847904337
0.269955380511
0.265789419503
0.264230093951
0.264116176741
0.263618807842
0.263423261637
0.263521346434
0.261083334199
0.257346744992
0.257102653292
0.257625601837
0.257260132267
0.257295770284
0.25778705306
0.258082031858
0.257995979951
0.257663286988
0.257360374537
0.257697621408
0.258524916099
0.259105092501
0.25886656194
0.258193916246
0.258389033745
0.258853698583
0.258545723086
0.258503249808
0.258253499724
0.257500481842
0.25696373075
0.256913508159
0.255140208084
0.253921554107
0.255919753308
0.256390076053
0.255290292765
0.254754931051
0.25482536187
0.254658694178
0.25568541794
0.258125712135
0.258883888982
0.258795847731
0.259060937449
0.259143374823
0.258525757449
0.257434583507
0.25634327191
0.255845070429
0.256069382731
0.256412364187
0.256231115421
0.255441140488
0.254665983812
0.254606905363
0.254532200524
0.254523998545
0.254441431775
0.253368857624
0.252480486397
0.252160485038
0.252300652842
0.251376812556
0.251272609165
0.252578168879
0.252407907568
0.252087034444
0.252209075222
0.252431069873
0.252328581098
0.25271080374
0.253264471857
0.253347901196
0.254025035438
0.254825952456
0.255081551832
0.254621577086
0.253911361454
0.253627192107
0.253949534865
0.254436557005
0.254543763002
0.254234079919
0.253985315215
0.254219599915
0.254991384723
0.255113769787
0.255048340333
0.254803964851
0.254447240698
0.254482595044
0.254109335382
0.254599352068
0.255052157828
0.255079313064
0.255107151254
0.255501762151
0.255503813709
0.254190515927
0.253776142815
0.25359312106
0.253126241588
0.253075604747
0.253694606893
0.254719787734
0.255370960679
0.25557785804
0.255593379586
0.255947930386
0.256863721405
0.257912953358
0.258466782587
0.258331064754
0.258266834406
0.258274966517
0.258085922247
0.258942058655
0.259921041895
0.260227918888
0.260173423982
0.260027625069
0.257782222688
0.254050139373
0.252937697668
0.252788585776
0.252291039273
0.252175016081
0.252573533422
0.251415320427
0.249000186299
0.248566063204
0.248704138865
0.248534246536
0.248775588184
0.249302840708
0.249569777121
0.24935232987
0.24886724614
0.248683966431
0.249194036522
0.250147113004
0.250864105859
0.250838105739
0.250466485709
0.250908373941
0.251215410078
0.250565191903
0.250410623207
0.250176191437
0.249567984237
0.249223918255
0.248903672637
0.246136122492
0.24387294693
0.245399518916
0.246117866919
0.245364622192
0.245001139417
0.24509252698
0.24507963692
0.245918715186
0.247468906604
0.247852271635
0.247964448312
0.248418680526
0.248605339486
0.248078229459
0.247008212225
0.245998760983
0.245627044772
0.245774512538
0.245979626451
0.245771830299
0.24514777948
0.244687715143
0.244724548222
0.244340030798
0.244383288237
0.244838002548
0.243999982181
0.243041745902
0.242693835555
0.242728265318
0.241893571784
0.242102463016
0.243743023094
0.244015323301
0.243900360835
0.244107557266
0.244228751587
0.244031140134
0.244398733041
0.244895442116
0.244961287298
0.245487284384
0.246158268484
0.24633659902
0.245926261437
0.245369863918
0.245185984281
0.245372250778
0.245551960468
0.245348155046
0.244831862205
0.244500334248
0.244665355485
0.245134419542
0.244611178495
0.244225577922
0.244142407738
0.243735469774
0.243707898799
0.243688353441
0.244084704856
0.244236803699
0.24443395152
0.244569221533
0.244922707884
0.245573588001
0.24548600134
0.245510994448
0.245284810423
0.244877908086
0.244824438692
0.245240697606
0.245931400499
0.246353954771
0.246400025738
0.246410295516
0.246848279415
0.247764831325
0.248634068478
0.249013652525
0.248788238068
0.248716392286
0.248760903139
0.248599491143
0.249298536932
0.249937552285
0.250091050223
0.250149390711
0.250143847337
0.248312718027
0.245554997723
0.244939714622
0.244724797378
0.244258241587
0.244178387337
0.244682079935
0.244616540191
0.243659431514
0.243437400531
0.243436235319
0.243468099355
0.243868297517
0.244383570012
0.24454831626
0.244204596619
0.243701254662
0.243604151148
0.24409308107
0.244999775773
0.245709517968
0.245801451079
0.245594666099
0.245900541656
0.245744309633
0.244879086575
0.244738616252
0.244474382547
0.243938462802
0.24371796139
0.243409383484
0.240639867967
0.23815022715
0.239028882593
0.239609672856
0.239137374768
0.238939986946
0.239029291117
0.239091278703
0.239670021014
0.240450312559
0.240567558519
0.240819841586
0.241377644943
0.241649207863
0.241276211811
0.240451681219
0.239811870112
0.239661735097
0.239730143764
0.239800101617
0.239561251384
0.23908306732
0.238844650422
0.238740302265
0.237805813112
0.237726059007
0.238676878105
0.238276018457
0.237445893782
0.237131121796
0.237136301496
0.236663814062
0.237283112525
0.23884856595
0.239215360962
0.23931353531
0.239620103331
0.239703999268
0.23945614263
0.239581445826
0.239783120168
0.239806632981
0.240199501562
0.240673063785
0.24076724464
0.240465575468
0.240144860312
0.240123852637
0.240211375993
0.240239256647
0.23991709441
0.239275200137
0.238877546882
0.23896749087
0.239136731033
0.238184993613
0.237657245173
0.237816369613
0.237607043169
0.237608719221
0.23774334635
0.237975921221
0.238031918504
0.238553677046
0.238847700532
0.239049212151
0.2398364953
0.240309433832
0.240510259396
0.240330300068
0.240055712862
0.240046449945
0.240344117467
0.240716063301
0.240820068018
0.240682848503
0.240667341085
0.241116164437
0.241911226528
0.242466099323
0.242677333927
0.24244733048
0.242306056806
0.242341164972
0.242305546668
0.242810135416
0.243095281418
0.24312462999
0.243228390247
0.24352914352
0.24258294461
0.240933041231
0.240658658363
0.240401398638
0.240048354009
0.240012167767
0.240419796968
0.240810728837
0.240725080634
0.240713502896
0.2407343259
0.24096225932
0.241482022857
0.241972061499
0.24203902555
0.241641604928
0.241228030119
0.241180216445
0.241533169113
0.242266902312
0.242835677101
0.242963546536
0.242872951344
0.24289427162
0.242207966928
0.241314018696
0.24127993467
0.240967593873
0.240483525254
0.240341948102
0.240269108254
0.23836507548
0.236460098933
0.236838148836
0.237137567108
0.23688846285
0.236844478427
0.236913464518
0.236911738994
0.237143273529
0.237368445149
0.237377002008
0.237715061057
0.23828532933
0.238592621269
0.238377147962
0.237873279246
0.23764466316
0.237687932644
0.237716649615
0.237694207249
0.237410313097
0.237024068374
0.236905505795
0.236595313403
0.235158910138
0.234839758076
0.235966087472
0.235938707879
0.235331656628
0.235079428196
0.23509184139
0.235089067038
0.236134213953
0.237458167536
0.237691538639
0.23789417661
0.238263455727
0.238350021162
0.238079617797
0.237912700155
0.237800138219
0.237770318005
0.238024184148
0.238282969674
0.23828547304
0.238090254642
0.237988947053
0.238039184703
0.237970238558
0.237993593223
0.237788990751
0.237164060004
0.236749638838
0.236766869778
0.236745738625
0.235799936211
0.235401384363
0.235668158182
0.235681868242
0.235824520292
0.236039195787
0.236147215627
0.236227244005
0.236983803641
0.237400132914
0.237466231346
0.238085222837
0.238644776584
0.238876538335
0.238797550759
0.238688096363
0.23877238353
0.239019199465
0.239165769886
0.239033968249
0.23877839324
0.238733463894
0.239130866132
0.239684441212
0.239820405844
0.23986240311
0.239734620088
0.23959300302
0.239606370379
0.239669749018
0.239952168421
0.240030051471
0.240100514071
0.24016620719
0.240636620427
0.240564076483
0.239877903004
0.239804785818
0.239592491922
0.239403634811
0.239416234871
0.239664326899
0.240005671286
0.240128814805
0.240160430551
0.240248221328
0.240618278124
0.241206930943
0.241670427468
0.241693594018
0.241335816092
0.241066209742
0.241059292699
0.241275899518
0.241774100704
0.2421153
0.242215224283
0.242253240996
0.242147550816
0.241160563351
0.24034734354
0.240381891844
0.240037018181
0.239648349114
0.23956195663
0.239702149336
0.238875861842
0.237884643027
0.238008622721
0.238102186604
0.238059397476
0.238158074902
0.238216332626
0.238086246813
0.237965519621
0.23783113336
0.237803079687
0.238144160447
0.238642800893
0.238929119205
0.238838927868
0.238603227014
0.23861870129
0.238721270559
0.238768890532
0.238725336858
0.238393428715
0.238052588083
0.237993854881
0.237616016042
0.236044952127
0.235553841308
0.236496373743
0.236630276457
0.236255191715
0.236081380955
0.236085352118
0.236400357616
0.237650140334
0.238706123541
0.238814816471
0.239048091577
0.239425547961
0.239528926573
0.239285846399
0.238971115223
0.238718288662
0.23865707991
0.23876164507
0.238817288633
0.238723823184
0.238596807402
0.23862525628
0.238583989619
0.238264424966
0.238334825765
0.238391387261
0.237925260859
0.237559590753
0.237523001749
0.237473267303
0.236993657291
0.237057843154
0.237289775127
0.237347823573
0.237615211439
0.237878930062
0.237930577247
0.238029140129
0.238766556523
0.239194774066
0.239220441965
0.239599054685
0.24000483562
0.240186712933
0.240206760782
0.240268034554
0.240478035555
0.240707123319
0.240722274656
0.240463837808
0.24015203473
0.240076728078
0.240369976017
0.240626265308
0.240377530077
0.240260476749
0.240259945094
0.240248336216
0.240308664918
0.240418051151
0.24051329555
0.240603000043
0.240919647567
0.240936959181
0.24131079211
0.241725699727
0.241682695638
0.241740100739
0.241649081804
0.241601029962
0.241639949832
0.241770931326
0.241894951203
0.241882719866
0.241835372864
0.241952405056
0.242372977175
0.242954780978
0.243367335485
0.243398326581
0.243137986511
0.242986194841
0.24300608491
0.24313230585
0.243382634369
0.24350035918
0.243546468859
0.24368931129
0.243723486491
0.242852973567
0.242195603342
0.24221646999
0.241899961635
0.241669543138
0.241636204964
0.241815109082
0.241691774519
0.241436346394
0.241497062677
0.241541277378
0.241690031688
0.241908041071
0.241982696039
0.241776426302
0.241441192337
0.241142166238
0.241093947764
0.24135338426
0.241712483195
0.241926220604
0.241921958737
0.241866278251
0.241902620966
0.241885401369
0.241963835443
0.24194775901
0.241589210073
0.241283205241
0.2412544931
0.241005860262
0.239768704931
0.239280100842
0.239826105278
0.23994176887
0.239779848573
0.239704092821
0.239671085619
0.240002931968
0.241086393325
0.241841365166
0.241910269153
0.24215036917
0.242495431468
0.242616597284
0.242458391744
0.242196349122
0.242009779176
0.24196859582
0.241960141509
0.241859525787
0.241679762161
0.241580111076
0.241653020511
0.24143801509
0.240844666805
0.240900000897
0.241168931307
0.240920238184
0.240657699284
0.240598039549
0.240623743109
0.240818054715
0.241528386558
0.241738026451
0.24169862835
0.241996344254
0.242277465374
0.242322726862
0.242384983865
0.2428768609
0.243189383705
0.24323367074
0.243419055809
0.243609457421
0.243703294642
0.243785834435
0.243982018208
0.24427753276
0.2444767807
0.24445511024
0.244185106847
0.243871821812
0.243770090971
0.243933093126
0.243966329725
0.243592580124
0.243413669338
0.243433700128
0.243575790457
0.243750855755
0.243882013068
0.243876713649
0.244117133314
0.244774325693
0.244850280389
0.244995627443
0.245447940842
0.245667798121
0.245795659664
0.245835521048
0.245879373289
0.245932757561
0.246006918083
0.245954412668
0.245763411039
0.245612717008
0.245698682267
0.246072305852
0.246546400976
0.24684647577
0.246903457497
0.246775851103
0.246711168776
0.246741902724
0.246805225726
0.246838796594
0.24685365407
0.246901793104
0.247048718982
0.247307351617
0.246871915794
0.246460822636
0.246455831891
0.246245605661
0.246181861758
0.246198803089
0.246285594391
0.24634564593
0.246405172716
0.246469012286
0.246564245047
0.246848150925
0.247141729844
0.247250163607
0.247063391694
0.246713363951
0.246428314501
0.246372408867
0.246506404176
0.246687850133
0.246792276801
0.246833205431
0.246901857439
0.246861391175
0.246625470686
0.246675086423
0.246676085807
0.246336740071
0.246094980401
0.246074768303
0.246023513774
0.245392419648
0.245085561694
0.245250821125
0.245305764054
0.245340978647
0.245380344852
0.245323205353
0.245460662367
0.246107952697
0.24653339146
0.246599004221
0.246822136505
0.247104642232
0.247236138905
0.24719806294
0.247115357816
0.247099608069
0.247119026358
0.247079402322
0.246899518263
0.24666184589
0.246566107166
0.246644248124
0.246314936846
0.245542202081
0.245457302686
0.245729298422
0.245659700877
0.245533999713
0.245484984131
0.245573340595
0.246268862196
0.247457878329
0.2477102218
0.247588885086
0.247853676128
0.24812806246
0.248198073228
0.248213108775
0.248413092709
0.248555720473
0.248598589324
0.248641990691
0.248647545197
0.248650401578
0.248752953749
0.249008899709
0.249278777916
0.249393566887
0.249404102826
0.249228461895
0.248974110656
0.248864839987
0.2489158861
0.248906528447
0.248810580209
0.248798577934
0.248713868487
0.24889078181
0.249166976546
0.24931598989
0.249292093559
0.249649750864
0.250519683335
0.250776524885
0.250794540938
0.251038758573
0.251226366079
0.251353646835
0.251484463413
0.251603931427
0.251700386274
0.251756189088
0.251608969304
0.251317968718
0.251097480606
0.251111078073
0.251357341155
0.251635188044
0.251767966327
0.251825727535
0.251837876762
0.251875658778
0.251924699108
0.251933150252
0.251829787493
0.251947534563
0.252166806558
0.252240858157
0.252558764845
0.252555627572
0.252420190159
0.25243486314
0.25236567
0.252397025408
0.252442639411
0.252429993952
0.252362805065
0.252378526028
0.252406744663
0.25254170091
0.252866304658
0.253180630831
0.253318153995
0.253208266316
0.252970785623
0.252793410749
0.252744184384
0.252754993097
0.252754463082
0.252744004069
0.252785946046
0.252946320283
0.252911367825
0.252543087492
0.252512554907
0.252499802069
0.252239503051
0.25210403635
0.252080081426
0.252122621353
0.252024710615
0.251996809039
0.251974067071
0.252036289495
0.252238755324
0.252381835667
0.252350539873
0.25229688278
0.252499058727
0.252640581802
0.252688605605
0.252850707397
0.253040529496
0.253164746475
0.253244233016
0.253350723245
0.253464359864
0.253518594433
0.253514440417
0.253335005913
0.253085970944
0.25299192873
0.253067147455
0.25277804006
0.252022936656
0.251700499889
0.251745925857
0.251776962066
0.251805388656
0.251804019696
0.251876636281
0.252663328286
0.25390434155
0.254179223199
0.254062475831
0.254288580861
0.254548813849
0.254666890564
0.2546934527
0.254737353067
0.25477835563
0.254794680312
0.254732860601
0.254612836555
0.254545839933
0.254641682525
0.254886206672
0.255024095802
0.254982159993
0.255010946064
0.254971584124
0.254831320159
0.254750141776
0.25473710279
0.254841804222
0.255307822511
0.255689999929
0.255496150124
0.255577937908
0.255882152085
0.256048230542
0.256049281885
0.256367005355
0.257138886771
0.257543231566
0.257605447166
0.257638719831
0.257667413967
0.257740297579
0.257911689844
0.258111738376
0.25828670257
0.258347918139
0.258176994921
0.257875577434
0.257634498109
0.257565915913
0.257647069775
0.257733830779
0.257753950309
0.257780446575
0.257869798771
0.258021522919
0.258110452131
0.258078788958
0.257947281787
0.25834767754
0.258966845941
0.259070730047
0.259244743814
0.259404211848
0.259443758381
0.259501427654
0.259543392142
0.259574570635
0.259619906034
0.259572824841
0.259333008676
0.259155893615
0.259082808323
0.259178235349
0.259444263063
0.259715304139
0.259854075226
0.259827799617
0.259729278505
0.259662469202
0.259623403713
0.259529402385
0.259374548015
0.259302090198
0.259320182204
0.259503018713
0.259584054406
0.259290071742
0.259215515024
0.25919555586
0.259059477449
0.259039884673
0.259019120947
0.259003174292
0.259125981487
0.259317572857
0.259304461134
0.259439637366
0.259738702011
0.259935880536
0.259964278701
0.259856464917
0.259814559751
0.259796665143
0.259801033238
0.259858241426
0.259930387101
0.260020979943
0.260181204254
0.260410853497
0.260537045299
0.260541177247
0.260570330195
0.260441681024
0.260237843954
0.260161459024
0.260223116405
0.260096596999
0.259580991271
0.259062138686
0.258800612454
0.25888982513
0.259074781995
0.259157666162
0.259179845598
0.259711772734
0.260616685049
0.260837713392
0.260782762983
0.260981535702
0.261225800642
0.26140680385
0.261529806771
0.261619712332
0.261705219511
0.261731177545
0.261620188888
0.261440870304
0.261337820818
0.26142018866
0.261618221642
0.261582456265
0.261317619022
0.261237150533
0.261268029019
0.26127067928
0.261261482832
0.261231171781
0.261468150598
0.262439573837
0.263205998713
0.262987172753
0.262949696843
0.263221123761
0.263404777383
0.263449636397
0.263596846532
0.263989938781
0.264346591319
0.264486100445
0.264400549895
0.264284313885
0.26428918259
0.264460628347
0.264719868686
0.264961912861
0.265047385975
0.26492390611
0.264688862255
0.264476008702
0.264346364361
0.264289690952
0.264324943684
0.264451881203
0.264489131731
0.2645427409
0.264757103285
0.264890177993
0.2648481149
0.264770963662
0.265466149699
0.266593470381
0.267004005001
0.267041588968
0.26708476856
0.267127523233
0.267200806675
0.267297132517
0.267285380465
0.267313686384
0.267279071013
0.266954441353
0.26661518231
0.266415723742
0.266396341517
0.266519290597
0.266668453715
0.266759184351
0.26679282074
0.266813135717
0.266827334623
0.26679132653
0.266609500929
0.266368815703
0.266374363132
0.266430997924
0.266539274622
0.266701194137
0.26660971712
0.266572862848
0.266583187482
0.266566841235
0.26662123301
0.266637765572
0.266499560373
0.266527991325
0.266750059834
0.266802515448
0.266987272024
0.267284088816
0.267476086662
0.267554318005
0.267506233539
0.267438512419
0.26738665691
0.26733571633
0.267270416259
0.267214972487
0.267244187053
0.26742758339
0.267712429455
0.267795861825
0.267700560432
0.267716843622
0.267657064133
0.267546463503
0.267509234228
0.267533785871
0.267549245906
0.267386874362
0.266871147706
0.266438447689
0.26660318182
0.266917536121
0.267093796149
0.267117782839
0.267323124835
0.267759707415
0.267884389428
0.267896711003
0.268059700764
0.268274384864
0.268513433425
0.268782018443
0.269055907007
0.269299383581
0.269399009654
0.269316321459
0.269148965861
0.26905105957
0.269123305336
0.26927263632
0.269107878108
0.268599173925
0.268215381064
0.268165510574
0.268306880378
0.26841023578
0.268401034199
0.268654252596
0.269750437539
0.270599194872
0.270394053369
0.270297506134
0.270522538632
0.270730017073
0.270843376577
0.270837490841
0.270811008833
0.270952870052
0.271070916196
0.270929440289
0.27073945589
0.270698946921
0.270850370599
0.271120550449
0.271376067917
0.271490787257
0.271468347475
0.271358766703
0.271221814718
0.271075739476
0.270953600384
0.271119153838
0.271615645146
0.271795006748
0.27174621508
0.271935047026
0.272091728457
0.272072130268
0.272064088464
0.27284523835
0.274280066825
0.27518789041
0.275303918021
0.275144781725
0.275067383506
0.275111011462
0.275221033615
0.275196429529
0.275211801647
0.275179189601
0.274855894077
0.274461315204
0.274167346456
0.274001402211
0.27392650524
0.273896785886
0.273903141349
0.27395396884
0.274053924699
0.274123900336
0.274082108615
0.273837770865
0.273620769552
0.273913054321
0.274228508058
0.274273321331
0.274351605498
0.274387882844
0.27441239598
0.274469597492
0.274517025403
0.274584200901
0.27469936133
0.274508238648
0.274297469236
0.274359549764
0.27439651309
0.274533794827
0.274742678257
0.27489010794
0.2749850154
0.275020635784
0.27502673128
0.274997713312
0.274892521275
0.274709657676
0.274532522235
0.27448469584
0.274623481773
0.274906796303
0.274990423634
0.274852338121
0.274840992776
0.274858317796
0.27485446593
0.274860228622
0.274831850887
0.274853936174
0.274971384684
0.274673849291
0.274309657822
0.274572861566
0.274942394872
0.275165639818
0.275260670502
0.275304564582
0.275408720773
0.275457217387
0.275497494014
0.275591270385
0.275749074971
0.276016508596
0.276408729964
0.276862640034
0.277246046117
0.277426856416
0.277429185859
0.277341048328
0.27729406971
0.277363013391
0.277475949043
0.277300886854
0.27663472942
0.275833015983
0.275578394225
0.275840671831
0.276080691621
0.276137010127
0.276282806554
0.277053045813
0.277606142184
0.277381665127
0.277288863921
0.277483604564
0.277724349272
0.277943284267
0.277938644046
0.277705669715
0.277654362493
0.277686108149
0.277524923566
0.277332611307
0.277287262936
0.2774237619
0.277669923836
0.277885512935
0.277994090867
0.278053908537
0.278090046539
0.278073879547
0.277965446606
0.277841662446
0.278208948826
0.279145909566
0.27954556894
0.279418785981
0.279529316587
0.279685197909
0.279713769349
0.27973951035
0.280285023704
0.281547070157
0.282791921784
0.283145830352
0.282873121634
0.282661239891
0.282650394569
0.282755875042
0.282770109173
0.282788228524
0.282732342833
0.282457647576
0.282106601761
0.281781582366
0.281487841369
0.281224443914
0.281066073628
0.281045131551
0.281081144868
0.281197693831
0.281295110729
0.281242640505
0.280978464617
0.280888351632
0.281627495544
0.282528298308
0.282771498356
0.282673265494
0.28263715758
0.282657142038
0.282733780396
0.282781944864
0.282830874198
0.28309645433
0.282989002506
0.28258795329
0.282409257721
0.282320994387
0.282312489499
0.28237534595
0.28244431257
0.282519752021
0.282609643244
0.282686709409
0.28267737688
0.282521091213
0.282231346244
0.281960671691
0.281864024981
0.281910796336
0.282109733001
0.282224789336
0.282148645277
0.282146790277
0.282244157281
0.282309397341
0.282338883013
0.282279935294
0.282178559163
0.282367226737
0.282343283643
0.282195100088
0.282514405049
0.28283624662
0.283026044221
0.283194270358
0.283272734059
0.283289916965
0.283314826355
0.283324154434
0.283314765251
0.28338941953
0.283641646611
0.284082801783
0.284605121265
0.285003004257
0.285193521896
0.285278945457
0.285313659438
0.285354767521
0.285427737677
0.285504971558
0.285423218519
0.284788247933
0.283680121977
0.283248622836
0.283623544573
0.283986698761
0.284151118349
0.284201630575
0.284442836763
0.284513141574
0.284253627872
0.284200570884
0.284378384198
0.284651918028
0.284999837815
0.285172744758
0.285045406338
0.284992347536
0.284995527757
0.284867877575
0.284732494213
0.284722852983
0.284860050022
0.285067413858
0.285197816471
0.285196738823
0.285203975409
0.285343196697
0.285482075377
0.285462779835
0.285365599402
0.285832092842
0.286962913664
0.287441842063
0.287278065606
0.287318451963
0.287464585598
0.287560576927
0.287598487965
0.287690692068
0.288314171709
0.289445945384
0.289942456936
0.289664712209
0.28938384861
0.289327994725
0.289418729471
0.289481374232
0.289511106901
0.289451202674
0.28926894165
0.289028686367
0.288739056431
0.288377125785
0.28801516876
0.287910832714
0.288047728066
0.288102722293
0.288176756822
0.288264682738
0.288202477186
0.287966212414
0.288028358442
0.289164730891
0.290837697061
0.291704111762
0.291572247486
0.29132717846
0.291253140022
0.291305139257
0.29132928465
0.291375532746
0.291773912769
0.291821009044
0.291375534713
0.291008307243
0.290748524029
0.290542101138
0.290409677029
0.290339893221
0.290351625116
0.290455109323
0.290566924701
0.290555952994
0.290351224927
0.289974271648
0.289684104657
0.289661490397
0.289676159205
0.289712401116
0.289777856439
0.289789160669
0.289828330187
0.289983473202
0.290045677419
0.290094486663
0.29010331751
0.289851849059
0.289896292176
0.290011712636
0.290035274707
0.290300298893
0.290501746202
0.290610501218
0.290792493587
0.290972895913
0.291059564878
0.291089896546
0.291022953544
0.290896422131
0.290870996323
0.291062049754
0.291467772503
0.2919473495
0.292259338144
0.292387405306
0.292517412356
0.292683320825
0.292812723984
0.292885714817
0.292907178942
0.292915194686
0.29249147342
0.291390598514
0.290961454994
0.291435793651
0.291847985639
0.292109069905
0.29220349615
0.292086259096
0.291779218319
0.291533331964
0.29153104448
0.291682108337
0.291965683892
0.29242109255
0.292848881649
0.293042621854
0.293189464384
0.293282717171
0.293260026788
0.293233168387
0.293291355785
0.293436361628
0.293595810591
0.293613964367
0.293367796372
0.293108244809
0.293255032517
0.293562939622
0.293674471732
0.293620776177
0.293981465886
0.294848329318
0.295081302596
0.294859379535
0.294863731913
0.295008168166
0.295188560926
0.295282989491
0.29497577911
0.294822724702
0.295447751626
0.295845464359
0.295604602914
0.295340092724
0.295277988981
0.29535480857
0.295441048061
0.295492396462
0.295493376328
0.295458263524
0.295376512156
0.295182068043
0.294830142382
0.294487513873
0.294624107098
0.295102945615
0.295260025708
0.295282890118
0.295338310342
0.295276337213
0.295103834172
0.295243452304
0.296455378004
0.298673136024
0.300386184797
0.300503517356
0.30008181437
0.299879522817
0.299881476684
0.299894821555
0.299972122249
0.300404878847
0.300537967063
0.300160462399
0.299730176664
0.299335402484
0.298933362539
0.298568546599
0.298299555986
0.298207927258
0.298282242656
0.298388389903
0.298354620203
0.298105671215
0.297684792839
0.29749674531
0.297772846491
0.298021513035
0.297967449139
0.297844044165
0.297837826937
0.297889163632
0.298048356359
0.298054406151
0.298179800929
0.298438835332
0.298154395316
0.297948519179
0.297999364192
0.298027247887
0.298127272651
0.298201202116
0.298247528309
0.298391618876
0.298624966606
0.298784862973
0.298799185858
0.298632410336
0.29838729426
0.29825055169
0.298336594607
0.298627355099
0.298994539558
0.299210353456
0.29927815282
0.299429579516
0.299698861518
0.299857726082
0.299904685175
0.299850891624
0.299852756261
0.299698209182
0.298918816701
0.298680625966
0.299193759529
0.299532009965
0.299790624585
0.300028513918
0.299911090498
0.29952451593
0.299360865223
0.299383642258
0.299476639402
0.299731530708
0.300228663546
0.300843296361
0.301348407953
0.301737408352
0.301980766729
0.302111987622
0.302232925654
0.302380460575
0.302531226745
0.30264310951
0.302580548206
0.302047022011
0.301385806897
0.301467045058
0.301934101267
0.302192149042
0.302225432903
0.30234975986
0.302572428981
0.302282764352
0.301952344522
0.301946152944
0.302102210037
0.30237604432
0.302620269199
0.302217201679
0.301556595323
0.301619881265
0.301785691127
0.301596960671
0.301420618859
0.301404815637
0.301490817438
0.301592612208
0.301688919525
0.301801287304
0.301937479301
0.302045070726
0.301998287526
0.301727095155
0.301470766185
0.30186702286
0.302648492836
0.302895941763
0.302889237775
0.302917417775
0.302875258873
0.302789717808
0.302885812189
0.303698555147
0.305810793983
0.308080452229
0.308577778186
0.308115993671
0.307825546138
0.307780641269
0.307797716171
0.30790662073
0.308249342197
0.308338879407
0.308061141314
0.307683331828
0.30723731388
0.306691965243
0.306121996416
0.305691224246
0.305525776952
0.305546124892
0.305609363619
0.305535172123
0.305252519178
0.30484897076
0.30486674945
0.3056471794
0.306550522706
0.30674975229
0.306417208886
0.306245666631
0.306235117326
0.306343796085
0.306309269794
0.306619249853
0.307299091808
0.307183845338
0.306780948474
0.306638827114
0.306520779159
0.306401565359
0.306366937511
0.30638155803
0.306473936462
0.306693982821
0.306861265995
0.306820102363
0.306547357523
0.306187151773
0.305945274643
0.305910705559
0.306024739542
0.306211639504
0.306336567365
0.306387757676
0.306556481705
0.306867050127
0.306959520039
0.306966901097
0.30686301782
0.306749003626
0.306769016316
0.306423083951
0.306422093977
0.306859084066
0.307026168344
0.307159466423
0.307484978222
0.307599054217
0.307400392134
0.307345988691
0.307338296628
0.307341260898
0.307532399714
0.307997966115
0.308650109595
0.309277139474
0.309770817616
0.310108702937
0.310381929383
0.310659697513
0.310895272738
0.311043365536
0.311110454174
0.311042619805
0.310357493029
0.309397074406
0.309440227548
0.310026985403
0.310387129679
0.310559267876
0.310541793354
0.310112887452
0.309295508523
0.308874843903
0.308875859628
0.30904528925
0.309394782701
0.309848724013
0.309703316236
0.309033473541
0.308814318027
0.308824918352
0.308730448271
0.308693771036
0.308767930583
0.308889305242
0.309009259878
0.30914666892
0.309325569267
0.309565030097
0.309856871251
0.309995907711
0.309856605007
0.309685412119
0.310155323068
0.310898958361
0.311022648821
0.310970001491
0.310987511485
0.310986769841
0.311009992259
0.311000525684
0.311055985988
0.31233082893
0.314457571714
0.315154360356
0.314760807532
0.31446236083
0.314397114036
0.314411105547
0.314499604285
0.314672514068
0.31466546433
0.314496658041
0.31424540334
0.313839123778
0.313243288835
0.312593487374
0.312185123711
0.312088086764
0.312088450689
0.312100520465
0.31198423496
0.311690570874
0.311356544834
0.311576019779
0.312837786034
0.314667446325
0.315594338952
0.315250340225
0.314859496649
0.314734408772
0.314774047826
0.314766764492
0.315335256223
0.316436115113
0.316608328615
0.316165888369
0.315844260932
0.315533605935
0.315196528973
0.315028207484
0.314970136384
0.314996905817
0.315166659584
0.315289263855
0.31517357982
0.314807367948
0.31435646998
0.314070727296
0.313994096914
0.313967072163
0.313920416369
0.313891532923
0.313919418732
0.314081225041
0.314352084223
0.314317295251
0.3143664606
0.314353919582
0.314085149646
0.31409279984
0.314047486662
0.314159786341
0.314412008844
0.314427453178
0.314413049359
0.314687411455
0.315004505932
0.315056597327
0.315069470419
0.314976192858
0.314869364816
0.314970620345
0.31535012909
0.315910486736
0.316460749641
0.3168837649
0.317205310235
0.317559518982
0.317957369543
0.318231418689
0.318351765823
0.318359845513
0.318331633809
0.317735743601
0.316782702107
0.316889288168
0.317510012302
0.31784677383
0.318129074901
0.318209452394
0.317529957753
0.316484505119
0.316085337018
0.316103685648
0.316263615752
0.316633210387
0.317251752917
0.317535130883
0.317268850905
0.317138463324
0.317177192266
0.317236307805
0.317368591073
0.317551823285
0.317710470592
0.317828277961
0.317949311655
0.318045301307
0.318224589378
0.318649460788
0.318983779957
0.31900775188
0.318906927972
0.3191950012
0.319445888572
0.319140745433
0.318980825794
0.318997196761
0.319052281912
0.319208986818
0.319176387684
0.318501347948
0.318580009366
0.319921817534
0.320491796273
0.32020001201
0.319975378701
0.319935827588
0.319943798055
0.319968387648
0.319991417775
0.319959301037
0.319941653022
0.319868000914
0.319581978343
0.319042075952
0.318473394401
0.318299548468
0.318425541223
0.318471420206
0.318464994042
0.318332757275
0.318064133669
0.317825474375
0.318106601818
0.319471026771
0.321990693362
0.323850235442
0.323773840753
0.32324659158
0.323019574115
0.323007160535
0.323069916148
0.323841433405
0.325133098545
0.325501699923
0.32515058112
0.324761540348
0.324311230328
0.323788868973
0.323413746206
0.323175945289
0.323097605861
0.32319505937
0.323248793583
0.323061901474
0.322631835477
0.322151080482
0.321948860984
0.322038839122
0.322111467769
0.321916935167
0.321646660839
0.321568319773
0.321665477877
0.321835530757
0.3217165333
0.32201275748
0.322368378942
0.322052578756
0.321896024855
0.321905322415
0.321946019672
0.321981506664
0.321982044893
0.321940179185
0.322092476291
0.32245055787
0.322636567338
0.322630682454
0.322417092822
0.322188071521
0.322171770002
0.322418264954
0.322806246196
0.323169711167
0.323430678976
0.323663988211
0.324031767909
0.324467287209
0.324676479671
0.324729180204
0.324651837011
0.324629570883
0.324297310949
0.323648913976
0.323879205225
0.324404698144
0.324565344468
0.324808403398
0.325108724614
0.324671120098
0.323809267956
0.323548909392
0.323566505773
0.323675295819
0.323994974143
0.324645089452
0.325256704651
0.325474957791
0.325620055232
0.325810429375
0.326050613767
0.326353380558
0.3266400203
0.326818209966
0.326905868674
0.326961106655
0.326847802428
0.326826495527
0.327321795617
0.327817764134
0.328002660408
0.328001509486
0.328001829117
0.327519323695
0.3266380032
0.326338417956
0.326357831461
0.326467994252
0.326763501978
0.326894074874
0.325933612958
0.325063375607
0.32545249534
0.325716291719
0.325536329212
0.325449276391
0.32548940696
0.325521464792
0.325511765265
0.325498686366
0.325569599757
0.325758119727
0.325901333312
0.325797529809
0.325396592025
0.324999102169
0.325108668935
0.325426100463
0.325488562942
0.325488610802
0.32537834999
0.325174549685
0.325039551748
0.325178465025
0.326023450142
0.328447137826
0.330877561413
0.331169499611
0.33064489991
0.33037932724
0.330342200521
0.330443565833
0.331220733305
0.332357709917
0.332702779608
0.332477355249
0.33214104257
0.331651529397
0.331004990347
0.330395368381
0.329931687633
0.329735717021
0.329752580431
0.329734502498
0.32949327877
0.329041159757
0.328609753402
0.328611208815
0.32909651337
0.329668109
0.329640395532
0.329153029495
0.328885921657
0.328865838717
0.328931796135
0.328863033959
0.32962054549
0.330599943831
0.33045976855
0.330134754143
0.330022711253
0.329878984387
0.329740013325
0.329850692359
0.329924683258
0.329991354845
0.330274017727
0.330452981893
0.330361733307
0.330023520375
0.329670075253
0.329516323774
0.329589965936
0.329753775028
0.32987877897
0.329953761954
0.330079201588
0.330404081154
0.330773514113
0.330815359351
0.330805462953
0.330658612063
0.330547426857
0.330461108343
0.330204283358
0.330497735858
0.330816309504
0.330755584256
0.330808238411
0.331208872415
0.331222451775
0.330792760343
0.330696712813
0.330665528732
0.330686297835
0.330912964628
0.331468632255
0.332160330195
0.332641593993
0.332982600319
0.333303076178
0.33368769651
0.334127381548
0.33448501689
0.33465806361
0.334699438228
0.334702265342
0.334415334117
0.334213679784
0.334746549082
0.335315658845
0.335589048664
0.335734607003
0.335607744924
0.334584266594
0.333293548462
0.332917926655
0.332944144583
0.333083251302
0.333465505028
0.333882295249
0.333210432223
0.332073983904
0.331851150166
0.331885285096
0.331846172721
0.331930425203
0.332083686921
0.332173792108
0.332186911833
0.332237937149
0.332468521153
0.332858424459
0.333225853174
0.333335072683
0.333115404396
0.332878050531
0.333106335485
0.333340088519
0.333241565373
0.333219976423
0.333151533381
0.333039625334
0.33302299076
0.332914102196
0.332745393459
0.334155584435
0.336380703024
0.336863984502
0.33643827522
0.336209676489
0.336177141675
0.336249761849
0.33680717075
0.337530052919
0.337702089683
0.337593687368
0.337392784524
0.336967951691
0.336296859917
0.335556296585
0.334989786005
0.334760225506
0.334730448394
0.334667529369
0.334405882866
0.333981379745
0.333656309627
0.333860193034
0.334749675199
0.336072801063
0.336606148024
0.336089596917
0.335641036232
0.335502796326
0.335509567696
0.335598502561
0.33684240423
0.338428661161
0.338612045316
0.338246399862
0.337996422063
0.337673946578
0.337409615781
0.337597952143
0.337781382559
0.337812685804
0.337995403969
0.338099988665
0.337914656883
0.337481990083
0.337034053783
0.336777052813
0.336704359016
0.336658265058
0.336526705793
0.336390729877
0.336390995945
0.336622035046
0.33684751077
0.336708590366
0.336769860961
0.336702740788
0.33644188653
0.33642090452
0.336408162376
0.33662307064
0.336728310286
0.336610880786
0.336501530559
0.33679753567
0.337122213904
0.33708802699
0.337080127587
0.336951358492
0.336865851377
0.336991876482
0.337399869519
0.337969153768
0.338430245281
0.338767090815
0.339101534455
0.339547572257
0.340051933509
0.340408263569
0.340540241176
0.340515658896
0.340503435757
0.340215606898
0.339997750334
0.340547008894
0.341051235764
0.341262419167
0.341513729763
0.341532991996
0.340486107627
0.339190442412
0.338869748001
0.338893305448
0.339009934506
0.339369137835
0.340001565548
0.339927551276
0.339171284531
0.338858159938
0.338867114204
0.338997305375
0.339249280262
0.339510150547
0.339652145153
0.339691262216
0.339797256104
0.340102083146
0.340590699204
0.341138762515
0.341447540521
0.341417303835
0.341294565917
0.341413261084
0.341245291116
0.34080182614
0.340713992989
0.340683344599
0.340665786816
0.34079451652
0.340564561115
0.339414973077
0.339361984863
0.340708821889
0.341102586028
0.340809900823
0.340680853197
0.340692078994
0.340714668246
0.34096624154
0.341250771888
0.341280841851
0.341311376733
0.341298365537
0.341024045529
0.340445625525
0.339761897961
0.339313682287
0.33918658394
0.339170638314
0.339112901562
0.338879288365
0.338531802728
0.338325491764
0.338563048158
0.339481455932
0.341316556103
0.342544880917
0.342221037383
0.341689762002
0.341484671227
0.341474138737
0.341685900153
0.343151305869
0.344971686805
0.34539014261
0.345112561565
0.34482004989
0.344401298167
0.344024442255
0.344102238633
0.344214301266
0.344194201673
0.344292381442
0.344320113315
0.344074440784
0.343602896287
0.343136030009
0.342890636789
0.342820866
0.342729838506
0.342421215987
0.342055603582
0.341899310068
0.342000765133
0.342073316429
0.341857665883
0.342220519913
0.342513044512
0.342187627819
0.342057071168
0.342060720977
0.342089522285
0.34209429859
0.342218945802
0.342179086236
0.342297468199
0.342677895594
0.34283576773
0.342810809335
0.342564348688
0.34236620324
0.342385392671
0.342637082734
0.342997151631
0.343272296437
0.34346037115
0.343704484619
0.344126134605
0.344594396518
0.344843110919
0.344895844662
0.344777638477
0.344736260014
0.344589675973
0.344503518305
0.345009598407
0.345316679678
0.345326909996
0.345525642973
0.345791306306
0.34518011892
0.34425898351
0.344082376446
0.344067446971
0.344113047687
0.344349102562
0.344984820591
0.34540000458
0.345242619759
0.345162036389
0.345288161907
0.345575489571
0.345959985178
0.346296107265
0.346453236585
0.346477158684
0.346564211383
0.346800891627
0.34725477682
0.347905022857
0.3483474727
0.348479055708
0.348463818727
0.348390885549
0.34773583473
0.346947179768
0.346798357053
0.346789751297
0.346837860057
0.347108398038
0.347037649567
0.345507689609
0.344310761241
0.344641808071
0.344808396777
0.344658904643
0.344664535493
0.34475734764
0.344776915799
0.344823497404
0.344861964456
0.344906106645
0.345124117952
0.345326958406
0.345255344451
0.344853853315
0.344361953042
0.344159811712
0.344175226543
0.344177955656
0.344154304649
0.343986865147
0.343751220193
0.343648780868
0.343679768772
0.344006656903
0.345625309959
0.347226319718
0.347168388393
0.346669033197
0.346463396038
0.346450860236
0.346641863977
0.347902727496
0.349435144893
0.349837926827
0.349690026178
0.349464509678
0.349049940548
0.34857062888
0.348367265855
0.348226919686
0.348110238462
0.348143442718
0.348121427367
0.347863539644
0.347418213701
0.347026157728
