0.0
0.000123609975835
0.000247147612577
0.000370580856946
0.000493832500224
0.000616854991004
0.000739565095555
0.00086194635004
0.000983929861794
0.00110543486882
0.00122644232442
0.00134689279857
0.00146671428324
0.00158585147256
0.00170424851274
0.00182184896406
0.00193860213599
0.0020544597124
0.00216936848318
0.00228327469782
0.00239612397606
0.00250786818094
0.00261846608254
0.00272786852067
0.00283602572591
0.00294288729559
0.00304840782563
0.00315255286722
0.00325527911594
0.00335654253694
0.00345629865141
0.00355450625406
0.00365113673595
0.00374615375222
0.00383952000046
0.00393119800087
0.00402115226676
0.00410936008911
0.00419579301592
0.00428042136734
0.00436321560682
0.00444414739639
0.00452320011774
0.00460035391889
0.0046755875051
0.0047488800766
0.00482021169268
0.00488957222027
0.00495695088479
0.00502233541268
0.00508571438845
0.00514707728161
0.00520642103451
0.00526374419483
0.00531904401078
0.00537231894475
0.00542356861214
0.00547279778657
0.00552001435589
0.00556522544122
0.00560843970831
0.00564966733648
0.00568892181983
0.00572622015589
0.00576157952773
0.00579501893853
0.00582655922916
0.00585622347464
0.00588403737498
0.00591002814561
0.00593422503253
0.00595665937536
0.00597736427493
0.00599637379911
0.00601372481015
0.00602945641728
0.00604360998251
0.00605622855386
0.00606735421765
0.00607703268641
0.006085312187
0.00609224322902
0.00609787811192
0.00610226641086
0.00610546141597
0.00610751925236
0.0061084981932
0.00610845837729
0.00610745594222
0.00610554992661
0.00610280253298
0.00609927777846
0.0060950414193
0.00609015458866
0.00608467960866
0.00607868221446
0.00607222939917
0.00606538944875
0.00605822606484
0.00605080171275
0.00604318232555
0.00603543431407
0.00602762458764
0.00601981599096
0.00601206740877
0.00600444090706
0.00599699807607
0.00598980000312
0.00598290414517
0.00597636195467
0.00597022705361
0.00596455163608
0.0059593863208
0.00595477826602
0.00595076766344
0.00594739525925
0.00594469953797
0.00594271642671
0.00594147835277
0.00594101094453
0.00594133858355
0.00594248275728
0.00594446167962
0.00594728996286
0.00595097656068
0.00595552768981
0.00596094628493
0.00596723168923
0.00597437964764
0.00598238202316
0.00599122720113
0.0060009001177
0.00601138223817
0.00602265165691
0.00603468454963
0.00604745388638
0.0060609291539
0.00607507686407
0.00608986064547
0.00610524389916
0.00612118814206
0.00613765139353
0.00615458943525
0.00617195587659
0.00618970516832
0.00620779207122
0.00622616777178
0.00624478204712
0.00626358330726
0.00628252130069
0.00630154850794
0.00632061389175
0.00633966575206
0.00635865179052
0.00637752120844
0.00639622790463
0.00641472268929
0.0064329562589
0.00645087938342
0.00646844431819
0.00648560920394
0.00650232992796
0.00651856260901
0.00653426399473
0.00654939226539
0.00656391180932
0.00657778591463
0.00659097829982
0.00660345375671
0.00661517850963
0.006626124552
0.00663626406128
0.00664556978982
0.00665401591196
0.00666157812348
0.00666823692439
0.00667397416604
0.00667877246379
0.00668261612259
0.00668549113405
0.00668738710733
0.00668829578984
0.0066882100125
0.00668712449182
0.0066850358223
0.00668194312224
0.00667784782064
0.0066727529371
0.00666666350403
0.00665958658183
0.00665153101542
0.00664250737156
0.00663252850925
0.0066216093578
0.00660976695083
0.00659701974576
0.00658338675761
0.00656888999684
0.00655355356447
0.00653740365529
0.00652046778503
0.00650277264105
0.00648434833959
0.0064652271065
0.00644544314696
0.00642503199943
0.00640402708455
0.00638246520894
0.00636038531325
0.00633782808058
0.00631483551363
0.0062914465418
0.0062677028549
0.00624364828023
0.00621932801209
0.00619478840673
0.0061700722521
0.00614522390546
0.00612028978882
0.00609531717008
0.00607035410247
0.00604544504063
0.00602063440195
0.00599596844752
0.00597149362889
0.00594725657312
0.00592330063319
0.00589966737932
0.00587639978688
0.00585354027195
0.00583113065207
0.00580920990951
0.00578781380368
0.00576697875309
0.00574673985977
0.00572713083811
0.00570818280303
0.00568992305572
0.00567237842038
0.00565557376692
0.00563953189157
0.00562427304238
0.00560981393146
0.00559616955981
0.00558335251114
0.00557137282981
0.00556023798888
0.00554995290267
0.00554051980871
0.00553193826207
0.00552420511937
0.00551731469933
0.00551126014803
0.00550603155362
0.00550161623809
0.00549799899697
0.00549516228011
0.00549308880753
0.00549175862307
0.00549114904979
0.00549123534211
0.00549199080325
0.00549339017389
0.00549540665806
0.00549801084974
0.00550117192092
0.00550485767211
0.00550903800371
0.00551368299356
0.00551876024307
0.00552423665338
0.00553007845341
0.00553625408077
0.00554273409085
0.00554948674138
0.00555648028259
0.00556368297671
0.00557106515965
0.00557860075047
0.00558626184942
0.00559402109333
0.00560185172309
0.00560972886302
0.00561763188977
0.00562553916284
0.00563342995013
0.00564128458982
0.00564908514709
0.00565681779979
0.00566446868197
0.00567202507645
0.00567947566211
0.00568681075871
0.00569402401138
0.00570110993741
0.00570806437573
0.00571488474051
0.00572157005499
0.00572812150307
0.00573454174352
0.0057408349238
0.00574700679596
0.00575306468727
0.00575901685121
0.00576487308164
0.00577064486257
0.00577634516078
0.00578198840728
0.00578758893308
0.00579316200196
0.00579872481145
0.00580429577289
0.00580989450558
0.00581553990445
0.00582125051389
0.00582704706982
0.00583295112115
0.0058389850219
0.00584517011427
0.00585152579368
0.00585807372204
0.0058648359087
0.00587183466513
0.00587909115459
0.00588662318401
0.00589445051396
0.0059025928061
0.0059110694745
0.00591989869502
0.00592909437917
0.00593867168265
0.00594864528452
0.00595902908825
0.00596983565962
0.00598107305532
0.00599274960499
0.00600487287364
0.0060174492155
0.00603048353302
0.00604397663054
0.00605792859444
0.00607233853698
0.00608720407564
0.00610252128037
0.00611828302905
0.00613448075795
0.00615110475859
0.00616814372643
0.0061855847832
0.00620341299222
0.00622161178074
0.00624016324288
0.00625904795813
0.00627824502438
0.00629773253759
0.00631748746716
0.00633748519011
0.0063576998051
0.00637810416166
0.00639867086224
0.00641937257937
0.00644018007756
0.00646106317959
0.00648199079641
0.00650293205763
0.00652385768342
0.00654473630583
0.00656553596057
0.0065862241697
0.00660676893193
0.00662714128934
0.00664731032034
0.006667244793
0.00668691338443
0.00670628539494
0.00672533425215
0.00674403192804
0.00676235028553
0.00678026151788
0.00679773856515
0.00681475904035
0.00683129996549
0.00684733838697
0.00686285208438
0.00687781974793
0.0068922247212
0.00690605084844
0.00691928211388
0.00693190360796
0.00694390156241
0.0069552663788
0.00696599006653
0.00697606494145
0.00698548475862
0.00699424469975
0.00700234336521
0.00700978182533
0.00701656174515
0.00702268650946
0.00702816121764
0.00703299363635
0.00703719431976
0.00704077490335
0.00704374894776
0.00704613195058
0.00704794155617
0.0070491977616
0.00704992233763
0.00705013909118
0.00704987389151
0.00704915444972
0.00704800981028
0.00704647145341
0.00704457293679
0.00704234987401
0.00703983954712
0.00703707921803
0.00703410894855
0.00703097086619
0.00702770897812
0.00702436880052
0.00702099440517
0.00701763249701
0.00701433178136
0.00701114246397
0.00700811599058
0.0070053011018
0.00700274832756
0.00700051006397
0.00699863961039
0.00699719103075
0.00699621476162
0.00699576149548
0.00699588356752
0.00699663342225
0.00699806354969
0.00700022232772
0.00700315632005
0.00700691341064
0.00701154067308
0.00701708431597
0.00702358638462
0.00703108485663
0.00703961859815
0.00704922474697
0.00705993866238
0.00707179163629
0.00708480923877
0.00709901719375
0.00711443878696
0.00713109478052
0.00714900204028
0.00716817103765
0.00718861145971
0.00721033017144
0.00723333106712
0.00725761441831
0.00728317446417
0.00731000376343
0.0073380920084
0.00736742583368
0.00739798864273
0.00742975903141
0.00746271330672
0.00749682512376
0.00753206532994
0.00756840203733
0.00760580029163
0.0076442227223
0.00768362963402
0.00772397902074
0.00776522670502
0.00780732727756
0.00785023338192
0.00789389561881
0.00793826290506
0.00798328258154
0.00802890229252
0.00807506883171
0.00812172706944
0.00816882084429
0.00821629302412
0.00826408773938
0.00831214993865
0.00836042255822
0.00840884810955
0.00845736870401
0.00850592813617
0.00855447288437
0.00860294730249
0.00865129580792
0.00869946291272
0.0087473949037
0.00879504234125
0.00884235378222
0.00888927816693
0.00893576494725
0.0089817652671
0.00902723560559
0.00907213089287
0.00911640660665
0.00916001908464
0.00920292623039
0.00924509170318
0.00928647839331
0.00932704979283
0.00936677054566
0.00940560678099
0.0094435301815
0.00948051265562
0.00951652672502
0.00955154630646
0.0095855468083
0.00961850849562
0.00965041287886
0.00968124212565
0.00971097999578
0.00973961182934
0.00976712683864
0.00979351629099
0.00981877225837
0.00984288855219
0.00986586069429
0.00988768705385
0.00990836841422
0.00992790667021
0.00994630554485
0.00996357057566
0.00997970933942
0.00999473151524
0.0100086484003
0.0100214731352
0.0100332207084
0.0100439076462
0.0100535516361
0.0100621725709
0.0100697921437
0.0100764338413
0.0100821224173
0.0100868824975
0.0100907413315
0.0100937279077
0.0100958728519
0.0100972079103
0.0100977633569
0.0100975721295
0.0100966688473
0.0100950894976
0.0100928710587
0.0100900478906
0.0100866565465
0.0100827352112
0.0100783230547
0.0100734600282
0.0100681827022
0.0100625288324
0.0100565377475
0.0100502492742
0.0100437036716
0.0100369375205
0.0100299871426
0.0100228903284
0.0100156848013
0.0100084082153
0.0100010946914
0.00999377642628
0.00998648689143
0.00997925888931
0.00997212454942
0.00996511288542
0.00995824948362
0.0099515608258
0.00994507215425
0.00993880745073
0.00993278793704
0.00992703062825
0.00992155269504
0.00991636962517
0.00991149514386
0.00990694045259
0.00990271256596
0.00989881770853
0.00989526011764
0.00989204190769
0.00988916280406
0.00988661905024
0.00988440519698
0.00988251361925
0.00988093438836
0.00987965527051
0.0098786617101
0.00987793685814
0.00987746157181
0.00987721441542
0.00987717174446
0.00987730891363
0.00987759890025
0.00987801228462
0.00987851754178
0.00987908110419
0.0098796695884
0.00988024779256
0.00988077798046
0.00988122063906
0.00988153448911
0.0098816792421
0.00988161400758
0.00988129516176
0.00988067772663
0.00987971535718
0.00987836300063
0.00987657675039
0.00987430972741
0.00987151416406
0.00986814138269
0.00986414400171
0.00985947751808
0.00985409444675
0.00984794682562
0.00984098624766
0.00983316548532
0.00982444150893
0.00981476867533
0.00980410117377
0.00979239319545
0.00977959998162
0.00976568169336
0.00975059662073
0.00973430309974
0.00971675988129
0.00969792670081
0.00967776829417
0.00965624854291
0.00963333153308
0.0096089821366
0.00958316624888
0.00955585428609
0.00952701692392
0.00949662521084
0.00946465130742
0.00943106854477
0.0093958539143
0.00935898564899
0.00932044260888
0.00928020504736
0.00923825461517
0.00919457562623
0.00914915423495
0.00910197763955
0.00905303466842
0.00900231580104
0.00894981331998
0.00889552132081
0.0088394355881
0.00878155372922
0.00872187522803
0.00866040086864
0.00859713246101
0.00853207437583
0.00846523296647
0.00839661664682
0.00832623498369
0.00825409723171
0.00818021609023
0.00810460642554
0.00802728530384
0.00794827107117
0.00786758019056
0.00778523320461
0.00770125309136
0.00761566511962
0.00752849613559
0.00743976962323
0.00734951330126
0.00725775771876
0.00716453575359
0.0070698822172
0.0069738274657
0.00687640559869
0.00677765408328
0.00667761269637
0.00657632345572
0.0064738234483
0.00637015229485
0.00626535364421
0.00615947337597
0.00605255977871
0.0059446564889
0.00583580780239
0.00572606276641
0.00561547251913
0.00550409057693
0.00539196684795
0.0052791495727
0.00516569241955
0.00505165095157
0.00493708291298
0.00482204391491
0.00470658581458
0.00459076617378
0.00447464425903
0.00435828125944
0.00424173758677
0.00412506904542
0.00400833658174
0.00389160276029
0.00377493179177
0.00365838821523
0.00354203272784
0.0034259299221
0.00331014603356
0.00319474877327
0.00307980704602
0.00296538867528
0.00285156401138
0.00273840530593
0.00262598660069
0.00251438412438
0.00240367843924
0.00229395258807
0.00218529270383
0.00207778880044
0.00197153578894
0.00186664307761
0.00176322794953
0.00166141620092
0.00156134645079
0.00146317335076
0.00136708982906
0.00127332231013
0.00118213127279
0.00109382857884
0.00100879222609
0.000927515814334
0.000850629835806
0.000778906112009
0.000713303761049
0.000654987760371
0.000605351886879
0.000565942362864
0.000538170219114
0.000523010013928
0.000520660908922
0.000530427867825
0.000550889243696
0.0005801263755
0.00061614202171
0.000657114510297
0.000701527606988
0.000748216522041
0.00079623377347
0.000844837186034
0.000893446247633
0.000941611922357
0.000989019914911
0.00103540057699
0.00108053173072
0.00112423040676
0.0011663469661
0.00120678503192
0.00124545404333
0.00128227289227
0.00131717170517
0.00135009059661
0.00138099605421
0.0014098565494
0.00143664156951
0.00146132524435
0.00148388582418
0.00150431462774
0.00152260638565
0.00153875595386
0.00155276139067
0.00156462377544
0.00157434927462
0.00158194777532
0.0015874312499
0.00159081494931
0.00159211754839
0.00159135856581
0.00158855876995
0.00158374471762
0.00157694693973
0.00156820038705
0.00155753973328
0.00154499605354
0.00153061091416
0.00151443121529
0.00149650985037
0.00147690079443
0.00145564897003
0.00143281468193
0.00140846626528
0.00138268071206
0.00135553996255
0.00132711299292
0.00129748930611
0.00126677187792
0.00123507752378
0.00120253557505
0.00116926320048
0.00113540513558
0.00110113065572
0.00106663363564
0.00103213461296
0.000997852043242
0.000964043673355
0.000931011092
0.000899097683669
0.000868691541037
0.000840192169653
0.000814039905762
0.000790720137403
0.000770742469392
0.000754623271467
0.000742831191122
0.000735776644479
0.000733801306072
0.000737138410006
0.000745895236973
0.000760030580385
0.000779369590768
0.000803648705645
0.000832530478693
0.000865632396617
0.000902546044757
0.000942855869112
0.000986169647601
0.00103212007798
0.00108036931001
0.00113060939069
0.00118256037743
0.00123597215658
0.00129062032688
0.00134630329085
0.00140284045175
0.00146007226753
0.00151785209155
0.00157604594303
0.00163453091513
0.0016931947774
0.00175194106277
0.0018106767976
0.0018693140644
0.00192777006444
0.00198596718628
0.00204384116824
0.00210132810039
0.0021583651856
0.00221489213194
0.00227085114288
0.00232619597841
0.00238088088825
0.00243485903231
0.00248808498499
0.00254051457482
0.00259211312739
0.00264284809161
0.00269268453577
0.00274158854436
0.00278952701848
0.00283647397434
0.00288240760419
0.00292730304688
0.00297113638477
0.0030138844902
0.00305552909489
0.00309605759763
0.00313545437687
0.00317370479129
0.00321079510843
0.00324671482511
0.00328145933244
0.00331502185127
0.003347396606
0.00337857890926
0.00340856626987
0.00343736127977
0.00346496563719
0.00349138209424
0.00351661467901
0.00354066907808
0.00356355457899
0.00358528087358
0.00360585883923
0.00362530078743
0.00364362050418
0.00366083362755
0.00367695715577
0.00369200952756
0.00370601071216
0.00371898216322
0.00373094554657
0.00374192421866
0.00375194336831
0.00376102972004
0.00376921152868
0.00377651602796
0.00378297167637
0.00378860926971
0.00379346102655
0.00379756063905
0.00380094013563
0.00380363147398
0.00380566950267
0.00380709024002
0.00380793093097
0.00380822709679
0.00380801226789
0.00380732331144
0.00380619787437
0.00380467441527
0.00380278981536
0.00380057712466
0.00379807266255
0.00379531308068
0.00379233527911
0.00378917470929
0.00378586165933
0.00378242898113
0.00377890939171
0.00377533518999
0.00377173721775
0.00376814056654
0.0037645716469
0.00376105626826
0.00375761913205
0.00375428330937
0.00375106634683
0.00374798560846
0.00374505740305
0.00374229632245
0.0037397150497
0.00373732167549
0.00373512275942
0.00373312336095
0.0037313263983
0.00372973261312
0.00372833953173
0.0037271423969
0.00372613449163
0.00372530678962
0.00372464795935
0.00372414490624
0.00372378246223
0.00372354298184
0.00372340661627
0.00372335131867
0.00372335441766
0.0037233925238
0.00372343915971
0.00372346598595
0.0037234428027
0.00372333949323
0.00372312738205
0.00372277419935
0.00372224626815
0.0037215085475
0.00372052645361
0.00371926916141
0.00371770215733
0.00371578995196
0.00371349627887
0.00371078550039
0.00370762765477
0.00370398960149
0.00369983756252
0.00369513761343
0.00368985657751
0.00368396809164
0.0036774437685
0.00367025484298
0.00366237305872
0.00365377111284
0.0036444287321
0.00363432528745
0.00362344004902
0.00361175348067
0.00359924739508
0.00358591003625
0.00357173117842
0.00355670094947
0.00354081140872
0.00352405659876
0.00350643591284
0.00348795194991
0.00346860849482
0.00344841208632
0.00342737211103
0.00340550224621
0.00338282033326
0.00335934681727
0.00333510583482
0.00331012540153
0.00328443735669
0.00325807745257
0.00323108619588
0.00320350884559
0.00317539569641
0.00314680115966
