0.5
0.500000151855
0.500000506297
0.500001063744
0.500001824047
0.50000278689
0.500003951866
0.500005318266
0.500006885425
0.500008652312
0.500010617788
0.500012780563
0.500015139188
0.500017692052
0.500020437385
0.500023373273
0.500026497636
0.500029808247
0.50003330274
0.500036978591
0.500040833138
0.500044863589
0.500049067003
0.500053440308
0.500057980317
0.500062683708
0.500067547041
0.500072566753
0.500077739171
0.500083060516
0.500088526902
0.500094134338
0.500099878735
0.500105755912
0.50011176161
0.500117891483
0.500124141105
0.500130505972
0.500136981509
0.500143563083
0.500150245995
0.500157025491
0.500163896763
0.500170854954
0.500177895165
0.500185012462
0.500192201872
0.500199458394
0.500206777001
0.500214152644
0.50022158025
0.500229054739
0.500236571017
0.50024412399
0.500251708559
0.500259319614
0.500266952055
0.500274600792
0.500282260748
0.50028992686
0.500297594075
0.500305257362
0.500312911717
0.500320552164
0.500328173757
0.500335771576
0.500343340721
0.50035087634
0.500358373619
0.500365827787
0.500373234114
0.500380587898
0.500387884492
0.500395119301
0.500402287778
0.50040938543
0.500416407802
0.500423350498
0.500430209181
0.500436979574
0.500443657457
0.500450238655
0.500456719054
0.500463094605
0.500469361321
0.500475515279
0.500481552617
0.500487469539
0.500493262313
0.500498927277
0.500504460839
0.500509859472
0.500515119712
0.500520238171
0.500525211531
0.500530036548
0.500534710049
0.500539228934
0.500543590179
0.500547790837
0.500551828035
0.50055569898
0.500559400963
0.500562931359
0.50056628762
0.500569467285
0.500572467976
0.500575287399
0.500577923346
0.5005803737
0.50058263643
0.500584709595
0.500586591353
0.500588279966
0.50058977379
0.500591071276
0.500592170975
0.500593071541
0.500593771727
0.500594270392
0.500594566498
0.500594659118
0.500594547431
0.500594230737
0.500593708451
0.5005929801
0.500592045328
0.500590903899
0.500589555693
0.500588000707
0.500586239064
0.50058427101
0.500582096919
0.50057971729
0.50057713275
0.500574344057
0.500571352101
0.500568157902
0.500564762615
0.500561167514
0.50055737401
0.500553383652
0.500549198125
0.500544819249
0.500540248963
0.500535489342
0.500530542598
0.500525411082
0.500520097277
0.500514603791
0.50050893336
0.500503088857
0.50049707329
0.500490889798
0.500484541637
0.500478032161
0.500471364866
0.500464543369
0.500457571408
0.500450452838
0.500443191609
0.500435791792
0.500428257571
0.500420593237
0.500412803187
0.500404891894
0.500396863927
0.500388723957
0.500380476745
0.50037212714
0.500363680053
0.50035514046
0.500346513421
0.500337804063
0.500329017577
0.500320159214
0.500311234268
0.500302248092
0.500293206085
0.500284113691
0.500274976384
0.500265799642
0.500256588977
0.500247349925
0.500238088033
0.50022880886
0.500219517968
0.500210220921
0.500200923276
0.500191630581
0.500182348369
0.500173082152
0.500163837418
0.500154619624
0.500145434196
0.500136286518
0.500127181929
0.500118125711
0.500109123096
0.500100179253
0.500091299287
0.50008248824
0.500073751113
0.500065092825
0.500056518212
0.500048032031
0.500039638957
0.50003134357
0.500023150356
0.500015063708
0.500007087917
0.499999227165
0.499991485555
0.49998386709
0.499976375653
0.499969015015
0.499961788832
0.499954700647
0.499947753905
0.499940951917
0.499934297874
0.499927794843
0.499921445766
0.499915253476
0.499909220671
0.499903349916
0.499897643647
0.499892104166
0.499886733674
0.499881534236
0.499876507779
0.4998716561
0.499866980862
0.499862483594
0.49985816569
0.499854028411
0.499850072876
0.499846300071
0.49984271085
0.499839305953
0.49983608597
0.499833051357
0.499830202436
0.499827539394
0.499825062297
0.49982277107
0.499820665506
0.499818745267
0.499817009876
0.499815458724
0.499814091062
0.499812906012
0.499811902561
0.499811079561
0.499810435747
0.499809969734
0.499809679997
0.499809564883
0.499809622613
0.499809851279
0.499810248838
0.499810813123
0.499811541843
0.499812432579
0.499813482788
0.499814689821
0.499816050897
0.499817563118
0.499819223462
0.499821028792
0.49982297587
0.499825061342
0.499827281739
0.499829633481
0.499832112882
0.499834716146
0.499837439378
0.499840278573
0.499843229626
0.499846288332
0.499849450407
0.49985271152
0.499856067227
0.499859513006
0.499863044257
0.499866656306
0.499870344421
0.499874103799
0.499877929572
0.499881816815
0.499885760549
0.499889755787
0.499893797494
0.499897880593
0.499901999976
0.49990615051
0.499910327078
0.499914524566
0.499918737845
0.499922961791
0.499927191293
0.499931421265
0.499935646666
0.499939862478
0.499944063723
0.499948245474
0.499952402865
0.49995653114
0.499960625602
0.499964681635
0.49996869472
0.499972660438
0.499976574487
0.499980432682
0.499984230965
0.499987965412
0.499991632243
0.499995227831
0.499998748711
0.500002191586
0.500005553333
0.500008831013
0.500012021878
0.500015123373
0.500018133152
0.500021049086
0.500023869268
0.500026592004
0.500029215783
0.500031739347
0.500034161683
0.500036482018
0.50003869983
0.500040814803
0.500042826887
0.500044736294
0.500046543498
0.500048249239
0.500049854442
0.500051360273
0.500052768184
0.500054079884
0.500055297339
0.500056422725
0.500057458396
0.500058406996
0.500059271404
0.500060054734
0.500060760308
0.500061391551
0.50006195215
0.500062445993
0.500062877165
0.500063249926
0.50006356858
0.500063837612
0.500064061669
0.500064245526
0.500064394079
0.500064512234
0.500064604958
0.500064677323
0.500064734451
0.500064781502
0.500064823604
0.500064865805
0.50006491318
0.500064970766
0.500065043537
0.500065136373
0.500065253969
0.500065400934
0.500065581738
0.500065800685
0.50006606189
0.500066369205
0.500066726262
0.50006713645
0.500067602884
0.500068128385
0.500068715447
0.500069366228
0.500070082531
0.50007086578
0.500071717002
0.500072636818
0.500073625427
0.500074682563
0.500075807487
0.500076998967
0.500078255282
0.500079574265
0.500080953181
0.500082388741
0.500083877092
0.50008541381
0.50008699402
0.500088612226
0.500090262312
0.500091937555
0.500093630611
0.500095333647
0.50009703823
0.500098735262
0.500100415017
0.500102067136
0.500103680754
0.500105244542
0.50010674646
0.500108173871
0.500109513542
0.500110751704
0.500111874213
0.50011286628
0.500113712561
0.500114397183
0.500114903773
0.500115215733
0.500115315939
0.500115186787
0.500114810255
0.500114167916
0.500113241176
0.500112011132
0.500110458509
0.500108563755
0.500106307061
0.500103668521
0.500100628185
0.500097165867
0.500093261275
0.500088894041
0.500084043812
0.500078690422
0.500072813667
0.500066393429
0.50005940972
0.500051842727
0.500043672965
0.500034881175
0.500025448375
0.500015355924
0.500004585555
0.499993119506
0.49998094049
0.499968031708
0.499954376916
0.499939960466
0.499924767323
0.499908783107
0.499891994161
0.499874387577
0.499855951236
0.499836673822
0.499816544817
0.499795554624
0.499773694576
0.499750956972
0.499727335085
0.499702823027
0.499677415998
0.499651110287
0.499623903277
0.499595793468
0.499566780303
0.499536864355
0.49950604742
0.499474332477
0.499441723714
0.499408226347
0.499373846623
0.499338592134
0.499302471683
0.499265495299
0.499227674144
0.499189020299
0.499149547194
0.499109269464
0.499068202942
0.499026364607
0.498983772213
0.498940444756
0.498896402394
0.49885166638
0.49880625905
0.498760203466
0.498713523685
0.498666244832
0.498618392982
0.498569995144
0.498521079006
0.498471672912
0.498421806145
0.498371508743
0.498320811469
0.498269745665
0.498218343008
0.498166635891
0.498114657232
0.498062440421
0.498010019255
0.497957427686
0.497904700048
0.497851870957
0.497798975242
0.497746047889
0.497693123796
0.497640237886
0.497587425111
0.497534720341
0.49748215831
0.497429773545
0.497377600313
0.497325672595
0.497274024019
0.497222687809
0.497171696734
0.497121083064
0.497070878503
0.497021114138
0.496971820393
0.496923026982
0.496874762953
0.496827056516
0.49677993502
0.496733424914
0.496687551705
0.496642340168
0.496597814081
0.496553996127
0.496510907921
0.496468569973
0.496427001798
0.496386221863
0.496346247369
0.496307094309
0.496268777433
0.496231310368
0.496194705815
0.496158975037
0.496124128022
0.49609017347
0.496057118828
0.49602497062
0.49599373397
0.495963412683
0.495934009283
0.49590552501
0.495877960199
0.495851313932
0.49582558397
0.495800766859
0.495776857923
0.495753851558
0.495731741189
0.495710518962
0.49569017593
0.495670702065
0.495652086394
0.495634317194
0.495617381629
0.495601265913
0.495585955348
0.495571434399
0.495557687022
0.495544696285
0.495532444488
0.495520913232
0.495510083463
0.495499935704
0.495490449911
0.495481605475
0.495473381321
0.495465755938
0.49545870752
0.49545221398
0.4954462529
0.49544080162
0.49543583729
0.49543133693
0.49542727751
0.495423635917
0.495420389034
0.495417513781
0.495414987153
0.49541278622
0.495410888231
0.495409270645
0.495407911165
0.495406787782
0.495405878698
0.495405162478
0.4954046181
0.495404224967
0.495403962952
0.495403812286
0.49540375364
0.495403768295
0.495403838099
0.495403945499
0.495404073479
0.495404205458
0.495404325618
0.495404418811
0.495404470578
0.49540446713
0.495404395115
0.495404241996
0.495403995982
0.495403646018
0.495403181788
0.495402593458
0.49540187195
0.495401008983
0.495399997011
0.495398829241
0.49539749942
0.495396001915
0.495394331903
0.495392485264
0.495390458581
0.495388249031
0.495385854264
0.495383272693
0.495380503371
0.495377545976
0.495374400766
0.495371068382
0.495367550108
0.495363847784
0.495359963779
0.495355900968
0.495351662555
0.495347252218
0.495342674099
0.495337932754
0.495333033129
0.495327980481
0.495322780379
0.495317438742
0.495311961783
0.495306355994
0.495300628091
0.495294784975
0.495288833773
0.495282781788
0.495276636477
0.495270405436
0.495264096396
0.495257717173
0.495251275652
0.495244779767
0.495238237488
0.495231656857
0.495225045909
0.495218412649
0.495211765043
0.495205111001
0.495198458424
0.495191815156
0.495185188915
0.495178587314
0.495172017835
0.495165487882
0.495159004827
0.495152575827
0.495146207887
0.495139907843
0.495133682377
0.495127538108
0.495121481431
0.495115518543
0.495109655451
0.495103897968
0.495098251826
0.495092722547
0.49508731543
0.495082035575
0.495076887877
0.495071877113
0.495067007895
0.495062284604
0.495057711428
0.495053292358
0.495049031227
0.495044931726
0.495040997333
0.495037231343
0.495033636868
0.495030216854
0.495026974142
0.495023911377
0.495021031037
0.495018335443
0.495015826758
0.495013507012
0.495011378077
0.495009441683
0.495007699413
0.49500615271
0.495004802871
0.495003651049
0.495002698267
0.495001945416
0.495001393255
0.495001042408
0.495000893361
0.495000946477
0.495001201996
0.495001660034
0.495002320568
0.495003183386
0.495004248171
0.495005514476
0.495006981719
0.49500864918
0.49501051597
0.495012581066
0.495014843304
0.495017301378
0.495019953835
0.495022799032
0.495025835162
0.495029060272
0.495032472241
0.495036068786
0.495039847435
0.495043805517
0.495047940195
0.495052248445
0.495056727055
0.49506137262
0.495066181552
0.495071150058
0.495076274148
0.495081549625
0.495086972086
0.495092536935
0.495098239357
0.495104074328
0.495110036605
0.495116120728
0.495122321076
0.495128631832
0.495135046945
0.495141560159
0.495148165008
0.495154854854
0.495161622912
0.495168462169
0.495175365423
0.495182325282
0.495189334197
0.495196384556
0.49520346854
0.495210578173
0.495217705337
0.495224841782
0.495231979256
0.495239109377
0.49524622365
0.495253313501
0.495260370282
0.495267385377
0.495274350153
0.495281255926
0.495288094004
0.495294855704
0.495301532425
0.495308115701
0.495314597076
0.495320968189
0.495327220783
0.495333346742
0.495339338164
0.495345187285
0.495350886526
0.495356428517
0.495361806116
0.495367012473
0.495372041
0.495376885391
0.495381539651
0.495385998117
0.495390255475
0.495394306786
0.495398147494
0.495401773454
0.495405180946
0.495408366663
0.495411327711
0.495414061698
0.495416566716
0.49541884136
0.495420884717
0.495422696303
0.49542427621
0.495425625081
0.495426744113
0.49542763506
0.49542830008
0.495428741936
0.495428963987
0.495428970166
0.495428764992
0.49542835339
0.495427740827
0.495426933393
0.495425937734
0.495424761064
0.495423411026
0.495421895648
0.495420223585
0.495418403995
0.495416446539
0.495414361303
0.495412158604
0.495409849303
0.49540744469
0.495404956454
0.495402396648
0.495399777434
0.495397111351
0.495394411264
0.495391690302
0.495388961838
0.495386239259
0.495383536096
0.495380866072
0.495378243013
0.495375680818
0.495373193339
0.495370794327
0.495368497562
0.495366316746
0.495364265471
0.495362357144
0.495360604847
0.495359021491
0.49535761972
0.495356411864
0.495355409904
0.495354625413
0.495354069549
0.495353753012
0.495353686003
0.495353878195
0.495354338713
0.495355076084
0.495356098195
0.495357412262
0.495359024795
0.495360941627
0.495363167888
0.495365707876
0.495368565072
0.495371742109
0.495375240813
0.495379062344
0.495383206862
0.495387673603
0.495392460872
0.495397566042
0.495402985746
0.495408715591
0.495414750183
0.495421083135
0.495427707063
0.495434613898
0.495441794619
0.495449239136
0.495456936391
0.495464874347
0.495473040201
0.495481420405
0.495490000344
0.495498764502
0.495507696459
0.495516779013
0.495525994411
0.495535323934
0.495544748057
0.495554246482
0.495563798207
0.495573381975
0.495582975754
0.495592556859
0.495602102036
0.495611587498
0.495620989151
0.495630282466
0.495639442456
0.495648443765
0.495657260707
0.495665867511
0.495674238365
0.495682347167
0.495690167713
0.495697673747
0.49570483906
0.495711637663
0.495718043598
0.495724031069
0.495729574506
0.495734648608
0.495739228429
0.495743289386
0.495746807318
0.495749758542
0.495752119901
0.495753868865
0.495754983543
0.495755442718
0.495755225918
0.495754313462
0.495752686387
0.495750326499
0.495747216585
0.495743340374
0.495738682584
0.495733228912
0.495726965974
0.495719881549
0.49571196455
0.495703205053
0.495693594295
0.495683124426
0.495671788913
0.495659582507
0.495646501233
0.495632542406
0.495617704244
0.495601986247
0.495585389309
0.495567915623
0.495549568693
0.495530353167
0.495510274868
0.495489341031
0.495467560198
0.495444942224
0.495421498078
0.495397239498
0.495372179706
0.495346333124
0.495319715357
0.495292343131
0.495264233964
0.495235406574
0.495205880775
0.495175677415
0.495144818351
0.495113326093
0.495081224078
0.495048536699
0.495015289191
0.494981507605
0.494947218452
0.494912448725
0.494877226215
0.494841579278
0.494805536791
0.494769128088
0.494732382879
0.494695331286
0.494658003769
0.494620431079
0.49458264417
0.494544673902
0.49450655133
0.49446830758
0.494429973762
0.494391580923
0.49435316
0.494314741761
0.494276356754
0.494238035252
0.494199807209
0.49416170225
0.494123749615
0.494085978052
0.494048415801
0.49401109054
0.493974029379
0.493937258868
0.493900804819
0.493864692315
0.493828945661
0.493793588393
0.49375864351
0.49372413305
0.493690078146
0.493656499013
0.493623414927
0.493590844416
0.493558805016
0.493527313205
0.493496384437
0.493466033102
0.493436272792
