0.0
1.63724949903e-05
5.12133674446e-05
0.000107852387479
0.000188176683254
0.000291706419292
0.00041664341125
0.000565018814639
0.00073460421643
0.000926806412428
0.00114165981712
0.00137903902339
0.00163876700557
0.00192075425097
0.00222488966755
0.00255098281609
0.00289892688208
0.00326859660457
0.0036598150031
0.00407246269877
0.00450639001994
0.00496139579882
0.00543733225992
0.00593402827034
0.00645126955768
0.00698885825324
0.00754659074322
0.00812425780567
0.00872164119673
0.00933850629941
0.00997461910988
0.0106297409554
0.0113036280234
0.0119960291176
0.0127066640656
0.0134352556072
0.0141815231662
0.0149451804334
0.0157259347304
0.016523483373
0.017337517779
0.0181677249138
0.0190137864455
0.019875378383
0.0207521653947
0.0216438012315
0.0225499374094
0.0234702205172
0.0244042892213
0.0253517767043
0.0263123103016
0.0272855099107
0.0282709903735
0.0292683603005
0.0302772223786
0.0312971815301
0.0323278352214
0.0333687742517
0.0344195836183
0.0354798443727
0.0365491299839
0.0376270078968
0.038713040883
0.0398067848576
0.040907791287
0.0420156124169
0.0431298030392
0.0442499079235
0.0453754668281
0.0465060155642
0.0476410867002
0.0487802145672
0.0499229270166
0.0510687456391
0.05221719101
0.0533677780026
0.0545200214101
0.0556734337857
0.0568275205327
0.0579817833023
0.0591357206775
0.0602888433914
0.0614406585837
0.0625906690875
0.0637383738952
0.0648832724353
0.06602485923
0.0671626279648
0.0682960691241
0.0694246712618
0.0705479194268
0.0716653015339
0.0727763158845
0.0738804528579
0.0749772023744
0.0760660502307
0.077146487717
0.0782180117902
0.0792801161553
0.0803322952361
0.0813740448258
0.0824048591495
0.0834242302806
0.0844316522862
0.0854266169958
0.0864086161634
0.0873771424587
0.0883316984665
0.0892718008484
0.0901969603556
0.0911066883719
0.0920005026646
0.0928779208554
0.0937384540787
0.0945816211815
0.0954069428303
0.0962139419838
0.0970021413519
0.0977710805838
0.0985202960239
0.0992493268906
0.099957716115
0.100645010985
0.10131076644
0.101954540157
0.102575895809
0.103174400122
0.103749627041
0.104301150309
0.104828548718
0.10533140667
0.105809312167
0.106261858002
0.106688643221
0.107089281684
0.107463387036
0.107810579283
0.108130485449
0.108422740598
0.108686978769
0.108922846383
0.109129991942
0.109308075375
0.109456761144
0.109575718206
0.109664622054
0.109723156496
0.10975101362
0.109747889114
0.109713491435
0.109647537726
0.109549752669
0.109419871643
0.109257637461
0.109062799164
0.108835101032
0.108574304693
0.108280176371
0.107952491749
0.107591037054
0.107195606206
0.106766005788
0.106302049597
0.105803562172
0.105270378685
0.104702334849
0.104099276428
0.103461065995
0.102787568862
0.102078667007
0.101334242268
0.100554179224
0.099738379561
0.0988867497395
0.0979992101147
0.0970756876757
0.0961161293314
0.0951204902286
0.0940887357665
0.0930208482902
0.0919168187764
0.0907766213427
0.0896002495389
0.0883877079549
0.0871390134007
0.0858541877646
0.0845332692962
0.0831763066978
0.0817833584888
0.0803544962809
0.0788898052868
0.077389373346
0.0758532981065
0.0742816921539
0.0726746835538
0.0710324140166
0.0693550280418
0.0676426515803
0.0658954346842
0.0641135355109
0.0622971169542
0.0604463540286
0.0585614594905
0.0566426511844
0.0546901624395
0.0527042500063
0.0506851880848
0.0486332073608
0.0465485501435
0.0444314812822
0.0422822711932
0.0401011931893
0.0378885464714
0.0356446497028
0.0333698260505
0.0310644163653
0.0287287822243
0.0263632996166
0.0239683419115
0.0215443288964
0.019091727373
0.0166110807261
0.0141030496569
0.0115684072988
0.00900843041745
0.00642581994426
0.00382952589477
0.00129941706428
0.00166573668557
0.00428159661851
0.00698302019748
0.00971918382578
0.0124828833907
0.0152715525153
0.0180838114107
0.0209187925613
0.0237757748354
0.0266541008038
0.0295531831307
0.0324725083912
0.0354115115427
0.0383696288286
0.0413462952102
0.0443409453313
0.0473530226272
0.0503819595532
0.0534271840928
0.0564881188939
0.0595641787258
0.0626547273274
0.0657591289053
0.0688767467616
0.0720069334479
0.075149030549
0.0783024201693
0.0814664985856
0.0846406301478
0.0878241770318
0.091016500473
0.094216944361
0.0974248295037
0.100639482031
0.103860223741
0.10708636549
0.110317219169
0.113552109331
0.116790347958
0.120031240209
0.123274082736
0.126518175712
0.12976281928
0.13300731778
0.136250963091
0.13949304666
0.1427328561
0.145969670846
0.149202759613
0.152431391021
0.155654831787
0.158872338361
0.162083177763
0.165286643533
0.168482006396
0.171668539893
0.174845517603
0.178012208851
0.181167872874
0.184311768177
0.187443157319
0.190561296171
0.193665440928
0.196754861092
0.199828823833
0.202886595131
0.205927433774
0.208950609505
0.211955389168
0.214941048107
0.217906859612
0.22085209945
0.223776042578
0.226677964943
0.229557137165
0.232412839586
0.235244351225
0.238050946412
0.240831905859
0.243586535541
0.246314139744
0.249014013803
0.251685465984
0.254327808545
0.256940348231
0.259522396697
0.262073266577
0.264592277314
0.2670787521
0.269532021885
0.271951430631
0.274336315257
0.276686025333
0.278999911392
0.281277332185
0.283517660958
0.285720264907
0.287884525497
0.290009831073
0.292095572502
0.294141139916
0.296145935485
0.29810936102
0.300030830682
0.301909762353
0.303745593125
0.305537775372
0.30728575082
0.308988981453
0.310646945103
0.312259101974
0.313824932775
0.315343920014
0.316815567529
0.318239372607
0.319614849862
0.320941525872
0.322218937741
0.323446626192
0.324624148721
0.325751062765
0.326826945352
0.327851376783
0.328823952969
0.329744277889
0.330611975672
0.331426651153
0.332187937998
0.332895476998
0.333548914977
0.334147915714
0.334692152788
0.335181317715
0.335615115632
0.335993260229
0.336315481547
0.336581510646
0.336791087349
0.336943963321
0.337039909879
0.337078702893
0.337060130286
0.336983999924
0.336850118568
0.336658315329
0.336408430575
0.336100316428
0.335733835163
0.335308864439
0.334825303345
0.334283054443
0.333682035637
0.333022176129
0.332303400247
0.331525662519
0.330688922435
0.329793151251
0.328838341958
0.327824499464
0.326751644498
0.32561981055
0.324429050243
0.323179424652
0.321870990598
0.320503828849
0.319078032832
0.317593713097
0.316050987184
0.314449986806
0.312790859635
0.311073768148
0.30929888779
0.307466400082
0.30557651185
0.303629432102
0.301625394357
0.299564639094
0.297447421967
0.295274018144
0.293044689519
0.290759729732
0.288419442237
0.286024140475
0.283574151516
0.281069824925
0.278511514587
0.275899591533
0.273234443752
0.270516472536
0.267746073937
0.264923670194
0.262049694968
0.2591245856
0.256148812737
0.25312283507
0.250047133587
0.246922200811
0.243748546455
0.240526687719
0.237257155212
0.233940487064
0.230577240119
0.227167984817
0.223713298572
0.220213771974
0.216670000315
0.213082590871
0.209452162585
0.205779345249
0.202064779537
0.198309125528
0.194513055118
0.190677244985
0.186802394907
0.182889210426
0.178938395184
0.174950665445
0.170926746742
0.166867375898
0.162773292997
0.158645256852
0.154484042258
0.150290426852
0.146065198254
0.141809153923
0.137523104105
0.133207859467
0.12886425168
0.124493110713
0.120095280938
0.115671612496
0.111222971499
0.106750228987
0.102254263475
0.0977359617036
0.0931962188527
0.0886359506151
0.0840560933588
0.0794575843559
0.0748413827781
0.0702084575287
0.065559812297
0.0608964857955
0.0562195474321
0.0515301210366
0.0468294012195
0.0421187114644
0.0373996153929
0.032674000752
0.027944378972
0.0232145228587
0.0184910760021
0.0137885805058
0.00914930996289
0.00477672320359
0.00274789013067
0.00616256389928
0.0106830318885
0.0153620823199
0.0200880361128
0.0248323935081
0.0295841795694
0.0343379618586
0.0390904892154
0.0438394488324
0.0485830300875
0.053319701858
0.0580481084236
0.0627670335861
0.0674752954756
0.0721717508932
0.0768552862753
0.0815248083388
0.0861792644442
0.0908175956131
0.0954387513043
0.100041682567
0.104625343456
0.109188726116
0.113730816609
0.11825060196
0.122747066685
0.127219199447
0.131665997106
0.136086463465
0.140479600786
0.144844411134
0.149179895809
0.153485072033
0.157758966187
0.162000607176
0.166209020758
0.170383239645
0.174522298243
0.178625247578
0.18269114594
0.186719044668
0.190708004245
0.194657089824
0.198565378186
0.202431947291
0.206255879941
0.210036267073
0.213772201309
0.217462789521
0.221107156232
0.22470442028
0.228253717604
0.231754178009
0.235204957074
0.238605198678
0.241954066875
0.245250730166
0.248494362143
0.251684146655
0.254819285669
0.257898998715
0.260922488767
0.263888994463
0.266797749572
0.269648001922
0.272439006489
0.275170030223
0.277840351399
0.280449253429
0.282996038987
0.285480014031
0.287900501541
0.290256827153
0.292548336388
0.294774383875
0.296934344056
0.299027599693
0.301053543522
0.303011593102
0.304901164129
0.306721682263
0.308472589272
0.310153333689
0.311763385612
0.313302217706
0.314769331718
0.316164236448
0.31748645635
0.318735531133
0.319911014284
0.321012474128
0.322039474242
0.322991619964
0.323868512374
0.324669775337
0.325395052441
0.326043980515
0.326616228577
0.327111478774
0.327529425362
0.327869781186
0.328132262483
0.328316618093
0.328422597978
0.328449976051
0.328398546362
0.328268097522
0.328058451686
0.327769432838
0.327400897287
0.326952703276
0.326424734372
0.325816874917
0.325129046544
0.324361174674
0.323513204147
0.322585096804
0.321576816929
0.320488364982
0.319319741609
0.318070977523
0.316742113726
0.315333196816
0.313844298329
0.312275506911
0.31062692316
0.308898673599
0.307090888947
0.305203721878
0.303237340292
0.301191935569
0.299067711387
0.296864882525
0.294583679339
0.292224347587
0.289787152954
0.287272380331
0.284680324933
0.282011298772
0.279265627168
0.276443660239
0.273545758444
0.270572304288
0.267523685373
0.264400302357
0.261202588282
0.25793098113
0.254585939497
0.251167932136
0.247677433418
0.244114944075
0.240480981655
0.236776071827
0.233000763652
0.229155620055
0.225241220412
0.221258167502
0.217207077108
0.213088576701
0.208903283284
0.204651853022
0.200334937895
0.195953216547
0.191507378008
0.186998132721
0.182426202506
0.177792329812
0.173097266198
0.16834178575
0.163526669523
0.158652713294
0.153720732511
0.148731562365
0.143686053614
0.138585064078
0.133429458861
0.128220123709
0.12295796008
0.117643884231
0.112278839437
0.106863815101
0.101399814925
0.0958878831248
0.0903291029963
0.0847246115434
0.0790755907355
0.0733833119206
0.0676491672103
0.0618747100605
0.056061744077
0.0502125119987
0.0443299279863
0.0384180943332
0.0324834114532
0.0265371675334
0.0206026551791
0.0147392418812
0.00915600779986
0.00504665441559
0.00658362728377
0.011772924616
0.0176730698688
0.0237822282453
0.0299893960066
0.0362571879738
0.0425692221095
0.0489169333381
0.0552950769245
0.0617000641311
0.0681291993095
0.0745803016358
0.0810515294178
0.0875412251183
0.0940478526148
0.100569958002
0.107106145955
0.113655082825
0.120215466059
0.126786003298
0.133365414372
0.139952427228
0.146545787268
0.153144264345
0.159746613582
0.166351593331
0.172957963605
0.179564484297
0.186169936366
0.192773088595
0.199372708671
0.20596755998
0.212556412201
0.219138048059
0.225711247962
0.232274790518
0.238827446578
0.245367999469
0.251895226587
0.258407928295
0.26490488875
0.271384895053
0.277846737753
0.284289205564
0.290711105125
0.29711123625
0.30348840026
0.30984139328
0.316169023836
0.322470122477
0.328743505944
0.33498800507
0.341202440877
0.347385649163
0.353536470516
0.359653746829
0.365736329626
0.371783068142
0.37779281373
0.38376444392
0.389696836655
0.395588871068
0.401439446816
0.40724744481
0.41301177727
0.418731351113
0.42440507958
0.430031889113
0.435610707517
0.441140482979
0.446620161064
0.45204870708
0.45742509214
0.462748295365
0.468017309755
0.473231123154
0.47838876252
0.483489228653
0.488531569096
0.493514810911
0.498438004835
0.503300216139
0.508100511186
0.51283797154
0.517511692888
0.522120774566
0.526664343447
0.531141538543
0.535551499294
0.539893390556
0.544166373001
0.548369642819
0.552502377654
0.556563795648
0.560553119777
0.564469572767
0.568312409254
0.572080897307
0.575774305965
0.579391934063
0.582933071077
0.58639705307
0.589783208907
0.593090878035
0.596319445291
0.599468280002
0.602536771156
0.605524334368
0.608430389081
0.611254380279
0.613995753792
0.616653985928
0.619228564495
0.621718998909
0.624124804498
0.626445517023
0.628680699439
0.630829908517
0.632892743904
0.634868784207
0.636757671416
0.638559016576
0.640272497478
0.641897755207
0.64343449307
0.644882410548
0.646241235015
0.647510686513
0.648690532533
0.649780551247
0.650780512154
0.651690245364
0.652509566506
0.653238314443
0.653876354302
0.654423548929
0.654879816812
0.655245052334
0.655519190474
0.655702174924
0.655793975483
0.655794575075
0.65570397168
0.655522192785
0.655249262828
0.654885241509
0.654430199879
0.653884228222
0.653247438894
0.652519947317
0.651701893011
0.650793444237
0.649794771778
0.648706078547
0.647527571687
0.646259481831
0.644902063477
0.643455577287
0.641920316099
0.640296577687
0.638584669665
0.636784926904
0.634897707393
0.63292338015
0.630862324726
0.628714947532
0.626481665708
0.624162916805
0.621759164372
0.619270865656
0.616698510397
0.614042610346
0.611303672107
0.608482234492
0.60557885499
0.60259409246
0.5995285372
0.59638278938
0.593157453314
0.589853174287
0.586470593818
0.583010358539
0.579473161815
0.575859692968
0.572170656822
0.568406768737
0.564568775711
0.560657419833
0.55667346788
0.55261769325
0.548490902634
0.544293890198
0.540027476465
0.535692494065
0.531289799683
0.526820249845
0.522284710866
0.517684078755
0.513019255788
0.508291153762
0.503500696936
0.498648820298
0.493736476562
0.488764615696
0.483734215208
0.478646241561
0.473501708271
0.468301609056
0.463046965001
0.45773880554
0.452378168619
0.446966106025
0.441503665795
0.4359919236
0.43043195279
0.4248248409
0.419171685031
0.413473580944
0.407731651237
0.401947014884
0.396120796343
0.39025413414
0.384348171144
0.378404069343
0.37242297889
0.366406073898
0.360354522691
0.354269505489
0.348152218785
0.342003854373
0.335825607787
0.329618685731
0.323384299331
0.317123671047
0.310838019426
0.304528574353
0.298196561398
0.29184322391
0.285469799943
0.279077535112
0.272667679762
0.266241485368
0.25980019532
0.253345078335
0.246877393771
0.24039840858
0.23390937729
0.227411564927
0.220906244454
0.214394707391
0.207878229076
0.201358089487
0.194835567969
0.188311951465
0.181788534919
0.175266603184
0.168747443883
0.162232341357
0.155722586305
0.149219510353
0.142724426606
0.136238656707
0.12976352712
0.123300376278
0.116850582162
0.110415539946
0.103996663506
0.0975954006542
0.0912132492126
0.084851809846
0.0785127856845
0.072198018902
0.0659095649602
0.0596498007211
0.0534216838274
0.0472291156096
0.0410775073941
0.0349751480474
0.0289361388213
0.0229877907772
0.017192593493
0.0117301158773
0.00729886704131
0.00643212656821
0.0100298325531
0.0151531191952
0.0206651693594
0.0262957659076
0.0319593707359
0.0376210023494
0.0432635598372
0.0488774282343
0.0544565677976
0.0599968344584
0.0654951592857
0.0709491446494
0.0763568149248
0.0817164502607
0.0870265159467
0.0922856104898
0.0974924419958
0.102645808706
0.107744551574
0.112787562289
0.117773766598
0.122702128354
0.127571640603
0.132381322251
0.137130213387
0.1418173686
0.146441871342
0.15100282903
0.155499359508
0.159930604379
0.164295717909
0.168593874043
0.172824255787
