0.0
0.947063062263
0.493105212503
0.421588940041
0.533267504987
0.677535519916
0.727779606384
0.570228943131
0.968899275906
0.284142972558
0.782426435802
0.560128539539
0.763681772453
0.18708600772
0.747068039501
0.760501267003
0.328107041858
0.942557540932
0.321815816301
0.610471302715
0.424091395733
0.761241160149
0.520567809243
0.803425500926
0.809458532779
0.412514533258
0.825123853839
0.367636566045
0.702791799152
0.225309106166
0.930079511189
0.441062405182
0.673613325572
0.792267679942
0.257319126492
0.590812249564
0.465982261474
0.786690890176
0.216477153794
0.949526496458
0.612661372578
0.659810863199
0.665027704636
0.510000757858
0.586115088309
0.517569075008
0.957379825444
0.286379473161
0.852521811629
0.492508983395
0.437187848178
0.569669823768
0.696651887036
0.645177246767
0.423077665724
0.954171324438
0.294239351679
0.870667935047
0.513922282802
0.660127309977
0.350710806718
0.733665569419
0.8550221082
0.495861299114
0.899416368641
0.294777019413
0.517385301288
0.43003679605
0.833458953808
0.358732114286
0.778224517639
0.830297547939
0.267305505433
0.840629536994
0.501334928349
0.764247644757
0.194838419771
0.921233868649
0.635155424142
0.611806241232
0.827141523931
0.415999319664
0.515122976465
0.503828190833
0.823459168799
0.263128338691
0.937514656638
0.539059416669
0.566567796598
0.732042584263
0.462171069459
0.748759693826
0.474898948159
0.952358130822
0.377660984217
0.851339974267
0.621189526679
0.540028900807
0.468896939564
0.660634941176
0.672567571613
0.354586862181
0.961176233926
0.373607213059
0.745945987741
0.554030106958
0.599215410128
0.456538747018
0.715926838798
0.887179332124
0.449331073952
0.898276328367
0.295654777709
0.574031763151
0.413391025668
0.842701067466
0.4610905294
0.62763455715
0.834452432282
0.2109846799
0.795146549692
0.476089236735
0.698160497733
0.235227338041
0.88616116914
0.679542047974
0.739359022022
0.794891511432
0.350163299569
0.580945003707
0.473728099498
0.885986590806
0.252142432429
0.883838488969
0.583172061236
0.410966564868
0.762562140313
0.56124907933
0.593504470885
0.39541939846
0.951829327978
0.449692406221
0.862959812679
0.638464990562
0.5555635421
0.401366954682
0.679177148105
0.817436916582
0.33482402997
0.955935115158
0.288269420873
0.613488434097
0.579405996048
0.631582632284
0.565874975655
0.7165640925
0.853702634634
0.436081279264
0.901743195062
0.467739606977
0.75502535773
0.360235620907
0.82593156808
0.581376644808
0.595432416698
0.897517135363
0.308253830116
0.72881938239
0.504104658791
0.647300393614
0.310839264066
0.863142765471
0.665018733082
0.654345458851
0.85239779106
0.284812336675
0.645337319972
0.454754459405
0.922079863258
0.347342239619
0.831165380204
0.669569508217
0.365496814988
0.684672733234
0.582810528817
0.613112110563
0.300356335975
0.933948344344
0.496999990201
0.828238687613
0.654400747851
0.4969297987
0.531190862156
0.6230050226
0.871497292416
0.439455138804
0.927793186361
0.340917188025
0.596298597521
0.599016821827
0.68233850148
0.433701197083
0.589759730171
0.85256335163
0.331813682347
0.915642168584
0.48909133007
0.61242700766
0.322688802488
0.815377195102
0.696138106365
0.676904755074
0.875430533883
0.275708054252
0.642579534834
0.490711553278
0.751045801296
0.300332343788
0.859844854582
0.66757790731
0.505316513777
0.843767432417
0.41241882065
0.715058216149
0.412043521574
0.902823174302
0.499006450121
0.804736530251
0.741844156235
0.56212414349
0.610540688664
0.585874208529
0.678495717989
0.287944579293
0.944332006403
0.360426070842
0.758139278618
0.708522446315
0.410725374608
0.642588450658
0.628787181196
0.848178503585
0.454561296812
0.932967784387
0.500676096581
0.620246665391
0.576921643427
0.724010918414
0.485831012947
0.557158605983
0.906856064733
0.295719931489
0.863753403932
0.509624080234
0.555296206816
0.402167875299
0.763147080283
0.77765441808
0.634115562587
0.894923371737
0.28889907314
0.681167507424
0.501684886155
0.818676611862
0.319683478621
0.774483199329
0.696013117759
0.438568720424
0.830220258933
0.478477177919
0.605552558146
0.332056119646
0.869503855
0.534116831038
0.844818065341
0.745967164157
0.44581973576
0.64690946668
0.534273191729
0.766547487258
0.389776420422
0.923517150986
0.447349072625
0.636020422359
0.704528354308
0.496432765625
0.515792487202
0.562236481327
0.856274567968
0.407374120071
0.91960201831
0.539184127501
0.673580035695
0.491317776254
0.716202817361
0.649205664187
0.539982445262
0.915055080012
0.343112637931
0.77143695807
0.539212073214
0.566905481405
0.504278090461
0.792214092076
0.670103416169
0.580495968502
0.897302648358
0.354006893896
0.791658292218
0.507482515972
0.798825269649
0.42881450559
0.774064627265
0.81078478843
0.45838600728
0.802239688763
0.468701294861
0.557095628552
0.355857692152
0.873082896135
0.514364095118
0.804381782272
0.773343343984
0.368295592709
0.678055136163
0.549342189724
0.855609937021
0.377195916331
0.902269011035
0.555525207279
0.594182721518
0.720642757516
0.607520420511
0.505156348938
0.499596321517
0.857351013073
0.406582598365
0.902073287305
0.565242822795
0.579199708546
0.58153892764
0.640501688054
0.736157100288
0.574091134979
0.914350560786
0.363711899538
0.765290557899
0.552988965145
0.623092333197
0.379775971209
0.727914214049
0.709671552513
0.467392874392
0.899229909
0.40950837957
0.663377286195
0.437649574702
0.785077955477
0.52375944899
0.773755046356
0.813054891015
0.49156707431
0.754622871344
0.468536417884
0.65619964344
0.420736998363
0.880060254141
0.507758071891
0.683506454024
0.760792703313
0.364915681185
0.730364400582
0.547148265958
0.791882912422
0.410917194608
0.893293643611
0.630100281321
0.730117861674
0.670776768033
0.560073367025
0.556689497923
0.489112269944
0.908300681504
0.342126199694
0.867260746435
0.590170554229
0.463851885013
0.616877171639
0.68426198128
0.695257273647
0.560701355627
0.920538385969
0.441623210248
0.760259762038
0.60919988657
0.722728683402
0.387541513131
0.713486995779
0.80585090623
0.389567416034
0.894899798484
0.418632752937
0.597965339606
0.499237376089
0.745541424082
0.623937219145
0.751575581265
0.805198448033
0.460325927123
0.794394946166
0.486922567107
0.757001945944
0.364837233709
0.856592930804
0.568618560593
0.643439308768
0.800845661175
0.438109849289
0.622199246815
0.492722079235
0.77249879007
0.409961626664
0.881143944841
0.663778245131
0.625280917679
0.705355081546
0.518547110667
0.642623298962
0.526426312296
0.909862239844
0.422595556921
0.793462677769
0.590288298184
0.489537445794
0.5635643466
0.664744802718
0.702593838731
0.449097582891
0.908414680535
0.451870029252
0.791849667647
0.560605602208
0.668761182348
0.510956918463
0.684668294188
0.841641507252
0.532345456309
0.849822475115
0.436994701343
0.575751270947
0.527103608832
0.796297204634
0.484221572226
0.70156981351
0.815313263673
0.381352232158
0.832418059658
0.543392138117
0.716494575789
0.369501748462
0.858211252107
0.697159919873
0.637409815448
0.797305307196
0.445678360809
0.558174589077
0.519950085594
0.824018737777
0.404453470403
0.873998788406
0.626949332728
0.539450986723
0.725314421785
0.542477727819
0.761634598657
0.502288311029
0.902347928579
0.507942295142
0.782001438688
0.680811664484
0.617602631035
0.52158592258
0.63727492126
0.72649942062
0.420650564968
0.908615881674
0.464601875044
0.709743429094
0.621285567136
0.59941928904
0.585886114456
0.673921973827
0.849764319337
0.498584759515
0.860554628491
0.461235079581
0.604738229183
0.471609566846
0.797988477068
0.56000743545
0.608114374511
0.838146403066
0.379788816056
0.751319063116
0.52287634788
0.697511380813
0.412957783893
0.823465019014
0.730541763421
0.673349870789
0.791263962376
0.435700483023
0.630734732364
0.521360137249
0.850415710871
0.427575334656
0.803204201566
0.637852891918
0.471001385629
0.747376568905
0.578143702701
0.644899787127
0.43078841729
0.894148221321
0.536237149172
0.831411290824
0.660942444891
0.549481970669
0.520627500502
0.636734416537
0.819665719927
0.461272892674
0.894142594287
0.458276039449
0.596114268293
0.618610033099
0.660458259324
0.567773600459
0.66918558049
0.848286032467
0.483352581042
0.852894078197
0.5551476635
0.7280199492
0.431591752775
0.78496396002
0.674626481494
0.564240360683
0.86418757788
0.420039061109
0.69145926653
0.563103429715
0.675683981413
0.479566645809
0.814054140193
0.672395959386
0.626774769064
0.828263257573
0.429615012903
0.710057422835
0.500464477906
0.86388865346
0.488587904694
0.782032455468
0.727706518933
0.461968579504
0.68986880506
0.580326417605
0.645853675828
0.410779469361
0.880527878512
0.574939258136
0.770350487584
0.692052274454
0.513094173412
0.588841308774
0.611032549884
0.860459636199
0.482479907209
0.869369505993
0.486061977543
0.594731810927
0.615114840215
0.688859194702
0.551581102379
0.558712788365
0.841729032091
0.446511108236
0.852257221625
0.560715962279
0.629280631725
0.470073813208
0.754040263018
0.730643634371
0.665234506772
0.848468166722
0.405442081552
0.661550141449
0.544893850684
0.742286636815
0.413200770346
0.785669642869
0.703845677319
0.511531946106
0.830055890073
0.497712298995
0.667237453312
0.445085911074
0.858099386281
0.583816657417
0.762981309227
0.740792212846
0.548165221761
0.62256646207
0.59798989181
0.725549026932
0.422489137372
0.886338477004
0.494632895411
0.692988030477
0.709748642097
0.500572031562
0.690476111901
0.621485003617
0.827094033738
0.516808328747
0.870296684573
0.595853194352
0.67459923752
0.592019834789
0.686125724794
0.589984531159
0.548952789958
0.878972106833
0.419668481629
0.811845166874
0.583542557932
0.56765812186
0.508062042736
0.729563730567
0.758336082346
0.624066019721
0.867491082318
0.426299681685
0.672529968591
0.552415899703
0.802767092427
0.45636007655
0.724128967295
0.747212726188
0.467304719175
0.801586977695
0.537938096206
0.630724157447
0.442933458079
0.821583298945
0.626902540825
0.778301994873
0.751510688333
0.493835517417
0.678358705687
0.558419543133
0.776984437077
0.452537593008
0.859057613379
0.540674329581
0.629146094754
0.721600225145
0.546685669786
0.564273938945
0.541347259344
0.828490786439
0.48895965338
0.867964164727
0.606139243326
0.625178828716
0.559213027171
0.683055251761
0.694974957607
0.58028503812
0.872402279064
0.448431597936
0.72838330129
0.579700658133
0.612154642338
0.541173501095
0.74022560098
0.724360780083
0.561900371226
0.859236256293
0.47466272644
0.76655919886
0.524499935889
0.77074087424
0.552414572513
0.712577889788
0.802701204038
0.538858359279
0.761863396032
0.538481717549
0.610009737418
0.458711985553
0.833554566213
0.544837990252
0.747233076655
0.778155983021
0.440690571061
0.713560469421
0.585007267723
0.80797789021
0.471476482975
0.847746993954
0.643124987455
0.591006307895
0.724194089751
0.606208157845
0.561299601743
0.531245540367
0.84122566503
0.495015264686
0.846433249566
0.609243665483
0.574764512715
0.617041407056
0.635627301509
0.774846321658
0.568919827547
0.871500066098
0.476772388667
0.73298764629
0.609948803703
0.665297612933
0.487391690107
0.67663800914
0.736880063819
0.511046858084
0.856840699647
0.516510695686
0.659286561453
0.516317349904
0.742920159929
0.602264347139
0.737560567348
0.805452699419
0.510197380339
0.750612776479
0.518710272018
0.672846325918
0.471364250713
0.823029057408
0.593904938726
0.642718157747
0.772193972363
0.460131451524
0.684787012329
0.547675875658
0.786908268931
0.499236882867
0.831484876779
0.665969492729
0.691965031058
0.676276421077
0.589384352771
0.632959431943
0.524027404653
0.864279398057
0.465244478965
0.798234114386
0.630089932572
0.515703771479
0.668189210008
0.675335891905
0.697109282197
0.559733072765
0.871906412668
0.53018521218
0.762016450735
0.623564107832
0.679753867357
0.503469115702
0.681920303613
0.815228567009
0.472696766606
0.846801784154
0.499618879303
0.595500638059
0.541685523452
0.735169377951
0.647483452467
0.718249597403
0.805986777708
0.500964362807
0.762771844515
0.561659412956
0.770752641263
0.45400371602
0.798536181394
0.651144017915
0.61162229396
0.795346120779
0.525430441
0.636316376776
0.536095559663
0.761404120374
0.520930784541
0.823067867182
0.67538778495
0.617513404261
0.725821156247
0.543918651491
0.688575890659
0.533405100006
0.862763339374
0.510039557519
0.755628999036
0.652633921989
0.531015537344
0.583157737357
0.641794537857
0.718927888123
0.496785818944
0.863903494506
0.547669971384
0.728934153475
0.601851019724
0.661466669984
0.588832202745
0.666991042614
0.826801214815
0.546180683554
0.808971216364
0.510406661431
0.61134492287
0.572122446586
0.757653829646
0.586569944011
0.648546441774
0.800332548494
0.465969360599
0.802426983439
0.566682114955
0.704659959612
0.479833297417
0.797520004687
0.7200948045
0.667310119146
0.772603642048
0.498211566498
0.602041883542
0.538144338607
0.808008824708
0.476576356839
0.814431651663
0.679455665277
0.537685759836
0.732314810392
0.592071982358
0.73005111215
0.525176166902
0.857482488831
0.586139830299
0.732666061805
0.700601653078
0.630699437512
0.557432988309
0.636820032015
0.756842076197
0.476676165804
0.860867123539
0.519689619731
0.675162617505
0.650920633076
0.613755918579
0.666669313156
0.653752133171
0.818937232135
0.544486228257
0.820749955861
0.557834225076
0.64934930887
0.526632188502
0.751118152004
0.624071038638
0.606606910002
0.825334727723
0.480012269216
0.729401258178
0.562524032006
0.685122438951
0.508651441921
0.774738781874
0.747333915134
0.639803849199
0.785418729695
0.491297026457
0.649382645838
0.547097116286
0.819289472192
0.521729914174
0.744020892606
0.683033211685
0.512952067831
0.717722317641
0.595413542125
0.682518665605
0.48348575053
0.843785663197
0.597811604309
0.785520390766
0.680646597013
0.573856386339
0.597073171948
0.617377806712
0.805023731266
0.526045746463
0.840417538506
0.541897379175
0.601692606466
0.657019851584
0.665589855815
0.583561267611
0.63080585756
0.824465735757
0.528292324212
0.820407204095
0.595194087332
0.68206685691
0.498930705951
0.751747461865
0.719929942907
0.579498310135
0.827400380532
0.482189329173
0.66753991471
0.587918992693
0.695528399562
0.555251811842
0.775094220177
0.702561907927
0.607792971402
0.797818971052
0.521835577981
0.740157746858
0.532808732389
0.8154458069
0.578264882569
0.734678309101
0.749489859611
0.544200672948
0.684069643394
0.591239217181
0.671790471373
0.483903232722
0.833261645517
0.599941077441
0.732304696721
0.718169216199
0.534091952567
0.634981170938
0.607197717175
0.830238416227
0.532594080061
0.822157123419
0.578313575622
0.591908767884
0.630689471682
0.686944687233
0.608605946188
0.562809736753
0.82570903746
0.52277582722
0.799047399459
0.601454744994
0.63796423208
0.551347616138
0.714595646706
0.754940850816
0.639829267239
0.8214332238
0.48626650753
0.672443758638
0.587109921315
0.729380339416
0.50668672422
0.72665315036
0.717315008467
0.53859739073
0.804852978477
0.550503346135
0.65645667393
0.493856129493
0.811499133883
0.630955063204
0.747222779161
0.739859373353
0.545192428602
0.644246371699
0.596510308659
0.740677767585
0.499894530117
0.833928582385
0.583977072098
0.651996814633
0.713970120947
0.560264660855
0.681356684544
0.607662148406
0.812431916833
0.564278494089
0.815088476741
0.639559481631
0.688516049549
0.600582243453
0.674361585471
0.656405578209
0.548721536867
0.843324095352
0.492928674523
0.762873519123
0.629699069523
0.589644942382
0.591331984828
0.710014594566
0.733894138024
0.622676378529
0.834396315036
0.516208060881
0.685178672051
0.587692071768
0.767654050272
0.540689479527
0.697907028311
0.769544263517
0.505211792816
0.778209521533
0.566529922675
0.637880540566
0.510374374577
0.78207487629
0.673341905356
0.73187402948
0.753973056663
0.527369533139
0.684018019527
0.582372981694
0.781638140765
0.509058876024
0.803438265954
0.607337609796
0.623707812681
0.720127215624
0.590990166785
0.613642227117
0.545826358217
0.802503600891
0.55318523939
0.821137585868
0.647067265578
0.616398424525
0.613997501136
0.655372412635
0.714937024047
0.599563690373
0.835067698837
0.518188066854
0.704607256845
0.619938789027
0.630808231289
0.555721242451
0.696225487926
0.742859080686
0.566161392299
0.827534366337
0.542652473683
0.71887915178
0.549214321518
0.750862992188
0.621641384641
0.679780999893
0.78455420454
0.568112940879
0.733192301414
0.57939047651
0.648039151893
0.535934154761
0.796151662255
0.596435924264
0.698839372734
0.764805748064
0.505234331941
0.736517461015
0.600661033246
0.771449608776
0.539960493022
0.801313672339
0.686508210393
0.622532293846
0.713180967793
0.600918808301
0.605367381753
0.550576701242
0.817301465444
0.541201439254
0.801257717375
0.651846642893
0.57411883359
0.638739525842
0.639988290471
0.771042760196
0.582866249414
0.833305877641
0.552908173751
0.699344124056
0.644143334698
0.689178417274
0.551149466577
0.650127343902
0.755222876473
0.543119574271
0.819442589491
0.568857238828
0.658775363707
0.575260095068
0.712928283667
0.661221112082
0.700976414839
0.787837432256
0.544420232187
0.743890922497
0.566538231096
0.682903280319
0.51465459183
0.775704061785
0.636907526925
0.630660923234
0.770752105517
0.523273047601
0.66509460068
0.559823930294
0.766870851302
0.558735598652
0.788886377471
0.692213799516
0.650935880253
0.687128069188
0.600389136509
0.670139126921
0.563562750439
0.823657296348
0.545206897456
0.744744509369
0.652766064829
0.559009335227
0.675149682897
0.6578612587
0.717711317893
0.569941937619
0.82910140962
0.583111907524
0.755796719405
0.629429565916
0.663151421893
0.582355374755
0.650794216331
0.802529892443
0.539943552867
0.802955379105
0.565480000696
0.605162196434
0.584977557029
0.725926634954
0.641860510259
0.69056417012
0.795654510462
0.53864688506
0.746150331206
0.604549805364
0.749044712201
0.51688262062
0.759928449736
0.699694499638
0.595080847477
0.780087048774
0.560438430563
0.638918921382
0.572398625508
0.750812141384
0.588450630369
0.779343567595
0.682843058104
0.613862866986
0.725011548141
0.575758711983
0.724370014459
0.552073803972
0.819370870779
0.574268154804
0.727013262764
0.685986547706
0.577453890325
0.613563021409
0.625653601598
0.723135230826
0.542745460051
0.822759645058
0.6036828525
0.695623245806
0.637111862549
0.646953154705
0.63179790588
0.656060338293
0.807494513671
0.564950920052
0.776493866734
0.564939432051
0.626098454321
0.586146941867
0.727078353979
0.645113069323
0.622075804411
0.789273567029
0.52685259215
0.759074186976
0.5880755568
0.705426636818
0.553960404995
0.748521670609
0.727603286346
0.669298731908
0.755707018486
0.547818362569
0.636857405217
0.570335500666
0.782703870323
0.536759480357
0.76094594143
0.696974876376
0.553993838899
0.740802947053
0.614588457084
0.701859491434
0.548678159594
0.817067576132
0.63197815636
0.714734808589
0.699724846086
0.617074206055
0.591453406666
0.634727077144
0.766531582333
0.526644791072
0.819280313215
0.573475852713
0.648530239432
0.659275982715
0.632542200913
0.696159904821
0.646149079315
0.799264657313
0.580255982589
0.780617242282
0.615301330685
0.684523506386
0.564325109112
0.713735218198
0.670424005686
0.603387268592
0.804956951034
0.540787292375
0.712044571239
0.600578622225
0.676103093143
0.577616969145
0.736306200786
0.737685549444
0.632709629403
0.77569806313
0.539394834675
0.661568145805
0.565704959454
0.789355746541
0.578427721013
0.708626039058
0.712777867379
0.542943862277
0.699317001671
0.608003779151
0.694532681362
0.533091053923
0.801480608633
0.643980117802
0.736349812075
0.69389331073
0.593759689974
0.639093374961
0.618726951315
0.787904662823
0.564077654567
0.794427787481
0.588925477419
0.61435948238
0.673357803661
0.660855636023
0.622439466154
0.609194278026
0.79793332682
0.56673908493
0.793611451074
0.619423055757
0.655976120242
0.558866946349
0.716973609457
0.734785122539
0.612511918014
0.796218646749
0.533901956948
0.658180180544
0.604236412227
0.703777885892
0.581391760108
0.738772092034
0.726049634861
0.600563410367
0.774837971188
0.577844295378
0.730586651036
0.554610319152
0.780195093003
0.635398073827
0.693567551025
0.748222927261
0.587644957871
0.673230115368
0.61188672566
0.691411459976
0.540269060297
0.795100440027
0.61282948804
0.701528614285
0.725045944546
0.562456099679
0.677571952036
0.612290978078
0.796100641216
0.576571202894
0.785358693973
0.635792947797
0.605848188118
0.646475714911
0.672562619877
0.640264472837
0.580113601474
0.803459344936
0.571891676581
0.761482415542
0.628969633424
0.635422361629
0.59560895515
0.689799960905
0.763086084864
0.625830916971
0.795808119097
0.541762673508
0.670642131343
0.609638511847
0.721693795378
0.57345447551
0.685005233277
0.728222473433
0.56674783786
0.773352177695
0.589176221689
0.665623519855
0.543662449341
0.769286420991
0.661214920649
0.730049674519
0.73867567296
0.563661349289
0.664824062101
0.601854534801
0.736898411277
0.545144721655
0.788062414461
0.630663087036
0.633953875047
0.721969886237
0.593573365632
0.659902275524
0.597881459688
0.791807735999
0.598937983513
0.774706576018
0.658324825283
0.669429011566
0.61521977676
0.670612001902
0.693846935045
0.568135763795
0.808234727125
0.547076307028
0.722152106059
0.647899871835
0.61410128999
0.640739326664
0.695395181674
0.728761554114
0.62316616026
0.800570676205
0.576235411691
0.705199025093
0.606080734741
0.731831087999
0.600804964341
0.677237091991
0.770809876495
0.549720642611
0.753929012945
0.592933109383
0.642728019778
0.555619006873
0.750908430622
0.680754121524
0.705188867386
0.754779706407
0.554474082749
0.682757509978
0.60205881866
0.772934303659
0.555754037628
0.76024255675
0.655686627601
0.614864620351
0.715681758153
0.61977416157
0.641284394636
0.5664505671
0.77945099585
0.602523747228
0.778195918234
0.666134422215
0.621999636825
0.648646357058
0.643069314819
0.727484434826
0.604053317465
0.801246494166
0.566308421452
0.692434629523
0.649251546956
0.639151393708
0.583699421719
0.664756516946
0.74051659605
0.583206220243
0.797684364737
0.588404174881
0.682361992015
0.580082090592
0.727203839413
0.657801631091
0.673520752531
0.768335169057
0.580859150072
0.715169850807
0.599312221504
0.669243674956
0.577422957616
0.76031439712
0.64669098483
0.664929020182
0.751900310493
0.554675172172
0.730772581491
0.604453277241
0.751352187587
0.58994153599
0.758333297842
0.701627269455
0.651259950639
0.699099342051
0.611373507686
0.640327524408
0.567424850276
0.790687018063
0.569692043191
0.761366272227
0.679317054254
0.5826298066
0.664544436193
0.647486800097
0.746060440908
0.60015109359
0.79903211448
0.604662180002
0.67943314514
0.662473623212
0.686205074829
0.591071225296
0.643446677782
0.760842541971
0.567726469249
0.788014886523
0.595999412122
0.652402925636
0.609115438846
0.694169210286
0.698326215797
0.675535511427
0.770706669449
0.575212944397
0.729911559687
0.602697923229
0.696044260496
0.557303162799
0.735819243034
0.66578939357
0.630275942387
0.758951286944
0.57173415396
0.666501906916
0.579356422427
0.742999615043
0.601275469957
0.757351286738
0.706131180822
0.631727736508
0.697331635824
0.605046445559
0.684021627296
0.58655889251
0.788802003964
0.594240388423
0.708548902618
0.6741463739
0.587110914301
0.66074221229
0.643252963004
0.728965535867
0.586975724993
0.792655344617
0.616717244324
0.729968296812
0.638805600397
0.66321401964
0.632771460859
0.635041156889
0.781249694368
0.58185987686
0.765946035219
0.604981969264
0.620652435553
0.624795452274
0.713413593512
0.647709280441
0.666869874099
0.775413862892
0.571921739923
0.741347852913
0.623805654306
0.717266726011
0.566520891886
0.732294099684
0.721707755336
0.604649602955
0.758866798718
0.578943830402
0.641335091807
0.592687032243
0.739447463552
0.619293551748
0.748321021574
0.697309464988
0.61136524875
0.714596117063
0.60474811841
0.737799258457
0.575556388293
0.781832357133
0.621653472955
0.698803900078
0.701441240363
0.616921105232
0.63380819183
0.621721935496
0.72516855743
0.579407431359
0.786959688653
0.628499547515
0.680024314128
0.663366461409
0.638487537003
0.663264959625
0.644323126578
0.783373242867
0.589064776407
0.751726787496
0.608521843696
0.632495137327
0.598888217075
0.704166730867
0.670626921905
0.617225821145
0.775163002821
0.571582602894
0.722027183159
0.607822541659
0.700144064234
0.600464555716
0.717650168414
0.731216155818
0.654350222137
0.742548793716
0.579851557933
0.657966880775
0.599639038662
0.755617931184
0.591086384569
0.717928883963
0.701095603339
0.576989215076
0.734512790285
0.62264549137
0.694743566584
0.57492516391
0.780545044508
0.656182847546
0.713532379405
0.69465706583
0.611845942305
0.623004099462
0.62738401283
0.760962343287
0.566166100862
0.782787400591
0.618634684931
0.634278390547
0.667953378748
0.648333457128
0.68941108681
0.640654650379
0.780750335817
0.607424253095
0.746923463329
0.645432909518
0.692393369671
0.589378379934
0.693046887082
0.700160018904
0.600965570512
0.781456229546
0.574420753124
0.693217385767
0.628061663603
0.673013128981
0.628894222874
0.709918049407
0.723753741479
0.634455148637
0.75972694062
0.580854087184
0.678596694074
0.586350122046
0.758746991266
0.617629142745
0.689930157523
0.725287058832
0.572171507313
0.693359528557
0.615487173625
0.692760252674
0.572203503379
0.766732444582
0.670952319111
0.701216036483
0.702451840964
0.603635122505
0.657822410726
0.623785545594
0.770826257897
0.591999515238
0.756400053052
0.623987174034
0.62308073002
0.670859099009
0.6579312447
0.656901305728
0.604162964064
0.775215082496
0.59875875125
0.763837724353
0.63865132141
0.652482744979
0.605395493834
0.687443084266
0.734394954605
0.633839505756
0.770866062006
0.575106657038
0.65824660718
0.625381138261
0.700861423011
0.59710542093
0.705540770519
0.729736836478
0.603935203121
0.759037568204
0.608229697412
0.703071893021
0.575859607637
0.753474777561
0.668423975693
0.672364213388
0.735978525753
0.602099702719
0.66634505832
0.625777180632
0.702874424116
0.581540817371
0.764900398825
0.63564283796
0.675895141137
0.71801619519
0.592028392911
0.703146904515
0.619764883754
0.768457346126
0.611224818962
0.753479066371
0.667882441476
0.632643420071
0.654337172515
0.658028967539
0.663026673179
0.595192071324
0.778682445181
0.599273481523
0.734639362935
0.652694705153
0.631980220329
0.625761040667
0.673225332208
0.75248869588
0.62729035425
0.7720958047
0.584503230093
0.663083010526
0.623534740327
0.715028685583
0.6133793789
0.662129086839
0.734886682163
0.588858752299
0.745857991976
0.614139325639
0.671993671515
0.584136826742
0.736156264616
0.684444191279
0.705034475398
0.73375613518
0.587007337443
0.677566366922
0.615500394472
0.727000329039
0.57935889297
0.749551387968
0.6528635229
0.631473479681
0.721931557525
0.612281938613
0.655321557951
0.598100517865
0.767140446941
0.623332023905
0.749715480577
0.669313220848
0.647023861371
0.63445992962
0.661712836991
0.709343200127
0.595804512635
0.777649965676
0.590125153595
0.69330114287
0.655964763091
0.634197570019
0.653951263569
0.679453952838
0.732378351525
0.626265406938
0.770725717331
0.613120062823
0.71109208849
0.614884886702
0.708460936695
0.642938324311
0.656999223505
0.758936520063
0.586396223828
0.729157328367
0.619554932682
0.649939134952
0.594401984516
0.728219079627
0.673007107776
0.687656941541
0.747932900813
0.580420379101
0.687865534024
0.618668664233
0.752097316464
0.592529219708
0.731175232652
0.685457615474
0.611982623437
0.711427051445
0.629953927953
0.652883211032
0.589535491091
0.757311506047
0.634890635826
0.743788237767
0.675881167139
0.625740138995
0.663763269718
0.64086809024
0.734782580956
0.609459913937
0.770847552169
0.602508137676
0.68260802315
0.663489243996
0.649090016358
0.616658370919
0.645280635729
0.734111137657
0.603841173543
0.769366752495
0.620741046823
0.667686812341
0.610567172878
0.702289149337
0.676172689762
0.672780286472
0.754084268814
0.595086961814
0.704358897288
0.615765105274
0.675880217445
0.59558057545
0.728429999021
0.675451219039
0.646736536776
0.743168039011
0.588400814396
0.706657951878
0.60794812259
0.737591733003
0.624319715009
0.723889276098
0.702796931131
0.657814330461
0.689932339082
0.6265745118
0.664769792131
0.590091511424
0.764680188431
0.598678417661
0.726153676274
0.687483402082
0.597944831071
0.686694814064
0.651510376554
0.725157264996
0.615622492575
0.769189773339
0.637577517631
0.678695901734
0.667446757844
0.670287864871
0.621313066389
0.641413598049
0.755153616675
0.589340614321
0.76070001849
0.619325513637
0.64534595729
0.627037696275
0.682993459317
0.708230856625
0.664049626397
0.756659243773
0.599723908858
0.711539980454
0.627485613777
0.705603637881
0.59097346762
0.705084227609
0.68792769261
0.629692192475
0.744673552008
0.60473936556
0.670229432262
0.602318764514
0.722509721752
0.635167743608
0.729218714956
0.70685190048
0.630728430215
0.702972675809
0.61413252877
0.689533713203
0.599207196285
0.759165297712
0.623301376392
0.688039297089
0.689273112706
0.60493467474
0.6529761007
0.635300482554
0.725658735342
0.605764176222
0.762524076072
0.64143006178
0.697939656665
0.650911803476
0.66214666369
0.660798399024
0.636331444349
0.760289200281
0.607058962894
0.736225905502
0.625526300039
0.635332685602
0.645668799779
0.69716320865
0.667822952627
0.650705696957
0.755156085285
0.59882116445
0.734657048835
0.631064046618
0.695950103247
0.606192342775
0.706443821472
0.725183080419
0.627135529896
0.73771943888
0.599716538412
0.647371914781
0.607207499615
0.727484742351
0.628088915517
0.723341925913
0.707887103151
0.613133900232
0.707967516679
0.626592074926
0.728206665191
0.596499594166
0.75168379865
0.654020200191
0.674666522766
0.705221991848
0.635943149081
0.643442228631
0.627806160082
0.724253220741
0.606537220409
0.757454401346
0.639135268425
0.668950914583
0.676023073215
0.638324821991
0.688648899806
0.637550546422
0.759907096536
0.612621616697
0.731610586066
0.638779345488
0.64248763747
0.617569410877
0.684462003577
0.682138819834
0.623413076
0.757325231677
0.604482056716
0.700440174563
0.625426415454
0.688093236613
0.628858667233
0.698791737515
0.730110621287
0.642682618987
0.730980045959
0.600688675923
0.666006466962
0.615131185506
0.732039389066
