0.0
9.58980464819e-05
0.000169778468356
0.000186868172557
0.000200462676658
0.000228601164434
0.000261142015387
0.000314654877601
0.000351627084935
0.000341817724911
0.000328494023323
0.000323170192842
0.000346437630621
0.000397058654848
0.000442000095111
0.000455191031204
0.000458218338247
0.00044107254741
0.000429502497
0.000447268440311
0.000496857665976
0.00054925440875
0.000587459346414
0.000573619908447
0.000534307617026
0.000496518469108
0.000499693155927
0.000549731751834
0.000626194718823
0.000675700194209
0.00068352485666
0.000649411236647
0.000606576781551
0.000589099844647
0.000633521149804
0.000698480226467
0.000756600052813
0.000761058949485
0.000720604661451
0.000658787542782
0.000625904496028
0.000657578084588
0.000755336772587
0.000850100603222
0.000889810875181
0.000855489576654
0.000782932023826
0.000713775235691
0.000720289288738
0.000789210437902
0.000875918769368
0.000922711869591
0.000910768927693
0.000844980782607
0.000773624525306
0.000757650670301
0.000842577359645
0.000967898625421
0.00105426044726
0.00104750672429
0.000965055373925
0.000854231665787
0.000797659235546
0.000844094765087
0.000955716689592
0.0010573553587
0.00109604018213
0.0010484011869
0.000950422277321
0.00087042824584
0.000896898654194
0.00102225545887
0.00115539024576
0.00120806330534
0.00115499710974
0.00103507820627
0.000917644855275
0.000902020557842
0.00100960621997
0.0011563540695
0.00125218230143
0.00124330062556
0.00114054278967
0.00100850083233
0.000947015053257
0.0010301374882
0.00119390676397
0.00132657553376
0.0013466381668
0.00125700120681
0.0011066285111
0.00100374875359
0.00105120666239
0.00120946742761
0.00135483531662
0.00140316433584
0.00132748479433
0.00117989242515
0.00104122152387
0.001038922469
0.00119342115123
0.00139861200202
0.00151668936077
0.00149162009702
0.00134382722485
0.00116512842235
0.00109931965577
0.00121597831897
0.0013920784515
0.00151090940243
0.00150006827053
0.00138287115259
0.00121073253023
0.00110779801232
0.00118931506039
0.00142160831173
0.00163045627031
0.00169498199006
0.00158707427376
0.00137435179322
0.00118721832801
0.00120072000904
0.00137261244176
0.00156192072505
0.00164648530647
0.00159957761104
0.00144022728813
0.00126281698986
0.00121682159309
0.00139899544423
0.00166047563813
0.00182600588568
0.00179967339199
0.00161071800854
0.00135193530149
0.00122440366243
0.00133077918856
0.00156374727874
0.00175014912051
0.00179812315043
0.00168580921622
0.00147921935041
0.00130310139712
0.00135430778643
0.00160613633107
0.00186315935391
0.00195777587401
0.00185428282551
0.00160110249322
0.00135618050292
0.00132338035578
0.00153279958453
0.00179328298956
0.00194206939315
0.00190404486177
0.00171499105343
0.00146104586304
0.00134448339455
0.00150614210778
0.00181513790101
0.00204789541553
0.00207965274765
0.00189927699926
0.00160660372636
0.00140553674555
0.00149244520991
0.00176613603078
0.00200331781208
0.00206462511199
0.00194022248626
0.00168432506578
0.0014398302771
0.00143759582145
0.00171829813055
0.00206260616059
0.00224993299062
0.00218764287906
0.00191929004808
0.00159460215069
0.00148116900755
0.00168026509876
0.00197362966973
0.00215203256511
0.00213744900313
0.00194718930989
0.00166025441794
0.00148258786694
0.00162427782087
0.00200050045429
0.00232483048142
0.00240844754899
0.00222572569257
0.00186632429022
0.0015582101175
0.00158511161186
0.00187230266068
0.00216324127949
0.00228988310707
0.00221030619931
0.00195533152704
0.00166372248803
0.0015882054853
0.00187618282958
0.00227998566337
0.00252021282574
0.00247751663141
0.00218003927352
0.00177122669956
0.00157351911911
0.00175014418763
0.00210600438941
0.00237525302483
0.00242973460285
0.00225383377777
0.00193260892718
0.00165644774263
0.00173804000205
0.0021273509054
0.00250717020796
0.00264719988291
0.00249305227661
0.00210497016615
0.00173137908605
0.00168416176692
0.00199949267751
0.00237148755735
0.00256564802077
0.00250157850726
0.00222571698875
0.00184627754636
0.00167736842052
0.00192795938454
0.00238517627488
0.00271883171611
0.00276020029853
0.00248662429658
0.00205001437983
0.00174829163544
0.00187927464738
0.00227088944721
0.00259160874752
0.00266819644024
0.00249962695296
0.00213303319778
0.00178536172479
0.00178745875206
0.00219962423597
0.00268229838936
0.00293339739411
0.00283088819793
0.00244089027432
0.00196677526237
0.00180966519522
0.00209779998724
0.00250425171855
0.00274139211982
0.00272835997445
0.00246280301471
0.00206359116712
0.00181010787618
0.00201660704641
0.00253803839323
0.00297099208844
0.00307022925512
0.00281412828792
0.00230492682929
0.00188123329061
0.00192704084489
0.00233096451375
0.00271965213085
0.00288947505408
0.00277435357706
0.00242573314462
0.00201636050166
0.00191445870384
0.00231299581179
0.00285524514495
0.00316551750964
0.00311044608514
0.00270078482706
0.00214907652065
0.00188388344216
0.00213469128873
0.00260951604156
0.00295720436777
0.00301358729771
0.00277751616821
0.00233725231463
0.0019648673815
0.00208227792888
0.0026109175681
0.00310796965325
0.00329665396017
0.00308682999673
0.00256907090183
0.00206859205293
0.0020101626695
0.00243097656048
0.0029082618874
0.00314031428531
0.00305630650646
0.00268983107735
0.00219034809819
0.00197371691659
0.0023182294084
0.00291923028211
0.00335299244907
0.00339692894517
0.00303230711089
0.00245198828874
0.00205271861607
0.00223128929585
0.00273819626125
0.00313274097671
0.00323151323596
0.00301624510038
0.00254343399265
0.0020976291947
0.00210763440872
0.00265018284855
0.00326726279368
0.00357248186705
0.00343080638307
0.00291729987405
0.00229817210043
0.00210324425538
0.00248295779642
0.00299342911195
0.00329326232407
0.00327933644399
0.00294014963187
0.00243257456233
0.00210492100004
0.00237886470979
0.00304294923406
0.0035729711517
0.00368903490821
0.00335698013728
0.00270208235768
0.0021717612383
0.00224040192065
0.00275592090512
0.00324118772389
0.00344937013651
0.00329860738725
0.00285775723259
0.0023315568249
0.00220851048595
0.00271974567446
0.00338987568746
0.00377033455804
0.00370074335085
0.00317947566528
0.00249580536562
0.00216608024895
0.00249104552445
0.00308078942723
0.00349814892773
0.0035559318671
0.00326036081379
0.00270098332374
0.00224096535539
0.0023987572885
0.00306099520777
0.00367258549343
0.00390687923514
0.0036375685434
0.00299828499309
0.00237359997078
0.00230806342549
0.00283261056779
0.00340419595795
0.00367261578235
0.00357109581582
0.00311190454427
0.00250394590909
0.00224370184063
0.00268218170995
0.00342241381399
0.00394983601402
0.00398960388688
0.00353745009818
0.00281483431563
0.00232574368995
0.00255471835581
0.00316838934828
0.00363283420924
0.00375779579094
0.00349147219172
0.00292276433693
0.00238249869635
0.00240380331512
0.00307422188414
0.00381611487927
0.00416693546418
0.00398717341746
0.00334856676532
0.00259591533481
0.00236860137521
0.00283737599215
0.00344578836767
0.00381079209074
0.00378975470786
0.0033830479497
0.00276909766908
0.00237238283739
0.00271596956466
0.0035142876194
0.00413124940047
0.0042653277901
0.0038522214879
0.00306397872424
0.00243461734835
0.00252834489983
0.00315001260491
0.00372981303791
0.00396844186849
0.00378502769603
0.00325077926714
0.00261470522748
0.00247620601723
0.00309750485472
0.00388473143044
0.00433638747734
0.00424446898449
0.00361966201325
0.00281286663086
0.00242298883755
0.00282115762803
0.00352013697255
0.00399713145142
0.00405901373608
0.00370009739596
0.00302927033022
0.00249024421153
0.00269092102608
0.00347847027443
0.00420293188995
0.00447294086452
0.00414569013515
0.00339108516259
0.00264792113866
0.00258004881234
0.00320419770492
0.00385823911661
0.00416633442697
0.00404286896659
0.00349619732418
0.00279089411874
0.00249090399243
0.00302101298365
0.00389561832959
0.00450428731686
0.00453696836011
0.00399839658994
0.00313957673035
0.00257011778513
0.00285058626575
0.00356028259244
0.00409671324588
0.00424405259752
0.00392727986697
0.00327255997925
0.00264135499205
0.00267769014772
0.00347192769047
0.00432404762212
0.00471592823732
0.00449522144591
0.00373545394332
0.00286315259682
0.00260792152529
0.00316040004507
0.00386568640377
0.0042914503043
0.00425969786035
0.0037909152564
0.00307286283208
0.0026146481903
0.00302884903886
0.00394793036334
0.00464650347871
0.00479444506206
0.00429935320446
0.00339348141849
0.00267085952053
0.00279130923591
0.00351596892038
0.00418317740363
0.00444642332584
0.00423169960368
0.00360389073223
0.00286875718455
0.0027196077717
0.0034436599644
0.00434145634781
0.00485995137442
0.00473899031254
0.00402278304409
0.0030989385912
0.00265566964607
0.00312632635947
0.00392493069857
0.00445485006035
0.0045210048186
0.00409507757795
0.00332601989347
0.00271421807706
0.00295831525592
0.00386471902766
0.00469598845712
0.00499055960732
0.00461044178164
0.00374461840726
0.00289278792014
0.00282713710535
0.0035431778174
0.00427205179711
0.00462116569014
0.00446879896761
0.00384649619606
0.00305069219636
0.00271600772119
0.00333536440292
0.00433563634133
0.00501181327015
0.00503670290524
0.00441132777999
0.00342830219591
0.00278694181685
0.00311773943151
0.00391567967955
0.00452584110461
0.00468655364499
0.00432597151176
0.00359048614828
0.00287437926015
0.00292961792715
0.00383987521896
0.00478721964941
0.0052173447749
0.00495013213926
0.00408096023741
0.00310056502631
0.00282196862172
0.00345352374908
0.00425523528863
0.00473141088692
0.00468979812337
0.00416021244811
0.0033439690708
0.00283200363565
0.00331510811796
0.00434091001567
0.00511821239197
0.00527075983767
0.00470100531134
0.00369049491339
0.0028813858373
0.00303061082223
0.00385519106387
0.0045980487742
0.00488347596356
0.00463423185198
0.00391801571232
0.00309411184322
0.00293815443195
0.00375613094222
0.0047609934188
0.00533516522031
0.00518507111282
0.00438781798646
0.00335368318682
0.00286538343796
0.00340694841539
0.00429267189859
0.00487264226978
0.00493714739995
0.00444663675359
0.00359197816829
0.00291265015469
0.00320000254862
0.00422073842535
0.00514617211501
0.00545844342057
0.00502953931082
0.00405812765509
0.00310949830037
0.00304970212434
0.00384771439483
0.0046488021971
0.00503296044361
0.00484934499533
0.00416357144574
0.00328156794586
0.0029189631779
0.00362521090654
0.00473715175488
0.00547046155678
0.0054852209114
0.00477567176987
0.00368303510838
0.00297694986007
0.00335560423402
0.00423870562119
0.0049174525326
0.00508424547716
0.00468749272942
0.00387347081952
0.00308154807656
0.00315885733265
0.004173060561
0.00520450508615
0.00566726930191
0.00535092647369
0.00438818538108
0.00330819644491
0.00301208493293
0.00372046073817
0.0046128401647
0.00512873873344
0.00507877344369
0.00448747512985
0.00358277530894
0.00302353392823
0.00357100541624
0.00469327118277
0.00554343923347
0.00569208777914
0.00506054337678
0.00395376412604
0.0030683357975
0.00324879172429
0.00416647341038
0.00497285811332
0.00527774945688
0.00498897211516
0.00419480462649
0.00328939486665
0.00313048134903
0.00403554822756
0.00514179566397
0.00575851457991
0.00558496837363
0.00471271331817
0.00357871750111
0.00305354311324
0.00366193396343
0.00462301967519
0.00524952422229
0.00530329024954
0.00475761349958
0.00382509839805
0.00308569251578
0.00341658003251
0.00454550997135
0.00554934252535
0.00587705378373
0.00540052702122
0.00433337715475
0.00329872442383
0.00324759466148
0.00411863409314
0.00498953547771
0.00539708895816
0.005187192803
0.00444487015317
0.00348310681218
0.00310003684021
0.00388902834595
0.00509624906243
0.00587977601
0.00587937634694
0.00509423793944
0.00390428293412
0.00314142698094
0.00356586638985
0.00453214497978
0.00526708068448
0.00543836925216
0.0050087816551
0.00412034166316
0.00326255410492
0.00336371857788
0.00446822225038
0.00557617390532
0.00606184158164
0.00570095314017
0.004658002778
0.00348728552609
0.00318077966638
0.00396421573339
0.00493476962305
0.00548330817511
0.0054228260467
0.00477174186389
0.00378880282841
0.00318824622217
0.00379445724442
0.00500673907188
0.00591829813854
0.00606096489609
0.00537914452415
0.00418319509919
0.00323427390136
0.00344776435575
0.00444696470654
0.0053073902889
0.00562484856924
0.00529550404487
0.00443446754619
0.00345368917335
0.00329651885065
0.00428438192474
0.00548060300058
0.00613084801034
0.00593952402585
0.00499658674774
0.00377589527276
0.00322084195675
0.00388945173098
0.00491701817522
0.00558128844995
0.0056189103221
0.00502926711613
0.00402340469181
0.00323492548805
0.00360993427178
0.00483636369721
0.00590502319551
0.00624622747588
0.0057227689926
0.00457225072552
0.00346040749693
0.00342066216136
0.00435851615318
0.00529134730966
0.00571201797076
0.00548394591795
0.00468729769042
0.00365674878717
0.00325983072623
0.00412435150166
0.00541238103863
0.00623876634977
0.00621875185556
0.00537013770717
0.00409131949059
0.00328238659249
0.0037517059342
0.00479482435801
0.00557207834545
0.00574960344451
0.00528623592755
0.00433195120873
0.00341686979733
0.00354247848107
0.00472563975191
0.00590163852869
0.00640010045855
0.00600460070549
0.00488912621387
0.00364049161015
0.00333066498392
0.00418450397997
0.00521802926192
0.00579441729985
0.00571805483065
0.00501423806462
0.00396076092174
0.0033263455081
0.00398669435215
0.00528213509153
0.0062410144697
0.00638181026997
0.00565532158792
0.00438035158744
0.0033804198561
0.00362707798892
0.00469422061618
0.00560044615498
0.00592040526102
0.00555607742968
0.00463540066
0.00358848242926
0.0034383782902
0.00450450917117
0.00577521582234
0.00645535155028
0.00624729746898
0.00524021035851
0.00394511348484
0.00336673429186
0.00408822897499
0.00517439220627
0.0058631039706
0.00588680462468
0.00526012657911
0.00418773051596
0.00336284896567
0.00378165198646
0.00509120340212
0.0062150119172
0.00656441174692
0.00599761808121
0.00477422126961
0.00359441364544
0.00356919732385
0.00456871122698
0.00554943307973
0.00597978373875
0.00573832584608
0.00489031670491
0.0038043522446
0.00339886423097
0.00432958366341
0.00568706970831
0.00654548523604
0.00650583477762
0.0056035406983
0.0042438181151
0.0034017834165
0.00391520419498
0.00502264697112
0.00583276641599
0.00601625638381
0.00551869807746
0.00450933419229
0.00354440761663
0.0036947292801
0.00494776558013
0.0061789494932
0.00668476621212
0.00626329679776
0.00508019341812
0.00377021536239
0.0034627204952
0.00437804690886
0.00546156934409
0.00605934069678
0.00596339547491
0.00521605752355
0.0040981157188
0.00343971894037
0.00415109278894
0.00551835951091
0.00651339944288
0.00665670268933
0.00588684674245
0.00454661805075
0.00350574140495
0.00378407292482
0.00490700071072
0.00584855500584
0.00616330792959
0.00577274503702
0.00479627855417
0.00369753337428
0.00355931598211
0.00469584168592
0.00602627598019
0.00673367598758
0.00650603846074
0.00544414402344
0.00408400288218
0.00348974151317
0.0042578026593
0.00539199079747
0.00609322484164
0.00610996901203
0.00544803278682
0.00432170873141
0.00347155015818
0.00393194131691
0.00531009082085
0.00648007491365
0.00682988454634
0.0062261778653
0.00493635296871
0.00370106670201
0.00369364144675
0.00474731306358
0.00576102801587
0.00620326927627
0.00594773629845
0.00505632649392
0.00392665807992
0.00351733541327
0.0045050874417
0.00592084191673
0.00679846870231
0.00674333745236
0.00579143012716
0.00436289757044
0.00350038405582
0.0040554232197
0.00521208985038
0.00605058063442
0.00623553439263
0.0057078974547
0.0046522640315
0.00364612584435
0.00382179146655
0.00513606153447
0.0064064517915
0.00691970074491
0.00647447018759
0.00523142441276
0.00387668918637
0.00357553147908
0.00454120522075
0.00566507177048
0.0062747755298
0.00616098475868
0.005376604411
0.00420257391532
0.00353110459755
0.00429024171422
0.00571375704095
0.00673897131398
0.00688362953617
0.00607262860218
0.00468110448435
0.0036077373094
0.00391564069292
0.00508421749057
0.00604768023188
0.00635630395493
0.00594530808115
0.00491843516502
0.00378469392515
0.00366167540925
0.0048571067939
0.00623602526298
0.00696394322744
0.00671432258889
0.00560664997399
0.00418977746197
0.00358824681445
0.00439746120669
0.00556544567036
0.00627423496556
0.00628894972727
0.00559313610751
0.00442907974603
0.00356173602868
0.00405995387864
0.00549427467223
0.00669810933304
0.00704201431683
0.00640690278224
0.00505584082664
0.00378094321398
0.00379377015422
0.00489036276646
0.00592748006079
0.00638334715178
0.00611133368926
0.00518815723631
0.00402313907467
0.00361515898282
0.00465210312079
0.00611155654112
0.00699801123273
0.00693104548207
0.00593051942721
0.0044504636789
0.00357741695639
0.00416918402722
0.00536273837835
0.00622570539771
0.00640637816052
0.00585608203588
0.00475975570218
0.00372369436383
0.00392546389783
0.00528912313425
0.00658448910718
0.00710618693752
0.00663422297827
0.00534423249786
0.00395790744884
0.00366635911189
0.00467229165513
0.00582734639105
0.00643973782053
0.0063135933225
0.00549453257912
0.00427763983178
0.00360248528117
0.00440393797316
0.00586802455557
0.00691935140881
0.00705850860036
0.00621268847569
0.00478079613185
0.0036841944434
0.00401987846849
0.00522379918727
0.00619652002911
