0.0
0.0065658275255
0.0130649450293
0.019565406852
0.0260628978929
0.0325555612967
0.0390422850751
0.0455213154938
0.0519919202772
0.0584524660561
0.0649016372191
0.0713381723778
0.0777608232618
0.0841683318263
0.090559448232
0.0969329417163
0.103287566221
0.109622083341
0.1159352701
0.122225891395
0.128492717504
0.134734543591
0.14095014623
0.147138316734
0.153297858843
0.159427575564
0.165526276574
0.171592775226
0.177625893701
0.183624462356
0.189587318551
0.195513301149
0.201401255593
0.207250035467
0.213058512805
0.218825569149
0.224550078777
0.230230938972
0.235867037708
0.241457295358
0.247000623433
0.252495952882
0.257942213173
0.263338351638
0.268683320123
0.273976094373
0.279215647905
0.284400970776
0.289531058708
0.29460491903
0.299621579994
0.304580071411
0.309479436335
0.314318737143
0.319097033104
0.323813407272
0.328466956321
0.333056778637
0.337581994072
0.342041726573
0.346435121457
0.350761346996
0.355019563204
0.35920896176
0.363328739852
0.367378109734
0.371356298179
0.375262538807
0.379096097046
0.382856225718
0.386542218173
0.390153369491
0.393688987318
0.397148415311
0.400530977267
0.403836052366
0.407063001404
0.410211213723
0.413280102905
0.416269089736
0.419177612912
0.422005121385
0.424751090584
0.427414990565
0.429996334603
0.432494632285
0.434909421671
0.437240253926
0.439486691902
0.441648326909
0.44372476378
0.445715634329
0.447620545353
0.449439166128
0.451171158532
0.452816215025
0.454374037584
0.455844343633
0.457226870065
0.458521368371
0.45972761526
0.460845404815
0.461874544133
0.462814850288
0.463666178101
0.464428383096
0.465101358674
0.465684988755
0.466179186418
0.466583877611
0.466899011495
0.467124547984
0.467260472618
0.467306787482
0.467263510394
0.467130683896
0.466908366272
0.466596627914
0.466195556272
0.465705253198
0.465125845637
0.464457467806
0.463700284017
0.462854466792
0.461920208783
0.460897718714
0.459787230779
0.458588993609
0.457303265788
0.455930320842
0.454470453939
0.452923982937
0.451291235829
0.449572559787
0.447768313781
0.445878872911
0.443904640237
0.44184603557
0.439703476771
0.437477412272
0.435168304377
0.432776625764
0.430302873199
0.427747558028
0.425111201545
0.422394341535
0.419597529991
0.416721341645
0.413766365806
0.410733197891
0.407622456881
0.404434768386
0.401170786998
0.397831171899
0.394416599576
0.39092775866
0.387365350163
0.383730083255
0.380022700431
0.376243931856
0.372394546093
0.368475307464
0.364487006846
0.360430442245
0.356306421951
0.352115773072
0.347859330144
0.343537939675
0.339152467944
0.334703792251
0.330192792052
0.325620363733
0.320987411854
0.316294856146
0.311543627708
0.306734662738
0.301868920872
0.296947369989
0.291970986316
0.286940758231
0.281857687228
0.276722775276
0.271537038375
0.266301502234
0.261017198664
0.255685174445
0.250306485485
0.244882202466
0.239413398366
0.233901157891
0.228346579548
0.222750765278
0.217114841476
0.211439934837
0.205727184985
0.199977744605
0.194192777253
0.188373452005
0.18252094959
0.176636464683
0.170721200438
0.164776372937
0.158803253705
0.152803123318
0.146777283738
0.140727070117
0.134653851573
0.128559041616
0.122444101811
0.116310560344
0.110160020809
0.103994183519
0.0978149168757
0.0916242882897
0.0854246042542
0.0792185212613
0.0730091919685
0.066800517808
0.0605975578496
0.0544070940094
0.0482387596347
0.0421070865481
0.036035578658
0.0300655360127
0.0242766129422
0.0188409189061
0.0141745814023
0.0112788154016
0.0115693101788
0.0148579537351
0.0196928181479
0.0251952233899
0.0310077473771
0.0369802663968
0.0430419660334
0.0491555032129
0.0552992784881
0.0614597772632
0.0676279805287
0.0737975256698
0.0799636373677
0.0861225834736
0.0922713207167
0.0984072956005
0.104528337605
0.11063249794
0.116718002989
0.12278321398
0.128826598284
0.134846719716
0.140842202713
0.146811722245
0.152753989363
0.158667762392
0.164551836521
0.17040504628
0.176226238551
0.182014280902
0.187768059684
0.193486478886
0.199168473807
0.204812982261
0.210418960021
0.215985370313
0.221511196851
0.226995440315
0.232437115829
0.237835243766
0.243188859264
0.24849700746
0.253758759042
0.258973184916
0.264139381463
0.269256440449
0.274323481085
0.279339620473
0.284303992342
0.2892157464
0.294074036868
0.298878033549
0.30362691985
0.308319900423
0.312956200212
0.31753503589
0.322055656868
0.326517314784
0.330919269738
0.335260809122
0.339541223897
0.343759814179
0.347915908656
0.352008835406
0.356037944081
0.360002590261
0.363902145609
0.367736007867
0.371503568671
0.375204258927
0.378837506009
0.382402769897
0.385899506475
0.389327196612
0.392685324534
0.395973400186
0.399190946844
0.402337494371
0.405412598685
0.408415820661
0.411346745568
0.414204964985
0.416990103714
0.419701781086
0.422339641067
0.424903342628
0.427392563553
0.429806991518
0.432146334723
0.434410320203
0.436598669723
0.438711139229
0.440747494737
0.442707512271
0.444590999326
0.446397760707
0.448127635932
0.449780469218
0.451356135844
0.452854516811
0.454275487801
0.455618961615
0.456884861328
0.458073121768
0.459183707065
0.460216587375
0.461171743082
0.462049184465
0.462848927958
0.463571007313
0.46421548087
0.464782403487
0.465271860886
0.465683945001
0.466018768176
0.466276470176
0.46645717826
0.46656105131
0.46658825905
0.466538994089
0.466413455011
0.466211861301
0.465934440064
0.465581437484
0.465153127005
0.464649782176
0.464071698999
0.463419165258
0.462692506653
0.46189206295
0.461018178323
0.460071209782
0.459051534385
0.457959543253
0.456795637369
0.455560234994
0.454253769066
0.452876680731
0.451429427348
0.449912478828
0.448326322841
0.446671460571
0.444948392022
0.443157643255
0.44129973573
0.439375231737
0.437384676886
0.435328654249
0.433207730735
0.431022510668
0.428773603495
0.42646162751
0.424087208098
0.421650990327
0.419153619958
0.41659575493
0.413978076308
0.411301254856
0.408566000391
0.405773005435
0.402922993931
0.400016687044
0.397054824251
0.394038146747
0.390967403909
0.387843358595
0.384666781088
0.381438452911
0.378159159924
0.374829695177
0.371450874212
0.368023497844
0.364548390423
0.361026382073
0.357458316004
0.35384503404
0.350187385851
0.346486236213
0.342742453177
0.338956901797
0.335130459341
0.331264007068
0.327358429047
0.323414622391
0.319433486958
0.315415941738
0.311362896002
0.307275265163
0.303153981289
0.29899996874
0.294814155636
0.290597482008
0.286350885843
0.282075306789
0.277771698405
0.273441008304
0.269084199283
0.264702218587
0.260296026765
0.255866587928
0.25141487242
0.24694185442
0.242448503448
0.237935788821
0.233404690077
0.228856189425
0.224291268127
0.219710903233
0.215116080381
0.210507779465
0.205886993495
0.201254712805
0.196611925127
0.191959624184
0.187298791454
0.182630431325
0.177955551015
0.173275151452
0.168590237232
0.163901812961
0.159210890533
0.154518482558
0.14982560536
0.145133272747
0.140442502477
0.135754320149
0.131069791359
0.126389982191
0.121715966005
0.117048834938
0.112389705618
0.107739721134
0.103100060297
0.098471936425
0.0938566108635
0.0892554062308
0.0846697433342
0.0801011514574
0.0755512885994
0.0710219851446
0.0665153076388
0.0620336771068
0.0575800083463
0.0531578335644
0.0487716050969
0.0444271279294
0.040132238438
0.035897921891
0.0317402913982
0.0276840872532
0.023769261015
0.0200638235687
0.0166893062739
0.0138659874715
0.0119620674009
0.0114159127106
0.01237957407
0.0145311626326
0.0174148391218
0.0207087241485
0.0242299690784
0.0278781590254
0.0315963896876
0.0353507686316
0.0391200113682
0.0428901091447
0.0466514312975
0.0503971052437
0.0541220713073
0.0578224516825
0.0614951990343
0.0651378546117
0.0687483847317
0.0723250406477
0.0758663240981
0.0793709244009
0.0828376713897
0.0862655102923
0.0896535124939
0.0930008240112
0.0963066480046
0.0995702449673
0.102790925367
0.105968027395
0.109100915841
0.112188999397
0.115231711602
0.118228517014
0.121178898128
0.124082355724
0.126938411963
0.129746610576
0.132506512768
0.135217699694
0.137879782698
0.140492390058
0.143055163628
0.145567770427
0.148029889911
0.150441189387
0.152801352538
0.155110084417
0.157367103268
0.159572138484
0.161724946834
0.163825303852
0.165872996074
0.167867830317
0.169809623645
0.171698207674
0.173533401947
0.175315056309
0.177043031777
0.178717202697
0.180337460993
0.181903701337
0.183415836797
0.184873792679
0.186277509568
0.187626943657
0.18892205613
0.190162832449
0.191349269335
0.192481378787
0.193559188761
0.19458272656
0.19555202157
0.196467130264
0.197328111564
0.198135042837
0.198888015165
0.199587129898
0.200232508777
0.200824279781
0.201362587228
0.20184758914
0.202279440256
0.202658315533
0.202984398873
0.203257890675
0.203479004506
0.203647951368
0.203764958892
0.203830265284
0.203844120495
0.203806782092
0.203718530437
0.203579656372
0.203390460306
0.203151258235
0.202862381935
0.202524162605
0.202136922107
0.201701005943
0.201216762502
0.200684555029
0.200104751635
0.199477750797
0.198803946928
0.198083750057
0.197317584768
0.196505881681
0.195649067544
0.194747583858
0.193801880725
0.19281241832
0.191779664461
0.190704097086
0.18958619451
0.188426447415
0.187225350923
0.185983414579
0.184701147381
0.183379077022
0.182017740686
0.180617677198
0.179179438038
0.177703583089
0.176190659571
0.174641229711
0.17305585904
0.171435120733
0.169779591513
0.16808986539
0.166366544851
0.164610234287
0.162821541888
0.161001091509
0.159149496314
0.157267380374
0.155355368386
0.153414092686
0.151444187205
0.1494462905
0.147421050634
0.145369112853
0.143291127201
0.141187745844
0.139059621644
0.136907434658
0.134731857518
0.132533570356
0.130313257839
0.128071608101
0.125809296136
0.123527000147
0.121225400177
0.118905174118
0.116566995104
0.114211562814
0.111839587122
0.109451768376
0.107048814768
0.104631432492
0.102200335691
0.0997562371193
0.0972998555032
0.0948319107525
0.092353126894
0.0898642291437
0.087365936171
0.0848589703457
0.0823440492127
0.0798218880278
0.0772932001784
0.0747587651812
0.0722193696407
0.0696758014681
0.06712887335
0.0645794205476
0.062028265545
0.0594762290252
0.0569241731836
0.0543729808389
0.0518235585268
0.0492768868545
0.0467340838835
0.0441963150583
0.0416648623847
0.0391411667267
0.0366268773451
0.0341239289237
0.0316346486109
0.0291619126167
0.026709392275
0.024281925562
0.0218861177125
0.0195313481971
0.0172314977425
0.0150080149671
0.0128955141362
0.0109522837036
0.00927754379606
0.00803115631547
0.00742069012828
0.00758937990131
0.00847985279954
0.00988901869277
0.0116208348251
0.0135440727484
0.0155806820896
0.0176848397304
0.019829032487
0.0219958745436
0.0241739433005
0.0263554319833
0.0285347993082
0.0307079452484
0.0328717628503
0.0350238263469
0.0371621879061
0.0392852426706
0.0413916210067
0.0434801386454
0.045549762245
0.0475995687875
0.0496287217146
0.0516364932727
0.0536222726056
0.0555854613215
0.0575255091984
0.0594419114236
0.061334177701
0.063201773598
0.0650442200636
0.0668610613063
0.0686518551525
0.070416177009
0.0721536727554
0.0738639903252
0.0755467870625
0.0772017391521
0.0788285394519
0.0804268753897
0.081996439511
0.0835369512151
0.0850481391099
0.0865297444506
0.087981515464
0.0894032095358
0.0907945936422
0.0921554479298
0.093485562208
0.0947847389014
0.0960528018675
0.0972895824233
0.0984949239399
0.0996686835979
0.100810730729
0.101920920952
0.102999124812
0.10404522726
0.105059123046
0.106040715259
0.10698992192
0.107906674181
0.108790911499
0.109642583372
0.110461653828
0.111248091081
0.112001868502
0.112722975513
0.113411413643
0.114067191619
0.114690329853
0.115280843953
0.115838763506
0.116364128381
0.116856987578
0.117317398832
0.117745441486
0.118141202073
0.118504779103
0.118836278627
0.119135827139
0.119403535621
0.119639520887
0.119843915169
0.120016860103
0.120158503371
0.12026900645
0.120348542682
0.120397290759
0.120415441706
0.120403193887
0.120360756485
0.120288335994
0.120186155678
0.120054447903
0.119893452883
0.119703418883
0.119484590904
0.119237222438
0.118961573549
0.1186579133
0.118326517047
0.117967679689
0.117581704204
0.117168904288
0.116729601661
0.11626412706
0.115772810987
0.115255966706
0.114713930995
0.114147042349
0.113555641256
0.112940080327
0.112300727186
0.111637948951
0.110952121501
0.110243623416
0.109512841504
0.108760172943
0.107986021641
0.107190800521
0.106374927036
0.105538830841
0.104682918286
0.103807596758
0.102913282865
0.102000388593
0.101069328469
0.100120537906
0.0991544913017
0.0981716470652
0.0971724717141
0.0961574462491
0.0951270478
0.0940817185948
0.0930219179855
0.0919481100293
0.0908607571732
0.089760319532
0.0886472898991
0.0875221575482
0.0863854069585
0.0852375262766
0.0840790079339
0.0829103471608
0.081732045007
0.0805446043216
0.0793485304929
0.0781443328881
0.0769325157178
0.075713574701
0.0744880101071
0.0732563192033
0.0720189942415
0.0707765360998
0.0695294885016
0.0682783808482
0.0670237435854
0.0657661203372
0.0645060534554
0.0632440529568
0.0619806349025
0.06071631902
0.0594516203445
0.0581870443002
0.0569231300293
0.0556604204456
0.0543994455536
0.0531407380487
0.0518848305875
0.0506322747734
0.0493836433545
0.048139507364
0.0469004502783
0.0456670685808
0.0444399542062
0.0432196449973
0.0420067039619
0.0408016904746
0.0396051526719
0.0384176405425
0.0372398346258
0.0360724000364
0.0349160140199
0.0337713859394
0.0326392643768
0.0315203565062
0.0304153888537
0.029325136848
0.0282504018482
0.0271920118919
0.0261508601174
0.0251279168161
0.0241241834837
0.0231407225757
0.0221786657785
0.0212392539592
0.0203239195807
0.0194341880902
0.0185717370099
0.0177384195345
0.0169362518379
0.0161671788864
0.0154333413838
0.014737017745
0.0140805619909
0.0134663673748
0.012897200298
0.0123758629789
0.0119049917075
0.0114870491453
0.0111241890791
0.0108178525576
0.0105685816567
0.0103762061951
0.010239593782
0.0101566237588
0.0101242968111
0.0101389669982
0.0101962990953
0.0102915461076
0.0104197579289
0.0105759651232
0.0107553393871
0.0109532919237
0.0111655514243
0.0113882076548
0.0116177222786
0.0118507637377
0.0120843411336
0.0123158177935
0.0125428355946
0.0127632855099
0.0129753868948
0.0131776464307
0.0133687045311
0.0135473861196
0.0137126849623
0.0138636814036
0.013999417784
0.0141191233701
0.0142221132492
0.0143077706448
0.0143755467513
0.0144249970084
0.0144557159647
0.0144673469513
0.0144595825961
0.0144321656316
0.0143849046652
0.0143176598514
0.0142303399648
0.0141229109302
0.0139953993981
0.0138477215725
0.0136796983416
0.0134912543669
0.0132823051589
0.0130527507009
0.0128025741278
0.0125320240504
0.0122412708183
0.0119305512371
0.011600192883
0.0112505784933
0.0108818143333
0.0104941645079
0.0100879712859
0.00966362150254
0.00922156020551
0.00876243394943
0.00828703080839
0.00779630682675
0.00729149670213
0.0067742345019
0.00624678368236
0.00571235117034
0.00517555740494
0.00464331598482
0.00412627951235
0.00364092220503
0.0032123605575
0.00287856806779
0.00268847531163
0.00268603603901
0.0028839576001
0.00325736992715
0.00376401327755
0.00436599434524
0.00503640931332
0.00575765783364
0.00651804748006
0.00730991497835
0.00812812046404
0.00896903332024
0.00982998673976
0.0107090045841
0.0116045568053
0.0125153662754
0.0134403601256
0.0143786115949
0.0153293259326
0.0162918394636
0.0172655121164
0.0182497491218
0.0192439920679
0.0202476892831
0.0212601880852
0.0222808951446
0.0233092296552
0.0243446070105
0.0253864441736
0.0264342928258
0.02748769033
0.0285461468611
0.0296091818085
0.0306763209551
0.031747041415
