0.0
0.00790716295888
0.0111816628596
0.0136937413301
0.0158110965072
0.0176761532682
0.0193619188822
0.0209117284324
0.0223538105814
0.0237077896123
0.0249879850915
0.0262052372133
0.0273679834836
0.0284829149554
0.0295554076658
0.0305898436503
0.0315898771201
0.0325586438584
0.0334988818958
0.0344129855262
0.0353030279378
0.0361707870972
0.0370177837546
0.0378453287883
0.0386545758588
0.0394465958631
0.040222443071
0.040983152761
0.0417296719311
0.0424627583514
0.0431829662371
0.0438907473112
0.0445865914986
0.0452710870119
0.0459448664133
0.0466085082786
0.0472624786604
0.0479071298512
0.048542730971
0.0491695159115
0.0497877346373
0.0503976968791
0.0509997853704
0.0515944035824
0.0521818849555
0.0527624367432
0.0533361649974
0.0539031588758
0.0544635602377
0.0550175835638
0.0555654957568
0.0561075782303
0.0566440773027
0.0571751496086
0.0577008335394
0.0582211008612
0.0587359789487
0.0592456574367
0.0597504594897
0.0602506897111
0.0607464851216
0.0612378052981
0.061724556468
0.0622067285839
0.0626844421712
0.0631579059344
0.0636273470771
0.0640929492294
0.0645548133359
0.0650129359687
0.0654672418374
0.0659176645352
0.0663642470639
0.0668071657151
0.0672466575872
0.0676829064955
0.0681159813647
0.0685458457469
0.0689724218404
0.0693956486843
0.0698155361402
0.0702321985389
0.070645845705
0.071056699383
0.0714648666936
0.0718702702578
0.0722727276092
0.0726721273165
0.0730685608902
0.0734622662047
0.0738534723848
0.0742422655619
0.0746285873038
0.0750123218233
0.0753933878129
0.0757717803456
0.0761475882665
0.0765209718906
0.0768921082232
0.0772611081132
0.0776279518295
0.0779925119512
0.0783546534823
0.0787143493829
0.0790717013193
0.0794268837249
0.0797800573267
0.0801313135597
0.0804806471756
0.0808279636242
0.0811731192648
0.0815160194559
0.0818567191568
0.0821954248452
0.0825323879728
0.082867718759
0.0832013220735
0.0835329922914
0.0838625943269
0.0841901636621
0.0845158552922
0.0848398388138
0.0851622125474
0.0854829808639
0.0858020791987
0.0861194117664
0.0864349021264
0.0867485600785
0.08706049545
0.0873708781142
0.0876798271479
0.0879873468909
0.0882933330658
0.0885976662789
0.088900283377
0.0892012127259
0.0895005588626
0.0897984647124
0.0900950658921
0.0903904098976
0.0906844169216
0.0909769112425
0.0912677517349
0.0915569618679
0.091844728777
0.092131278671
0.0924167103023
0.0927009536932
0.0929838603642
0.0932653168541
0.093545302214
0.0938238877637
0.0941011850608
0.0943773042273
0.0946523082686
0.0949261867309
0.0951988554505
0.0954702134034
0.0957402248379
0.0960089535229
0.0962765227593
0.09654303579
0.0968085270539
0.0970729562831
0.0973362465047
0.0975983265536
0.0978591604149
0.0981187916072
0.0983773400861
0.0986349496443
0.0988916988823
0.0991475251126
0.0994022736784
0.0996558229642
0.0999081807243
0.100159479545
0.100409869244
0.100659426489
0.100908134958
0.101155920757
0.101402706623
0.101648445741
0.101893145661
0.102136868928
0.102379712618
0.102621760572
0.102863028402
0.103103461326
0.103342981448
0.103581547619
0.103819177265
0.104055933312
0.104291890352
0.104527098793
0.104761573345
0.10499528069
0.10522815956
0.105460154838
0.105691272047
0.105921597133
0.106151236443
0.10638025166
0.106608607677
0.106836216861
0.107063014698
0.107289002337
0.107514233814
0.107738789294
0.107962715921
0.108186030121
0.108408718215
0.108630737465
0.108852052909
0.109072649208
0.109292559145
0.109511837643
0.109730540114
0.109948686397
0.110166259739
0.110383228325
0.110599568249
0.110815275455
0.111030373519
0.111244896973
0.111458884291
0.111672364526
0.111885328835
0.112097750565
0.112309599893
0.112520881242
0.112731630128
0.112941887239
0.113151677247
0.113360996099
0.113569824025
0.113778151441
0.113985982241
0.114193329307
0.11440021271
0.114606651625
0.114812655487
0.115018227694
0.115223368082
0.115428071057
0.115632344177
0.115836198852
0.116039644275
0.116242691934
0.116445341053
0.116647600054
0.116849469885
0.117050962562
0.117252089414
0.117452860865
0.117653279126
0.117853343609
0.118053041643
0.118252377803
0.118451373158
0.118650052634
0.118848434031
0.119046514086
0.119244275376
0.119441707415
0.119638813148
0.119835608781
0.120032119216
0.120228367202
0.120424365652
0.120620109275
0.120815580293
0.121010753456
0.121205623917
0.121400215796
0.121594566123
0.121788714444
0.121982666276
0.122176412774
0.122369922626
0.122563168518
0.122756137456
0.122948847059
0.123141343272
0.123333685601
0.123525904254
0.123717977165
0.123909834606
0.124101422092
0.124292738475
0.124483848208
0.124674820502
0.124865692393
0.125056452985
0.125247062544
0.125437479917
0.125627683544
0.125817682991
0.126007513739
0.126197231956
0.126386875836
0.12657644519
0.126765891803
0.126955159522
0.127144221258
0.127333100583
0.127521853051
0.127710537494
0.127899185493
0.128087796295
0.12827632556
0.128464700902
0.128652866478
0.128840825233
0.129028660575
0.129216487125
0.129404362674
0.129592243586
0.129780018692
0.1299676035
0.130154986473
0.130342233325
0.130529431439
0.130716637793
0.130903866561
0.13109108807
0.131278242935
0.131465265442
0.131652129022
0.131838869086
0.132025564643
0.13221228706
0.132399051598
0.132585813829
0.132772501908
0.132959070141
0.133145506378
0.133331850258
0.13351817016
0.133704535468
0.133890982757
0.134077466595
0.134263875905
0.134450109369
0.134636156114
0.134822121951
0.135008144618
0.1351942948
0.135380527581
0.135566739985
0.135752838018
0.13593878755
0.136124622757
0.136310414531
0.136496243517
0.136682158717
0.136868158753
0.137054173511
0.137240107659
0.137425904734
0.1376115795
0.137797216233
0.137982897099
0.138168662296
0.138354495944
0.138540340943
0.13872612515
0.138911794102
0.139097346369
0.139282850352
0.139468414265
0.139654102231
0.139839883365
0.140025631317
0.140211228715
0.140396661617
0.14058201554
0.140767413483
0.140952919221
0.141138517618
0.14132414165
0.141509708876
0.141695158808
0.141880482401
0.142065726004
0.142250970852
0.142436301151
0.142621728301
0.142807194111
0.142992603909
0.143177888845
0.143363044486
0.143548121522
0.143733193674
0.143918320498
0.144103527183
0.144288781304
0.144473995069
0.144659083231
0.144844007845
0.145028835618
0.145213678803
0.145398614439
0.145583623188
0.145768602041
0.145953457654
0.146138163286
0.146322769007
0.146507342498
0.146691942045
0.146876587633
0.147061248332
0.147245866454
0.147430372703
0.147614728508
0.147798957326
0.147983126273
0.148167312933
0.148351538804
0.148535769655
0.148719941268
0.148903990119
0.149087890855
0.149271653179
0.149455327437
0.149638985291
0.14982266873
0.150006367369
0.150190005352
0.1503734879
0.150556776024
0.150739916944
0.150922997455
0.151106076545
0.151289148914
0.151472159858
0.151655051598
0.151837791406
0.152020384976
0.152202859856
0.152385256952
0.152567606798
0.152749910353
0.152932132963
0.153114221011
0.153296140233
0.153477890191
0.153659511192
0.153841045602
0.154022514876
0.154203912454
0.154385210685
0.154566364852
0.154747341303
0.154928123787
0.155108744141
0.15528925251
0.155469689709
0.155650050594
0.155830284658
0.156010335257
0.156190176218
0.156369830331
0.156549336124
0.156728722304
0.156907992964
0.157087131748
0.157266113371
0.157444914536
0.157623523205
0.157801942975
0.157980189248
0.158158284878
0.158336235611
0.158514026213
0.158691636165
0.158869048886
0.159046256503
0.159223268469
0.159400096307
0.15957674597
0.159753223426
0.159929519699
0.160105619451
0.160281502612
0.160457165698
0.160632614801
0.160807863294
0.160982918166
0.161157775782
0.161332419663
0.161506845452
0.161681045446
0.161855023885
0.162028782808
0.162202318173
0.162375627746
0.162548709413
0.162721559797
0.162894174905
0.163066559465
0.16323871283
0.16341063116
0.163582306537
0.163753731134
0.163924901604
0.164095820083
0.164266491825
0.164436922432
0.164607110806
0.164777049856
0.164946727137
0.165116126441
0.165285240585
0.165454080274
0.165622671882
0.165791028826
0.16595914349
0.166126987187
0.166294528061
0.1664617594
0.166628693594
0.166795351676
0.166961755527
0.167127909646
0.167293803813
0.167459412762
0.167624708946
0.167789678091
0.167954324932
0.168118676381
0.168282763251
0.168446597295
0.168610164033
0.168773429639
0.168936369219
0.169098962197
0.169261220596
0.169423163631
0.169584827322
0.169746235317
0.16990737489
0.170068205581
0.170228671249
0.170388758328
0.170548496963
0.170707951544
0.170867153134
0.171026095056
0.171184724467
0.171342992438
0.171500878683
0.171658393833
0.171815570084
0.17197244933
0.1721290594
0.172285400059
0.17244143566
0.172597110727
0.172752384841
0.172907262183
0.173061789491
0.173216017276
0.173369976471
0.173523658061
0.173677034099
0.173830047479
0.173982658648
0.174134851499
0.174286665635
0.174438172033
0.174589430108
0.174740435677
0.17489111771
0.175041394513
0.175191231437
0.175340672717
0.175489788793
0.17563862553
0.175787187118
0.175935437156
0.176083324565
0.176230810732
0.176377880495
0.176524559637
0.176670903299
0.176816965392
0.176962768457
0.177108271546
0.177253408259
0.177398125441
0.177542415237
0.177686312856
0.177829874668
0.177973152862
0.17811617255
0.178258915131
0.178401312444
0.178543284117
0.178684795837
0.178825890536
0.17896666771
0.17910721217
0.17924752407
0.179387528024
0.179527136062
0.179666308138
0.179805065619
0.179943465039
0.180081558017
0.180219378471
0.180356917095
0.180494137254
0.180630982157
0.180767412224
0.180903436453
0.181039106759
0.18117449302
0.181309624701
0.18144448139
0.181579009868
0.181713158414
0.181846891983
0.181980225543
0.182113203327
0.182245896401
0.182378362556
0.182510598893
0.182642537766
0.18277407418
0.182905161548
0.183035843379
0.183166217351
0.183296366911
0.18342630095
0.183555965847
0.183685293907
0.183814238751
0.183942792611
0.18407098392
0.184198866913
0.184326492751
0.184453884798
0.184581022073
0.184707842438
0.184834298997
0.18496038291
0.185086126418
0.18521158852
0.185336808522
0.185461790922
0.185586512861
0.185710932605
0.185834998287
0.185958695475
0.186082050715
0.186205148212
0.186328053303
0.186450775456
0.186573250058
0.186695391775
0.186817156911
0.186938574641
0.187059713981
0.187180638168
0.187301366126
0.187421881456
0.187542143718
0.187662105967
0.187781746543
0.187901066304
0.188020107703
0.18813892685
0.188257562346
0.188376000306
0.188494201913
0.188612124332
0.188729746833
0.188847082776
0.188964164132
0.18908103105
0.189197711883
0.189314208523
0.189430491329
0.189546510051
0.189662234712
0.189777685477
0.18989292062
0.190007997646
0.19012292525
0.190237665403
0.190352169046
0.190466407292
0.19058039069
0.190694152188
0.190807725817
0.190921139399
0.191034396612
0.191147484238
0.191260370678
0.191373027966
0.191485448587
0.191597666168
0.191709709956
0.191821610228
0.191933368723
0.192044969741
0.192156388851
0.192267613279
0.192378635679
0.192489468706
0.192600139965
0.192710683209
0.192821104632
0.19293138868
0.193041504777
0.193151437106
0.193261197171
0.193370808918
0.193480297848
0.193589672212
0.193698923111
0.193808033751
0.193917001066
0.194025819769
0.194134498856
0.194243054641
0.194351498861
0.194459840427
0.194568074624
0.194676195481
0.19478419352
0.194892071026
0.194999835925
0.195107495422
0.195215061999
0.19532253493
0.195429917361
0.195537208415
0.195644402303
0.195751502554
0.195858515615
0.195965446211
0.19607229506
0.19617906737
0.196285759716
0.196392377181
0.196498925603
0.19660541236
0.196711832744
0.19681819064
0.19692447853
0.197030703369
0.197136864903
0.197242976341
0.197349045465
0.197455075994
0.197561064481
0.197667005208
0.197772889017
0.197878717277
0.197984502779
0.198090260098
0.198196001384
0.198301730747
0.198407440674
0.198513120605
0.198618755803
0.198724342466
0.198829889451
0.198935428512
0.199040988004
0.199146568876
0.199252154854
0.199357707053
0.199463208792
0.199568678398
0.199674140492
0.199779627755
0.199885150728
0.199990699442
0.200096260784
0.200201811793
0.200307342255
0.200412857046
0.200518379199
0.200623940849
0.200729557684
0.200835221504
0.200940903566
0.201046581266
0.201152247997
0.201257916243
0.201363612759
0.201469371337
0.201575206841
0.201681113766
0.201787060613
0.201893004977
0.201998919025
0.202104822719
0.202210777559
0.202316842784
0.202423024258
0.202529278098
0.202635553076
0.202741814395
0.202848069194
0.202954359818
0.20306072166
0.203167185114
0.203273759537
0.203380423189
0.203487133351
0.203593850895
0.203700574872
0.203807331949
0.203914175204
0.204021132172
0.204128208785
0.204235372069
0.204342586201
0.204449824817
0.204557085092
0.204664386878
0.20477178024
0.204879314701
0.204986996806
0.205094776977
0.205202582778
0.205310372295
0.205418166869
0.205526047226
0.205634073533
0.205742264979
0.205850582424
0.205958969927
0.206067382359
0.206175808036
0.206284270321
0.206392815126
0.206501488223
0.206610322396
0.206719298528
0.20682836432
0.206937461393
0.207046569
0.207155714601
0.207264946216
0.207374311601
0.207483831356
0.207593489445
0.207703247661
0.207813054701
0.207922874092
0.208032718347
0.208142651569
0.208252742362
0.208363017305
0.20847342243
0.208583875397
0.208694325167
0.208804793011
0.208915340107
0.209026022166
0.209136865545
0.209247856809
0.209358954015
0.209470103388
0.209581273048
0.209692463027
0.209803710131
0.209915079261
0.210026609006
0.210138296331
0.210250090232
0.210361931076
0.210473788808
0.210585667266
0.210697601384
0.210809640891
0.210921828771
0.211034176313
0.211146645627
0.211259164274
0.211371675541
0.211484180743
0.211596746983
0.211709450515
0.211822317792
0.211935309431
0.212048362098
0.212161431381
0.212274512252
0.212387640402
0.212500852854
0.212614183399
0.212727642479
0.212841208443
0.212954831806
0.213068469582
0.213182103634
0.213295767291
0.213409507521
0.213523367555
0.213637350676
0.213751428429
0.213865557087
0.213979697088
0.214093829546
0.21420796877
0.214322159144
0.214436457244
0.214550887187
0.214665417384
0.214779977275
0.214894509764
0.215009013434
0.215123537411
0.215238138344
0.215352840802
0.215467629449
0.215582468677
0.215697321456
0.215812169639
0.215927015126
0.2160418804
0.216156797995
0.216271788581
0.216386846934
0.216501939738
0.216617028566
0.216732096889
0.216847154138
0.216962229307
0.217077346728
0.217192521971
0.217307748991
0.217423002093
0.217538242541
0.217653441338
0.217768602684
0.217883758921
0.217998955325
0.21811420999
0.218229503892
0.218344790164
0.218460031398
0.218575225077
0.218690390655
0.218805557736
0.21892074189
0.21903594708
0.219151156898
0.219266349986
0.21938150294
0.219496614621
0.219611685525
0.219726736405
0.21984178066
0.219956824473
0.220071851257
0.220186842378
0.220301784801
0.22041667543
0.220531520196
0.220646330379
0.220761116682
0.220875883669
0.220990616235
0.221105297302
0.221219907496
0.221334448614
0.221448933762
0.221563374232
0.221677780489
0.221792141284
0.221906442982
0.222020674981
0.222134831069
0.222248918205
0.222362935017
0.222476889688
0.222590780386
0.222704603531
0.222818354881
0.222932024999
0.223045614469
0.223159122549
0.223272547991
0.223385890242
0.223499148005
0.22361231656
0.223725391609
0.223838380854
0.223951277762
0.224064082745
0.224176794982
0.224289403181
0.224401902879
0.224514291011
0.22462657571
0.224738763911
0.22485085845
0.224962851028
0.225074730849
0.225186479875
0.225298100343
0.225409596211
0.225520977672
0.225632255702
0.225743426084
0.225854484612
0.225965413155
0.226076203605
0.226186839007
0.226297331306
0.226407694533
0.226517947454
0.226628085772
0.226738101528
0.226847976626
0.226957693778
0.227067242572
0.22717662611
0.227285867858
0.227394985419
0.227503992196
0.227612874875
0.227721591118
0.227830114709
0.227938452085
0.22804662787
0.228154673048
0.22826259921
0.228370388314
0.228478015367
0.22858545752
0.228692698313
0.22879974969
0.228906631315
0.229013367351
0.22911997459
0.229226449144
0.229332756403
0.229438860936
0.229544744533
0.229650422298
0.229755923646
0.229861271858
0.229966485188
0.230071557697
0.230176461563
0.230281161868
0.230385624598
0.230489852607
0.230593882501
0.230697771254
0.230801541819
0.230905169775
0.231008601809
0.231111791163
0.231214735253
0.231317465673
0.231420022316
0.2315224305
0.231624683845
0.231726759718
0.231828624819
0.231930254487
0.232031640315
0.232132805679
0.232233793983
0.232334633619
0.232435327009
0.232535840798
0.232636127644
0.232736162866
0.232835943803
0.232935498116
0.233034865936
0.233134086211
0.233233169131
0.233332086931
0.233430782518
0.233529199324
0.233627334374
0.233725233919
0.233822981233
0.233920604405
0.234018080628
0.234115355796
0.234212378994
0.234309137059
0.234405643813
0.234501938553
0.234598054581
0.234694015642
0.234789811259
0.234885409265
0.234980765429
0.235075854919
0.235170697616
0.235265335707
0.235359808584
0.23545412772
0.235548275818
0.235642214563
0.235735904232
0.235829330644
0.235922499494
0.236015457226
0.236108258338
0.236200942977
0.23629348748
0.236385811928
0.236477855254
0.236569607429
0.236661123834
0.236752471459
0.236843687431
0.236934761716
0.23702566034
0.237116334534
0.237206755404
0.237296920002
0.237386855233
0.237476598844
0.237566199321
0.237655657997
0.237744950836
0.237834026267
0.237922856358
0.238011439319
0.238099812251
0.238188003573
0.238276046533
0.238363944761
0.238451680054
0.238539204127
0.238626480256
0.238713507105
0.238800322324
0.238886993345
0.238973560313
0.239060001416
0.239146258293
0.239232274428
0.239318042701
0.239403586905
0.239488964155
0.239574207194
0.239659328019
0.239744309525
0.23982911653
0.239913712954
0.239998086271
0.240082238311
0.240166223131
0.240250073167
0.240333814404
0.240417419251
0.240500859421
0.240584107782
0.240667144724
0.240749986851
0.240832662349
0.240915203178
0.240997637136
0.241079956804
0.241162120374
0.241244088544
0.241325845429
0.241407427835
0.241488887156
0.241570250092
0.241651511817
0.241732631921
0.241813585548
0.241894353255
0.241974952747
0.242055402716
0.242135733331
0.242215966332
0.242296100495
0.242376116934
0.242455987027
0.24253568823
0.242615229218
0.242694633942
0.242773933127
0.242853142421
0.242932261096
0.243011271205
0.243090155661
0.243168892946
0.243247486073
0.243325953188
0.243404317083
0.243482610586
0.243560831576
0.243638954472
0.243716950346
0.243794810807
0.243872555389
0.243950205694
0.244027782325
0.244105284403
0.244182702426
0.244260020973
0.244337241484
0.244414354322
0.244491372453
0.2445683088
0.244645175609
0.244721982338
0.244798721975
0.244875377826
0.244951948239
0.245028429852
0.245104837126
0.245181174997
0.245257458726
0.245333682314
0.245409852444
0.245485964514
0.245562004768
0.245637972828
0.245713885677
0.24578974122
0.245865556635
0.24594132412
0.246017045058
0.246092715945
0.246168340323
0.246243916154
0.246319454638
0.246394951461
0.246470410358
0.246545830268
0.246621217901
0.24669657106
0.246771899934
0.246847199202
0.246922475224
0.246997725567
0.24707294321
0.247148135273
0.247223304095
0.247298459466
0.247373605411
0.2474487482
0.247523883166
0.247598999636
0.247674091115
0.247749161217
0.247824219051
0.24789928338
0.247974367241
0.248049468108
0.248124568576
0.248199651661
0.248274716731
0.248349775897
0.248424845174
0.248499938115
0.248575060136
0.248650207519
0.248725368866
0.248800532193
0.248875690392
0.248950852607
0.24902603506
0.24910125626
0.249176527543
0.249251834772
0.24932716393
0.249402498474
0.249477845038
0.249553204202
0.249628597385
0.249704052293
0.249779571052
0.249855151142
0.249930761022
0.250006367513
0.25008197162
0.250157597927
0.250233286282
0.250309072629
0.250384941455
0.250460859997
0.250536803591
0.250612754009
0.250688724518
0.250764737498
0.250840821217
0.250916996102
0.250993262518
0.251069602037
0.251145980436
0.251222375649
0.25129879485
0.251375260216
0.251451811715
0.251528462224
0.251605213049
0.251682039739
0.25175891599
0.251835824206
0.251912757898
0.251989745076
0.252066829426
0.252144041359
0.25222136874
0.252298769235
0.252376189842
0.25245362068
0.252531093855
0.252608665999
0.252686364171
0.252764194407
0.252842124547
0.252920113136
0.252998140893
0.253076198562
0.253154307874
0.253232502861
0.253310824973
0.253389288352
0.253467864638
0.25354650983
0.253625192967
0.253703907771
0.253782678177
0.25386154191
0.253940528137
0.254019655984
0.254098906448
0.254178245628
0.254257624833
0.254337023101
0.254416466521
0.254496020667
0.25457573247
0.254655591521
0.254735550368
0.254815550368
0.25489557928
0.254975658091
0.255055831117
0.255136131823
0.255216572349
0.255297140474
0.255377804877
0.255458525586
0.255539274247
0.255620064894
0.255700936861
0.255781941844
0.255863093044
0.255944380432
0.256025757709
0.256107188696
0.25618865312
0.256270157115
0.256351734842
0.256433428708
0.256515274412
0.256597266226
0.256679363513
0.256761495165
0.256843635484
0.256925806762
0.257008074717
0.257090487723
0.257173042993
0.257255706238
0.257338433108
0.257421200572
0.257504007439
0.257586876898
0.257669843907
0.257752934767
0.257836149939
0.257919468787
0.258002845552
0.258086252214
0.258169686077
0.258253182202
0.258336775729
0.258420491183
0.258504328705
0.258588260463
0.25867225166
0.258756270077
0.258840300907
0.258924369055
0.259008522868
0.259092805256
0.259177221506
0.259261728022
0.259346259071
0.259430791324
0.259515337288
0.259599945636
0.259684650426
0.259769461259
0.259854365524
0.259939334758
0.260024338961
0.260109366541
0.260194415517
0.260279511987
0.260364688309
0.260449956919
0.260535304282
0.260620703773
0.260706120738
0.260791554024
0.260877006462
0.26096251047
0.261048081321
0.261133731895
0.261219456201
0.261305225817
0.261391002896
0.261476764166
0.261562530456
0.261648334905
0.26173421817
0.2618201821
0.261906197093
0.261992221265
0.262078239612
0.262164248112
0.262250275767
0.262336336328
0.262422447435
0.262508605937
0.262594800441
0.262681005926
0.262767207156
0.262853399865
0.262939591832
0.263025804644
0.263112051729
0.263198330475
0.263284624805
0.263370918803
0.263457203608
0.263543475107
0.263629738345
0.263716010271
0.263802300342
0.263888611347
0.263974924702
0.264061220898
0.264147485739
0.264233722696
0.264319950675
0.264406184548
0.264492425063
0.26457866348
0.264664878987
0.264751068178
0.26483722563
0.26492335246
0.265009461682
0.265095552835
0.26518162952
0.265267687773
0.265353713735
0.265439709812
0.265525659839
0.265611575938
0.265697458104
0.265783308093
0.265869126981
0.265954907877
0.26604064577
0.266126340052
0.266211988983
0.266297593562
0.266383149763
0.266468659022
0.266554115101
0.266639519865
0.266724869844
0.266810168089
0.266895415636
0.266980608348
0.267065738963
0.267150800478
0.267235796047
0.267320725321
0.267405591859
0.267490401216
0.267575146502
0.267659830671
0.267744438205
0.267828960531
0.267913401839
0.267997759181
0.26808204275
0.268166263839
0.268250415523
0.268334493662
0.26841848552
0.268502382852
0.268586171481
0.268669861971
0.268753471526
0.268837013265
0.268920487614
0.269003881187
0.269087156499
0.269170317403
0.26925336015
0.26933631231
0.269419181531
0.269501976338
0.269584675188
0.269667271815
0.269749741966
0.269832088204
0.269914312022
0.269996426457
0.270078454766
0.27016040494
0.270242258261
0.270323994436
0.270405594241
0.270487043791
0.2705683642
0.270649569148
0.270730677257
0.270811700119
0.270892629424
0.270973439984
0.271054100725
0.271134592486
0.271214927105
0.271295145006
0.271375277815
0.271455334519
0.271535278388
0.271615076982
0.271694705846
0.27177416705
0.271853488926
0.271932693644
0.272011793553
0.272090786818
0.272169654703
0.272248373469
0.272326917302
0.272405295064
0.272483517951
0.27256162943
0.272639638572
0.272717538328
0.272795300546
0.272872902067
0.27295031622
0.273027550908
0.273104625455
0.273181577886
0.273258436613
0.273335202171
0.273411840366
0.273488294237
0.273564532524
0.273640576732
0.273716473929
0.273792271304
0.273867981033
0.273943574002
0.27401900267
0.274094249234
0.274169296489
0.274244165412
0.274318879307
0.274393470801
0.274467953004
0.274542318796
0.274616530038
0.274690550041
0.274764372321
0.274838017442
0.274911514751
0.274984895694
0.275058162361
0.275131295579
0.275204268082
0.275277051297
0.275349626702
0.275422012141
0.275494255215
0.275566402996
0.275638468885
0.275710405934
0.275782156023
0.275853681177
0.275924999243
0.275996154893
0.276067194043
0.27613813397
0.276208962231
0.276279646306
0.276350158265
0.276420463609
0.276490573444
0.276560512047
0.276630323358
0.276700030944
0.276769630042
0.276839092611
0.276908381174
0.276977473133
0.277046381038
0.277115120424
0.277183729661
0.277252232126
0.277320625806
0.277388891561
0.27745697954
0.277524863327
0.277592552413
0.277660097145
0.277727550922
0.277794921393
0.277862181468
0.277929274308
0.277996175647
0.278062882987
0.278129433275
0.278195852971
0.278262172823
0.27832839453
0.278394509656
0.278460480168
0.278526273634
0.278591877976
0.278657322384
0.278722640698
0.278787866311
0.278853000711
0.278918026982
0.278982914563
0.279047640774
0.279112200199
0.279176595454
0.279240865137
0.279305041335
0.279369143174
0.279433148267
0.279497015995
0.279560714919
0.279624242303
0.27968764692
0.279750959405
0.27981419728
0.279877343009
0.279940369575
0.280003255485
0.280065988626
0.280128590068
0.28019107126
0.280253462394
0.28031578154
0.280378021774
0.280440158486
0.280502164818
0.280564030271
0.280625769041
0.280687401367
0.280748947837
0.280810427783
0.280871836926
0.280933153118
0.280994361329
0.281055439139
0.281116389424
0.281177244174
0.28123802728
0.281298761714
0.281359434624
0.28142001324
0.281480479388
0.281540832133
0.281601093511
0.281661277989
0.281721403187
0.28178146865
0.281841460568
0.281901370376
0.281961192665
0.282020920138
0.282080570872
0.28214015619
0.282199689823
0.282259173089
0.282318593147
0.282377941091
0.282437215441
0.282496407978
0.282555539328
0.282614613637
0.282673640068
0.282732632637
0.28279157439
0.282850456419
0.282909277868
0.282968031496
0.283026733452
0.283085394306
0.283144023958
0.283202617791
0.283261166602
0.283319669707
0.283378125119
0.283436537533
0.283494912457
0.283553258372
0.28361156892
0.283669854302
0.283728106221
0.283786326997
0.283844517558
0.283902681999
0.283960819967
0.284018938155
0.284077033323
0.284135101513
0.284193153671
0.284251189429
0.284309212112
0.284367225536
0.2844252236
0.284483208279
0.284541177672
0.284599128287
0.284657067727
0.284715012521
0.284772966034
0.284830921791
0.284888870798
0.28494680515
0.2850047322
0.285062656406
0.285120587527
0.285178533623
0.285236498134
0.285294479887
0.285352468909
0.285410452675
0.285468438285
0.285526426373
0.285584436124
0.285642471801
0.285700541544
0.285758634794
0.28581674624
0.285874861875
0.28593298693
0.285991126334
0.286049295735
0.286107511844
0.286165780457
0.286224088704
0.286282413526
0.28634073312
0.28639905929
0.286457417505
0.286515836515
0.286574322606
0.286632866774
0.286691443582
0.286750041214
0.286808648698
0.286867280881
0.286925950629
0.286984683434
0.287043489172
0.287102370203
0.28716129892
0.287220255486
0.287279228862
0.287338227553
0.287397276236
0.287456397391
0.287515598704
0.287574881939
0.287634225863
0.287693607166
0.287753012628
0.287812442751
0.287871927469
0.287931503345
0.287991185761
0.288050958272
0.28811077178
0.288170600917
0.288230458133
0.288290368976
0.288350368323
0.28841047295
0.288470675725
0.288530959605
0.288591291292
0.288651657519
0.288712053993
0.288772502504
0.288833038424
0.288893688351
0.288954451745
0.289015302254
0.289076206653
0.289137144956
0.289198121845
0.289259152026
0.289320267248
0.289381498737
0.289442849101
0.289504306785
0.28956582645
0.289627370554
0.289688940039
0.289750566671
0.289812309322
0.289874187505
0.28993618226
0.289998248056
0.290060355226
0.290122499149
0.29018470586
0.290246996873
0.290309403998
0.290371930961
0.290434569479
0.290497284507
0.290560044675
0.290622836278
0.290685682085
0.290748614819
0.290811670971
0.290874856878
0.290938150621
0.291001523796
0.291064948306
0.291128401008
0.291191898942
0.291255473737
0.291319169507
0.291383011453
0.2914469762
0.291511013716
0.291575074408
0.291639152912
0.291703289356
0.291767528713
0.291831900507
0.291896395592
0.291960978526
0.29202562455
0.292090316341
0.292155054057
0.292219855815
0.292284752797
0.292349768362
0.292414899695
0.292480122799
0.29254539376
0.292610699418
0.292676046006
0.292741465257
0.292806987045
0.292872617442
0.292938366207
0.293004201016
0.293070090057
0.2931359992
0.293201931315
0.293267915113
0.293334003529
0.293400226536
0.293466568618
0.293532972354
0.293599401835
0.293665843755
0.293732326909
0.293798883572
0.293865538931
0.293932295753
0.293999143498
0.294066056268
0.294133008583
0.294199983209
0.294266995322
0.294334069227
0.294401229992
0.294468484732
0.294535816049
0.294603197966
0.294670613977
0.294738051332
0.294805528428
0.294873060093
0.29494067582
0.295008377252
0.295076152514
0.295143972062
0.295211802455
0.295279629696
0.295347483274
0.295415409363
0.295483420497
0.295551512991
0.295619648839
0.295687807653
0.295755969608
0.295824150365
0.295892358521
0.295960619665
0.296028943875
0.296097329441
0.296165759298
0.29623420947
0.296302663962
0.296371124708
0.296439608175
0.296508132381
0.296576705543
0.296645323185
0.296713972013
0.296782636056
0.29685130319
0.296919972114
0.296988651777
0.297057362637
0.297126116073
0.297194905855
0.297263709632
0.297332505427
0.297401289857
0.297470071422
0.297538871117
0.297607696545
0.29767654821
0.297745414711
0.297814277685
0.297883132692
0.297951974045
0.298020807039
0.298089643195
0.298158489079
0.298227347285
0.298296206739
0.298365054738
0.298433888603
0.298502704697
0.298571502258
0.298640294707
0.2987090801
0.298777860317
0.298846629784
0.298915382263
0.298984109444
0.299052812973
0.299121491145
0.299190151087
0.299258790376
0.299327413813
0.299396007513
0.299464576564
0.299533112903
0.299601620502
0.299670094894
0.29973853816
0.299806948645
0.299875324458
0.299943662882
0.300011964246
0.300080226128
0.300148454248
0.300216643345
0.300284786222
0.30035287887
0.300420922372
0.300488918111
0.300556869522
0.300624778666
0.300692646663
0.300760465673
0.300828223283
0.30089592015
0.300963551759
0.301031122953
0.301098642936
0.301166119325
