0.0
2.94226191282e-06
5.87519872002e-06
8.91601130545e-06
1.25850084935e-05
1.7573019908e-05
2.44787644359e-05
3.43815926143e-05
4.7102848139e-05
6.38311264938e-05
8.4706780339e-05
0.000110024274496
0.000140728013227
0.00017696204492
0.000219114135021
0.000268136704281
0.000324264483902
0.000387857399284
0.000459561711921
0.000539613581739
0.000628412213822
0.000726588734795
0.00083443948297
0.000952354846362
0.00108088756815
0.00122046529397
0.00137150618245
0.00153441831823
0.0017096122241
0.00189752471072
0.00209855967768
0.00231310996041
0.00254155935859
0.0027842909126
0.00304174441492
0.00331432493082
0.00360242035914
0.0039064121097
0.00422667479399
0.00456357782493
0.00491748375945
0.0052887478736
0.00567771899859
0.00608473952595
0.00651015521264
0.00695431378793
0.0074175503254
0.00790019458677
0.00840257205526
0.00892500060565
0.00946778583227
0.0100312331652
0.0106156434431
0.0112213125709
0.01184852858
0.0124975491615
0.0131686352284
0.0138620454284
0.0145780318159
0.0153168415976
0.0160787151753
0.0168638881545
0.0176725919006
0.0185050526998
0.019361493409
0.0202421128715
0.0211470894669
0.0220766095208
0.0230308524093
0.0240099916077
0.0250141896431
0.0260435909873
0.0270983413667
0.028178578889
0.0292844369745
0.0304160406393
0.0315734994965
0.0327569197823
0.0339664046431
0.0352020491971
0.036463944028
0.0377521466329
0.0390667070457
0.0404076743778
0.0417750903613
0.0431689883299
0.0445893945045
0.046036328272
0.0475098017989
0.0490098214807
0.0505363875098
0.0520894851523
0.0536690767868
0.0552751273974
0.056907592604
0.0585664217215
0.0602515559124
0.0619629123354
0.0637004087732
0.0654639516769
0.0672534413493
0.0690687686957
0.0709098202147
0.072776477193
0.0746686074481
0.0765860776825
0.0785287463807
0.0804964509562
0.0824890062023
0.0845062325206
0.0865479374449
0.0886139191292
0.0907039719078
0.0928178855209
0.0949554405474
0.0971164074366
0.0993005510959
0.101507627813
0.103737376427
0.10598953297
0.108263824673
0.110559970327
0.112877682601
0.11521666147
0.117576599367
0.11995717792
0.122358077308
0.12477896413
0.127219499537
0.129679340777
0.132158138717
0.134655530337
0.137171153126
0.139704631115
0.142255576581
0.144823598621
0.147408298637
0.150009269495
0.152626097642
0.155258365669
0.157905646846
0.16056750992
0.163243514634
0.16593321469
0.168636158495
0.171351890279
0.174079947259
0.176819854967
0.179571144304
0.182333326242
0.185105911619
0.187888409647
0.190680312776
0.193481112172
0.196290301316
0.199107365312
0.201931784915
0.204763039771
0.207600597067
0.210443925044
0.213292484186
0.216145726993
0.219003109257
0.221864075297
0.224728063711
0.227594518418
0.230462878032
0.233332571296
0.236203028953
0.239073674273
0.241943930911
0.244813222608
0.247680967931
0.250546585166
0.253409482134
0.256269075381
0.259124767626
0.261975961675
0.264822059268
0.267662454905
0.270496553025
0.27332374844
0.27614344841
0.27895504408
0.281757939143
0.28455152153
0.287335189081
0.290108334949
0.292870352033
0.295620630806
0.298358559792
0.301083533738
0.303794948508
0.30649219495
0.309174664082
0.311841749376
0.314492843225
0.317127351558
0.319744672737
0.322344208466
0.324925365167
0.327487544819
0.330030150361
0.332552584765
0.335054261208
0.337534578079
0.339992950638
0.342428796379
0.344841540698
0.347230609189
0.349595422768
0.351935418546
0.354250029175
0.356538686503
0.35880083915
0.361035918635
0.363243382576
0.365422679782
0.367573271122
0.369694612711
0.371786174068
0.373847426375
0.375877846409
0.377876908746
0.379844119082
0.381778964054
0.383680944406
0.385549565809
0.387384342291
0.389184784235
0.390950405721
0.39268073992
0.394375311879
0.396033671497
0.397655368881
0.399239963021
0.400787012107
0.402296102599
0.403766802116
0.4051987064
0.406591399546
0.407944480953
0.409257567061
0.41053026732
0.411762201955
0.412953013954
0.414102333247
0.415209806982
0.416275092739
0.417297855604
0.418277784918
0.419214558332
0.420107884495
0.420957463047
0.421763003713
0.422524237621
0.423240878469
0.423912674373
0.424539367705
0.425120714006
0.425656491098
0.426146483378
0.426590472327
0.42698826823
0.427339681919
0.42764452935
0.427902637181
0.428113853942
0.428278027735
0.428395024781
0.42846471491
0.428486974348
0.428461703618
0.428388796842
0.428268176033
0.42809976369
0.427883501436
0.427619346734
0.427307251883
0.426947199787
0.426539174531
0.426083158531
0.425579161234
0.42502718808
0.424427271123
0.423779439476
0.42308374973
0.422340262251
0.421549053768
0.420710208475
0.419823825263
0.41889001302
0.417908884178
0.416880571345
0.415805216218
0.414682974578
0.41351400784
0.412298494885
0.411036612468
0.409728560805
0.408374549624
0.406974808127
0.405529559635
0.404039057214
0.402503562629
0.400923342103
0.39929868175
0.397629867376
0.395917189079
0.394160971667
0.392361521249
0.390519172718
0.388634280025
0.386707196943
0.384738296517
0.382727958439
0.380676577216
0.378584551834
0.376452296456
0.374280231918
0.372068787651
0.369818412377
0.3675295595
0.365202696053
0.362838289304
0.360436823612
0.357998789928
0.355524696545
0.353015060285
0.350470410938
0.347891289134
0.345278245437
0.342631838676
0.339952627466
0.337241184384
0.334498089567
0.331723928092
0.328919298277
0.326084817542
0.323221098393
0.32032878237
0.31740850292
0.314460910169
0.311486656982
0.308486409689
0.305460831439
0.302410605715
0.299336417018
0.296238959076
0.29311893047
0.289977042484
0.286814004156
0.283630544646
0.280427380274
0.277205259446
0.273964934091
0.270707160281
0.267432700457
0.264142328213
0.260836813678
0.257516923575
0.254183444481
0.25083714674
0.247478822353
0.244109264811
0.24072928733
0.237339699034
0.233941316609
0.230534958515
0.227121448892
0.223701619101
0.220276298476
0.216846328657
0.213412552247
0.209975808323
0.20653694425
0.203096806414
0.199656243264
0.1962160991
0.19277721884
0.189340473944
0.185906737678
0.182476883569
0.179051785316
0.175632321793
0.17221936831
0.168813787716
0.165416452506
0.162028222722
0.158649960884
0.155282530451
0.151926825898
0.148583728595
0.145254114902
0.141938865647
0.138638857138
0.135354969483
0.13208807893
0.128839060147
0.125608785852
0.122398123523
0.119207942935
0.116039114347
0.112892498107
0.109768943846
0.1066692976
0.103594413891
0.100545172123
0.0975224282218
0.0945270427936
0.0915598682471
0.0886217595706
0.0857135493718
0.082836072455
0.0799901562802
0.0771766114178
0.0743962424953
0.0716498879532
0.0689383691826
0.066262496225
0.0636230717971
0.0610208920907
0.0584567573459
0.0559314659098
0.0534458040069
0.0510005522876
0.0485964817907
0.0462343609288
0.0439149554437
0.0416390158568
0.0394072798191
0.0372204692621
0.0350793063354
0.0329845654208
0.0309369978452
0.0289373559446
0.026986404733
0.0250849169406
0.0232335997039
0.0214331703737
0.0196843449345
0.017987820784
0.0163442723322
0.0147545272885
0.0132195007217
0.0117401693441
0.0103176931854
0.00895354551867
0.00764957802844
0.00640828592378
0.00523377947174
0.00413341194268
0.00312230781899
0.00223690215404
0.00157676368338
0.00135994449813
0.0016626923342
0.00221833209658
0.00283327869202
0.00343678830735
0.0040026977416
0.00451968964776
0.00498211482578
0.00538681935664
0.00573158390994
0.00601488477693
0.00623569322045
0.006393229375
0.00648689246548
0.0065161371264
0.00648045439382
0.0063794971126
0.00621302582624
0.00598093912291
0.00568319797801
0.00531959175227
0.00489030237035
0.00439590602735
0.0038377236671
0.00321863907924
0.00254485026617
0.0018347656837
0.00116122827194
0.000878036415575
0.00141858620065
0.00234046785781
0.00340617931665
0.00456631429697
0.00580702200457
0.00712316320305
0.00851223957503
0.00997284221335
0.0115043150821
0.0131062685188
0.0147784597566
0.0165206787934
0.0183326464613
0.0202142140041
0.0221652572208
0.0241856627551
0.026275313458
0.0284340194434
0.0306616269838
0.0329579887697
0.0353229563051
0.037756374169
0.0402579964953
0.0428275781002
0.0454648914005
0.0481696987029
0.0509417542583
0.0537807862584
0.0566865012785
0.0596586112364
0.0626968171157
0.065800812344
0.0689702645626
0.0722047917378
0.0755040266585
0.0788675905736
0.0822950937761
0.085786131531
0.0893402635254
0.0929570467296
0.0966360284015
0.100376744827
0.104178717508
0.108041452344
0.111964439641
0.115947163012
0.119989093763
0.124089694999
0.12824839862
0.132464617795
0.136737763011
0.141067226585
0.145452394783
0.149892638713
0.154387320604
0.158935790315
0.16353738443
0.168191429668
0.172897240866
0.17765410475
0.182461299881
0.187318103912
0.192223768359
0.197177537548
0.202178655772
0.207226345683
0.212319822152
0.217458292921
0.222640948353
0.22786696865
0.233135528862
0.238445790787
0.243796909708
0.249188020898
0.254618256168
0.260086731732
0.265592549472
0.271134804976
0.276712587748
0.282324965949
0.287971024439
0.293649826385
0.299360434253
0.305101889436
0.310873238306
0.316673504422
0.322501709511
0.328356859516
0.334237960854
0.340144008718
0.346073987963
0.352026889379
0.358001689522
0.363997354805
0.370012846365
0.376047120594
0.382099132237
0.388167828042
0.394252145129
0.400351014476
0.406463369214
0.412588129807
0.418724219902
0.424870549557
0.431026026389
0.437189559603
0.443360047402
0.4495363934
0.455717497531
0.461902243204
0.46808952286
0.474278225032
0.480467228976
0.48665541943
0.492841677487
0.499024861902
0.505203864843
0.511377556637
0.517544807902
0.523704495668
0.529855480131
0.535996636931
0.542126833438
0.548244949477
0.554349853382
0.560440411889
0.566515496029
0.572573975992
0.578614733488
0.584636649806
0.590638571774
0.596619399964
0.602577999503
0.608513272042
0.614424088511
0.620309352553
0.626167935166
0.631998742534
0.637800669613
0.643572617404
0.649313490395
0.655022205755
0.66069766097
0.666338780957
0.671944508775
0.677513741698
0.68304542922
0.6885385072
0.693991927873
0.699404625486
0.704775581429
0.710103742264
0.715388085034
0.720627587609
0.725821225838
0.730968006438
0.736066905158
0.741116943258
0.74611711598
0.751066467788
0.75596402723
0.760808822816
0.765599923039
0.770336364688
0.775017233541
0.779641590753
0.784208542602
0.788717156134
0.793166554123
0.797555841731
0.801884154091
0.806150622494
0.810354402562
0.814494623186
0.818570487292
0.822581164497
0.826525841655
0.830403731556
0.83421404982
0.837956031552
0.841628895264
0.845231914802
0.84876434847
0.852225475697
0.855614583091
0.858930956291
0.862173947599
0.865342870329
0.868437063929
0.87145589779
0.874398736084
0.877264964771
0.88005397951
0.88276520041
0.885398046023
0.88795196098
0.890426404158
0.892820850573
0.89513478258
0.897367702909
0.899519126095
0.9015885893
0.903575633867
0.905479815744
0.907300734871
0.909037975633
0.910691138072
0.912259848053
0.913743771662
0.915142543112
0.916455843179
0.917683352721
0.918824795508
0.919879871873
0.920848335609
0.92172993947
0.92252446467
0.923231683366
0.923851398787
0.924383444621
0.924827654801
0.925183892208
0.925452016491
0.925631922948
0.925723520768
0.925726728688
0.925641484992
0.92546776195
0.925205512752
0.924854745546
0.924415460684
0.92388769103
0.923271479444
0.922566881834
0.921773974213
0.920892858577
0.919923628166
0.91886645132
0.917721434822
0.916488759984
0.915168598496
0.913761152637
0.912266641098
0.910685283234
0.909017346029
0.907263079095
0.905422769743
0.903496735523
0.901485255246
0.89938870008
0.897207394752
0.89494170605
0.892592030569
0.890158759859
0.887642311214
0.88504311402
0.88236162141
0.879598297628
0.876753631936
0.87382811663
0.870822257191
0.867736585832
0.864571659122
0.861328018719
0.858006257826
0.85460695529
0.851130724403
0.847578194964
0.843950010249
0.840246803891
0.836469272998
0.832618065274
0.828693903098
0.824697489312
0.82062954758
0.816490823524
0.812282073575
0.808004054843
0.803657561253
0.799243392219
0.794762347027
0.790215259929
0.785602971618
0.780926325402
0.776186194426
0.771383442833
0.76651897338
0.761593669994
0.756608452902
0.751564233912
0.74646196399
0.741302595352
0.736087070358
0.730816380161
0.72549149282
0.720113426188
0.714683156562
0.709201715306
0.703670119352
0.69808942324
0.692460654107
0.686784871372
0.681063148193
0.675296553598
0.669486159272
0.663633078086
0.6577383937
0.651803230388
0.645828704866
0.639815941674
0.633766078377
0.627680250928
0.621559612374
0.615405323152
0.609218524702
0.603000407225
0.596752137598
0.590474904386
0.584169890565
0.577838299437
0.571481325947
0.565100176529
0.558696063044
0.552270206584
0.545823816646
0.539358126483
0.532874356731
0.526373748623
0.519857533081
0.513326941159
0.506783221536
0.500227614945
0.493661367564
0.487085739095
0.48050197632
0.473911330204
0.467315063827
0.460714425884
0.454110680786
0.447505086864
0.440898901397
0.434293375911
0.427689784812
0.421089381052
0.414493425806
0.407903176668
0.401319890683
0.394744822501
0.388179228641
0.381624374396
0.375081502434
0.3685518676
0.362036713459
0.35553728862
0.349054832087
0.342590580454
0.336145763345
0.329721604622
0.323319338802
0.316940196338
0.310585393071
0.304256152631
0.297953673287
0.291679165674
0.285433831612
0.279218868581
0.273035451642
0.266884763875
0.260767976654
0.254686271694
0.248640807105
0.242632739434
0.236663213274
0.230733364191
0.224844335713
0.218997256864
0.213193243263
0.207433401098
0.201718828093
0.196050624792
0.190429875698
0.184857657895
0.179335031271
0.173863049566
0.168442764176
0.163075219181
0.157761445929
0.152502460275
0.147299267983
0.142152874025
0.137064275827
0.132034454421
0.127064384682
0.12215502728
0.117307332067
0.112522245987
0.107800695566
0.103143598842
0.0985518607615
0.0940263724643
0.0895680547583
0.0851778139253
0.0808565525813
0.0766051792804
0.0724246106675
0.0683157418685
0.0642794740807
0.0603167289191
0.0564284474667
0.0526155989473
0.0488792071149
0.0452203763136
0.041640300644
0.0381403219621
0.0347219958777
0.0313871902879
0.0281382247172
0.0249781758582
0.021911331835
0.0189440354307
0.0160862886746
0.0133549051374
0.0107809964565
0.00842768032296
0.00643420103324
0.00510276148552
0.00486423356514
0.00574606574231
0.00727281711821
0.0090615973029
0.0109330885974
0.0128081074749
0.0146488437216
0.0164355709795
0.0181570699969
0.0198065096961
0.0213794459633
0.0228727638491
0.0242843206935
0.025612560834
0.026856331621
0.028014749241
0.0290870234231
0.0300725708919
0.0309709494243
0.0317818229328
0.0325049441493
0.0331399978338
0.0336867350663
0.0341450014901
0.0345146906392
0.0347957471244
0.0349881304972
0.0350918255821
0.0351068886168
0.0350334296747
0.0348716225833
0.0346216483016
0.0342835991051
0.0338576994047
0.0333442341113
0.0327435554767
0.0320560790925
0.0312822091117
0.0304224743921
0.0294775297106
0.0284481773224
0.0273354094825
0.0261403413687
0.0248643910027
0.0235094236578
0.0220778983275
0.0205731457345
0.0189996046159
0.0173635028941
0.015674273992
0.0139466208959
0.0122046497772
0.0104900294395
0.00887838039465
0.00751000063663
0.00662495546093
0.00651570553091
0.00729951909239
0.00880833462969
0.0107985439948
0.0131003545612
0.015617806782
0.0182980850275
0.0211109405768
0.0240381752943
0.0270682420641
0.0301934083095
0.0334082400365
0.0367087041304
0.0400916876638
0.043554728532
0.0470957912926
0.0507131415356
0.0544052412859
0.0581706758529
0.0620081652828
0.0659165135565
0.0698945828043
0.0739412818586
0.0780555421603
0.0822363267407
0.0864826120088
0.0907933910395
0.095167660998
0.0996044124072
0.10410263936
0.108661336453
0.113279495895
0.117956106717
0.122690157209
