0.0
8.68500823318491e-05
0.002247696223793845
0.0027956702303643804
0.0024043885018136535
0.002279879420208443
0.00312379346416964
0.0034776320218401213
0.0038485590936088443
0.005262286371526162
0.007736040691130874
0.008791053315371479
0.009055806896208163
0.010857700231681873
0.011006489096697089
0.008921682113132177
0.013549431174102282
0.025761709243546496
0.024758671755355746
0.023854668227729796
0.024795565413888415
0.026734416828628052
0.02728280613021991
0.03085051840729336
0.03802949818891873
0.04040833008330058
0.04205443623548729
0.043664035710741886
0.043159049738622925
0.04258311673687245
0.04529206171880818
0.06714871450978077
0.06698877754222582
0.06373848203132726
0.0708053035984728
0.07606710394096165
0.07664612942011878
0.07786802219736194
0.08246620747952765
0.09050636011627741
0.09088248737717367
0.09527124009883248
0.09935290599495872
0.10132582020790186
0.10044756723192988
0.11120234382009288
0.12489706694163903
0.11583349783494773
0.1159287607951693
0.138284692727492
0.14807862468517008
0.14747288948890697
0.14732275192288508
0.15221557840446057
0.15506334027040947
0.15815556746100573
0.17344838134909069
0.17685415594040377
0.1793889126980533
0.18114533718113346
0.1885508131051764
0.18375403516001426
0.18412551556729564
0.22054947975126693
0.230730774855902
0.2258029932697127
0.2220773312185261
0.22760846106462873
0.23041211932419695
0.23453074163923274
0.24439320506121343
0.25819581427324634
0.2610179294097136
0.2627875386963707
0.266862972610084
0.26674736925610315
0.2618472707875481
0.26925167028306524
0.30401404001102644
0.30422056030479344
0.29770019188182556
0.30587589816388905
0.3181913668895032
0.32055141916374696
0.31841196848366127
0.33228673302420286
0.33800452503245726
0.3423732468939521
0.3510340890025039
0.354048583807579
0.3541892859055187
0.3578221254595534
0.3795607569353926
0.3750140445830724
0.3676708916393962
0.3815915399138721
0.40807572908466067
0.4047698558436957
0.40483774388488175
0.40134275747693915
0.4086415593747518
0.4106504204225249
0.42296778087631964
0.4357956573175049
0.43752622370541927
0.4358056453586666
0.4377023888152766
0.4461330938819236
0.4376567602011223
0.43537578422627854
0.46119821951175743
0.4794922348798119
0.47392002141769185
0.4711356241645611
0.4733187409103982
0.4784009307367073
0.48007552396582087
0.49199068629576226
0.5012816486908831
0.5017345519407466
0.5054088330142754
0.5057001971986126
0.5011480250415348
0.5014865287239255
0.5189890093474467
0.534795460795621
0.523870013822234
0.5184863403392029
0.5253259762093158
0.529833114775155
0.5352005321094836
0.5367230838126928
0.5428110628699048
0.5430153260344706
0.5438713823647564
0.5528997226066725
0.552868423713042
0.5502306677190084
0.547024770061118
0.5591299130971357
0.5623958427870898
0.5551905889741631
0.5653120433239118
0.5671412701925997
0.5703968011014341
0.5565541735862984
0.5601411074678134
0.565101213357735
0.5685861526283464
0.574942554665893
0.5786343330645523
0.5786512909009378
0.5804553600476119
0.5803487190158366
0.5776135526919703
0.5702798764687017
0.5690799264206884
0.5869960201595734
0.5832060459324051
0.5838264200853331
0.565680940375605
0.5681470149792291
0.5704319475362503
0.574891375509796
0.5829160203890311
0.5821586380126007
0.5810340950102421
0.5768222264615923
0.5783558145316765
0.5741823938368786
0.5695114779415482
0.5781182739598102
0.579222835798856
0.5764249610453946
0.5587961384499089
0.5571402408656292
0.5614483647810614
0.5599157331290535
0.5568931124597502
0.5623309824714082
0.5620386073836283
0.5660169986340897
0.5606587168310436
0.5577724127876844
0.5556415201405446
0.553372874830793
0.561749073770985
0.5508881879867963
0.547617118448142
0.5344787202308371
0.539418480129375
0.5429169795481484
0.5328261581368215
0.5244051064247959
0.5239881581127802
0.5255382184564688
0.5286043601805506
0.5291571633419361
0.5281379985961048
0.5203133334789333
0.5179422794477798
0.5160368063705634
0.5132423803146257
0.5101963258977442
0.5081515736679529
0.5098074601442363
0.4905539885353355
0.4764608128727423
0.4795845672820747
0.482372400624026
0.484533008076422
0.48441375890113736
0.4859725491355575
0.4841783057206202
0.47776081129765613
0.4739862519669061
0.46732628954659117
0.4645919262919134
0.46853476701844554
0.4679628375857967
0.4654852062731433
0.44598160289211536
0.4367651028723406
0.4396800217712898
0.44201677299203507
0.4336635683316271
0.43317219297840204
0.43417840220455023
0.4331997116174061
0.43031478683915425
0.42876010672596004
0.4252191417860659
0.42323681827060633
0.4179713615019505
0.41527047178043686
0.40430427934027785
0.4015697461412505
0.4026148176897955
0.4016465438335918
0.3838022545064142
0.3824065034199574
0.3841230542995562
0.38862392567245063
0.3891870260153933
0.38781834237549045
0.3857026608207988
0.37644753404479747
0.3788299713297578
0.37260033131032017
0.37068547943817864
0.3695155447675798
0.3716990477016394
0.36925289427973856
0.3651291820407069
0.34697272327212464
0.3472059292978875
0.34803382858085297
0.34778873797262544
0.35026852878670744
0.3493397797661623
0.3504311878914275
0.34690625912408457
0.343612127074266
0.34370914375649514
0.3416658412412595
0.3414520951563172
0.3351352687022364
0.33520569779515363
0.3285209556200761
0.32907857407721364
0.3306227584287468
0.3269449035407432
0.3199277883005176
0.321218457172306
0.3239367388481355
0.3269012911421062
0.32916666765290803
0.32861155634614647
0.3230140603543994
0.3211297610638473
0.3207726437344026
0.3147051526971782
0.3228317293178395
0.3234481989115079
0.3213084392152926
0.3219306296424116
0.31179626962208096
0.31222299021068967
0.3131878055423676
0.3195604195009704
0.3216218168985835
0.32207816527334066
0.32139258146961724
0.32156373779446756
0.3200473380403727
0.31774491917766956
0.32336052214768873
0.325315891819904
0.32064336843564767
0.32002084784886725
0.3264126492326129
0.32503945204274864
0.32563201550438947
0.32885900426959036
0.3252641671796782
0.32461259056527836
0.3274895881351597
0.33169330042627543
0.33792014780291085
0.33834263304340484
0.3361326709420608
0.33548738883048235
0.33495456290045933
0.3304291877822078
0.34415477725164956
0.35287681681862626
0.3487289377715148
0.34982340859532196
0.3467957086265936
0.3455970963134096
0.34660950079984576
0.35425682499618755
0.3631110015743643
0.36518801710096727
0.3644339466603408
0.3625142756997288
0.36315533804446487
0.36014472925855867
0.36563786566888157
0.3814980994086805
0.3804746540881364
0.37402218450851277
0.3809851220945522
0.38518713841846064
0.3848852226769214
0.3887529132350366
0.392373659093194
0.3943551263585599
0.3950346475676595
0.4005596290036657
0.40545345330482097
0.40646414611097614
0.4053499089671452
0.40938353999220495
0.41311958678097926
0.4058866275515212
0.42001724864144924
0.43586620663015574
0.43139395586004486
0.4312176251299784
0.4306245090944073
0.4298798808645167
0.4314017788078441
0.43554083427633405
0.44619304001157645
0.45296220572861445
0.4537142582531031
0.45215987019867376
0.4518767537210531
0.4498773849860323
0.4479780603136796
0.46775516038127485
0.4794014667490029
0.47130768069339335
0.4713788568433897
0.474986017456934
0.4761141669893766
0.4772796279372436
0.484337398608139
0.4919659345634548
0.4927109588030222
0.49573024714477504
0.4981252441481119
0.4978509850617938
0.4974675679833692
0.5061727015081483
0.5149490683312462
0.5063454888457979
0.5077936601331468
0.5218020059738595
0.5226145829974231
0.5230444666548153
0.5232897272681335
0.5244733138188383
0.5265677063648541
0.5287118493792998
0.5354762705457962
0.540234645035213
0.542051516546542
0.5412768910491983
0.5437177137522975
0.5442866725178837
0.5371992444746941
0.5434179104538391
0.5606544662365972
0.557710536160004
0.5565170021013353
0.5563847139794226
0.5571600610546413
0.558247738308887
0.5631509140639768
0.5706471460906544
0.5714847922864015
0.5730237833273222
0.571683028503914
0.5727829993228211
0.5705908078033607
0.5737229831548724
0.5866027180219631
0.5811018994405284
0.5790523528674771
0.5766944087693502
0.5827282381434448
0.5822826393580797
0.5852862567176281
0.5877857311879138
0.5889756531647049
0.5895450559247952
0.5909139138755547
0.5931316422912732
0.5938798441829553
0.591970575958567
0.5936673680528778
0.5996504868791339
0.5918803281779791
0.591965018474569
0.5945796019425736
0.596312009005779
0.594452098044617
0.5949742706038392
0.596292146592205
0.5967717377793523
0.6000406373713789
0.5993787351024019
0.6020301658937988
0.6024528732422081
0.600897613295645
0.6032233683172727
0.5984700894248547
0.5970933580722475
0.5965042203700874
0.6004074893765772
0.5985957865019643
0.5931183960369593
0.5936915618317533
0.5938667292390188
0.5963915980754724
0.5979566150926777
0.5982950165706837
0.5987803359340742
0.5958381410755871
0.5967099471177869
0.5974847188759981
0.5930281844248733
0.5941723398570272
0.5943355793037005
0.5921685176956646
0.5873777679715149
0.583039900674241
0.5829885128870339
0.5852914589172894
0.5852708840944504
0.5854237670376206
0.5863625006888747
0.5873180944176846
0.5830636285614639
0.5827076461688342
0.5806797134235957
0.5818235599642697
0.5824610134261975
0.5810629350899403
0.5784588943252071
0.5683162396190402
0.5677312545756843
0.5679807678104014
0.5706668861499489
0.5663735425367349
0.5666321038193328
0.5674994340333537
0.5661923035349096
0.564308159065599
0.5642019213307763
0.5611947496142035
0.5608951739534519
0.5625507133279629
0.5584041833267259
0.559589012728304
0.5534090720813486
0.5517150521801057
0.5501959587176812
0.5408085541774696
0.5416458535665365
0.5439569269665661
0.545035275859392
0.5449192147876389
0.545321589566368
0.5448407739886771
0.5427664304638484
0.5388162182981088
0.5351008444276045
0.5341035780908477
0.5366463302522935
0.5369714615997427
0.5352284728810099
0.5316951585534172
0.5193062191428609
0.519413049393064
0.5250819828569031
0.5254722840021764
0.5248736179359743
0.5250614492909226
0.5243472830273271
0.51767160197775
0.5166763450614008
0.5133126599609633
0.5179387598802137
0.5192816116664236
0.5132620253243383
0.5150243299625619
0.503761399081752
0.5052836617726161
0.5084679497995395
0.5036477095161829
0.50230562785401
0.5043925658911967
0.5045703537620007
0.5054661575914998
0.5034811655800565
0.5020074576111642
0.500045910052273
0.4991419996143301
0.4979285497350978
0.4913053711227047
0.5003629324005325
0.495821050068319
0.4993270631187097
0.5002621702318787
0.49179993470826855
0.48488374538895734
0.4887506595930991
0.492942245744344
0.4938731353866383
0.4948128560272114
0.49228044340458926
0.4871733417898359
0.4842066162452563
0.4797510755413916
0.4928813622832374
0.49135688466450317
0.4911816372280769
0.4900643351465928
0.48397698036211656
0.47665714176404406
0.4828818029281526
0.4834485874343001
0.486093429375241
0.48693177419928835
0.4884999318000337
0.48537923931892
0.48190568060084027
0.48053669596034054
0.47748580873185775
0.48498395510105546
0.48364861228577166
0.48030199427125997
0.483466881359246
0.48434259033742205
0.4808197073853882
0.48811606975181754
0.4835276189736786
0.4798355039201482
0.4814566461204667
0.48562152212429976
0.48756979857644117
0.48575218999680314
0.48395503680645485
0.485266191434591
0.4807713079514653
0.4734785655988819
0.4833133460604092
0.487687053719738
0.4879702210838106
0.4879449787365052
0.48806608473961133
0.47662825821402816
0.48040929618725664
0.4849582456322068
0.4886986395366031
0.49047067455119786
0.48982124742457717
0.4875389622284515
0.4811381213666547
0.4810142418044119
0.475443770124887
0.48639306550937156
0.48877912285333786
0.4893500599506748
0.49103512068675936
0.4900969132736562
0.4818866083070392
0.48681919208775726
0.48660840667721356
0.48872642954468876
0.49002115222384374
0.4878615630080993
0.4905536660377874
0.48664954048859105
0.4843717433207292
0.4913912033263121
0.4889498629384397
0.48670908175451844
0.48379710055522485
0.49288015830494275
0.4847983915118555
0.49059887130819557
0.4913682075166815
0.48580184967261353
0.4846918437262646
0.4880311104234751
0.48975308565983744
0.4894995329820086
0.489722493013285
0.48806821827012226
0.48481207650767694
0.4830187659438333
0.4803370813526928
0.48383428523396005
0.4897754594593346
0.48515194117875443
0.49000753584530027
0.4801282265471606
0.4772087684233719
0.48020120215785983
0.4812471832875531
0.4858850890116424
0.4845593705367026
0.4832243058385775
0.48189577544452167
0.4773794778175958
0.4734336453135987
0.47732792253110623
0.47985879811866183
0.47880675690258645
0.4760958326862578
0.4779825112140065
0.4654283460970006
0.4677016590863336
0.47217929148147664
0.46881482989759726
0.4690021225611503
0.4687339254870125
0.4690204804003335
0.46347490536986646
0.463240588313237
0.46114688276961774
0.46124728042149715
0.4610782213831421
0.4596587372548076
0.46192472628009534
0.45395991360549703
0.4502553130819146
0.4530040304589018
0.4437515660477212
0.44395906925145945
0.443962251248707
0.4434705032083539
0.4452293046739361
0.44217570703162085
0.4416258118433976
0.44088253072596245
0.4362450531212726
0.434977351722045
0.4322376010299973
0.4350567194778912
0.42727721900293986
0.42863891294122647
0.4290624049437243
0.4132142457585556
0.41260533661969495
0.4131951531394572
0.4132152611004123
0.4121214401829941
0.41172479023263664
0.4112808072185966
0.403390337948032
0.40211640652430825
0.4014918701490051
0.40128605747779644
0.399944255735486
0.3970436071397808
0.39759463182744503
0.37883326498539527
0.3781347101655477
0.3780566081549507
0.3743460205750769
0.3745013058919686
0.3735864881995862
0.3732775646316559
0.3706069594553276
0.36551348314285415
0.3649507294529121
0.3631928281006917
0.3626777633175715
0.36187565193816845
0.3597222411817839
0.36044354144050045
0.3436823194326075
0.3445822818396943
0.3434792631310375
0.33396480118003635
0.3320382034887234
0.3316293386290405
0.3308214888576544
0.3273473923201305
0.32638169575554965
0.3263142410117761
0.3218834295791233
0.3208297403497084
0.3204869172893845
0.32055790279119994
0.31020168317598695
0.3099644417587887
0.30958948348407284
0.2967519017235541
0.2945874433219293
0.2908456714274279
0.29147224194477017
0.2887458232901002
0.2885850345048162
0.28845970440700813
0.28489734912035886
0.28301095871425885
0.28298638894667183
0.2824846065245368
0.28295811414840283
0.27765203151688084
0.2778473235854249
0.27768903360250147
0.26555355652260815
0.2631158572681224
0.25844841506703914
0.25531278825818043
0.25602014786143534
0.25531413184898427
0.2554166007521311
0.2522031605575
0.25193069149981073
0.25222899517637604
0.2523071234070464
0.24966148738348054
0.250993463205086
0.2522129118582066
0.24359564383719703
0.24279487497438834
0.23545921086319116
0.23602011559983094
0.23395309397870123
0.2342161238106012
0.23313600800401052
0.23064534009480853
0.23112291359720027
0.2307932986699139
0.23242405229735233
0.23290622453889775
0.23466016949846166
0.23583098412164205
0.23690603789964143
0.23118852813762936
0.2295367139802309
0.22410552618245166
0.22756239091051786
0.2286959806162892
0.22470470307513707
0.22448154414166074
0.22464459893061323
0.22409510389322332
0.2251145678349014
0.22900408718381277
0.23210574696492597
0.23336299683913214
0.23432188272057042
0.23104820326488995
0.23202844440211895
0.2281888051493017
0.23600538047465924
0.23833031441417238
0.23286853448471892
0.22975789993553128
0.2345013062302783
0.23594630629033644
0.23564164601407422
0.23949849018287106
0.24160907645410962
0.24437361237097693
0.24607172883211276
0.24977260132302365
0.25038886917010345
0.2521039260864457
0.2511797139181454
0.25778330579649167
0.2556294297945741
0.2500676065841736
0.2646215692943805
0.2687252391746385
0.26457721993939953
0.26587183642952755
0.2694362824480739
0.26977383371610475
0.2707298115764729
0.27509970427790076
0.28575872791801904
0.2892681165849329
0.28957734794727374
0.2933950250461066
0.29114896906233667
0.28422283292522676
0.29161269847973653
0.31225613403303804
0.31224395406477423
0.30550505044894677
0.31233541039854085
0.31277976593860024
0.31347308401296786
0.31905678230943557
0.32758534934369116
0.3366412319071336
0.33681837319265007
0.3415205081319903
0.34270338457574256
0.3401998263691083
0.3428533890136493
0.36255763624831894
0.36572545761937547
0.3532830484995908
0.37047772153386
0.37416797920175887
0.3736736846441038
0.3738996879593024
0.38197984120611167
0.390796136522768
0.3912990954768275
0.394448712613802
0.40342064547543344
0.4067867755267263
0.4045032177622246
0.41538545244901365
0.42178876705999735
0.417927802790681
0.40935945567316423
0.43866632514985743
0.441817462399098
0.4416439796163155
0.44604779490051377
0.44879532369818104
0.4519192201401507
0.452673013611027
0.4681210457443942
0.47606090997473216
0.47638819368784613
0.4784802852156405
0.4840245718479688
0.4811299987587801
0.4764581321546551
0.5076522703735955
0.5118316238144678
0.5063762416682226
0.5092192803891127
0.5161434919019023
0.5148855917528237
0.5165311712340105
0.523692387540105
0.5399802658163799
0.5412382669661826
0.5440799777101144
0.5473713414505585
0.5486583525319082
0.5453529578333062
0.548151923730597
0.5712033915415662
0.5706784151463604
0.5626964006935766
0.5765421894223202
0.5790327543945202
0.5781317896074506
0.5830850415292026
0.5895225541583297
0.5971863013674262
0.5959298830022076
0.6048745170296226
0.6116830998720136
0.6085793443628575
0.6128043996350565
0.624682701323689
0.6235303236480875
0.6113799600191958
0.6293948180696102
0.632586003477223
0.6339329104353111
0.6321400595347964
0.6375592379568575
0.6393499745434987
0.639594748082459
0.6467481717112595
0.6546015891794486
0.6596292135849691
0.6573528973111916
0.659964936842802
0.6623581898596335
0.6616102950093052
0.6527545540349672
0.6730101704188597
0.6721377728200242
0.6714635897901675
0.6763577814805407
0.668676737205459
0.6700482911159162
0.6710471339281336
0.6832789783445159
0.6877788462052256
0.6869417667721329
0.6885026435729948
0.6919648854715923
0.6869665413860414
0.682280360313161
0.6967461523660878
0.6961052573246022
0.6915306379303953
0.6924415271417924
0.6871292878124586
0.6842118014396834
0.6857685144828023
0.6899271631976696
0.6926987616285358
0.6932822688177175
0.694813889057322
0.6939787673464741
0.6971186593853521
0.694861328216799
0.6933878517791356
0.6984134923738949
0.6978542409076025
0.6917203529935226
0.6968997895889569
0.6858848279309812
0.6839152909364914
0.6824541138143837
0.675454713562834
0.6790036243142101
0.6784367665048907
0.6837715773394365
0.6863694882792026
0.6848327081501816
0.6847907484338576
0.6868277614086624
0.6817937908190169
0.6715301404115576
0.678202611583074
0.6688664318530139
0.6714916206513286
0.6683470170005681
0.6591726295168581
0.6477272163494033
0.6486382761848136
0.6518099968710374
0.6506806946912277
0.6540476486968468
0.6541672849961303
0.6501489596640253
0.6466350404725149
0.6463987997165219
0.6404008057533946
0.6450376018882806
0.6369447350277243
0.6346597278455661
0.621976399424136
0.6093573772677308
0.6087652193083853
0.6108664453633924
0.6027710184105072
0.6043946406103112
0.6051841370427691
0.6052384329539369
0.6053964402530273
0.6005004718106423
0.5976193656313825
0.5982089950641986
0.592327880036152
0.5876893842032486
0.5861751870657477
0.5715162234529783
0.5697487671718751
0.5659765843690614
0.564090941199045
0.5456234771884113
0.5472798509500929
0.5476995974602596
0.5426069015510597
0.5470708750083322
0.5470339912624368
0.5476912818688634
0.5392192640161195
0.5337554225069531
0.5324590110618621
0.5241496829428555
0.5230177224630179
0.5142146458783075
0.5110233937781797
0.490402404196854
0.49223996176992746
0.49324807216704586
0.48771686878669696
0.48740925006604524
0.4882861600055763
0.48716084161322576
0.4868904414274882
0.4820781878162143
0.4800728807635439
0.4799211533150848
0.4698478171125897
0.4712416027132859
0.4607326916194368
0.45865141818411465
0.44727255682378564
0.44830770754256394
0.4433425113304997
0.43077920250908913
0.43220433195820546
0.4340586233007613
0.4339548571895754
0.4330528923852717
0.43502776862280673
0.4368992531897106
0.42910360445429513
0.4219665322897175
0.417124261716168
0.4157216960678249
0.41477077462862644
0.40872737145222604
0.4075519896899833
0.393268664757984
0.39461620008167453
0.39381998040933575
0.3930194665547899
0.3938263121608449
0.39431913054154605
0.3963080586068164
0.3960534702245356
0.39148993987714925
0.3921772880780886
0.38991333010770823
0.38728801196943674
0.3863797958470042
0.37638902792330986
0.3780094485040774
0.3794203080569185
0.3782578588892706
0.37442839521891275
0.36351864324950356
0.3673421818461811
0.37025055101296994
0.37671282759916225
0.37983126515677057
0.38038760245394776
0.3821668183541966
0.3775273203028474
0.37189298713517277
0.3620368460081498
0.3681142682668035
0.377792106295252
0.3841479145424987
0.3733955497424114
0.37072697188284104
0.3679757048410857
0.36749215727159956
0.37206887341649275
0.3763341368033537
0.38326782556135663
0.38604778533529666
0.3894138260151784
0.38364395823999514
0.38033499100400087
0.37673096768906766
0.38621647207470483
0.39599713395231045
0.3888572267114346
0.38501611617352666
0.3981581059734204
0.3964826404930145
0.397936368994357
0.39376834386051424
0.3996466072090558
0.40276032588468974
0.40656945318070514
0.41294389390969466
0.41691555211626075
0.4178772462667457
0.4233081716257384
0.4229020404473247
0.41829232280039585
0.4086926544352677
0.4354067730181358
0.4507985227262805
0.4437273712689426
0.44177611825887514
0.43965710095716176
0.4420031762383655
0.4450822207793498
0.4556158870993303
0.46662674568188545
0.4709264036718204
0.4758687968308959
0.47542507156946906
0.46758189370765135
0.46472376722771297
0.4754772611979607
0.5069830717847084
0.49860346930715554
0.498526180570001
0.5083390076887192
0.5071842736288088
0.5091656525280868
0.5105308245575642
0.5238151606692277
0.5302739769521674
0.530928563402709
0.5369451213396026
0.5378943636826861
0.5400253507895196
0.5430646166264845
0.5624519204432181
0.5651940238570264
0.5494730718810612
0.5645550590722935
0.5880445853909365
0.5889240539181717
0.5873761226247871
0.5894749343302504
0.5954374161395433
0.5966981835234043
0.6067556482593892
0.6190694114388262
0.6202366741348422
0.6245051239966148
0.6282908704218075
0.6307078138390511
0.6228913537975842
0.639858588894435
0.6704080226019847
0.6689431332559506
0.6613248377829065
0.6697767447377866
0.672276527000071
0.6724334565506327
0.674578069754302
0.6871654012983766
0.6990365305556461
0.7004699896259211
0.7065616232942911
0.7059941222651602
0.7051160086688498
0.7011793043678403
0.7246583864962004
0.7388676216238066
0.7324133656306385
0.7280467794560483
0.7491849717048404
0.751229211947081
0.751761487484481
0.7560524573378608
0.7634575403694498
0.7669553320013639
0.7709403267459398
0.7817526783067927
0.7808569455537758
0.7814997620601063
0.7915030982756872
0.7977956471144773
0.7924138613481727
0.7924452310435767
0.8179259072120187
0.8204133778007392
0.8170557668111447
0.8185736017244936
0.8239116959530338
0.8253494123623752
0.8267503925500242
0.8350494269746516
0.8413878263122357
0.8427903919769927
0.8453557795912168
0.8492355340964355
0.8476313881681772
0.8437277956846071
0.8503372967653643
0.8671345301215215
0.8664328997790165
0.8633625954460017
0.8707476960825197
0.8715882504590737
0.8720612417691658
0.8746141606942296
0.8817094097765653
0.8826434784066475
0.8831814057812637
0.8869414358106409
0.8873667390375742
0.8852243992785793
0.8903078173542067
0.8955159947775987
0.8955859220206291
0.8902720010204564
0.8982472687722669
0.8983793319381154
0.8987611402456634
0.8988323501537011
0.9012950198211459
0.9032973122341199
0.9028962820482396
0.9053223372622862
0.9051039619501882
0.9053161078880161
0.9044737530006031
0.9062207869403448
0.9064730408730659
0.9053432856014201
0.9040676945788113
0.9048249664549469
0.9021380566145377
0.9026086150457729
0.9017117628870974
0.9022862795783179
0.902798087947666
0.9030420002715335
0.9018652829540915
0.9004224928887372
0.899968196625639
0.8996665023218997
0.8992575141639857
0.8969218097386988
0.8964874120490101
0.8895587488580434
0.8873584218394056
0.8876370420154722
0.8872836241675357
0.8803572368341269
0.8799809859935624
0.8806735935289154
0.8779675088436684
0.8763249718287022
0.8759503970089039
0.8745782763995047
0.8698605330617992
0.869226328092443
0.8663749316956284
0.8657905909598618
0.8582221319394733
0.8573584744793227
0.8552295529736982
0.8391680893226777
0.8379493652790515
0.8403150847756468
0.8374519373817183
0.8329597720614602
0.8342539219669083
0.8342495804735244
0.8297071205197115
0.8213229917272621
0.8191207874102021
0.8177498417819469
0.8109160677674787
0.8124092868674289
0.8114908335184234
0.8001719747968836
0.7849377354978893
0.7870968476169082
0.7901008892278322
0.779067772351423
0.7757375572443206
0.7765956772620234
0.7719837018812871
0.7659609941861332
0.7625874000428043
0.7622820212197572
0.7543195663202854
0.7508447332871128
0.7497222991765561
0.7436893565989797
0.7323697316704856
0.7295761768255008
0.7330973273790898
0.7108569036388335
0.7063822215339066
0.7094190173138735
0.7098990436048469
0.701650696441874
0.6989900031718751
0.6999864690256252
0.6964857293377277
0.6847217542189424
0.6814911497831945
0.6796607810871441
0.6687621444192307
0.6705622363112484
0.6692260564902843
0.6676607102831831
0.642126684391222
0.6419005280278612
0.6452794920569779
0.6381889946599326
0.632511192020897
0.6331587008176696
0.6321801395797333
0.6217715623982276
0.6163679860911441
0.6160980400763976
0.612055092729338
0.6074688276986948
0.6033373751801593
0.5984530738658255
0.5815208656228138
0.5829590864177893
0.5880698847739875
0.5764659962925817
0.564521412994215
0.5672033180281932
0.5697818485695867
0.5660294918127746
0.5575133198318523
0.5588284323317521
0.5538339178406115
0.5453288459484792
0.5438005308440526
0.54071724634858
0.5359338981829349
0.5311167817746059
0.5337034607912956
0.5357783878720647
0.520660463343288
0.5124857880954314
0.5162667419587844
0.5088415822426056
0.5073995137704692
0.507514873079238
0.5096972281629446
0.501681890412007
0.4935793891488221
0.49371757151857615
0.4893479608766823
0.4888694214069116
0.48787271774599794
0.4882515357690056
0.4759061712927808
0.4753804367761447
0.4772360157959781
0.4781858891672123
0.46706767638242797
0.46689969273996534
0.46929267377843353
0.46683201988993717
0.462005841761836
0.4617260733781764
0.46117607870704647
0.4565740633473896
0.45439077447241955
0.45207649196397626
0.4514929414147973
0.45096779401416864
0.452213974366177
0.4531561009392864
0.4444402030852158
0.442054531886488
0.44616656186939924
0.4446293793251418
0.4408560053924411
0.4420027246332588
0.4442135568559947
0.4426861900430438
0.43579386368113154
0.4348936364956939
0.43504576338929524
0.4371097416961653
0.4402782429814289
0.4379098769844997
0.4362483729924573
0.4359004980817601
0.4369677187610175
0.4402402276192129
0.43587581830779526
0.4354542799971917
0.43670875020310407
0.43785821600221386
0.4365051198321378
0.4331257615546004
0.4352622375518096
0.43442470920968423
0.43500455827705287
0.43434916993640266
0.43282232653554037
0.44198630282907014
0.4434444587567768
0.4451381068401134
0.44128120830733114
0.44045568372416616
0.4429772884541426
0.4446329910589646
0.4433537469046189
0.44427055781544256
0.44609743286648273
0.4471270085288872
0.44570037818379615
0.4445873482476264
0.4439522180970554
0.4501153568408379
0.4568011121390586
0.4552833795021244
0.4542420086605015
0.45872817152799716
0.46063537398332083
0.46222561649020416
0.46232567331476293
0.46190436784451006
0.4637381075025162
0.46510996570424434
0.4681297151339264
0.46442435067479054
0.4660000060030024
0.4671259235095215
0.4735746908120075
0.4728133066686008
0.47117442797739384
0.48137710808251954
0.4850277018663374
0.485362626904408
0.48425626462050264
0.4857233244451825
0.4868310181308265
0.48855416623307346
0.4884645638352607
0.48965418649317327
0.4917043319851656
0.4925904549330373
0.4966866077351754
0.49514737901533756
0.4950646176525408
0.4978540686464207
0.5074085883399451
0.5074268033574821
0.5046720992816899
0.5082303594738173
0.5142220405305654
0.5152612712324857
0.5154493010348591
0.5150915298329761
0.5150559339795738
0.5165061659715241
0.5202046112858967
0.5212483179196021
0.5215763533474003
0.5218864270742662
0.5269103970238762
0.5276712602139355
0.5246942791325644
0.5329093585595401
0.5394847345609733
0.5390224753910398
0.5382160190560922
0.5369655654317834
0.5383463729459739
0.5381470011663081
0.5394657885210615
0.5421930092804772
0.5425785075502405
0.54545547295973
0.5469793675531499
0.5459159020830624
0.5448317058065156
0.5450358217598847
0.5519474817722392
0.5552837043866956
0.5532077372359409
0.5514907217985738
0.5569818438090995
0.5582228007504906
0.5578114184858838
0.5562788999729489
0.5564905985341685
0.5571105946500121
0.5596177398344613
0.5605242631518892
0.5621977515910519
0.5632980921221182
0.5624194453337612
0.5629388406026518
0.5603025995214479
0.5610169544227028
0.5696719000789418
0.5705470086637688
0.569462035648655
0.5662351483535631
0.5637537697284438
0.5642706654534819
0.565503304494017
0.5698394556456594
0.5690406021082411
0.5711952055709013
0.5720601372897184
0.5653298782138558
0.5651817648368177
0.56333002618399
0.5641774862505652
0.5714521873005985
0.5710764018999558
0.5699196687768893
0.5684637812314077
0.5668639800926066
0.5672543486365024
0.5666048714850243
0.5664701047020164
0.5686923596935446
0.5673487565847025
0.5638189585945027
0.5648106790111799
0.5671193643048192
0.5629104748091717
0.5641481049855156
0.5630114883351041
0.5606867766268345
0.562326942442722
0.5648529830036368
0.5643258035078372
0.561119437517287
0.5595921045162273
0.5576878202860363
0.5586271067745351
0.5600855830178826
0.5601598296634719
0.5600746416172595
0.5640032953294954
0.5515422822468589
0.5531940056003568
0.5509356443093535
0.5483135777390917
0.5551189502895233
0.554211272529427
0.5537140824133882
0.5475266364034969
0.5464560380443731
0.5463235707056349
0.5477506160601312
0.5466619015094972
0.5483759314058512
0.5509750702063737
0.5386401725975614
0.5422657414559092
0.540635264694316
0.5405512825687703
0.5364084114494182
0.541582973921088
0.538251303277587
0.534129641666438
0.5360171931004016
0.5356279486403779
0.5338706976647353
0.5349011892653345
0.533717155147668
0.5332627670975146
0.5344608815353674
0.5282564822790045
0.532555400616445
0.5312684633358667
0.522056660159083
0.5253147841949826
0.5258713046983335
0.5221767433338679
0.5240807707065407
0.5249210833889769
0.5251067654990023
0.5233316683257776
0.5182259649821374
0.5200064324459324
0.5206652117760857
0.5183106326375728
0.5212157191189766
0.5229492034492921
0.514858626721742
0.5141097686163572
0.5154908751701024
0.5167146363156407
0.5094427917478437
0.5165816205215147
0.5151813057981218
0.5119728675883396
0.5129290493882325
0.5117469267192543
0.5119043183778319
0.5111647918453821
0.5136113106305372
0.513057100460334
0.5140268561984083
0.5073839460753783
0.5111769086278879
0.5130580122541771
0.5028509731549405
0.5114649419197488
0.5101089561778341
0.5105009710849505
0.5068919134195446
0.5090786961347709
0.5092861932336799
0.5121316692586386
0.5088258989498133
0.5104093178648674
0.5105247642319909
0.5073097010913771
0.5130801685861047
0.5105731823926125
0.5117475532719395
0.5035903367682253
0.51427595286666
0.5119067390068245
0.5095171473400895
0.5108386354451496
0.5125740265005997
0.5115291639517753
0.5131159578843749
0.5153121059221906
0.5147031165210744
0.5154147363317697
0.5144006943655786
0.5171611549516731
0.5155510707200732
0.5134219888507605
0.5208159251821229
0.5210705514563126
0.5157214224652179
0.5181022758845402
0.5201534840917834
0.5219484461242054
0.5213394210517392
0.5220834423943991
0.5245926236688914
0.5242022981152308
0.5279555053212339
0.5278153657364846
0.5268242296688578
0.5249850082624434
0.5290706683729083
0.5324581026234225
0.5319926864766596
0.5266988099618394
0.533651862824079
0.5344537903875514
0.5346681326597718
0.5358645437140019
0.5372296987297202
0.5376635783565868
0.5390728029131866
0.5430581817874534
0.5428662283343767
0.5426235722559742
0.5449429331364174
0.545905673245702
0.5458430661202451
0.5423765774216237
0.5514814638225115
0.5508248696620615
0.5523450510665093
0.5485093368772178
0.5508554051701187
0.5523925970403255
0.5536527557044779
0.559019545282395
0.5594398814816487
0.5592725339227671
0.5599229879819937
0.5629608777325018
0.5613033899057108
0.5603946784693493
0.5615625401002465
0.5696102728867661
0.567601923135559
0.5667429779741008
0.5667836781618124
0.5677071709880165
0.5682189501622937
0.5700043436993689
0.5740370199769669
0.5739949443496549
0.5761774932325554
0.5774605164895259
0.5772561223498401
0.5772178665481786
0.5794923984730838
0.5836418903482102
0.580629858043795
0.5799768220004997
0.5801744735761264
0.5812953785943439
0.5830726616298377
0.5825679702600806
0.5825059998482836
0.5833928345104995
0.5841249655187822
0.5883236380504965
0.589619122310759
0.5898470727806671
0.5884931610522248
0.590290593946022
0.5920413411041124
0.589209356163505
0.5894972170917167
0.5920280646730347
0.5919687692873983
0.5922518925399993
0.5881122510733233
0.5882447319993899
0.5887776923051751
0.5923907571523518
0.5937366402102912
0.5946564766437923
0.5945918262496583
0.596465911441368
0.5950011370898513
0.5942192202965996
0.5938970727280306
0.5959036516991971
0.5949042710435352
0.5941478853644998
0.5919667793858658
0.5873604388216015
0.588848476896551
0.5894311483838491
0.5907577204739419
0.5891164366389137
0.5906503861302207
0.5902017568010818
0.5916722754387556
0.591856137132243
0.591453216441686
0.590017718472742
0.5912517355925584
0.5889855186653912
0.5883494280059884
0.5839818096847399
0.582901531993747
0.5828625999422193
0.5795979990470603
0.5774664386152015
0.5784059869671022
0.5805199634479111
0.5805675871640948
0.5804012589241306
0.5811577151928473
0.5795756887250074
0.5793565461746482
0.5780208069282762
0.5776156281042593
0.5725478708246577
0.5724709225301984
0.5693887961796236
0.569798629093858
0.5636513739994791
0.5624584064329556
0.5618518306711178
0.5621529725402654
0.5607033852402549
0.5616043687687444
0.5613323657877868
0.5609535469692379
0.5614599541170922
0.561700854437971
0.5574615650383508
0.5545944539606082
0.5525958904077523
0.5503591769270217
0.5453935857818827
0.5443922321408773
0.5423404722367414
0.5434527854823079
0.5368012441795782
0.5384793940034515
0.5394023938462473
0.5392982020681388
0.5381888551003849
0.5406614935674416
0.5367425655452699
0.5333107308348001
0.5334824465097459
0.533929365950677
0.5274428140162065
0.5262544414718467
0.5225887759417975
0.5208159229059287
0.5198223364478146
0.5172273092408726
0.5170105674750601
0.5142408464897988
0.5138432936411982
0.5143557353839289
0.5158591556812956
0.5149778685906032
0.5144565054490651
0.5158080245479956
0.5057704212561469
0.5055366270566437
0.5020845515168195
0.5009937196114166
0.5021424151181608
0.501918020296514
0.49921786910481514
0.500245765433585
0.4937831731031275
0.4925289138882623
0.49403542307776177
0.49428516644593345
0.4965319566986893
0.49871897876007604
0.500054056048526
0.48891738077409
0.4907319087045712
0.48789080364414517
0.4864374844009466
0.48943547140270915
0.4898426499556616
0.4846122179770253
0.4831273485208868
0.4831854257517936
0.4834186789168266
0.48183903056794364
0.483121325934328
0.4853794012779167
0.487453876507084
0.4830943870600206
0.4841829300476774
0.4875438788110992
0.48014796575509555
0.48428006992317973
0.48292356795468216
0.4784965190896828
0.4820539419203018
0.48854819147602474
0.4864785759430591
0.4850562002911702
0.48314120403456357
0.4809884338824113
0.48298226012635476
0.48606113004562207
0.4903600457259063
0.49162687330796034
0.49622196883006164
0.4850927389771548
0.48869074681475555
0.48436303046061885
0.4846231728935768
0.49307411708659077
0.5033765075410118
0.4980452372024261
0.4983901812745171
0.4957944610791356
0.49604251841706004
0.49949676691266753
0.5019201115204601
0.5079677606433045
0.5106502605475457
0.502196715654646
0.5066632674345127
0.5065749393611283
0.5078005541172876
0.5122029589848457
0.5265492927730134
0.518555661179543
0.5179347916635518
0.5281640853346736
0.5289549681373965
0.5272633573310868
0.5305668706118505
0.533461890114745
0.5338131452759084
0.5362647505170188
0.5411329496981817
0.5437463492493128
0.5457642665470912
0.5432992887951413
0.5472786680774573
0.5536759324915687
0.5480074841730536
0.5699482183219049
0.575357039070529
0.5726171434541918
0.5723178049964402
0.5712386675779159
0.57339149467688
0.5752885049199599
0.5789431098419471
0.5884778134500691
0.5932473252711405
0.589899883895339
0.5925099368305851
0.5943287613954488
0.5960924322987903
0.5977196832014842
0.6255061921432897
0.621806679183633
0.6173226438266078
0.6240489734256971
0.629425615900366
0.6289970547005101
0.6306047886149921
0.6413393849975769
0.6419044022323527
0.6437913147332102
0.6470373410206219
0.6507206573836813
0.6531554061048954
0.6503257368438498
0.6677837863361817
0.6724944622227457
0.6696292119472426
0.684725726365586
0.694192463334582
0.6920338224164699
0.6930802000385085
0.692962634510339
0.6977146848179032
0.697200776959211
0.7007190009881064
0.7096614335030504
0.7130310091791319
0.716582731140891
0.7158035344619589
0.7254439169386655
0.7230711758572614
0.7239417294750847
0.7455073785945076
0.753429777009866
0.7500312468167822
0.7505150166498268
0.7571475625887251
0.7571475757994945
0.7566043695166993
0.766351255762446
0.7700754082014142
0.7712892015205943
0.7719355614163204
0.7760001077630926
0.7811323729565621
0.7801547970778958
0.7986266444476486
0.8016938359603946
0.8006558829188588
0.803858990810826
0.8139479426751103
0.8135396193380233
0.8133529970586515
0.8141435503692722
0.8185708568932382
0.8192673427098204
0.8220401446415923
0.8273170261604228
0.8276419099405596
0.8314423902199338
0.830943635827911
0.8396886877379636
0.8387720296006549
0.8400047874655718
0.8475120546168827
0.8574098607123258
0.8567446206450348
0.8573092160193857
0.8586216821297209
0.8583305176153159
0.8584665433849547
0.8616446130996388
0.864531989795734
0.8664022477451414
0.8656051911763875
0.8679429358641815
0.8688349698298813
0.870868572516604
0.8768812071789996
0.8801702911435264
0.880519119656805
0.8802644337452039
0.8834315363487113
0.8832893060007366
0.8832670451492566
0.8830710814752883
0.8823166194955999
0.8827660842869421
0.8839533028548274
0.8850337679131871
0.8823058975957138
0.8848424052226975
0.8858732436871051
0.8866232854165388
0.8831645787992864
0.885686284907674
0.8870202873739692
0.8869951807493756
0.8875676048028031
