0.9999999999999996
0.9998466171134166
0.9974969159969804
0.9969904997744431
0.9973023720628632
0.9973099487378575
0.9966453232793118
0.9959853173613317
0.9957258384294787
0.9937990486192555
0.9921828761650872
0.9910963530577487
0.9908492294318961
0.9888142178228077
0.9890369671758934
0.9907918734741038
0.9861433109335911
0.9728110309759149
0.9744006516173995
0.9751585293619638
0.9739392398051049
0.9711931011057684
0.9706704745470198
0.9683591680140864
0.9608996735420121
0.9580078736778916
0.9563561150291278
0.9536975341294451
0.9549773271413129
0.9563797907360012
0.9518656817777333
0.9318483269459406
0.929189302437186
0.9330765257654071
0.925164978148128
0.919231279142622
0.9183660629719647
0.9165084778501658
0.9104425991087528
0.9047983706952034
0.9040055319909449
0.900327888460444
0.895880153319476
0.8940281511613661
0.8945078071983109
0.8817752708019497
0.869511097056958
0.8775248900492291
0.878463091374046
0.8528925176635358
0.8434580479154573
0.8440185864407252
0.8454782267476951
0.8388972155186205
0.8363717537388876
0.8321240419172856
0.8187447491709381
0.8151512667973865
0.8130773647828606
0.811443676096528
0.8049557892087992
0.8066153581219604
0.8069097336405525
0.7665737524059159
0.7588325938297388
0.7621954151703904
0.7656450055611704
0.7592026109937257
0.7576033451646802
0.7534615093761613
0.7431430952372877
0.7297320615956183
0.727792020006706
0.7243071776984554
0.7232331036177359
0.7231300369902465
0.726107439147426
0.7190422748448083
0.6812380913143576
0.6846750817623205
0.6893760011563346
0.6833579947573695
0.6675379541254359
0.6646222940913841
0.6689932475272574
0.6578259035315878
0.6488870853805494
0.6473167721208226
0.6336798942934528
0.6345725540271776
0.6347463711605754
0.6312447960742129
0.6097789683958983
0.6141834858366163
0.6212079897826425
0.6051805445201784
0.5798792005109814
0.5838841646641277
0.5821397838561315
0.5860672994810504
0.5805605188441163
0.578232626828497
0.5684154284055865
0.5582723722593386
0.5546203495490741
0.5522049995990495
0.5527450517779562
0.5472814879234116
0.5557908211895657
0.5577407961827012
0.5317464076362125
0.5120863725557354
0.5204012698612268
0.5289953043113994
0.5229297089284135
0.5165629234087611
0.5165031509101927
0.5030134183706766
0.49754985856218176
0.4962339239223044
0.49586967350666666
0.4941726456257363
0.4986262262432951
0.4998019625299794
0.47911900859918255
0.4687548397943818
0.4774857075005102
0.48249097991707884
0.47778818016285074
0.4753051775306582
0.469515291853404
0.47200171221188264
0.46534985462063144
0.4653595022149476
0.45702191554586635
0.45928246683633794
0.4581808166716931
0.46075948528535837
0.4639040232440675
0.4515539189395057
0.45206081383990715
0.46094012665083584
0.4626610219437165
0.44982300439022727
0.44526569412203315
0.4619723284667428
0.4618534065320689
0.45653229303142956
0.45418033482251313
0.44726743254541335
0.44346454992248474
0.4443498347772865
0.4471211051780433
0.4456906968361036
0.4515920820210527
0.45619699928296026
0.4576906578568015
0.44358119821930964
0.4489577739110886
0.4463881169914116
0.4685969798955038
0.4676277125527401
0.4661341081566659
0.4587568868006349
0.45976319025358625
0.4560742434831001
0.4556221270347413
0.46085360149329613
0.464943128043287
0.46955003955585567
0.4743896522404905
0.4735355273522389
0.4630298926620472
0.47084621127652937
0.4950639177320425
0.4950248082697436
0.4908867330620051
0.4925745719901634
0.49572377654947264
0.4932534275627168
0.49177029188640986
0.4955377232060531
0.49523805847234376
0.5009278392538372
0.5008650686275501
0.504654420629463
0.500118937819303
0.5104898318687843
0.5119301856232106
0.529248690839764
0.5268084499259982
0.5236952309312607
0.5335049337812534
0.5460697182451546
0.5438820294164519
0.5411276308856035
0.5402856296775712
0.5427403705835951
0.5444396269029984
0.5543121111374515
0.5550223678709832
0.5540154578928487
0.5660422807224577
0.573151034011776
0.570130744245655
0.5674880118987428
0.5856669985225512
0.6035220767109836
0.6017876305463616
0.5970340634437169
0.5992469039585459
0.5951508470687514
0.5969616536155826
0.5986790685206183
0.6066395332242189
0.6098329814046457
0.6149833472966246
0.6158016501098535
0.6152325756948327
0.6187692854389865
0.6186519694149357
0.6382966004561389
0.6507659296848217
0.6473225187382701
0.6526807050322052
0.6560779253168064
0.6537929740697584
0.6548707936189604
0.6556694606868816
0.657974416092656
0.6587494265105804
0.6667243379873881
0.6683964136741909
0.6689457813606084
0.6717391910983571
0.6833260482183191
0.6876383887775155
0.6876142197001337
0.6852532122911874
0.703748214791398
0.7056462348228553
0.7046118591129623
0.7024442934658962
0.7004453075813715
0.699341834300797
0.700701514113198
0.7045713759823248
0.7078727927326617
0.7156004294395025
0.7139187683664138
0.7161034592165607
0.7149253662200503
0.7182574294221645
0.7264115143535392
0.7381798637095182
0.7360380502572671
0.7361820660052791
0.7333923814093845
0.7325383006208277
0.7321089872814419
0.7347361801034442
0.7341960633459942
0.7350078291983189
0.7366064284554931
0.737533814644131
0.7378250416829386
0.7441408186504702
0.7390150171185946
0.7466355438260939
0.7462970943189402
0.7444989710825235
0.7465730977114371
0.7520876816349547
0.7512368316238388
0.7470508396071857
0.7396546336567714
0.7405463653038106
0.7421379709744185
0.7424116350121792
0.7453959913512249
0.7471088526627884
0.7526798927133015
0.7404080350935106
0.7405092544474581
0.7411455222381067
0.7439566535405193
0.7478220968523438
0.7469570799909976
0.7461173932074001
0.7398466972854454
0.7337521486939323
0.7340135553207154
0.7332298461427764
0.7342238479787375
0.7334791670305784
0.7351165738825619
0.7252963945886045
0.7245017510063019
0.7295785229882101
0.7276956584025673
0.7173560909337953
0.7200434459011531
0.7195784197087046
0.7144611350544418
0.7150303057272206
0.7156630149323061
0.7148041208682302
0.7036924758843983
0.6998795621893644
0.7000357319153294
0.7012906948521715
0.6991951645865196
0.7006038214530989
0.7058829346263457
0.6901914521436832
0.6781185073939778
0.6826217796803709
0.678957729082965
0.679569027421396
0.6807159587607874
0.6793501614583822
0.6711131494294813
0.66232142778001
0.6588697945954666
0.6579257635728086
0.6589653482425104
0.6586001946567738
0.6628996928633527
0.6512860981932443
0.6368163229022387
0.6380000835723776
0.6453387051029903
0.6331608368735623
0.6294658608123235
0.6296883807078391
0.6262697758917761
0.6188496038629218
0.6175225863911697
0.6170907068366909
0.6113708213576938
0.6048818234033047
0.6041047255168904
0.605590507123074
0.5969861520846708
0.5964680645725505
0.6034306745822522
0.5841015977703209
0.5708215471173016
0.5747777550348809
0.5751197976833686
0.5736932269160853
0.5739863406613038
0.5727489970728703
0.5671903003145407
0.5575469172008746
0.5497920338449255
0.5502536748143237
0.5475815990097538
0.5513583930607171
0.5526875855019366
0.5546246154599537
0.5302847985274194
0.5236322114422013
0.5307716062027791
0.5296115353232486
0.5249659689498805
0.5245661495780473
0.5234939977746761
0.5158791815034971
0.5076650412191126
0.5071219292427699
0.5031096628032775
0.5009556306882914
0.503262886330955
0.502669573169813
0.49185575032078793
0.4866614143395698
0.4961699461679067
0.49151835298157565
0.4788782141769301
0.47881383604462735
0.47889090460216976
0.4782746202312095
0.4766207670776291
0.4746990875379707
0.4726901005740133
0.46566094445900785
0.4617746167007998
0.4603716632364423
0.4590349891841981
0.4588764976597427
0.4598718096179881
0.46799735424874156
0.4575950880533789
0.4451679740675476
0.4482294526709007
0.4494521227791599
0.44960378544674146
0.4492949171015122
0.44821094922423166
0.44309814598340014
0.43632169424909406
0.4354171397498473
0.4340996128562734
0.43541561445504395
0.43611383732332554
0.4399762702644798
0.43253527919343265
0.42591232977371224
0.43084886213105034
0.4335139641487906
0.43494147650743065
0.4309613128412368
0.4315603742631697
0.4290493851377678
0.4267730004653751
0.4250360457396295
0.4240456989381664
0.422582950049617
0.42335906438433596
0.42178416282911835
0.42375697668470264
0.42044073209861144
0.4200428501377943
0.4272697830556174
0.427669250662194
0.42609224071511315
0.42519013438649594
0.4268706194913045
0.42675636271673834
0.42621563082917036
0.42490997550682685
0.42360153794912475
0.4215031693463553
0.42038418065232014
0.4203564453354809
0.42126988825816064
0.4219203561882244
0.4271408033954795
0.4268690448446897
0.42916151474807757
0.4269780728041468
0.4293597389401977
0.43383434587025227
0.43458705045119284
0.43450986128699043
0.4308301833045559
0.43082567688725115
0.4297835912049225
0.4293197697397798
0.4296270264674228
0.43174852506417527
0.4318436339066608
0.4365923271054225
0.43463804861365746
0.4362130339320119
0.43799196567625215
0.4458989943380765
0.4492075177609219
0.4490686218807745
0.44635880527521765
0.4466724415924458
0.4445461935752638
0.444355428922573
0.44437433959218603
0.4468777291408623
0.4475162595849732
0.4496373468280319
0.4473223696511166
0.4479050231682864
0.45018981758232934
0.4520677493898262
0.4607637960128147
0.46317717217405124
0.46361582481854163
0.46021654333309575
0.4640793747069827
0.46278287757389736
0.461701837146994
0.4607957399832682
0.46392846249186803
0.4637394616284441
0.46731099652131003
0.46544061937341463
0.46411204016160745
0.46862792958017896
0.4737210900119062
0.4751415446938608
0.47458398819446995
0.4753485564559468
0.48421672268719207
0.48323249622757425
0.4804460538331815
0.477976027218152
0.4766788817841164
0.4767307383198749
0.4769363915556588
0.4786542019393896
0.4813121507255422
0.48532522629778274
0.48362078339850983
0.4804686568757071
0.4812359260090482
0.4833031594134858
0.4847560145433478
0.49603557328144
0.49672345693611714
0.4918333540666015
0.4899541172354722
0.48767328253502706
0.48734821701221814
0.4890456275294167
0.49287509627427706
0.4931771115291114
0.4971013113265161
0.49567606218950117
0.4891363463078224
0.4916123988094228
0.49214062992379914
0.5006083098782488
0.5008362035575602
0.4956872231990449
0.49737010138525073
0.49923339563050695
0.4976789312531322
0.4950443329458404
0.494830366467511
0.4956539992602599
0.49662485675776635
0.4958063313295669
0.4952933674329305
0.49834564143101423
0.5034653602611623
0.49194904736504996
0.49730934929483217
0.49567740123757037
0.4936299728540978
0.5012220388037875
0.5037410006772334
0.5015447949765953
0.49734069928022623
0.4921993940508289
0.4925098212691025
0.4942325105228314
0.500169791981691
0.5003961683873321
0.5031447183350398
0.49680060135175647
0.49250662697807807
0.49332814689510546
0.4912079664733874
0.4947469272844383
0.5050550548281763
0.49781381980265293
0.4925434496283664
0.4931147746962627
0.4915014343097375
0.49190794201005095
0.4914160155706984
0.49413031687777953
0.4963665365324386
0.4975691164276838
0.4881895922398838
0.4922310228284866
0.4966657384531292
0.4890235918339171
0.48934025865085323
0.49274757316689966
0.4900523237031067
0.4950550411564356
0.4934670528680233
0.4915533024953348
0.49068043477356565
0.48784716962941976
0.4865352021350681
0.4869990684419069
0.4913133147347683
0.49297232993331613
0.49899270496611214
0.4855350367375757
0.48479312958728316
0.48690180035250685
0.48513020723049943
0.4807307732281027
0.4971161092583591
0.49427203855556645
0.48924094184051403
0.4836203629213245
0.48486128419437663
0.48391990528633966
0.48756634226588347
0.4893022734061891
0.49460786022229286
0.49992207319437004
0.4861357635701008
0.4892439679772059
0.4885741423619036
0.49145921412593874
0.4949401808705911
0.495816378033334
0.4931643875487021
0.4935744523978296
0.4922469327588694
0.4917292399492843
0.48787906128862196
0.49564019694383116
0.4963000718527016
0.497739619812063
0.4907447651452875
0.49918611545954994
0.5011714331533039
0.5009528527594173
0.49096010267586454
0.50766906067547
0.5001162046856382
0.4968929585438813
0.5045836460963994
0.5102832905599294
0.5079260412837837
0.5036393725172791
0.5048503682725562
0.5061106602653412
0.5103300839587425
0.5123111605245052
0.518107484887741
0.5209643415928288
0.5163587169461705
0.5148746524355681
0.5187497636126092
0.5163355479209896
0.5293685742893066
0.5335555321455064
0.5303048230612042
0.527446809011766
0.5299770475789688
0.5284060789630831
0.5274637858293811
0.5335006005520411
0.5418878201973489
0.544663822073329
0.5388009157933569
0.5414011426517491
0.545095187105674
0.5475168609974264
0.5402985114663343
0.5615805061576037
0.5610658309747799
0.5573551144905625
0.556025797688187
0.5629007284530876
0.5621968756649802
0.5652091434342859
0.5674770888470728
0.572536628465586
0.5743158393695831
0.576006955445361
0.5801005539278079
0.5800092136095748
0.5817233883908293
0.5938110094137069
0.5941152193603616
0.5928467506025908
0.5975084062374566
0.6050909237057194
0.6040403019254397
0.6009963548128157
0.6066452154583536
0.6088337346369281
0.6097532480398646
0.6111875172512433
0.6198957871394323
0.6208577993003521
0.6227398901558087
0.6184591591188712
0.6335147379073128
0.6298627456049259
0.629057595581626
0.6413937330143392
0.6496373032991133
0.6474175514027659
0.646269713026631
0.648688205017647
0.6496752806972828
0.6521189608095695
0.661045088802539
0.6631391029753966
0.6635145213348171
0.6647411436535169
0.6678041001750648
0.6698275816854741
0.6679264474162729
0.6848876127275709
0.6894805576339439
0.6885116357852585
0.688185647369304
0.6910160747123181
0.6916497236187577
0.6913841860086034
0.6949840979327768
0.7019406953582662
0.7020768893817342
0.7040695850367861
0.7056493058579568
0.7071360585827747
0.7081233943527039
0.7057264103842703
0.7210048830962852
0.7217356786602797
0.7213544064531028
0.7256265951774156
0.7288289043373688
0.7291258832500781
0.7276431475956717
0.7308298994656288
0.7332910830093436
0.7335335550645617
0.7395921211174765
0.7394921069568129
0.7395246578187085
0.7387755095829366
0.7461784404154038
0.7453690334310547
0.7461203684636122
0.7517559228261292
0.7543626831524828
0.75565907754778
0.7552198014856422
0.753907643508077
0.7548920613203529
0.7546546676736436
0.7573148775749907
0.7601436291466344
0.7596972037750817
0.7600506607757553
0.7597382332310108
0.7611357519348253
0.7601033069255501
0.7603817914983542
0.7650289993238923
0.7661332548384319
0.7677253443807235
0.7646100612693124
0.7633127290147221
0.7635095563249742
0.7629459689047743
0.7641565655498667
0.7648365712929561
0.7650618058481307
0.7650182809871284
0.7641624657371624
0.7617548871902257
0.7619583685636905
0.7628716460326456
0.7610803950325977
0.764904926576348
0.7648844391841642
0.7577579951199551
0.7573822478789061
0.756783934151527
0.7560619068804186
0.7553163171550513
0.7556307616119815
0.7542573028136509
0.7537616527369798
0.7495035239717914
0.747693272804342
0.7486168147742281
0.7465106159522872
0.7468868035733156
0.7490223103864271
0.7384983737020278
0.7340317444282431
0.7358856422917375
0.7331597788804961
0.7305332749420732
0.7304772637024708
0.729989684496434
0.7241654453741702
0.7219343591411809
0.7196215095256769
0.7208667547997342
0.7189406931769865
0.7165668256476747
0.7176294011396208
0.7122469725686847
0.6987276721417859
0.7035259744058182
0.7053273682259884
0.6967474909728231
0.6931849960900515
0.6915993688201946
0.6882196915732731
0.6848910413511837
0.6831360453413111
0.6811209988148356
0.680056803613178
0.674556196894544
0.6734940954083446
0.6741370617927105
0.6649442336516764
0.6630327450411038
0.6668608955591159
0.6502765329914845
0.6428939762280961
0.6440962285620011
0.6434748509441219
0.6390971166887822
0.6404529069812678
0.6384659425871736
0.6332624633114543
0.6269414417074836
0.6215967800913261
0.6223321897559216
0.6219090948090453
0.6179160576382187
0.6230466700118983
0.6191206787424455
0.5966394053973734
0.5939657092572426
0.5973896858897376
0.5932988180903896
0.59347265088437
0.5923194417756732
0.5878707724071263
0.5812828931190661
0.5742010325541638
0.5727858457883911
0.5726737683793564
0.5734933594484626
0.5734326475987399
0.5750465377547889
0.5565891672789873
0.5505841687815048
0.5578698652166212
0.5471425830067786
0.5458433803474135
0.5459514214627885
0.5436148897365989
0.5374318484913275
0.5378056860232748
0.5342480625804914
0.5330509515322133
0.5310148786462106
0.5280441347009959
0.5271336353098299
0.5268780166870892
0.519257444486076
0.5232165830831027
0.5282646786680313
0.510061306077521
0.5093836772063778
0.5075572594867749
0.5067249811098092
0.5112879643328279
0.5085594752333514
0.5075232776294428
0.5007495126728153
0.49490793624255364
0.49423612086625146
0.49578293125418166
0.4992512516112111
0.5012162966555872
0.5034747883454883
0.4883339234656594
0.48580752455342857
0.4898951393638576
0.4868826403848088
0.4908759561749239
0.49882596741552165
0.49367951659840414
0.4872132923299947
0.4866591383603068
0.48303630041111156
0.4833631971426241
0.48718613022642515
0.48973406380371104
0.4929270866344433
0.4919721539262443
0.4864496173904513
0.486870313028381
0.493289852069857
0.48731178768015426
0.4980878530596187
0.49643820032111546
0.4956794689298845
0.4981789456103656
0.49637001762781574
0.4947061210377863
0.49516229801956446
0.49826732476008984
0.4969015272231216
0.4987553369603544
0.5040838464177121
0.5049771227795756
0.513944337748407
0.5030532879835435
0.5166977193376523
0.5166014467483657
0.5157529712652671
0.5164899128233842
0.532189785248945
0.5287379461485154
0.5255647936069643
0.5236081622483575
0.5263860432282735
0.5257976360541159
0.5308611014348689
0.5392358574974575
0.5420546651752425
0.5479509345806003
0.5403041674773563
0.5549990989595365
0.5533332095305699
0.5638071855647401
0.5810583690066704
0.5771195460980757
0.5764937334537156
0.5774999141021411
0.5758066696632269
0.574905606864953
0.5776931326711868
0.5896819910302412
0.5923271452034223
0.593587054424338
0.5957580891414763
0.603998580493649
0.6087837762476394
0.6053035928538051
0.6234552352613959
0.6382159146941636
0.6339789813666202
0.62997839418717
0.6408002888441255
0.6414149948004793
0.6419646409509306
0.6421440089353097
0.6506905224743933
0.6526476391754006
0.657305510477181
0.6647739181712853
0.6661556051942146
0.6736382554898326
0.6837709111646099
0.6976342797841653
0.6970940251862406
0.6973208689710986
0.715855638870327
0.7162597014358933
0.7144319528807975
0.7161190505916774
0.7187162301057828
0.7193804587272443
0.7183613782759046
0.7301491595613627
0.7340293720158325
0.7422553192449339
0.7378513801400869
0.7554928941807528
0.7554844678256039
0.7572542393448694
0.7638784727700648
0.7881138607786957
0.7859570392130864
0.7830748797159838
0.7839360207877171
0.7865348952529444
0.7867901083316851
0.7907984837814563
0.7986450297295807
0.8000916880783295
0.805995340246063
0.8079452766749804
0.8125880240909839
0.8149924836922126
0.8279252381442175
0.8450086199825155
0.8436471115181131
0.8412431695776466
0.8480241209080317
0.8485166602609812
0.8488139686896139
0.8485652950705663
0.8528420144167723
0.8536698300247371
0.8553536984483495
0.8571818563455059
0.8600126180401086
0.8662171298253656
0.8658876608559626
0.8756444371197466
0.8800105937503571
0.881504334734043
0.8813175676985463
0.8942358869977096
0.8942046633195513
0.8941552737405554
0.8894557969838377
0.8903655306460303
0.890255421029851
0.8941737740467594
0.8961166140664256
0.8948773123015917
0.9004407192993021
0.9032353680024424
0.8991493522426708
0.9051693726274874
0.9056741173645682
0.9150559765602579
0.9141748481892841
0.9134322190187297
0.9139110466651224
0.909353928871042
0.9092738951415702
0.9084799078739697
0.9064167770187029
0.9051449405024083
0.9081278267984029
0.9073664586680054
0.9054411897980797
0.9040932028559489
0.91097017100049
0.9101999007247581
0.9048167342395246
0.9049900247930798
0.9085701831185133
0.90762156004879
0.9046212586330723
0.904820817933316
0.8987019841143582
0.8906244772585492
0.890637603574013
0.8917312124271134
0.8897310427419073
0.887445484218138
0.891695796594526
0.8892288748284388
0.8702889485811065
0.8764043379154591
0.8782727448381903
0.8782079995169337
0.8701262207163392
0.8715824327115314
0.8699014155254637
0.8596842242819774
0.8552159384988862
0.8543364931457755
0.8486479568912217
0.8439687610395871
0.8446716001006177
0.8457074305477335
0.8414674502284339
0.823291696615961
0.8357030704581215
0.8343684282476305
0.8134016322382716
0.8108885733982126
0.8120583576188397
0.8101808651949107
0.8034371591847191
0.8025562341411161
0.7957175818339965
0.7785462282670444
0.7766302792890829
0.7771041491378229
0.7742024215603576
0.7641862422840264
0.7727088530097799
0.773198554798294
0.7424504226100381
0.7308853087235764
0.7405683692002617
0.7408795047350818
0.7301936590087739
0.7299513074405604
0.7239750459265082
0.7120361516825967
0.7003928781903799
0.7004242461053695
0.6954444962199582
0.6917851145962921
0.6879473890701783
0.6914877518262084
0.6892301826832766
0.6562899562211774
0.6630641991053796
0.6627454909112284
0.6382448463236494
0.6394350895940357
0.6390722247508812
0.6356136710611366
0.6242914026365276
0.6230410023791397
0.6214629995528258
0.6054175729254313
0.5970058189659775
0.5945815176432472
0.5987358235233228
0.5786554840653784
0.5846647924736882
0.5926713520755387
0.5718822611059008
0.5412784090315019
0.5499446414574357
0.5514546081695323
0.5485122402516698
0.5451510721096238
0.5426711123929402
0.5289197953691871
0.5136771963149411
0.5091986319741415
0.5053240093485082
0.5093917826111425
0.5022563075127209
0.5096080567009045
0.5006848675159612
0.4643284145509032
0.4740980811122422
0.47592516794319334
0.4664985181292206
0.4656213671256861
0.4645598392012241
0.4625331809782928
0.44624144880785027
0.44018857136750855
0.43921004732189634
0.43740209554372017
0.42808712118616643
0.4276304323215283
0.4304601952041892
0.41940878085340577
0.40530152145873705
0.4239814736806464
0.41685786002619457
0.39747172664239516
0.39461419478354753
0.3965734118561641
0.3950962086946437
0.3925686543409264
0.3913829971229159
0.3821082612014105
0.36858700725476556
0.3661025732925998
0.3630011938215791
0.3681630745121434
0.36623829490778514
0.37415442117854536
0.3717404600615311
0.34700247946162693
0.3479359053960735
0.3559657671177155
0.3548613665281917
0.3578805250603151
0.35671218368550944
0.3545816794180244
0.34437843242559385
0.33355191343029067
0.3307135885669838
0.33439547580756884
0.33670241990649313
0.3369169826906591
0.3403068944664907
0.33975671141532143
0.3265698242369819
0.3347627854366137
0.34011979911970075
0.3350253407225277
0.33952603005254756
0.33820045705601354
0.33514758508361947
0.33251001605379343
0.3299198872747583
0.3265093142911951
0.3246313549361397
0.32307256715890836
0.3225078006510637
0.3321457468165077
0.32879574192846645
0.33980084201054483
0.3394971018564551
0.33880186139165186
0.3386732694126605
0.3441544883613674
0.3443211642983226
0.34887462523096446
0.34914061255004647
0.34617729033721656
0.3407710830490555
0.3381806901349592
0.3363595665270952
0.3373204033409395
0.3505288800304036
0.34741918149129236
0.357466870995428
0.3550072202780551
0.3640783813775387
0.3660060454600224
0.3715193714135926
0.37681235590456674
0.3823284954978111
0.3817822404826808
0.38003102876648226
0.3757544840269767
0.3755304866189932
0.3735319071658089
0.3806955020236028
0.38168775882584416
0.3849904346782981
0.3891972362676979
0.4044661689501858
0.4030797834636028
0.41211997904740216
0.41041987319818196
0.4265967285782519
0.42596484788892175
0.42637487345229963
0.42691661975312184
0.42904511108960186
0.4279942661332451
0.42625508020653535
0.4280524061877435
0.4292266115777936
0.4310895393508459
0.44125419632503105
0.4488023781601297
0.449941012977392
0.4571822436592514
0.4700266784243521
0.48028031443119223
0.4796681637056473
0.48004516881473547
0.48701708452941117
0.4867949099251632
0.4873357889723393
0.4891021949181495
0.48594428631735564
0.4860924899397282
0.4949643437777136
0.49620250631847834
0.50174030271182
0.5002993082452082
0.520268159068021
0.5264237452847118
0.5303671056355012
0.5281010520770436
0.541078700672165
0.5441264358174025
0.5444475528933046
0.5385898638254902
0.5427859285847422
0.542407227204762
0.5446813588162395
0.5479498573980125
0.5453563695613035
0.551918138776607
0.5536777514281674
0.5676712617618119
0.5684933542676484
0.5725035244659088
0.5913130068534659
0.5942482465635781
0.5953562042666606
0.5918052847162698
0.5895047810177462
0.5911665647024592
0.5908859051890466
0.5947669928478285
0.5921535139885442
0.596565357344124
0.5972329378225024
0.6016076092594821
0.599336208453155
0.6046989820103665
0.6088623590796356
0.6273549683557997
0.6252944520603873
0.624818169414888
0.6237349270768985
0.627635547392608
0.6280979643784591
0.6233420951630206
0.6228284301216498
0.6240123949516914
0.6275393479957915
0.6317388968700819
0.6240443126799725
0.6256368597291535
0.6346067976567917
0.6380517945446166
0.6409379054223258
0.637827603496273
0.6457120797079303
0.6485173389062991
0.6481870054434408
0.6475565956418183
0.6391548597191
0.6369720064708984
0.638403845088911
0.6390540472115732
0.63442736949354
0.6390445945485559
0.6401898880484151
0.6423320556359238
0.6321093233655086
0.6380143858437068
0.6362183479143819
0.6468050943199131
0.6454883595833729
0.6451123921444193
0.641542872521266
0.6357483890804082
0.6354048675369152
0.6350504857360553
0.6306713966105598
0.6275264325608894
0.6317297832138958
0.6345917480784862
0.623966435980556
0.6235131456220188
0.6261795156246575
0.6261191868358766
0.6226877669370561
0.6217797735932354
0.6225886488199145
0.6175645673035877
0.617276349129324
0.618042395246641
0.6120910839865007
0.6026256544925666
0.6050024153975018
0.6032926050677503
0.598577596830234
0.5948791547497432
0.601152057049336
0.6019935581692691
0.5871385957882801
0.5851887842912527
0.5864943013674034
0.5917999244010707
0.5832670054205354
0.5824974431834271
0.5778027852376855
0.5706719404824189
0.5661534754283146
0.5687340556875471
0.5626222796636365
0.5573095304195183
0.559842830030286
0.561389866881047
0.5424521447818436
0.5455401332391387
0.5455582039368327
0.548126161889506
0.5338467035293663
0.5357609184039251
0.5352029496854038
0.5298157318937936
0.5231429185156784
0.5243247903713261
0.517885077179224
0.5109156340134532
0.510645159928152
0.51078468705065
0.5107768250500582
0.4955073464742053
0.5034791083178597
0.5038340870559792
0.4974766913021634
0.4800492111221994
0.48498398424535744
0.4851464222535304
0.4781888766594891
0.4764050724768379
0.47500512834343156
0.4627639082778564
0.4606527521505781
0.4622765314575173
0.45992446191326825
0.4509725040734215
0.4548142796749106
0.45688396614728777
0.4455620522377429
0.4332460434187416
0.43883604999056036
0.4422509100483564
0.43146002572755615
0.4282487995142278
0.42817960575358416
0.4262925940780131
0.41753709974855524
0.4190343833834427
0.41336105988940813
0.41144558700609735
0.4064136884922691
0.4086395168695375
0.4111466691659492
0.39992897124582255
0.3972603574624605
0.40222589757317634
0.39750437754498996
0.3864199450602555
0.3870063870195992
0.38898289876068887
0.3845996566493533
0.3820549714837588
0.38301287188765437
0.37490691847588636
0.3703711236476934
0.37129593358656643
0.3735663908880819
0.3656596332376685
0.3668330414986014
0.3674780070970558
0.3720980581319895
0.3543499617817115
0.35987974975946985
0.36150104623549434
0.36124513520472035
0.35377447518818655
0.3550112194396067
0.35335722848900986
0.3517002918357085
0.3489527435690195
0.3481866846512964
0.3464686093205672
0.3431106074208822
0.3445351351178707
0.3445189817278905
0.3475216043459295
0.3416850283634325
0.34635907684175393
0.34503816368778484
0.33830591884653183
0.3410946186501791
0.34246596055455636
0.3410243943020581
0.3401336530102622
0.340254267018522
0.3397769073404306
0.33511559119769835
0.3351597082349549
0.3349294303138413
0.3397092017128426
0.3351215410655066
0.33913903230735976
0.34166881576340824
0.34189053002064657
0.337900919761454
0.3442237901732877
0.34451555536439904
0.3419619784292527
0.3419725969336402
0.34091610261853145
0.34337355693549776
0.34175185531062297
0.3417003737003058
0.33971981242435156
0.34196403353059024
0.3416811387475444
0.3419597978454306
0.3493230630354515
0.35033973421972425
0.35566786069618844
0.35473758209311756
0.35349985463275313
0.3539082405216848
0.35669001706090564
0.3592716777737049
0.35910243119788376
0.35904636353294506
0.3577492889682711
0.3585144355312869
0.3578364760439916
0.35621986181779286
0.3633380399818027
0.36867913133764224
0.36910847468903263
0.37155064724391296
0.3744733623815409
0.37638766912640814
0.379476839141596
0.37932556177440535
0.38072083356751096
0.38126038214231406
0.38139932644505303
0.383185422415299
0.38436617782672805
0.3845106303030547
0.38134256658740273
0.38677450939378666
0.3902770005144018
0.38948223311185665
0.40043586980144846
0.40414093212919566
0.40826797016716815
0.40869050446457883
0.4062098605627985
0.40673148737458553
0.4078750794241327
0.4105187162949414
0.41473996469480223
0.41459192375519444
0.41426891589367365
0.41414636136105476
0.41487542576530567
0.41308521338346377
0.4138616320367581
0.428442925669548
0.43116391487564254
0.43463114141107123
0.43075001222221865
0.4343672438471549
0.4385866542554989
0.43605713455514683
0.4386344906981785
0.44172625116118763
0.44126134140689083
0.44253641071431105
0.443433842830691
0.44297533266355127
0.44187476377067636
0.4512910153548855
0.45249683783313444
0.4537521423253868
0.4536594434685831
0.4632946697993238
0.46300406680463413
0.4685746282310663
0.46306501886129514
0.4642179876027793
0.4636884395418759
0.4660170862771781
0.4679303892707142
0.46939422915851703
0.4688336650926583
0.46811527536265235
0.47101480819406844
0.4696040038482688
0.4683436465257398
0.4745934254271216
0.485809436452962
0.4873438215134227
0.47983453432622325
0.4816205632013322
0.48292581548736424
0.48376610219136623
0.48626904099117846
0.4878968189174237
0.4881817168427034
0.4859261772939425
0.4870940658318853
0.4859701312602826
0.4850909891490422
0.4906920082149591
0.49778197663292545
0.49687122748387125
0.49698826063272494
0.4945046498030862
0.4978549226213479
0.49916527506506425
0.4995600583413602
0.4977200976995412
0.4982127295129129
0.49941382705913995
0.4984950890210473
0.4987959767962913
0.4981333135541437
0.4958397678583505
0.5001429235303031
0.5029555657166993
0.5006745199097513
0.500800673970648
0.5062484191562681
0.5089118869110272
0.5048215244805492
0.5023229966598866
0.5031634274249268
0.5037625267708522
0.5052149264241064
0.5061436454866389
0.5054053252798058
0.5048611600885602
0.5043847059711493
0.5049008230985217
0.5041311963117937
0.5048316523397874
0.5094108256171721
0.5096000610520242
0.5110803158911709
0.5067394712502745
0.5066702384542161
0.506421358460748
0.5082782193124405
0.5069082424668678
0.507161534379348
0.5070146470619286
0.5065437510735905
0.5065221743518172
0.5065957631208672
0.505235587670019
0.5076199349780468
0.5096429735504341
0.5100293000118686
0.5078873240363163
0.5092178820514132
0.5084895032076395
0.509370593802925
0.508400171017876
0.507938491670358
0.5076581467973604
0.5078939406399783
0.5079598721605307
0.5081593592556919
0.5081264300494324
0.5090869649618804
0.5098375282838582
0.5102694249962182
0.5107374339381368
0.5111383444691427
0.5113589928166097
0.5107383019678591
0.5115746928080349
0.5114255747738132
0.5112917757113136
0.5110617724958781
0.5115981685418886
0.5113972750296172
0.5112886575727422
0.5110863521419285
0.5135876353880057
0.5141766069961001
0.5150437891515736
0.5174344586831467
0.5162615460264761
0.5157970021534782
0.517804243156645
0.5192730524481671
0.5193732298176701
0.5180257874096136
0.5203844907958872
0.5193137182702652
0.5196289890551817
0.5192484628100402
0.5218038367644815
0.52293976011745
0.5239114880708746
0.525344960798492
0.5264608076666663
0.5266364593152109
0.5270666366188987
0.5310265916031052
0.5313965466982248
0.5310821227131198
0.5314199135227362
0.5367919795816495
0.5347938406393119
0.5345853096356518
0.5353720800609766
0.5374091642953694
0.5373639838803052
0.5387179803444722
0.5433096952077852
0.5436840653843164
0.5453056277805518
0.5499080065823329
0.5482102411006937
0.5491113597972828
0.5480328608283233
0.5563985095416069
0.5571571365191768
0.5566556047863995
0.5568026470732889
0.5590008561931081
0.5584471521039596
0.5586153575887948
0.561702178140752
0.5660977684185861
0.5681170562250292
0.5690373828685696
0.5734781157416147
0.5706732232464433
0.5729921762389664
0.5754600038910941
0.5850061628362047
0.5826024982043829
0.5834059041972199
0.5878990632635342
0.58719515847798
0.58646979667897
0.5889138652619224
0.5916693369997551
0.5937475538382161
0.5950714900457221
0.599511181923029
0.5991015471596365
0.6023460189247539
0.6047631229880984
0.6109026309980894
0.6109414306781749
0.6096332149340971
0.6143555272685897
0.6188961465766964
0.6188959112916149
0.6177584122014373
0.6210939776193787
0.6222653264039377
0.6231998577310425
0.6239478590627123
0.6301269602471616
0.6306076551413279
0.6338377064275705
0.6359609159712316
0.6387782011654437
0.6388829258956812
0.6433895420977939
0.6513970316104475
0.6500620315368953
0.649187490894943
0.6518387396506238
0.6512625399897644
0.6517099533503116
0.6525428952617088
0.6568056701704958
0.6593038354596141
0.6612412852140493
0.6628019993749718
0.6639026279967721
0.6655291124451473
0.6666375443004866
0.6718059198923565
0.6754686314579093
0.6752891223761116
0.674843056634039
0.6773624257779233
0.6773983228311534
0.6778752528914406
0.678346781808774
0.6809896893256512
0.6818691068436167
0.6828829568575283
0.6855551320177029
0.6854271627530877
0.6882548051188746
0.689628875778194
0.6928457200789654
0.69374638401917
0.6933758227756751
0.695211198001968
0.6958049360063273
0.695853940288898
0.6954683084007155
0.6959217235621341
0.6952311291518233
0.6960261749752592
0.6961400211815756
0.6977754023668924
0.6998668789325853
0.6993968775338387
0.6990707772879631
0.7001017707595378
0.7035060984958192
0.7006698510862696
0.7006368360292169
0.7016164831026606
0.7024262452247044
0.6999773498761303
0.6986762524841578
0.6996092252214147
0.6995420293476494
0.6982491487355043
0.697797295473481
0.6982117272452428
0.6968011750990606
0.6976094589382872
0.7018784140609231
0.6946891214032573
0.6935973820376833
0.6937570253231015
0.6976600711617771
0.6908413676742482
0.6908625189401718
0.6903082030523131
0.6897045304287643
0.687560490476696
0.6848509662181711
0.6856258766574523
0.6829043426383802
0.6820938052904851
0.6824373264274646
0.685381678011724
0.6749603913085894
0.6763109744409506
0.6774309948117219
0.6803490449433865
0.6667392153978292
0.667595102354821
0.6684083851075311
0.6656849435080606
0.6602990571998634
0.6615489853118828
0.6575113583318107
0.654433867982785
0.6539241115963198
0.6535102655431234
0.6457977299132841
0.6478341923992964
0.650587267547647
0.6506810021042915
0.6308907715014878
0.6323247271016461
0.6353357543332107
0.6327177381443506
0.6292229858132128
0.6267906430895019
0.6275902119445977
0.6193648876305109
0.6141817209630557
0.6136789706785235
0.6131577853352371
0.6082489196061949
0.61221423499514
0.6133253812911093
0.606947627357237
0.590731050008179
0.5949074311885403
0.5949925924524139
0.5824820266903317
0.5830498361555494
0.5843951501625179
0.5822838303417756
0.5748638000712186
0.5717960159535989
0.5699151296561491
0.5630070149647373
0.5649468836955037
0.5658630891598457
0.5562096190007283
0.551891002575506
0.5519147793305351
0.5629232448781919
0.54158227297874
0.5353950785367818
0.5357357814039335
0.5383146984633
0.5318723756631745
0.530901108618296
0.5307708124180679
0.5263788588523051
0.5160228737635426
0.5149716953835826
0.5135437262179788
0.5076185145648151
0.5150977209147174
0.515279993787234
0.5140337482590293
0.4909711419587087
0.4932642755932145
0.49764028976992
0.4889820700374821
0.48953097327103673
0.4908757980348303
0.4866071184467606
0.48155369102023
0.47460593844055843
0.47427880049773463
0.469729660651079
0.4769676070895419
0.47475025110815267
0.4761576907534292
0.45977523973669754
0.4607016942313982
0.4670541781428699
0.4659570160683004
0.4542414785022779
0.45509299011482074
0.4570202282090127
0.4533207842257959
0.448578202163829
0.447947426945565
0.44668908257236706
0.43940293148507764
0.4435922571642592
0.4394181527639829
0.43729282595028696
0.43951231095151155
0.4489748675748188
0.4433425329491153
0.4302387060527203
0.4303091181263584
0.4360357574764274
0.43605135775309356
0.4398183991360658
0.4367630970581265
0.43508859197723904
0.43157645408392087
0.4260643020113895
0.42328824462779124
0.42144148086622507
0.43328309787449976
0.4355335577377625
0.44110498757839683
0.4306894282786279
0.4276754296908666
0.42896010081831526
0.4378499229827626
0.43507905604940345
0.436964944796818
0.4371055012669912
0.4369242692680657
0.43052952423461616
0.42973073763845415
0.4266414474838469
0.423846394391548
0.4379851238738576
0.4377084241075426
0.43225462834858136
0.44256067328358195
0.4463729179013891
0.4529122166182595
0.44719123823009854
0.4488137242338363
0.4516844918348012
0.45340754717071063
0.46157504775599767
0.45587278682956833
0.45597991234281743
0.4526195488398499
0.4562024021704315
0.4539840512822825
0.45364574994731977
0.46369472968691205
0.47494032146222526
0.47702971681216294
0.47936457790077125
0.48011417960496994
0.4796526210417212
0.4858569162665736
0.49024049460242736
0.49477852686639956
0.4939962604965744
0.4943167748495464
0.49087776206666794
0.49342687611133884
0.4913097754168023
0.4888754604136553
0.5078410889604374
0.513368898398544
0.512972714715294
0.5261198033291634
0.5252180743636791
0.53243261720064
0.5363091470796417
0.5429503648071964
0.5412874036149523
0.5417317231267618
0.5477392550633515
0.5454140141158852
0.5460041099072148
0.5426784131512559
0.5523621076654316
0.5547310976692309
0.5557528478400645
0.5595353924672015
0.5780097924073546
0.5778105331267355
0.5832463108835242
0.5908364020333334
0.5932852660465519
0.5962741953137487
0.6009258010222283
0.6024846178109059
0.6042185449049254
0.6035221410992888
0.6034098731070452
0.6059918137574827
0.6075896212681361
0.6082956946438598
0.6276302541569974
0.6293982184194151
0.631322043211296
0.643193886808822
0.6462548338745405
0.6495927988373281
0.6516904584428312
0.6621526808434409
0.656744383438595
0.6594378447638132
0.6575431405000786
0.6608374727715312
0.6602528550990222
0.6612089941123571
0.6632368609467726
0.6726705343108165
0.6731225275434458
0.6744498876817873
0.6909541833566799
0.692513989432446
0.6968395289345097
0.704798368644937
0.7027529232688282
0.7051190770575559
