0.0
6.222616462003838e-05
0.00019246672464102305
0.00023022711978547272
0.00028072646296622983
0.00039299485763519965
0.0005351835902735191
0.0005805333809179858
0.0006340536282362919
0.0007719970709529136
0.0009023832753638772
0.0009754331749053796
0.0010562093430326186
0.0013565804475929727
0.0015101985040658905
0.0015098806134798554
0.0017417234347331945
0.002153788557530019
0.002199647938422561
0.00230666185661256
0.002695976313542431
0.0029542680502696733
0.0030510264429917666
0.0032423906972577285
0.003490701403872129
0.0036515401182007773
0.0036951928310123283
0.003859218117681279
0.004419991269807584
0.004569430840026284
0.004688972210564739
0.0057607471486752215
0.0057143488740537055
0.0058503977692634865
0.006588300752210313
0.007014354572827258
0.0070128729083654695
0.007219721235562297
0.007808173465165116
0.007912657574226885
0.00803961158804626
0.008343693342594258
0.009031567006587159
0.00926264475250027
0.009193935962622357
0.009877528920734534
0.01071368659520485
0.01065165905426
0.010914316556374863
0.012076810456403644
0.012520011483444164
0.012604250105580903
0.01338577356929703
0.013907555145444818
0.013996945201575309
0.014261397961144208
0.014801956022349148
0.015393104918242563
0.015382605050595938
0.015370850137713998
0.016984940579849783
0.017178991499847876
0.01755436299740449
0.019198167922904602
0.01957498707337532
0.019632636356942346
0.020348166710950966
0.02147480631478537
0.021389234534878038
0.021564741971057143
0.022465758563167945
0.023083807302879372
0.023371654788939412
0.023415237033787298
0.024541312220647066
0.025264734283736733
0.025004358239710936
0.025504172814551522
0.027543672546995766
0.027899955696184163
0.027773974513170152
0.029260011026011425
0.030362329270131064
0.030648376259977746
0.03175484954825985
0.03230652633312238
0.03262353461837195
0.032771508499750066
0.033234304241770304
0.0344508605031577
0.03463529753406573
0.03516045353935712
0.037575588683616976
0.03767459927540407
0.037800378064162476
0.039281294428142835
0.04092701351842382
0.04077218580399278
0.04112948011389679
0.04281704683680139
0.043181345842310426
0.04356792442047024
0.04419944196232485
0.04546492814858408
0.04589509004097424
0.0455998620331018
0.04644755115714581
0.048581434727015295
0.04848032437283976
0.04840882321638044
0.05073126543608642
0.052435834798534434
0.052549218215287116
0.054902687870680034
0.0554307438842898
0.0555444994752913
0.05643014702493003
0.05776577703818794
0.058307475202728595
0.05820198678032279
0.05886846521059713
0.060938188134953865
0.06097120037809196
0.0611800563867342
0.06375259560479199
0.06545751575936423
0.06533388750516683
0.065924694340587
0.06842508283319337
0.06856927331849297
0.06901272245465957
0.07062039581457394
0.07185681589397065
0.07239531618472367
0.0724993780370345
0.07377481056599614
0.0748759982299917
0.07444459484850988
0.07479755199260603
0.07802679227217796
0.07912556073534481
0.07837852026167061
0.08167230879666552
0.08318544981998933
0.08360730013218566
0.08540411073826548
0.0867020494963456
0.08709226855929239
0.08742454161065255
0.0889090181640991
0.08987756026160301
0.08985022378488858
0.09044076150738503
0.09328768523716885
0.09415347196798506
0.09403013114464029
0.09533958015829533
0.09881352096112297
0.09860993361817187
0.09892849426296882
0.10136977577702412
0.10266332995982777
0.10331327345438399
0.10411230248034631
0.10594294257648727
0.10650785354441758
0.1064861932904742
0.10730010085795816
0.1098912575893888
0.10971835019872941
0.1088864692913046
0.11241095198885805
0.11512374715329374
0.11539032358526652
0.11868721987752529
0.11961586014802622
0.11996838872748496
0.12109507360964372
0.12344920247338279
0.1237588725159217
0.12368704698482819
0.12520644674956943
0.12701466408536125
0.12726757163883598
0.12723152870202245
0.1297316963673509
0.13267414683141887
0.13207681293204748
0.1320858015885986
0.13608083361904413
0.1372952748825697
0.13775960175295232
0.1389829805827651
0.14128790055555218
0.14227378378116573
0.14322196493568723
0.14464042192831814
0.14560879953175318
0.14528842819478216
0.14560799545590708
0.14866908205676793
0.1501319262557251
0.14948578235724463
0.15449387009106752
0.15585451527826744
0.15625943330107706
0.15755602490421897
0.16028519733340502
0.16073296541877463
0.16115290273628402
0.16363979520141414
0.16451117053683692
0.16469848804069756
0.1654056265438718
0.16805350921012097
0.169274150975147
0.1687211473039038
0.16919153801196343
0.17433297573480444
0.17436077342934414
0.1744112922272917
0.1765923304081649
0.17979829295824065
0.18055448424301737
0.1815529638324266
0.18404509774228078
0.18440729374292916
0.18524416526854798
0.1868504177381078
0.1887368942142995
0.18836919945116962
0.1877171183557179
0.1919721618173612
0.1938091712629866
0.19391844818192622
0.19682872809522994
0.19995873566052003
0.20045895761081997
0.20096027778539416
0.2036381241588035
0.2042826190832084
0.20453952614138157
0.20662006222875146
0.20864207352415054
0.20936593396867847
0.20934147034547715
0.2108407498718559
0.21400598164808005
0.2129485055038697
0.21244446033121994
0.2173317897466
0.22035438407825325
0.21991350294382545
0.2202840063159702
0.22424248498980814
0.22546900808718817
0.22720981277450678
0.2289088962087263
0.229820675230238
0.22989798913806303
0.23108179050060357
0.23326381971223686
0.23386230902396618
0.2336242120780997
0.23848074124741567
0.2404671450662895
0.24068199833905318
0.2409205634737677
0.2452717857153638
0.2459541986669549
0.2462690426952044
0.24838284750436768
0.2499264354223906
0.2508331071247728
0.2520014292868638
0.254178758580373
0.2553609554785382
0.25476041410599914
0.25457059566058304
0.2596766418226707
0.25998512850294997
0.25915440011474283
0.26062979310535755
0.2665861199744769
0.2673955464036494
0.2684902591343968
0.27091673771738106
0.27116227173658275
0.27265995204711235
0.2753406407267164
0.2765703716440268
0.2761061685107211
0.27663343075038177
0.2802138152253463
0.2805844792204176
0.28032479956817735
0.2823653162495939
0.28794447757222086
0.28800151412542996
0.28753916416162895
0.2899026766302696
0.2918961894754292
0.2926094549091982
0.29444777607814626
0.2963724297691965
0.2977121531043483
0.29818517158706387
0.2994993903114175
0.30164642023366495
0.30053077599024763
0.2998598261506229
0.3038514264862629
0.30824263478821806
0.3067183815422394
0.3079545022439082
0.31296114609729114
0.3138421284953845
0.314781689084281
0.3164473064688874
0.3177837684270813
0.3183487225740498
0.320716323239127
0.32246622235712386
0.3221893535816232
0.32202597435258906
0.32546629050518383
0.32808648941189783
0.32771685218113733
0.32695011649863914
0.33272264415753683
0.33416144187329044
0.33414268574407957
0.33484556977723906
0.3372334116342098
0.33886434334979093
0.3395784368558118
0.34199584342358275
0.3429944985921308
0.34322771862379886
0.34367605881132174
0.34696541051461527
0.3471044274388397
0.345318978936612
0.34710076430336145
0.35390772122129854
0.3543893521223275
0.35474753056898817
0.3576538476016289
0.3584514419681093
0.35980810204824637
0.36168648435824846
0.36297922986831205
0.3628905615108278
0.3643169894910852
0.36706305943227685
0.3672856297417237
0.36702536229822463
0.3677768101782365
0.3735778073707798
0.3729053546080471
0.3716629845898026
0.37405492479153274
0.3784819500611534
0.37904737289116186
0.3786687692592371
0.3803784353140595
0.38244079064290615
0.38382552728573094
0.38579262263620784
0.38682347224871444
0.38624940528755014
0.3861904381630661
0.3883234727212607
0.3918601183564789
0.3900835539780492
0.392761355228708
0.39789108730319234
0.3982562990246335
0.39769626968819677
0.39893135727668605
0.40087276044816084
0.40172066210418544
0.4036062479325734
0.40513985990818063
0.4054611065049408
0.406015140523368
0.4082237880085084
0.41019642561202535
0.4092991090753605
0.4077631055176538
0.41344834202948266
0.41580563767741335
0.4149606638350836
0.41416901931370964
0.4181672777528254
0.4205537668182292
0.4195925465816913
0.4219866833058741
0.4224407380191202
0.4239369422284439
0.42592510274686507
0.4277414976975008
0.4274436524609717
0.4258494325952986
0.4284192011516599
0.4325097799226437
0.4321301300620014
0.4316011043945447
0.43655420122922184
0.43783840644995364
0.4384585932272199
0.43763093827288824
0.43923125714159167
0.439912295881644
0.441824503906632
0.4437808056039702
0.4446054277611595
0.44493717697356405
0.44488115176454157
0.44861611474400676
0.4474479149232489
0.4456348768739023
0.4478481109077641
0.45453498316107954
0.4541555109276025
0.45121083666127315
0.4540990277051116
0.4562025524952695
0.45770768910567494
0.45856426165973485
0.45967397664262366
0.46013942946164194
0.4613687154091146
0.4629403284015775
0.4639944838022925
0.4623946754109294
0.4646855374638751
0.4694813007779243
0.4691657270239831
0.46792344841530936
0.4692800160689948
0.4722356289369415
0.47280274073705225
0.4726342764639443
0.4729087668553665
0.47445540327586855
0.4760829614904642
0.47757795289713034
0.4786708938876927
0.4781594289952939
0.47692011590277283
0.48032350400119395
0.48254431822292326
0.48040060781596994
0.4788459771137794
0.4852787089077466
0.48793917427589184
0.4852834687007994
0.48622003734847563
0.4866389069695727
0.48900500285541904
0.490690611225174
0.4921997214151873
0.49210497627356303
0.4916237045269537
0.49419445515586585
0.49519556815048404
0.49415973268352104
0.4932248231234228
0.4992778551059568
0.5003418919375051
0.4999336166775579
0.4973974758722844
0.49997353975696707
0.5011816229854702
0.5027331473165602
0.502101138514509
0.5033425403645356
0.5047854044938128
0.5055996764228633
0.5069979597874943
0.5058547344158645
0.5040736501945117
0.5050349821707787
0.5114400278039437
0.5100296459218677
0.5069868630883024
0.5118650007903172
0.513185258951524
0.5137842670437687
0.5111989158181961
0.5128401963751493
0.5143556194210874
0.5160849664947558
0.5177347636673586
0.5177192204335768
0.516694833039713
0.5177411907401888
0.521117776123405
0.5199644085765524
0.5184009673458194
0.5203434594835181
0.5247524260549283
0.5242590444284977
0.5226374108703501
0.5211999551308081
0.52375338854317
0.5248396632913085
0.5251388264423168
0.5258557565467796
0.5266121874192747
0.5270856260604939
0.5283543224535038
0.5292159975260398
0.5262659539860601
0.5252053566755642
0.5318739692049548
0.5332507696752004
0.5301598161059548
0.5303258127776209
0.5316818296564607
0.5340766781116209
0.5324717003407438
0.5328959389202971
0.5338226136282717
0.5345379859056075
0.5364756534801526
0.5367090060316606
0.536025012959304
0.5348567889713529
0.5390432519954754
0.5393717176919206
0.5376698758206898
0.5356433683024899
0.5402912801692732
0.5414685723394503
0.5407681570654995
0.5371050436855868
0.538673602404439
0.5410372957916816
0.5418640721956585
0.542402697269054
0.5421573616773872
0.5414896787341819
0.5417131209837625
0.5450434338921529
0.5429523955748525
0.541324007459485
0.5469378897430487
0.5471383042982543
0.5470938871433476
0.5420480854425405
0.5439783739462323
0.5458118989105459
0.5464326831313601
0.5457811966489764
0.5466161160457701
0.5471647409662058
0.5479839386363378
0.5492362792794903
0.5479214189083499
0.5461167883768361
0.5473660310657751
0.5520337079714742
0.5500067401880657
0.5481430123607326
0.5471096689753887
0.5507982671029971
0.5495922595066922
0.5468282291604845
0.5473195871135192
0.5495041943610873
0.5511108061904149
0.5520885626732602
0.5521712681050797
0.5497365781723696
0.5497393397911101
0.5534150372818447
0.5525037647634609
0.5502067059433104
0.5514655848653754
0.5537554856758932
0.5551616254972539
0.5505498460721636
0.5487813605900574
0.5506188822015449
0.552364791655324
0.5523098784289325
0.552388578166471
0.55309356726464
0.5525684879207496
0.5539244690199209
0.5532840312834263
0.5505802540111397
0.5492940390092583
0.5549694099017362
0.5557026874338584
0.5522497519665276
0.5487082402705854
0.550720262752832
0.5531058470180434
0.5502277394333093
0.5503928644945303
0.5517654787360783
0.552584570693828
0.5534232669735867
0.5541417526587994
0.5519810229800617
0.5509117915546712
0.5550281954636638
0.5540342198200914
0.5536897412066499
0.5495471141304331
0.5524125436674473
0.5534356455782519
0.5527625702066942
0.5476403690941668
0.5489690505906352
0.5511464997081656
0.5515955020563793
0.5515666627166952
0.551140105183248
0.5502183125233839
0.5499640579514455
0.5525705713661324
0.5493902252376085
0.5475469141846525
0.5487693127821757
0.5527601990370478
0.5499370305127451
0.544035789210964
0.544536308548766
0.5475348189654677
0.5476352598667801
0.5474292174391188
0.5483908399926377
0.547507707080139
0.5481381555967371
0.5490263406711566
0.5469671576547593
0.5453692126462978
0.54705855604898
0.5492672153531657
0.5488028363774236
0.5444428616612734
0.5422835685882412
0.5444788616826997
0.5462421193294495
0.5420545233553246
0.5409084061372298
0.5431847988421774
0.5436491082774088
0.5439414075547436
0.5429601113138138
0.5405881057005433
0.5394360563313831
0.5430709914307379
0.5428412375869527
0.5386715195238435
0.5381628019205061
0.5401037281075853
0.5418668542893117
0.5345920894846695
0.5332473697594807
0.5358439516878601
0.5373040694565471
0.5371313811408112
0.5376048391264109
0.5365583124374393
0.5357321018584972
0.5373184985304179
0.5356057754910022
0.5345719077562687
0.5324620254056499
0.5363251012150735
0.5358425488883799
0.5349112107524805
0.5275379008713984
0.5288127111737404
0.5308745088437259
0.5279878017025805
0.5276017439323137
0.5286160881702059
0.5294357113836198
0.5291637190136004
0.5295005669304595
0.5263410590173658
0.5245208986293786
0.5266280895341949
0.5285189742756853
0.5262068597026164
0.5205575005370864
0.5215592758412166
0.5241025714265938
0.5217175635817083
0.5172853375869276
0.5192830183641133
0.5201879071244179
0.5204560058564364
0.520358653844526
0.5193025107792337
0.5182887279414803
0.5186349176838386
0.5194246369058028
0.5170824729066348
0.5145342488605164
0.5144451101120188
0.5167833753510761
0.5167621054370541
0.5088774444033287
0.5072683840088629
0.5103604794618384
0.509386921009834
0.5091942179814869
0.509359588516326
0.5087201470876238
0.5082667047444472
0.5090641716917857
0.5076658090944633
0.5046528868617546
0.5061135704835182
0.5067542308464588
0.5075391302231259
0.5002804900684494
0.49783525237942805
0.5003316112097613
0.5015334133711878
0.49699255528701325
0.4971726416192544
0.4981758418468374
0.4985542565051635
0.4983687951918767
0.4968621249314755
0.4955238375187033
0.4940297377645014
0.49675471863617154
0.494926549305072
0.4940083066958787
0.4887077549482923
0.4907612955479068
0.4912086883193213
0.48331356055780933
0.48240873523595057
0.48462182891816813
0.4861037865431766
0.4858921755865942
0.4862529678285378
0.4844409224588932
0.4831118964975397
0.48416309223784443
0.4829418865046302
0.4816288903453466
0.4787966127135146
0.48039630175390885
0.48119750330720806
0.47848832212762993
0.4705516297928743
0.47242323155985316
0.474417952549322
0.4730232701776244
0.4711249711601724
0.471882672201429
0.472081183645137
0.4716901026166347
0.4708345454632123
0.4678963673563086
0.46616456716901855
0.4672325435079634
0.46910755402051985
0.4667571379939114
0.45927595814023625
0.4593438947735168
0.4621404489960903
0.45776149196792065
0.4547787132936328
0.45663965931577105
0.4579133444374184
0.45787027519792345
0.45806871083187783
0.4565663336394399
0.4546599932698152
0.45538941686736956
0.4544418794046646
0.4538950207455575
0.45027806969816486
0.4488880206111827
0.4503124884771846
0.45093709416628525
0.4427920329737766
0.4410595097674054
0.44351958816352255
0.4438364225114868
0.4425553233464869
0.44215469172913513
0.44187269051319333
0.4407503962693028
0.4409560130782733
0.43857511668278826
0.4370783370223226
0.4349877861701738
0.437541236067859
0.43690040483732273
0.4278048823015558
0.42605915209403433
0.4283977434523966
0.42914697259897333
0.4256873577151254
0.42703478906352893
0.4272911361663277
0.42671076607165176
0.4268330929458275
0.4247469874832127
0.42366177441314057
0.42268310294468914
0.4237532995912149
0.42248270730547577
0.42119119320579096
0.4146094352955451
0.4161311501564816
0.41773674519744186
0.41383119363700593
0.40886214081655614
0.4108102528528979
0.41147879279264066
0.41145279570017534
0.41058254036335656
0.40883283514158936
0.407515019121204
0.407568464400444
0.4079703738400825
0.40491388505200554
0.40124645162624206
0.402505597501205
0.4038624250971391
0.39861324125011804
0.3921634000455499
0.3944939084165976
0.3967544540235761
0.3947606918436867
0.3948039360728025
0.39474749593777336
0.3939175333808937
0.3936874390034219
0.39210417987495455
0.3905936496234008
0.38956210066498204
0.38937029210443636
0.3896012779452641
0.3894041071570319
0.3827152073257344
0.3798381669114561
0.3821401637556321
0.37895277434239477
0.3762964842263854
0.37735766314698505
0.37859545124508914
0.3783770974611403
0.37791117049976153
0.37614062028424883
0.3741889368170624
0.37357194074771666
0.3744568392010923
0.3736487625532292
0.3683644233043271
0.3666278450803838
0.36785773140967326
0.36820347481438254
0.3603302185223446
0.36096171910453356
0.3628194454753179
0.362525677482264
0.3617672127834986
0.3611122188725228
0.3607004331210254
0.3601562675182157
0.3596149457891322
0.3572142721870215
0.3564779584302795
0.3538460307452181
0.3553328731570907
0.3552891875128138
0.34975782950896583
0.34435772444053114
0.34673001086474087
0.3461710018511041
0.3444515482551914
0.34496325777762316
0.3453543981127526
0.3448668716612989
0.3444547948748066
0.34368942913082
0.3415741938160967
0.34065561224471447
0.3408745942685379
0.3402379916093146
0.33802590877588
0.3315756222627348
0.3330798483959109
0.3350989533120048
0.3303747567734869
0.3279837731603201
0.32950207779543084
0.3303275681298851
0.3298563378057165
0.3287046717480095
0.3275289243610698
0.3270337930904141
0.3263040920221398
0.3255802694443303
0.32437440540638357
0.32180845759651255
0.32017361644032416
0.32141290347327894
0.3154485831791436
0.31120494422031064
0.3128501296054249
0.31476568271041355
0.31369129470841894
0.31422984090217526
0.3141431586152845
0.31281784884796815
0.3125141765018386
0.31137136586016323
0.3102477530295635
0.30916754239724786
0.3081835555479726
0.3078346503706621
0.3085333787275055
0.3006594252291115
0.2996659856444851
0.3017398756093557
0.3013212212907873
0.29800137705555146
0.29844829238098397
0.2992687413171321
0.2993081728482293
0.2982229256377087
0.29623026281694864
0.2951471237213548
0.29463361773683017
0.29536384149389855
0.2938294004704639
0.28971657911114745
0.28710667355995667
0.2887537030879368
0.28742670403698933
0.2819710124725295
0.2830400676866876
0.2851202084347393
0.28473666581971274
0.2848477807520152
0.2845810692097488
0.2835082680032285
0.28309414230076063
0.2821293479742124
0.28020057502636864
0.2809861551373606
0.2775121085381571
0.2780658762891749
0.2788354715485163
0.27462063771261064
0.2696366998760701
0.27142476757131495
0.27237297984745723
0.2706134219783096
0.27076126483057356
0.2709278330472222
0.27093412590318317
0.2699041330591421
0.2688421319515318
0.26700982348751967
0.26680046722661765
0.26652966391137967
0.2666525099281809
0.2630284787618023
0.2583275921777475
0.2592484133777073
0.26109587535543355
0.2573467814327235
0.2573368644195569
0.25893613056615244
0.25870047800237606
0.25854153257518203
0.2577075443754642
0.25658625447152655
0.25718855283383885
0.2562196804691772
0.25477529383611874
0.2552668025412016
0.25178842162035814
0.25052215985185283
0.25162249763828987
0.25077890933674796
0.24495212280820838
0.24579267832737695
0.24697514410176255
0.24690893524157126
0.24691958641059303
0.24648798164868607
0.24574715710246423
0.2455468526605114
0.24513447773246352
0.24350842310263032
0.2427797759194978
0.24190497143291012
0.2416611450873324
0.24171173777678395
0.23531691419912448
0.23539099215597864
0.23779078523644623
0.23657385738671927
0.2355310358034098
0.23650984375672304
0.2365440510367979
0.23674011097776262
0.2358578401704508
0.23403485575805935
0.23518653551117885
0.23389028793411543
0.23372819823518753
0.23305557906534818
0.23233066291456517
0.22782289041018977
0.22903234459316382
0.22828835257893582
0.2245640527731192
0.2256314374296332
0.2269394408448388
0.22733094793624575
0.22751187029463038
0.22724079622203175
0.22585107955372385
0.22614888187568236
0.22555234129463544
0.22458556776416325
0.22522819035208125
0.22213666459787973
0.22194351635012383
0.22340897051334427
0.21921311204297655
0.21700589439807555
0.219065324588123
0.2195437986646125
0.21900268705438522
0.21926363997338896
0.21912175998184621
0.21998289940910803
0.21901455259627295
0.21746732320363776
0.21710232022807663
0.21737953527911708
0.21663646872704362
0.2165272748083576
0.2155533118689419
0.21085031037824836
0.211866521950823
0.21280556579269463
0.21091550412398005
0.21151490561039582
0.2127172287865373
0.21280473991710447
0.21311157025601024
0.21276747699247045
0.21197012912421095
0.21293683284330822
0.21194706242133435
0.2102447874470839
0.21208155557482467
0.20893869963995015
0.20796621155082334
0.20938882119621888
0.2082954894565977
0.20519997351583918
0.20632075316642962
0.2074851948960984
0.2079172701700411
0.2080414133097777
0.20731057384667134
0.20794909212520407
0.2074186041589113
0.20677804146829692
0.2054313674411673
0.20692119632666056
0.20505085699356462
0.20559393743924154
0.20525438162956244
0.20105051657074186
0.2014879269734032
0.20305698487002047
0.20288698085978157
0.20341860987649382
0.20447133848858087
0.2043352368490428
0.20474201872010378
0.20413639163406455
0.2027550031124871
0.20518011342958228
0.20408298757281282
0.20312470377407146
0.2037674061578995
0.20276979106479603
0.1998282502509014
0.20119273749002065
0.20199027954834817
0.2002968319956498
0.20063724143803335
0.2013871258219332
0.2023268521540077
0.20255964105207064
0.20185432952892107
0.2013477454075912
0.20249063058353606
0.20181087312187534
0.201142904945427
0.20185564045636412
0.20013009920367086
0.20021000469576064
0.20133577846326323
0.1988058586415602
0.198420975872855
0.20022459793353997
0.20067496464112433
0.20103094906449515
0.2017432028057719
0.20173682157340883
0.20281739289139125
0.20233031876344285
0.20060454627607627
0.20249080354855198
0.20275024849799653
0.2015580051551054
0.20167768738699232
0.20241982070633013
0.1996354282901365
0.19998383820022622
0.20097599158659593
0.2003897623980853
0.20153762938211386
0.20189898705101555
0.2026756353184514
0.20323235487987956
0.20292958296470742
0.20193703507335464
0.203494785175901
0.20328126253001913
0.2027860162401736
0.20514208634460876
0.20272428060073208
0.20215057343642487
0.20321893732812893
0.20304258545100864
0.20211949565265824
0.20360153571016296
0.20435870554068014
0.20493771937977565
0.20566868987500797
0.20499408084735415
0.20707310192473233
0.20692345216808983
0.20581317430905038
0.2055318922208399
0.2077744354753102
0.20619334336953377
0.20667147768137528
0.20710977068399106
0.2054321407096737
0.2059750606378734
0.206908648773607
0.20765741364129908
0.2087493758288524
0.20923337436301642
0.2094865479610165
0.21045232348902657
0.21015681442932518
0.2097370319420591
0.21259050803275092
0.21192226722526308
0.2107976184172553
0.2122142247439926
0.2123590321609062
0.2108591096240503
0.21204318325079238
0.2126336530517979
0.21229284209586047
0.21339946426030892
0.21410138871058984
0.21554934755302346
0.21625292568343568
0.2153983053793118
0.21631047405144171
0.2177161122735905
0.21676105732354659
0.21629319240789174
0.21830397538084614
0.21794744858983878
0.2181005605512101
0.21875626810846197
0.2182738295328357
0.21882866187175837
0.2195490582879306
0.22062945682687224
0.2220888980491004
0.22278421646417568
0.22278031820560715
0.22431659774917254
0.22422937982899402
0.22302285049731996
0.2264796058275798
0.22681792663850842
0.22592914650929546
0.22609583236981742
0.2276184683840724
0.22603673034398694
0.2268849655972206
0.22784451406717945
0.22887140152564173
0.2301600906032591
0.23030850000786346
0.231688608499932
0.23255610256365247
0.23201738205049635
0.2315877918220191
0.2344652370209847
0.23417845655043168
0.234240989889241
0.23454962757567158
0.23540024366058981
0.23569729200613676
0.23653923836137594
0.23750369409160724
0.23807724674402486
0.23913397185180424
0.2399976224202327
0.24110686993748576
0.24175397376106528
0.24185761813372353
0.24470549669178737
0.24454100565492498
0.24352912485231848
0.24464478848972573
0.24771950313885935
0.24621682169192355
0.24644609167521436
0.24752777863750575
0.24796101664990539
0.24838869820309045
0.24923935538186945
0.25044724552689085
0.252250972181594
0.2523481892983323
0.25291479593361416
0.2545830148688615
0.25436562648358535
0.25415100618982533
0.25552200081793885
0.25730585649714943
0.257321437236799
0.2592541070154171
0.260604415870596
0.25970837582135686
0.26011667321475535
0.2615830075469282
0.26273357624199156
0.2637811745889659
0.2645576276567772
0.26606580578762484
0.2667021550272619
0.26614426760452387
0.2687214340228856
0.27056736586453833
0.2697672323769421
0.26920909505614143
0.27238076522354177
0.2722153893086035
0.27241737004176575
0.2730920117938422
0.274465745830206
0.27575201676155614
0.27615707599477196
0.2774245838256517
0.27922775131344796
0.27957699481730547
0.2797991504694196
0.2817544721913066
0.28221957125920005
0.2823610986974319
0.284144221223454
0.28685659576248
0.28579505318089815
0.28637056483767087
0.28901767878610923
0.28904525955323185
0.2896603180290998
0.29058320952222627
0.2918452566613438
0.29297946656522056
0.2935319330125338
0.2955689062697231
0.29687054321323114
0.2966376352254377
0.2970662173993788
0.3005420118260126
0.29979064899058017
0.2996672295977417
0.3011921751566653
0.30354844035896417
0.30370241556545635
0.3040039576249089
0.30534056675476845
0.30734010004956036
0.3076588520228922
0.3085480221571089
0.3106267228516775
0.311506253128833
0.3118132845292705
0.3127692424568361
0.31514613489878923
0.31433121541920067
0.3172176670193899
0.3201284009855395
0.3192426411898961
0.3191093101164404
0.3212764243602934
0.32224299993340666
0.32266961954194234
0.3234660610169144
0.3250695665269078
0.3270001888142051
0.32732451914881466
0.3288116512750435
0.3308216487448444
0.33063794037986655
0.3300610363036859
0.3332310750906917
0.3346198363744317
0.3347652478285683
0.33464212635684176
0.33694381638416987
0.33868413188632696
0.3389785262559826
0.34106053313474005
0.34262355744877976
0.3434428417673709
0.34419002706123675
0.3455213676219242
0.34684508340292747
0.3471311208903789
0.35012279083161896
0.35220495798321366
0.35107553018009824
0.3513113352212897
0.35558712177859975
0.35580066543541633
0.3556912239996947
0.3564287068125103
0.35839146672969363
0.3594584488341013
0.3601622836683402
0.3617985054604445
0.36406152926844304
0.36454126133117276
0.36459945327903465
0.3671695119866448
0.3675092319754278
0.3677131675724401
0.36868085034367676
0.37176324380522013
0.37261550285079104
0.37306016391308694
0.37649865168542807
0.3770560044558986
0.37690876678403645
0.37823783485997825
0.38048936593691185
0.38176831588300564
0.38233824934278976
0.38390038086033
0.385772781086376
0.38504750086542694
0.3871909574976568
0.39053401696505435
0.3905420368272154
0.3900170165907442
0.3924943232922309
0.39427532423811457
0.39427264597290357
0.39477789739890495
0.39697411820999945
0.3991917061436726
0.39971239227253674
0.4004216931485234
0.4026304330255936
0.40335884298054975
0.40329938969159884
0.40551772910123685
0.407264867056105
0.40791464617488493
0.40762060830609836
0.41177214592886313
0.4125386528122498
0.41246740779593694
0.4156760715400947
0.41700339944276876
0.4175688516774674
0.4182066491645643
0.4197532469178784
0.4213317087099375
0.4216635131115655
0.4239744623900267
0.4258200463550016
0.426112346719659
0.4261566274878383
0.4299197094221784
0.4305411959753238
0.43028668004269804
0.43093482848673303
0.4341926196884537
0.4351428700353312
0.43556113055972734
0.4365435535481169
0.43926416773358457
0.43999734282708924
0.44022163645132556
0.4422652606875609
0.44378431312065464
0.44441582066458984
0.44439715465700314
0.4475224484602497
0.44833535063708935
0.4496252014017821
0.4542698182091337
0.4537887907408268
0.4534308186649538
0.4550833882970482
0.4574298969399445
0.45814461537524664
0.4584964015841958
0.460196687241285
0.4620736606693549
0.46249631905128796
0.46371306982133337
0.466450904861678
0.4671368728603609
0.4666230466498278
0.46857515165388347
0.470951816278656
0.47126926647214956
0.47146372734383424
0.47352928443226205
0.4759186680915523
0.47645625908712824
0.4774638850442665
0.4796557900347721
0.48066196419479423
0.48097768397827034
0.48234020473185246
0.4841599249035361
0.48527055232923627
0.48603756687982164
0.49034651223107667
0.48958380872467194
0.4893548901785919
0.4928761232816821
0.4945284886495428
0.49462827658550046
0.49484446336277327
0.4969554593768847
0.4982159622190502
0.4986565716691268
0.50007374142368
0.5025257306032274
0.5036103536864535
0.5035124138454646
0.5056193244879674
0.5067541594307478
0.5070050273728234
0.5076159307190601
0.5105766193259383
0.5117778983159007
0.512119117048151
0.513573576742385
0.5162853315398805
0.5162064620715606
0.5168292509491682
0.5189066878665282
0.5207906871599918
0.5214220940633519
0.5214885327912464
0.5246346394590538
0.5245937140723013
0.5259970098121619
0.5292536891233313
0.5295983299960415
0.5294429314908083
0.5309638082554524
0.5333132655421351
0.533557564738002
0.533594042508719
0.5353169481746579
0.537656571097645
0.5384612153353187
0.5390010662860399
0.5408628642868992
0.5422889899157003
0.5420476649124241
0.5433029431717022
0.5452909096809218
0.546378106666466
0.5461481188777343
0.5477712233619705
0.550328909955911
0.5504268736791906
0.5526551645649886
0.5544057999774229
0.5551127666715407
0.5552920582509716
0.5564125196061862
0.5583730017619916
0.5591684088478787
0.5604936283587817
0.5630206624127165
0.5630644436417431
0.5631315647153656
0.5656412520383325
0.5669382222944847
0.5670399016173322
0.5670077900120808
0.5694984949323327
0.5706364621341493
0.5711688564670073
0.572029211054224
0.574388029261065
0.5755322985792173
0.5753337498565816
0.5764675948489022
0.5782924171770567
0.5791912310573628
0.5793341760857658
0.5805935236266887
0.5822903214083397
0.5830677699369585
0.585745608167111
0.5871040577552606
0.5863244392040393
0.5872911608115521
0.5896271250566889
0.5908734401944594
0.5910257214155586
0.5917054176388078
0.5942067280456069
0.5943050800449137
0.5952404380196047
0.596791630101682
0.5981789032172348
0.5981904837527664
0.599157093342891
0.6006052423777734
0.6010495796790006
0.6011856620080247
0.6029984925669198
0.6049382970128241
0.6056330645179019
0.6057603685940363
0.6074419423235359
0.6089940757939432
0.6088822157215273
0.6096744537047896
0.6109598809107895
0.6129542229904814
0.6126725165808813
0.614394590840726
0.6157707850850258
0.6152095212022972
0.6178281468510031
0.6190637091115423
0.6195870014718063
0.6194011901213002
0.620931749217392
0.6224819127361934
0.6227045669207956
0.6234796009294933
0.6250963795979004
0.6266660347741758
0.6268166002952902
0.6278012768486692
0.6283394920931522
0.6290123993580277
0.6290851211989987
0.6310320972862048
0.631570795313328
0.6323726868368995
0.6325977812844585
0.6349753939207431
0.6354987454539407
0.6354169002167571
0.6365096239059377
0.6385278012926077
0.6395918383549967
0.6390399758492843
0.6399036247688323
0.6414931918566358
0.6424783303302835
0.6443126787806235
0.6442641498728084
0.6440657586212406
0.6451149801759893
0.6470942397286911
0.6475510263708459
0.6473262639210532
0.6481407307625832
0.6501169374828059
0.6507736290481885
0.6512865545695221
0.6518803256229941
0.6536912295040056
0.6537534147833608
0.6542336444940146
0.6543005370726478
0.6552831392598584
0.6556981122937542
0.6564667131489033
0.657530185221544
0.6580391819920379
0.658840781045133
0.6605951576115597
0.6613922094570277
0.6611383043073404
0.6616162787058454
0.6626477713874392
0.6647411760291565
0.6647776076344539
0.6658315218471291
0.666379130487778
0.6660337694957581
0.6678029729507855
0.6676500392916758
0.6682513397665056
0.6679583728551248
0.6697290381564158
0.6704561179193981
0.6707061525975763
0.6710713118862369
0.6726317874193126
0.6741794301050988
0.6739795785003109
0.6740374827318799
0.6745170019492687
0.6759930824739593
0.6760824050887797
0.6763533516109934
0.6759643556326312
0.6773506466359601
0.6774482416210421
0.6793528202131146
0.6787349317307756
0.6790066699407942
0.6806211861803757
0.6820096414592682
0.6825677475749133
0.681809822433
0.6831497018743984
0.6841748207963378
0.6848831771376518
0.6847721764716866
0.6845890038214137
0.6852352068941823
0.6860877820895515
0.6863469104331744
0.6860509320246897
0.6861438240714718
0.687167962460695
0.6887320009112395
0.689134547863797
0.6892823473458254
0.689533840549281
0.6912871719099462
0.6912182722246399
0.6913152314875138
0.6906780839258306
0.6924150620915865
0.6928914762879778
0.6921182802645897
0.6924772644239878
0.6921478176707827
0.693948397970666
0.6947868415867435
0.6950377838839865
0.6946677269354773
0.6952883303468699
0.6963894677978523
0.6974091846632009
0.6973985519394089
0.6972476739262288
0.6986036368407698
0.698697975999065
0.6995031140877935
0.6975212634277635
0.698407574234843
0.6983189683623938
0.699585919396137
0.6987300454741172
0.6993860339490868
0.6997511539640253
0.7011341873824266
0.7017912265486046
0.7013329850485426
0.7012970274243328
0.7019767869946695
0.7038128744461566
0.7033103932136624
0.7023691206036032
0.7021423404072239
0.7037114547979586
0.703567754965401
0.7030337507656448
0.7023325960919659
0.703027829055891
0.7047616477286942
0.7051518430725424
0.705213416631834
0.7046911252080552
0.7058932129097397
0.7066138846324579
0.7068758321373487
0.7059967950767153
0.706280962876416
0.7071648750651308
0.7076686481581298
0.7059766029322343
0.7049572716664633
0.7057707744569045
0.706887449135185
0.7068074156534715
0.7065085336922099
0.7069123481674192
0.7076546718612384
0.7086550208847613
0.7082489437186714
0.7079010259749647
0.707234280132192
0.7094670042808806
0.7097687909302778
0.708048412584499
0.7080419715667036
0.7072857595123474
0.7091922534749637
0.7076024428525026
0.7075277499031771
0.707426454356018
0.7085322442257431
0.7092240514893873
0.7093716249676975
0.7091371598972904
0.7087363214699262
0.7104668293495238
0.7102472635250737
0.7104008363702221
0.707996995997362
0.7095096631968736
0.7094618709605807
0.7098777860104111
0.7065972376082879
0.7076197745752953
0.7079713426482181
0.7087939037620381
0.7084049257172281
0.7080820186751082
0.7087102679304934
0.7092384734415238
0.7105238811760568
0.709249061587662
0.7083426466194697
0.7090101137719895
0.709978834539632
0.709185768430706
0.7062462401143682
0.7065212420499579
0.7074529404982859
0.7079078818590835
0.7065663537508053
0.7068820502394034
0.7068867519868074
0.7078826148886295
0.7081708140447266
0.7080998729822412
0.7072170423643366
0.7077301095956596
0.7083837221948347
0.7082481893759851
0.7060653890283858
0.7051854684271618
0.7064917779009514
0.7066632401052246
0.7044008749097436
0.7031594659271552
0.7044613908903171
0.7053015210695287
0.7053791732487447
0.7048799464581036
0.704504165420784
0.7042060463174191
0.7058206360616364
0.7057107356643465
0.7035397693074702
0.7039074783216679
0.7035833340746278
0.7050746116648212
0.7010457314359788
0.7003898177307822
0.7007866572345848
0.7020253607132108
0.7008397350600983
0.7008178589937508
0.7009558959194526
0.701174335383707
0.7019981278948417
0.7012928396119332
0.7009343810855615
0.6992440734971442
0.7012736991430664
0.7006986708649324
0.7004871585450533
0.6963231377367594
0.6975164170823818
0.6975171312066896
0.6959701729042669
0.6949482915662236
0.6951453091496163
0.696633791817795
0.6967913903407211
0.6973306246221578
0.6959252443615583
0.6952212157631806
0.6962003378736844
0.6962111085791471
0.6953486241027883
0.6922508471413621
0.6932509729893597
0.6939449193320153
0.6927911081206776
0.6889625080542731
0.6899199670979286
0.6907222010708746
0.6910435883851193
0.6900940116956122
0.6903101276003385
0.6899575679728956
0.6903024129517882
0.6903411506025989
0.6893228030938731
0.6876060623289812
0.6877125131104351
0.6890410233178941
0.6875674701917486
0.6845032353967099
0.6829485669131767
0.6848214479677138
0.6838363736810806
0.6827054501526922
0.6827776972201938
0.6831179839303455
0.6833360207205191
0.6838849056903205
0.6834202045804734
0.6813069025419946
0.681989181629368
0.6816892361711666
0.6825994128513336
0.6784420085514792
0.67777730928004
0.6782816849977338
0.6792976242870803
0.6749896127062515
0.6744574482900364
0.6755218218830246
0.6762508462264232
0.6758119101932742
0.6750617145499167
0.6748285009900474
0.6737270318503822
0.6752907669685951
0.6739462608828701
0.6732435133456149
0.6708200481074664
0.6718332937193359
0.6713915940497673
0.6667409332866595
0.6657710893991194
0.6665356219721208
0.6679377431797557
0.6665893378718215
0.6670826517643844
0.666428064517986
0.6660499992796951
0.6666017869299565
0.6659302690425664
0.6651618391772424
0.6631933740843015
0.6643369453070871
0.664115130749815
0.6628427132473411
0.6579815947697222
0.6592953675731437
0.6604276211126532
0.6589039278113185
0.6558411437103103
0.65687481004402
0.6574629572001275
0.6575785131654286
0.6571446664610386
0.6558060133690743
0.6544781052970909
0.6549400051035167
0.6556944666340095
0.6530639503625932
0.6510661098239131
0.6504028622878215
0.6521182311698895
0.6488491233219663
0.6456685193287769
0.6465602912928364
0.6477485295182701
0.6473935720557703
0.6472139121274224
0.647108908463872
0.6457024755249575
0.6460337769945654
0.6453043168530405
0.6452405583912241
0.6426483007506005
0.6428549185850158
0.6427931919215962
0.643552265171944
0.6378409488029588
0.6364650146035912
0.6380170150365915
0.6372497201858334
0.6356854983447319
0.6354400224524479
0.6362591281385969
0.6357784559849086
0.6364060638529289
0.6348474728222481
0.6333842873666551
0.6329188063566928
0.6332142491803888
0.6330276338666192
0.6279862988780402
0.6272805523434885
0.6280122632524996
0.628685987773481
0.6240955598121973
0.624637546167773
0.6252743169629927
0.6254830451695342
0.6250224265206414
0.6245905220388537
0.6238891040535095
0.6227510190779209
0.6233724566557088
0.6218841767586025
0.6212561931811968
0.618044983847887
0.6194735909942503
0.6197263101795423
0.616531044799256
0.6122294441891405
0.6138251962781631
0.6142144583720716
0.6133801383503634
0.6133450484869791
0.6128721467369315
0.6122349023870313
0.6122746351650902
0.61221769307533
0.609661670274448
0.6088787850013524
0.6087248252395179
0.609614089046226
0.6066563247952738
0.6022949059662106
0.6033822273654792
0.604945514873273
0.6022821484623953
0.6005911914919788
0.6016652605700104
0.6017931480221991
0.6016639871451025
0.600732487471128
0.5999935115303633
0.5983782572909679
0.5988792948825247
0.5979898191705514
0.5981776656068529
0.5946647428613496
0.5932591291469537
0.5942708957860969
0.5903542421163959
0.587930051481927
0.588470245619314
