0.0
0.00382963540548
0.00239754414238
0.00523240877809
0.00526727935628
0.00823404426988
0.00841636632565
0.0100995030936
0.0112191599638
0.0132422072002
0.014178795039
0.015496876887
0.0180182963622
0.0176800892748
0.0207980074795
0.0192457417614
0.0231808568402
0.0244655300312
0.0247156653511
0.0268328216564
0.0274087012808
0.0300316249952
0.0300824998349
0.0314852174758
0.0317317751517
0.0333058035359
0.0339178728173
0.0357589631788
0.0372454730187
0.0372331889871
0.0405606316537
0.0391841531373
0.0406144498051
0.0413078782499
0.041866538256
0.0426906550201
0.0434078961183
0.0450764483571
0.0455662225132
0.0460710776419
0.0458163570401
0.0469804474861
0.047135754646
0.0482428179508
0.0486700339843
0.0493793767589
0.0510664887518
0.0497789542272
0.0498992979075
0.0504712878548
0.0511010442651
0.0510094855383
0.0515849570371
0.052390120927
0.0525416938527
0.05270775804
0.0518473998244
0.052967970267
0.052351122832
0.0532118805588
0.0534178492938
0.054145075599
0.0545669961421
0.05322357275
0.0539045573631
0.0538365978383
0.0547839380116
0.0544499550217
0.0549908435207
0.0555923004008
0.0551135976644
0.0579086164481
0.0558006568577
0.0572438590739
0.0567199888578
0.0577312604255
0.0580027876137
0.0585625107574
0.0602340968076
0.0593536783618
0.0617524032829
0.0616286466489
0.0630425699292
0.0629052820622
0.0641456316023
0.0641711042174
0.0660827734654
0.0706668519984
0.0697367294724
0.0718908455446
0.0717731723887
0.0732603303875
0.0731647218116
0.0758531278258
0.0769359139569
0.0801683260042
0.0818389316527
0.0839252150686
0.0855971505084
0.0857760443094
0.0883713553464
0.0878958594574
0.0940163903276
0.0960026514506
0.0988544686212
0.100256186335
0.101507102125
0.103457254715
0.103217084653
0.108396061957
0.108251289563
0.114867073737
0.114584360155
0.118592333357
0.11950392468
0.120292642008
0.124528104735
0.124133398021
0.131600063509
0.131339074762
0.136156860378
0.136508783352
0.138588042792
0.14040352272
0.141207103486
0.146188138819
0.147062606614
0.153764630062
0.152839365022
0.156354747295
0.156385054634
0.157591822256
0.16275729169
0.162792915095
0.168630092657
0.168618326844
0.172467786407
0.17203379516
0.173502616874
0.174330889094
0.176846884839
0.178571655413
0.181827101517
0.187471902374
0.185938171825
0.187813430482
0.18715033066
0.189211432987
0.19101430095
0.192981182868
0.195439841074
0.197336810784
0.198789830882
0.198224306229
0.19884743925
0.198671541251
0.201027552743
0.199980259332
0.204499529587
0.206036311448
0.205524776239
0.206089480116
0.205115707745
0.206331329327
0.205736006187
0.207669367065
0.207476854868
0.209006979591
0.208881887722
0.208548412565
0.208209068021
0.207315570469
0.208191113772
0.205237401252
0.208420237906
0.207101829815
0.206742317126
0.206158685787
0.205045437396
0.203676285148
0.203379880401
0.202742726526
0.201621418541
0.200207207091
0.19973111209
0.199110466616
0.197229840027
0.195474985548
0.194114229204
0.191269143803
0.189993318786
0.188827986001
0.187871434375
0.185555919153
0.183373813868
0.18051145124
0.18026953675
0.176464625235
0.175357070508
0.172255969851
0.170645681597
0.168373871737
0.167223992338
0.163134142094
0.157895378778
0.157095461377
0.152981311591
0.152698598492
0.149875532462
0.147340094437
0.143522619617
0.141738310785
0.137867851227
0.135669401592
0.131573734749
0.128637341481
0.126944586363
0.122833667893
0.121687247369
0.117018179996
0.113067941753
0.109944009684
0.107890488684
0.106678467278
0.102373293862
0.101484336728
0.0964628630987
0.0970121651626
0.091110506633
0.0938695397238
0.0889589640547
0.0867403081347
0.0855662749038
0.0823047101989
0.0816584838242
0.0795383649847
0.0806738088764
0.0798672598861
0.0810008567286
0.080397545954
0.0783676564519
0.0780354348874
0.0790789522434
0.0796409146116
0.0839274903219
0.0884144189082
0.08951711762
0.0892039140925
0.0893328619997
0.0918625737171
0.0912778647965
0.0998203208532
0.0987529922159
0.107976745586
0.108234784604
0.110420699886
0.11197225263
0.112704403092
0.119739550075
0.120171385653
0.131591218212
0.131576762358
0.137001195695
0.137494304883
0.138409800225
0.14351554956
0.143521655663
0.154422960443
0.153331511855
0.162696885173
0.162619525327
0.164212837404
0.165900503269
0.167922840249
0.176445856012
0.175962029805
0.186391601231
0.184469304398
0.189091862577
0.18946773016
0.19103827298
0.19256421827
0.196894078542
0.202138075081
0.20545850091
0.209815676375
0.209670930612
0.210490504282
0.210176573753
0.212681391269
0.21771111537
0.221147374021
0.224297852325
0.224716570146
0.226290534207
0.225572960906
0.225904837569
0.223495283777
0.231222824066
0.228156777601
0.235342162299
0.23639270067
0.235720868962
0.234358383241
0.233475366853
0.23571021773
0.232294357076
0.240068462625
0.236466186227
0.240090179154
0.237848331623
0.236461485033
0.235349731223
0.232496380704
0.236521434199
0.231791314451
0.237177925856
0.234661212403
0.233721696953
0.231084769494
0.227507602979
0.228330162235
0.222190585173
0.228195750355
0.222912670492
0.224269739463
0.220425941407
0.219342685517
0.215255115995
0.213783390267
0.212183357669
0.204456298956
0.209385498572
0.204554049946
0.202663416631
0.197188147062
0.195478944929
0.190202378762
0.187779358785
0.187999706115
0.183817111089
0.18030757637
0.177159356931
0.174870516992
0.167830110569
0.166294737767
0.160860170414
0.156104644617
0.154943968214
0.152075144453
0.148818899893
0.141293342488
0.139630774085
0.13246460671
0.13265393912
0.127604895573
0.125900396345
0.121334654229
0.118786844621
0.113641441193
0.109491174894
0.105931224364
0.100479298621
0.0998998128304
0.0972939768142
0.0959423506152
0.092805750985
0.090327163578
0.089197226848
0.0874686874466
0.0859923226408
0.0854784754114
0.0852230540429
0.0861167255425
0.0863724879628
0.0891137969204
0.0899548450433
0.0915216781169
0.0950002368351
0.0957887705829
0.0984937650859
0.100171082195
0.107878781816
0.109974328172
0.115639395824
0.117798588833
0.12329092548
0.125050347539
0.12798974635
0.136099730528
0.137438271062
0.148115837076
0.154026505705
0.158175382272
0.160271369538
0.1635884832
0.168546588639
0.172438397449
0.183380589529
0.183496279208
0.194537678571
0.191345805514
0.200735072767
0.204439058898
0.207459553212
0.215082373989
0.218908532023
0.230050267593
0.230949196842
0.237548174024
0.234983468537
0.241905606197
0.246178581171
0.249701545623
0.257670129475
0.260691705609
0.265404548876
0.268287481093
0.271305139724
0.272934912138
0.278212950437
0.28545881861
0.287343281395
0.294037759171
0.296412015667
0.296139969512
0.296244270705
0.301267689478
0.303710380077
0.307373397934
0.310904309908
0.316034064348
0.313639943654
0.317298146883
0.317116832962
0.317374395273
0.321714168607
0.326207276836
0.328850516278
0.325083905281
0.330905438561
0.322976366108
0.327052076119
0.327794645266
0.329706517976
0.33400981119
0.331936813306
0.334664895956
0.326699119879
0.330970771535
0.325574902878
0.327606331037
0.330870303427
0.331641906755
0.331770166413
0.322498042858
0.327428294432
0.313611274561
0.31901187232
0.318993284851
0.31962253229
0.320335871037
0.319749679196
0.313519469062
0.300089793015
0.305146061495
0.296485357525
0.300285302669
0.300992594223
0.300924123345
0.294448442434
0.289558290874
0.284066217058
0.273763538787
0.274297843054
0.274404945354
0.273866764333
0.27020315399
0.26782590404
0.256671385672
0.246692384156
0.245395011182
0.239288285346
0.241066423529
0.23827247583
0.23908499287
0.226429614268
0.22748798217
0.212796337892
0.207405099738
0.207163461963
0.20634927512
0.205287678648
0.19885729369
0.198072045761
0.182894851086
0.18216048023
0.176914739684
0.175249356455
0.174839060526
0.175332936487
0.174310377242
0.166458546581
0.168509621272
0.159037580298
0.158380100166
0.159669367011
0.162256477591
0.162234207944
0.166092474016
0.162994814216
0.162738415487
0.163998366539
0.166688282122
0.168280368109
0.172186752159
0.179830744902
0.182801316039
0.193667135563
0.192081220391
0.198398587503
0.200618486949
0.205551812409
0.212247516341
0.218241334909
0.233073575439
0.230835400649
0.243124720345
0.244574995607
0.251268656519
0.253923948147
0.263161458152
0.268223971769
0.281591858388
0.301303718718
0.296413100369
0.306411409688
0.308483082
0.315403951504
0.320499375072
0.33409088162
0.34224468343
0.349359729847
0.356706736622
0.363410987146
0.368959826717
0.370800035146
0.384006621211
0.385581725637
0.401908378946
0.413376828244
0.416187948477
0.419517334833
0.423721228062
0.43265913761
0.435008179519
0.450139644871
0.451523982494
0.464050984503
0.462218904112
0.471164565377
0.476052831168
0.479984908654
0.491031739372
0.494743381626
0.50611758438
0.508714908127
0.513723008736
0.51251231586
0.518958089112
0.527851064521
0.527616943713
0.538532016741
0.539406912341
0.544756427546
0.545722349861
0.54881972733
0.552033573341
0.557310298514
0.567372393988
0.565600930561
0.570611723855
0.572114085152
0.571491843875
0.571431905634
0.57605319421
0.582085592298
0.581573944715
0.585163648568
0.58583572152
0.582381775566
0.583623984709
0.58466668758
0.58567739407
0.589517046907
0.593813741543
0.590463559509
0.585075721789
0.587766274111
0.581940803373
0.583632122969
0.584915239129
0.588863052878
0.586761367677
0.584071156219
0.579891385319
0.570647654107
0.573271990165
0.571172032348
0.572715344544
0.572035435506
0.573124604867
0.563295074593
0.554271722227
0.553169162637
0.544672054544
0.54674505942
0.546280755309
0.547840054901
0.539294755549
0.537712997032
0.52344415877
0.512727022043
0.515321278011
0.511536818475
0.512497713293
0.505910374453
0.50852453058
0.489102158196
0.485580897555
0.475187363304
0.469303322063
0.470241494148
0.468223895062
0.466605423439
0.450563964083
0.449506516049
0.430922110784
0.42416725504
0.424094936728
0.420246389583
0.418666831956
0.408558560553
0.409937482818
0.387860914703
0.389726335337
0.375730855616
0.372567194286
0.373928483925
0.373227625171
0.36561575234
0.348975031682
0.349679653662
0.33318487716
0.332861237049
0.332325840532
0.331045193158
0.324981973438
0.32511610572
0.317017923359
0.3095645441
0.309189939296
0.303268320537
0.301675663023
0.302840493991
0.310397464365
0.297295779712
0.300511371662
0.293860112064
0.295523697883
0.29665716955
0.299410255372
0.301990545067
0.29679801408
0.311670869124
0.304629071118
0.321206706584
0.314558433243
0.319758600805
0.320253370887
0.323065199854
0.336320973592
0.331883318416
0.352023053428
0.346407693403
0.358086922073
0.360374876376
0.36401221512
0.366058786254
0.371441097636
0.382409601699
0.393092550789
0.413853608648
0.411509434549
0.416068266944
0.419152168227
0.424434327743
0.431915705178
0.442727219996
0.454565028709
0.463730388777
0.468639837688
0.475099522853
0.479676142799
0.479943537353
0.493667620826
0.497779867371
0.515741423697
0.524191155125
0.531889332787
0.530908443937
0.535055502952
0.544071360428
0.543341660687
0.562171283078
0.563353113303
0.579710716249
0.577372800826
0.584712350143
0.589642841985
0.589471467351
0.604542858825
0.604125615478
0.620075528174
0.619295415045
0.629517838862
0.626768927508
0.629058636265
0.639604113801
0.634662331338
0.650019687909
0.648801662452
0.659615737432
0.656739836617
0.660791264126
0.664111131133
0.663187433783
0.673405695741
0.670279079523
0.679616304156
0.678146858283
0.683847408935
0.682458616577
0.679782336365
0.687715532279
0.681408543411
0.686528089368
0.686574846958
0.68982687956
0.688418667237
0.688529759853
0.690615713268
0.685459910346
0.687003842077
0.684102435405
0.683519569958
0.685390992026
0.684399714526
0.685099530177
0.677191643707
0.68174100747
0.671377169968
0.668452186231
0.66836004001
0.665912793766
0.666322622349
0.662733160371
0.662481047882
0.650086903184
0.648718942632
0.641109903087
0.635107191364
0.636184514364
0.63219993212
0.633372577152
0.620638747188
0.622709453317
0.605322160538
0.596642348272
0.596547113509
0.590495463343
0.592697580084
0.583697497402
0.582495930036
0.561434106084
0.563491414829
0.547730790491
0.542814048159
0.539800539806
0.536392069088
0.535433179167
0.519705212564
0.516937933699
0.492589573543
0.487738275067
0.481960164162
0.4768623734
0.478033013341
0.465623431581
0.460378056862
0.43673537518
0.438243443999
0.419804887522
0.41811704808
0.414236803215
0.411338402771
0.40470980511
0.393310990521
0.378940790213
0.356196879848
0.355576264815
0.349539251142
0.345688240582
0.343114271719
0.335115743044
0.32125579421
0.309058881528
0.299298853964
0.292778272248
0.287579299826
0.286880999298
0.283866131106
0.272953015938
0.268995168282
0.249752414868
0.245225876807
0.240014746322
0.243512570727
0.240901744076
0.233745063027
0.237252727504
0.217683119656
0.227574407111
0.215311436498
0.226723180519
0.221631180588
0.221417425674
0.221448923105
0.213062336652
0.224261445389
0.215503127843
0.230368953936
0.230158800057
0.235694214243
0.236546999902
0.231493213237
0.236380011929
0.236957096938
0.24970214465
0.260396377954
0.271827029408
0.275645719374
0.273013709341
0.274767402771
0.277472423927
0.284379735221
0.300176838541
0.304999826056
0.320421477412
0.319369102918
0.322001819737
0.324855899048
0.32364471953
0.34150241231
0.343218040783
0.366791882252
0.366993581355
0.376778741753
0.373300923843
0.372454371095
0.383018513819
0.379998788731
0.407184344032
0.402965874199
0.420853369002
0.418818870096
0.419162302275
0.424009512854
0.420191709376
0.441166604284
0.434872188793
0.459221813145
0.452540166795
0.463210142889
0.459925723968
0.455809396902
0.466390499734
0.463311614209
0.484174414673
0.481694432107
0.492721294597
0.491887774974
0.487820641771
0.491468695006
0.485960417877
0.499139907175
0.497903163464
0.513770513475
0.508611988507
0.512693689104
0.510760068126
0.501719600752
0.506567185958
0.50597253898
0.515188403342
0.517439323595
0.522934560589
0.522384908936
0.513948466433
0.513186050369
0.508297429505
0.511481788281
0.515672018149
0.52361516911
0.521810330172
0.516682981836
0.517504012726
0.503813063511
0.502868657929
0.500471494872
0.502598126447
0.510278384586
0.509735072627
0.507898558784
0.495910856677
0.490203746676
0.4831051486
0.481221673715
0.487642414858
0.489784093768
0.489118660353
0.479822481966
0.482039278761
0.462640772516
0.461797448979
0.455798541797
0.452609177107
0.461985356939
0.459168003184
0.455392897035
0.436766497978
0.435538184225
0.421114818843
0.421093552145
0.421680581841
0.421934643856
0.422302991687
0.411424442566
0.409875757721
0.389645192874
0.384545902498
0.378856596909
0.380028499798
0.381292871787
0.378623742362
0.373874115632
0.353489304205
0.353404580864
0.337744432651
0.337067909611
0.333264154353
0.333591993842
0.335281102222
0.323583078068
0.317215466132
0.296078562371
0.294290490947
0.286240730415
0.287445006546
0.287572251454
0.282830313085
0.278026847236
0.263127307205
0.262247860527
0.248866291715
0.243583276223
0.242267673876
0.240474654407
0.24078691307
0.233849734686
0.228214090985
0.205758815962
0.208718390181
0.201398056819
0.199961675017
0.198582893395
0.195802695798
0.196203597452
0.18916836846
0.185075821473
0.178680448167
0.168826147024
0.164198828324
0.163799180491
0.16687238938
0.161686071747
0.166140424616
0.158059183766
0.153792405871
0.147922766563
0.143837634608
0.144192424807
0.144650357791
0.154721206451
0.150794001528
0.153747618887
0.143325347951
0.140696309846
0.135666043707
0.136371307524
0.143955700391
0.145237665826
0.155401776051
0.15034297516
0.153000903792
0.140910574892
0.144267101273
0.146754524576
0.145916375234
0.158366717555
0.158171939716
0.163788476963
0.153633156634
0.158408470424
0.154213621714
0.158092667696
0.16551721349
0.164952621318
0.17403758964
0.170079878371
0.178187449528
0.168696957228
0.172997300246
0.175553600645
0.172948720418
0.178054926803
0.181101695148
0.186783715985
0.178272656182
0.189836895572
0.184475649791
0.186938920906
0.18777250098
0.18779591628
0.188638989664
0.192332732714
0.200612930609
0.198498804164
0.199079161587
0.20163005576
0.195560077306
0.192714703758
0.196715752016
0.204767764961
0.204201828291
0.214409427138
0.210118847277
0.206549143995
0.202030206242
0.20189002286
0.198482342968
0.208474488851
0.217163237018
0.219708056567
0.21867538903
0.218625717671
0.208992330611
0.199622007331
0.212051588495
0.220028314435
0.224739693129
0.234466638604
0.23028986023
0.22063770943
0.216780854193
0.217738603842
0.214402745787
0.226550651361
0.239176648783
0.24227768999
0.237528868431
0.236202214029
0.228092734008
0.221308862445
0.235409332412
0.245178225211
0.249324819175
0.256394304336
0.253972560045
0.245522665207
0.244393713922
0.247390177809
0.245924251527
0.260807602361
0.27067262783
0.268627805032
0.265416558107
0.26444398142
0.264161753283
0.26416115369
0.275419124664
0.283748821334
0.282072195831
0.286373112401
0.288880225117
0.284312173109
0.285869181766
0.294515176783
0.290349416892
0.301994833739
0.308775041261
0.304333513366
0.30096353826
0.308959801338
0.314640036995
0.315955357093
0.3235165097
0.325181538483
0.322761886096
0.323518449028
0.329468965916
0.327896783499
0.33561346282
0.339188912832
0.344450753914
0.341679973189
0.34715376261
0.343416123146
0.345267534268
0.354820283425
0.362361368545
0.363297662094
0.363347103688
0.360779554037
0.359360895976
0.357211210514
0.36612246265
0.365348031639
0.379609167581
0.377305242214
0.377235878059
0.370669703645
0.373097521597
0.372781113609
0.375681542594
0.389480696053
0.392613259564
0.390515707143
0.386731562767
0.380295047999
0.378095382709
0.376424477524
0.389637248171
0.385351903335
0.397581963538
0.39338107862
0.386664311566
0.37818173674
0.378439165192
0.384464742587
0.385803551372
0.397407454539
0.397458238976
0.390728158613
0.379120091666
0.373295631253
0.373392093671
0.374237160575
0.385049381043
0.387459275152
0.383702481704
0.380690807716
0.368050117507
0.360108180387
0.359073514838
0.369589007718
0.367783274113
0.370694568138
0.371713095563
0.355537349311
0.344186877184
0.337447379196
0.340182160213
0.343519435004
0.348838094208
0.349979756236
0.335819290556
0.336887936205
0.318826636772
0.3151280671
0.312984117556
0.322233999875
0.318024933405
0.312450166902
0.312064916335
0.288903151824
0.28482671072
0.278886314093
0.281801053951
0.282679267754
0.281821636736
0.279277375211
0.257129552868
0.260934732071
0.244534220868
0.244533789313
0.241377476358
0.248341457115
0.241647732458
0.228359413782
0.225936459588
0.20559907744
0.207194118081
0.202216957675
0.20517993209
0.199675674077
0.197731704678
0.188628323583
0.168791167758
0.17062582392
0.160317947888
0.16212258612
0.159151409953
0.163070634964
0.152859125528
0.142610639137
0.137223366087
0.127050704921
0.130599685807
0.128231995681
0.129206127025
0.123198073265
0.124617705808
0.116911730622
0.114321796493
0.113140430869
0.112891790596
0.113134788221
0.112975322986
0.113081173386
0.115892001252
0.121659021937
0.121619740232
0.127351684061
0.123972724843
0.125822013187
0.125742266235
0.137236698387
0.135751176817
0.149366332637
0.155350220446
0.157404885854
0.157417458571
0.15644340745
0.164107926892
0.165813084962
0.188011418736
0.192390585226
0.198357980091
0.204816786444
0.199109941259
0.202831738777
0.205687161813
0.227032159639
0.225481125226
0.243817038784
0.245392677011
0.243521443866
0.243761022941
0.244192338973
0.257422444897
0.26335470264
0.285366872414
0.284871392286
0.28746816357
0.289395627203
0.286206404987
0.288801107887
0.295769192292
0.314222873151
0.318676647138
0.327369067456
0.329885056873
0.322401160665
0.324322894245
0.32833993493
0.343426578924
0.349172477368
0.365026508826
0.362912053603
0.358407648382
0.357884710804
0.35804546676
0.3580051049
0.369044976601
0.379149860817
0.389393482611
0.387282869456
0.388200012112
0.379989681191
0.382621891056
0.388900259954
0.397944388073
0.406914824489
0.412718835835
0.410295141512
0.402729131999
0.4009184596
0.404043652717
0.402616071898
0.415905843606
0.415982254048
0.423807018145
0.417148110987
0.417726612018
0.409628486681
0.411811892996
0.41997819635
0.423002229697
0.42897418704
0.428679764485
0.424667709025
0.413303057697
0.414136666656
0.418934416522
0.416814049494
0.424472290232
0.426145056419
0.422220873282
0.416278487392
0.41593143148
0.410463258459
0.409120521647
0.419039482955
0.416202826692
0.414452562803
0.413571201705
0.406202581777
0.397747066306
0.398040500013
0.404083370226
0.39992833203
0.397859348887
0.399288821907
0.39029767217
0.387386650102
0.384750897081
0.384426086797
0.37912021059
0.385703945697
0.377163497585
0.369081299086
0.366988098678
0.360381091133
0.357913076337
0.358073941943
0.360778700047
0.352265226072
0.345113902984
0.344198418074
0.332889672448
0.332986690881
0.331031827842
0.334759497868
0.324593948739
0.32779863711
0.314412391835
0.298195234149
0.302453625219
0.298438588512
0.298555074508
0.297923820695
0.298634929915
0.282439101505
0.276312890765
0.271371228257
0.261486420059
0.264213524271
0.263863776491
0.268157026976
0.254103287239
0.257204378423
0.238773827763
0.224970504431
0.229738748446
0.229564177168
0.230912859964
0.226330407291
0.22720897651
0.207567533689
0.204963487332
0.196823280909
0.192177883273
0.196139809896
0.196189208921
0.197853969513
0.183410856648
0.184874682291
0.168075763466
0.163833472567
0.166486922398
0.167634131263
0.168396585496
0.162438399859
0.164117204099
0.148222693712
0.148172120528
0.144332685625
0.143377335711
0.146905645025
0.14630341544
0.146279954745
0.137349096016
0.138611247518
0.135191821974
0.134620657542
0.135665291638
0.136245333107
0.136615424051
0.134807619129
0.136664969996
0.137566071597
0.137879027078
0.139190925286
0.139080216911
0.13807048656
0.138131005861
0.139927180264
0.146919667274
0.147748144551
0.153726723192
0.153532762221
0.151095648426
0.151153378018
0.151509860587
0.156128803534
0.15997408477
0.169372841971
0.171889130487
0.171501116554
0.171236786489
0.167582534212
0.169215319707
0.175643676244
0.187795971566
0.190522041136
0.195144391765
0.19616981663
0.190714037241
0.190708103527
0.192513036597
0.197128498787
0.204117977452
0.210192931163
0.217384902427
0.214279496996
0.21593071744
0.212458105726
0.214822156606
0.220774071796
0.228552124566
0.235440719799
0.23510394422
0.238177299456
0.234179450343
0.234246048406
0.237372457318
0.238261681471
0.248295510076
0.246150611271
0.257702547575
0.253735530606
0.258406322039
0.254922270524
0.256216063921
0.261330869816
0.263863360665
0.272312278204
0.269317059631
0.275196365498
0.273691811174
0.273335618478
0.27680069124
0.273277879396
0.281409610041
0.281324920971
0.290425456942
0.287243088819
0.292765061129
0.290851810575
0.288271046958
0.293772869757
0.291829300896
0.299976421467
0.297032137393
0.305729780321
0.307251891537
0.304438086353
0.305701693544
0.30143325818
0.306079978647
0.305892550093
0.317055783301
0.313632732035
0.317147267115
0.318659876291
0.312795178494
0.314139878336
0.311192758269
0.318341408528
0.317188176754
0.326353810332
0.328076369831
0.326020831447
0.31991094744
0.317942991828
0.321236938332
0.322018374076
0.332832126821
0.330702301909
0.332588373353
0.335307197049
0.32591160063
0.324327006194
0.322133308097
0.325879397017
0.330465800133
0.336744767316
0.337449894072
0.332777354055
0.32831255644
0.322976037466
0.325298135209
0.326072927852
0.334829813748
0.336244609617
0.334919942808
0.336958287168
0.326085303498
0.323392695507
0.321556035202
0.327012847198
0.328372824277
0.333996383149
0.333260612117
0.325644535776
0.323977739197
0.316379492585
0.317002366868
0.316503518643
0.322824331129
0.326245804674
0.320473618436
0.322937890629
0.310431928193
0.309470146972
0.305218761735
0.310475147638
0.311014278978
0.312894764005
0.31332061899
0.303446177336
0.305549590845
0.293416355299
0.29464116784
0.293153392803
0.296317514278
0.299533142802
0.291938025148
0.294523414703
0.278273674643
0.282602258326
0.274790930897
0.278403365467
0.277638079872
0.27714224963
0.278948765532
0.266242812571
0.269948323933
0.256571377601
0.257802066815
0.255827486497
0.257266002
0.259505869253
0.252648699443
0.252935287002
0.238157244701
0.240490734669
0.233048972746
0.234437940859
0.234171644469
0.2325179198
0.234302265691
0.223678591718
0.224164214047
0.214972899799
0.213302163367
0.212018405971
0.211872772809
0.213389302058
0.208899934219
0.206197259188
0.197354897598
0.195471069328
0.192515645363
0.191845691774
0.193191986375
0.192314837777
0.191145536725
0.188111065256
0.183418246759
0.182273197073
0.177984293338
0.179476998597
0.179197648255
0.179215518805
0.178911402548
0.1746513044
0.175126363349
0.171216355436
0.174821023322
0.174357541375
0.175340253654
0.176225890513
0.173400192925
0.174673031441
0.173403413358
0.179457602274
0.178832286506
0.182339697443
0.182527510005
0.181763812836
0.182953829162
0.182894264943
0.186105537341
0.18964930912
0.194279827202
0.198222976764
0.198141355337
0.198976848654
0.199480041528
0.199468030393
0.207638324989
0.213854457877
0.219626904632
0.221480358779
0.222059082828
0.222188086372
0.222387269389
0.229410678473
0.228875089848
0.240651993752
0.242772754816
0.249163676811
0.248315765999
0.249037726774
0.25046673856
0.2523871558
0.264134599046
0.265640520495
0.275337821305
0.274995171865
0.275953934788
0.276763250187
0.277042550094
0.285771722981
0.285149973031
0.297600057892
0.299159283925
0.303020253267
0.302338862516
0.303050619794
0.304775053786
0.306588962327
0.31829908809
0.316774047408
0.325284042138
0.324795043748
0.32597788118
0.325017171641
0.32602157372
0.332125327542
0.333665136891
0.342063272343
0.342915781768
0.344908043831
0.344041266999
0.344167834898
0.346429330053
0.347281945142
0.356125978625
0.353136840261
0.35852643372
0.359289808539
0.358892980563
0.357414571592
0.35789307897
0.360670584563
0.362033825868
0.366581824826
0.365964833753
0.365871292538
0.366602658624
0.365410103176
0.366161882368
0.365383800163
0.370572813747
0.367630706061
0.369377179129
0.371125247495
0.368059018428
0.368680636571
0.365828815042
0.368188176255
0.365296445946
0.367976993097
0.366583496792
0.364173050771
0.366625032223
0.362616959106
0.363445578773
0.358374484602
0.361226024591
0.358674592815
0.357306001694
0.359332815456
0.354514379051
0.35603707609
0.348633158561
0.351266998783
0.345642940141
0.347388299925
0.345320536419
0.34236186154
0.344527077756
0.337790388967
0.338051860147
0.33071407312
0.331350391375
0.329265749748
0.326922081289
0.328279257036
0.323940613461
0.322831653842
0.31370033767
0.314424589752
0.308816683015
0.309340370916
0.308051784227
0.305123197604
0.305285269802
0.300231280892
0.296782542867
0.291645595824
0.289247298574
0.287584911516
0.286166307104
0.285546695318
0.282865195201
0.278276825026
0.272419102837
0.269155689689
0.266292993359
0.265832384331
0.264965247047
0.26369276596
0.260675942329
0.260280763909
0.252905979813
0.251333980593
0.247242751635
0.24642515042
0.246109246892
0.244329569239
0.243975013344
0.237915996899
0.238148749436
0.232274308354
0.23244102624
0.231496933273
0.230628356886
0.230679467491
0.227296959923
0.229561175008
0.223598010926
0.224377136019
0.221895501921
0.221642602227
0.221999520465
0.221212542987
0.22205382975
0.219046609585
0.221897131729
0.218688464832
0.21956257137
0.219615240661
0.219577977951
0.219689059752
0.220830962229
0.222107252244
0.221711698224
0.223384835124
0.222771027288
0.222829947293
0.22345128352
0.225494064813
0.224888377367
0.228362610297
0.229153909041
0.230473991283
0.230681412275
0.231671157988
0.232184583845
0.233337008921
0.238569897969
0.237994007523
0.241191853922
0.241938119167
0.242273430861
0.242373702044
0.244036695401
0.247175046589
0.246726065621
0.252749726266
0.252174787551
0.254245873356
0.253973544703
0.255016182499
0.254805682109
0.257723822496
0.263150998078
0.262195629054
0.265541264183
0.264897933273
0.265269896855
0.265009935163
0.267746467032
0.268977303133
0.270458727079
0.274622938978
0.274111219149
0.274430469869
0.274361417985
0.275041072041
0.274790792839
0.277724087319
0.280510610715
0.2802191122
0.281894591277
0.280575417065
0.280280875761
0.27978561556
0.282530231846
0.282206407631
0.28370711839
0.285939982036
0.284085300474
0.283119395675
0.283206011386
0.283079068961
0.282890143331
0.284771055458
0.28522518277
0.28417489763
0.284771694364
0.283211291476
0.281943081586
0.281882322305
0.28301960225
0.282743836157
0.281970156001
0.282245636945
0.279670800379
0.278478379661
0.278121355625
0.277079370433
0.277673124407
0.276971355192
0.276804433314
0.273957300406
0.273948360789
0.272167038454
0.270628958638
0.270786357113
0.270189179194
0.270055540773
0.266509479195
0.266403105191
0.263366895194
0.262745461396
0.261835743758
0.260397526699
0.260646555008
0.258314297804
0.257957054239
0.254020372445
0.25367286978
0.251933037483
0.25103650259
0.250302843168
0.249941575597
0.247961091636
0.244063999582
0.244100146154
0.241129678797
0.240612162718
0.239691570838
0.238593792263
0.237652899108
0.23605797074
0.234622534473
0.231677893728
0.230972499725
0.229539774623
0.229246176647
0.227874455097
0.226943474158
0.225373334743
0.222805091008
0.22234072455
0.220449401177
0.220229264677
0.219112447609
0.219020547408
0.217471933662
0.217187882786
0.215268684606
0.213721684837
0.213258548422
0.212342212674
0.212371312546
0.211326177812
0.210978929336
0.209869305501
0.208999753999
0.208468922627
0.207558772481
0.207247723262
0.207005540509
0.20704004724
0.20645045417
0.20675596854
0.20568161049
0.205100410707
0.204902390691
0.204947776271
0.204562955671
0.204822587616
0.204889797086
0.204768861237
0.204603996149
0.204447038707
0.204291106827
0.203927469331
0.204805213584
0.204512389278
0.205312828399
0.205273173544
0.205289476666
0.205134039193
0.205062708519
0.205752767629
0.205416336012
0.206570052931
0.206370282227
0.207029933447
0.206915325159
0.206964467802
0.207159707178
0.206943763446
0.207974541534
0.208040737993
0.208914321342
0.208870250439
0.209007334878
0.208975430683
0.209000768201
0.209728980548
0.209691067333
0.210547248674
0.210566503851
0.21076536372
0.210857912705
0.210726428455
0.210941779856
0.210888609918
0.211415074982
0.211778535888
0.211851085992
0.212163278233
0.211919122721
0.212036804791
0.211886223272
0.212293650547
0.212325160567
0.212331942616
0.212584016119
0.212112089069
0.212393240749
0.212175144627
0.212320094215
0.212157361093
0.212309395241
0.212189219687
0.211719569648
0.212290661935
0.21172857636
0.211895749213
0.211559074643
0.211767273289
0.211292461116
0.211063981331
0.211141557904
0.210399376421
0.210791155287
0.210668748271
0.210555356328
0.209800455672
0.21004714314
0.209458667696
0.208879503114
0.209551186162
0.209057846135
0.209056971683
0.208710380691
0.208583483203
0.207649147117
0.207652296096
0.207608289354
0.207284394542
0.207656255893
0.207750788627
0.207156361202
0.206020375492
0.206210859153
0.205796580094
0.205422842383
0.206146581013
0.206121511167
0.205739210484
0.205509188055
0.204872675669
0.204053105853
0.204192749176
0.204491906771
0.204578401456
0.205018949657
0.205124759862
0.203990063615
0.203301333325
0.203291252211
0.203240270911
0.203217150394
0.204068361077
0.204414575871
0.203650674121
0.20371165049
0.202903980267
0.202203119837
0.202669429712
0.203355998217
0.203435767384
0.203784794808
0.204035831569
0.202805595668
0.202643311506
0.202470830416
0.20262974157
0.20303085765
0.203600151113
0.203960875498
0.203265008806
0.203465790903
0.202822411905
0.202886343502
0.203027301528
0.203660192757
0.203754799286
0.203858619949
0.204006177425
0.203304907887
0.203274589162
0.203261713275
0.203323163682
0.203811652389
0.204049251402
0.204177978003
0.203831727374
0.204004586649
0.203648759016
0.203724258074
0.204015932974
0.204079155329
0.204230709281
0.204229313138
0.204261902615
0.203998503442
0.204027787329
0.204171925823
0.204012451763
0.204241286789
0.204357434658
0.204279489656
0.204341953476
0.204315001277
0.204325498012
0.204215899591
0.204363853846
0.204146767953
0.204176182523
0.204417888186
0.204065399961
0.20445766673
0.204339061186
0.204417213813
0.204155988027
0.204108929123
0.20421632415
0.204015860015
0.204676209054
0.204273282131
0.204618712177
0.20453455562
0.204484991639
0.204308077138
0.204007709937
0.204868021883
0.204102447633
0.205083053695
0.204742215471
0.204817787744
0.204722627636
0.204456445068
0.204686816666
0.204557260435
0.205724070084
0.20504840414
0.205807724261
0.205770516716
0.205584165603
0.205614293628
0.205224025374
0.206191163582
0.205589172652
0.206643596819
0.206787950782
0.206990189316
0.207123535433
0.206943259832
0.20715782504
0.207010369066
0.208295280954
0.208040212714
0.208718155901
0.208911239521
0.208916584892
0.209067093424
0.208975276882
0.209262364582
0.209684030246
0.209929018791
0.211052263494
0.211253921258
0.211755304267
0.211540627138
0.211684215006
0.211838339414
0.212555229629
0.213091289002
0.21323309638
0.214004652589
0.214166531731
0.214245631794
0.214613691243
0.214141295141
0.215071162834
0.215525534926
0.216353054449
0.216450155904
0.217091594874
0.217028341924
0.216671118543
0.217475983843
0.217325386707
0.218227916128
0.218049929154
0.219025094165
0.21925837585
0.218977632759
0.219480625457
0.218897230401
0.219511391157
0.219635624706
0.220423804461
0.220268693425
0.220554357943
0.220846396734
0.220263733939
0.220759906702
0.220264603378
0.220748792649
0.220499385272
0.221041720497
0.221148038655
0.220939748233
0.220773390057
0.220525769656
0.220550115344
0.220583529811
0.220702266468
0.220543259795
0.22042356112
0.220850212226
0.220007547872
0.220066227944
0.219484489755
0.218853662191
0.219202484136
0.219035515189
0.219084783192
0.218763041785
0.218641087623
0.217893546364
0.217597867968
0.217510692585
0.216991923639
0.216985197129
0.216783519997
0.21703984434
0.216079674894
0.216206650833
0.215423893538
0.214378426073
0.214769163198
0.214538192348
0.214525548146
0.214069651394
0.214301283641
0.213415991792
0.213200392369
0.212877160067
0.212415556981
0.212491256301
0.212560735443
0.212444691685
0.212039784416
0.211752496859
0.211605101093
0.211178554959
0.211575773538
0.211484231399
0.211560846675
0.211627932599
0.211760977272
0.211588114188
0.211432096611
0.211864978047
0.211646127782
0.212082809567
0.212682121159
0.21240698465
0.212748028154
0.212850192659
0.213703664107
0.213601408779
0.214706013275
0.21505151054
0.215020565841
0.216266268132
0.216093978792
0.217008727386
0.217071146092
0.218671825831
0.218899899855
0.219772053612
0.220549943382
0.220826464893
0.222568226403
0.222332345591
0.224396128087
0.224385735763
0.226196732992
0.226771873311
0.22710478445
0.228349614003
0.228725763184
0.229811972049
0.230756030638
0.233190592701
0.233372970526
0.234932403421
0.234749754668
0.236165967483
0.237806329297
0.238232894369
0.240174317359
0.24064609499
0.24290899257
0.243482214592
0.243896659006
0.244058456072
0.245419263176
0.245043632766
0.24771304369
0.249957598262
0.249971922619
0.251560712849
0.251709078357
0.252307488689
0.252603466705
0.253924447968
0.254632377429
0.255754214292
0.257645978433
0.258208878966
0.25811598079
0.257927453627
0.258539126502
0.258653788872
0.260117756924
0.261739827836
0.261849268367
0.262691087644
0.262507737705
0.261737018421
0.261711796942
0.262194305449
0.262248440726
0.263251085154
0.264016368354
0.264575071099
0.263001820318
0.262946406629
0.262001693631
0.261954310184
0.262353133107
0.263075078465
0.263438345981
0.262543463302
0.262609547747
0.259521373394
0.260122405584
0.259123254308
0.258962729599
0.259684437401
0.259497259019
0.25949429532
0.256849383437
0.256479203879
0.253890168446
0.253888373318
0.253668065042
0.253802092627
0.253881082897
0.252292329308
0.251514164535
0.248029856105
0.247950794043
0.246801536827
0.24660313703
0.247107125765
0.246845933333
0.245524654969
0.244038306736
0.241693470782
0.239915303747
0.239714834824
0.239928023603
0.239830013134
0.239291447645
0.239276229169
0.236579446197
0.236083475109
0.234308987919
0.234890348097
0.234514227797
0.235042825983
0.235216143351
0.233511726542
0.234646922133
0.231544927517
0.233060361984
0.23238251147
0.233839023481
0.234133033824
0.233657061834
0.234945057637
0.233311170496
0.235303085389
0.235331567462
0.237843415655
0.23806282407
0.239269404579
0.240077037993
0.240370666348
0.243082073342
0.243234504316
0.246287197304
0.247566963425
0.249885585815
0.250627172717
0.252251555269
0.252813793528
0.256642537984
0.258866902007
0.262871976609
0.265775512234
0.267574993709
0.270057991673
0.270433867648
0.275155948601
0.276009077498
0.281796368093
0.283376206144
0.288342427054
0.290401535031
0.29186725597
0.295617573872
0.29615141502
0.304491902561
0.306062134708
0.312137218159
0.313739590152
0.316623908443
0.320363116877
0.320488580373
0.327589873091
0.327170830417
0.335632140349
0.3360358499
0.341799442725
0.343168108036
0.345766766192
0.347541377738
0.351187401807
0.36063720605
0.359277213265
0.366368036619
0.366491943847
0.370137837761
0.372342338427
0.374198223188
0.378393038447
0.380102846146
0.386315868764
0.387240909966
0.391785640549
0.392069991948
0.395296134051
0.395318984759
0.399516390049
0.404775647807
0.404852352015
0.409659873616
0.409639853373
0.412883832277
0.413501336996
0.415081182143
0.415778582867
0.418163547456
0.42133043947
0.422542177211
0.42526957625
0.425078623035
0.426735006114
0.426992228577
0.427511324416
0.429185123839
0.42951613758
0.431811477759
0.431842971311
0.432670452126
0.433380950795
0.432044451631
0.431550583158
0.431004494111
0.432854351075
0.432541896851
0.433457150706
0.43302117368
0.431437640045
0.431043740977
0.427205863029
0.428089035004
0.426802488859
0.427131814212
0.426933408787
0.424737723864
0.425419667411
0.419871750169
0.419414461773
0.41554825675
0.415274870423
0.414296819253
0.414010018026
0.41300522373
0.406986591688
0.406739552075
0.398911368591
0.40006199473
0.3967956255
0.396039749897
0.395546727595
0.392544832187
0.389825999212
0.384443168935
0.380575588123
0.375422029707
0.374666007306
0.373004152575
0.371416655749
0.368796234358
0.363122955001
0.35942965147
0.353362191176
0.35181754432
0.349148366178
0.348129840677
0.346301052294
0.345383182868
0.33766532711
0.335218979325
0.328672588839
0.325697221422
0.324578981654
0.323291936314
0.322088837601
0.316397081362
0.317261082794
0.309109992332
0.309664027759
0.305153265284
0.304559902663
0.303800852057
0.300762369533
0.303347934532
0.295169096296
0.297892600641
0.291679566427
0.293655060872
0.292466437689
0.291808973849
0.291422985671
0.287796121689
0.292077785554
0.288685301298
0.294500823831
0.292202357022
0.292952634009
0.293266438519
0.294019265423
0.295614889661
0.296587769934
0.301986239498
0.302250172519
0.305898382453
0.306750330348
0.307815220822
0.306778983056
0.313066177041
0.31339280105
0.32281669944
0.328418354755
0.330601007333
0.331566972706
0.33235578572
0.340069485511
0.337652846121
0.350146631403
0.350374265237
0.359662457033
0.361414920415
0.364132468057
0.366326621515
0.367015156998
0.378254456402
0.378411546129
0.393916887009
0.394670084227
0.399433499682
0.399609687273
0.401313090203
0.41014975058
0.409982693755
0.424573402234
0.423124154806
0.433363504804
0.433375419843
0.435339706272
0.436288453496
0.440331171254
0.448179951101
0.452817208347
0.464900206696
0.46370231682
0.467139662397
0.467258211474
0.46989412447
0.473680765858
0.478344572499
0.486742106812
0.488751619652
0.493679693291
0.493546716416
0.494446390067
0.493693948308
0.498270842724
0.502898039761
0.50846794697
0.513131267075
0.512526315912
0.513376535849
0.512383967565
0.514228157993
0.513354867666
0.519823809044
0.521071422122
0.523813177507
0.525306383267
0.524458498107
0.523414726877
0.522132790471
0.524923295384
0.523270963396
0.527718997319
0.527302705904
0.527026181309
0.525041747459
0.523380150934
0.521936944049
0.52121731782
0.522510854128
0.521255272048
0.520217297575
0.518659809502
0.516862506658
0.514078974237
0.511271097413
0.509004073739
0.507102722876
0.504913133279
0.504031293779
0.501468163192
0.497069365266
0.494919492028
0.490264104674
0.489285216304
0.484155987964
0.481640918027
0.477508957303
0.47417830114
0.469480856829
0.465890209355
0.462204910901
0.453725923136
0.452366055784
0.445615621139
0.444616387991
0.43780211585
0.434036168481
0.430250567953
0.424618810589
0.418811352119
0.4132957334
0.406808574075
0.400965699474
0.398000491867
0.391856384419
0.38463083829
0.380212510902
0.372040923077
0.368516409243
0.36152456419
0.358201393402
0.350349344054
0.348946816142
0.340403187946
0.340410580162
0.326932205136
0.320361427677
0.316878026558
0.309802614235
0.308040883697
0.300693642864
0.297365956973
0.287188960284
0.287662177896
0.279700244697
0.276473583876
0.271983465023
0.265689791983
0.265066623778
0.256024247527
0.261322372189
0.250017167379
0.248820785441
0.24491940019
0.241914978261
0.240371309094
0.235109408802
0.234039607987
0.231399413071
0.234958618482
0.233715570094
0.235541117672
0.232982517019
0.230887694307
0.230141721078
0.233689624575
0.233818905562
0.23997160562
0.241160475982
0.243281907991
0.243241737866
0.243537330424
0.246089179002
0.244248756737
0.257914971779
0.257157256115
0.267737192276
0.270500115183
0.270923008958
0.271416727777
0.273040898152
0.287945213299
0.283833752308
0.300477102236
0.297819632954
0.305399829715
0.306067934722
0.307483913982
0.311034689686
0.315575759503
0.328639187666
0.331738630154
0.341852016394
0.342126810275
0.343439377714
0.344682794306
0.348152607312
0.359176167895
0.362597510933
0.373429863368
0.3728413203
0.377353548972
0.376389767779
0.378465403976
0.377423340996
0.388387364886
0.393980416389
0.400522806308
0.405206073543
0.404828480734
0.403957230295
0.403453789849
0.410322686084
0.409381499752
0.420636303945
0.422132494534
0.425350712598
0.423567834337
0.422401569206
0.424606281605
0.420025339793
0.429501780368
0.429994897143
0.437243657268
0.434971747721
0.433917972086
0.431639285383
0.427611963918
0.433527222912
0.425701874583
0.438571494205
0.433817830809
0.43539459313
0.431564667541
0.430513853381
0.428049605726
0.425722214888
0.429388913581
0.421319541554
0.428353185274
0.422900668353
0.421045155383
0.415100876454
0.412715634643
0.411489870942
0.407256261704
0.410085888201
0.40587685154
0.402085097234
0.397120986826
0.393802581772
0.388667103502
0.38354013736
0.382198234766
0.376069291182
0.374817734265
0.370445661772
0.366078775786
0.356096819725
0.355728805175
0.348508885664
0.347580476769
0.340918550623
0.337119336327
0.331288959764
0.325639750652
0.317976863781
0.309313418876
0.307756720508
0.298990048613
0.29656151586
0.290732691832
0.286756705506
0.277731946332
0.2701163131
0.268176534012
0.25910755226
0.256366393611
0.249006918961
0.244712344988
0.2370846694
0.234576250085
0.225931031685
0.214628729872
0.215154705673
0.207408980076
0.206639024317
0.200051053587
0.196994553065
0.189943361794
0.188255757072
0.182468488474
0.18148457458
0.176139950492
0.172346079674
0.171800145811
0.168887949308
0.167973525363
0.166384036525
0.16619864601
0.165991329179
0.166454206786
0.166788258499
0.168482714326
0.169441488654
0.172872097223
0.173538397579
0.17950187691
0.179891147585
0.184874447653
0.189575147358
0.192827025327
0.198836016213
0.20159105836
0.211218399249
0.212469164884
0.220818549294
0.220591391605
0.229936328795
0.234714999254
0.238024510129
0.24754604712
0.25046369502
0.260826431165
0.265628161419
0.271949810719
0.275260381229
0.281276084103
0.290848818905
0.294011439799
0.303738590271
0.304664604496
0.313643554957
0.313631998607
0.322857095612
0.327931582698
0.333098979854
0.33666636049
0.345847674991
0.353690689585
0.353256965037
0.360658567571
0.360812699845
0.367944778086
0.374171868668
0.380049869265
0.377874885377
0.386362053588
0.385605722159
0.390934074126
0.39553847886
0.398994030453
0.406084793381
0.404774037681
0.411386905782
0.409585527313
0.415540585132
0.414388861745
0.416568746449
0.423169844537
0.423529499935
0.428941962589
0.419218179586
0.429598465047
0.420151820286
0.427324301009
0.430041708859
0.431239287419
0.434500662264
0.431081884603
0.434128890226
0.421021964163
0.430263884307
0.424693228752
0.42855676556
0.430363350571
0.429695280512
0.430562927985
0.420890038475
0.421394681311
0.413367771887
0.416828960387
0.416979087816
0.417010821246
0.415323353544
0.408481073545
0.405852531489
0.391380837247
0.397225060516
0.391470773851
0.392329087429
0.389310287749
0.391131926509
0.380279094663
0.379887776062
0.367138789765
0.358543912112
0.361374915239
0.360044195623
0.357935475152
0.349142836219
0.348379762578
0.332373267819
0.328138959111
0.324179376719
0.320602920971
0.31847243837
0.313941448784
0.31370654363
0.2968267523
0.297472162194
0.282979466105
0.278148263337
0.276915473763
0.275680664867
0.273358461018
0.26070822273
0.261478220376
0.243727680419
0.245738211466
0.238715663138
0.238814867807
0.23781018739
0.236374781075
0.231483088549
0.223880284321
0.220017523301
0.213441037689
0.213146761057
0.214695128885
0.216320425834
0.215352518569
0.215630582251
0.212147210379
0.211374047923
0.212227288248
0.215500046287
0.216567014794
0.222460308416
0.227689873737
0.227638933682
0.239316834448
0.23505679861
0.241915718224
0.243328206002
0.252286948354
0.256951451955
0.26364551989
0.272112378078
0.277306731164
0.283740305013
0.28998901935
0.298888221059
0.301976480301
0.312935210619
0.323131787299
0.329518404437
0.342359035426
0.345402170159
0.351722524192
0.356987380174
0.369316661623
0.370778299696
0.384764195986
0.388730888903
0.403784174863
0.410231178119
0.414899931881
0.423953588771
0.429225042916
0.442763036513
0.44740159169
0.460701017485
0.464929667109
0.472509721893
0.475605086271
0.48434763739
0.494295847708
0.494967096085
0.50979382459
0.510560709083
0.523457388158
0.528963845952
0.533814558898
0.538456673949
0.544623867354
0.558016198099
0.558522220212
0.56877066915
0.569116485911
0.576397365971
0.577964966472
0.584959222283
0.591901116416
0.595575641413
0.599791661949
0.606390261557
0.610686319821
0.611532141781
0.616894155084
0.61985222817
0.62429556365
0.63167367393
0.632573194742
0.630906424989
0.63464242671
0.635221658389
0.63773955225
0.64200129599
0.646387870373
0.649980113375
0.64786799287
0.648953563347
0.645623110577
0.648930094461
0.649801031589
0.652284170004
0.654994039885
0.656582367675
0.653514953768
0.645616837041
0.647708609539
0.643191963069
0.645847606472
0.64870557464
0.650330034434
0.646904526419
0.641879677588
0.636920088144
0.627649863466
0.631769136272
0.63091381336
0.632642109426
0.629053674575
0.630701631825
0.619528732162
0.612905312822
0.606302844228
0.602957987177
0.604503136311
0.60409084011
0.604909902845
0.591357114525
0.586854516024
0.57427494103
0.566308395605
0.567941930612
0.566258303983
0.565549324972
0.555551164501
0.557892567276
0.537446814239
0.538218592873
0.523976159291
0.521404034585
0.522705311405
0.520603289966
0.516112542802
0.497201653984
0.498003585673
0.47831921684
0.477062829281
0.474816190632
0.473564728895
0.470084412026
0.462006488271
0.457060548899
0.438194205852
0.438196867465
0.428383039599
0.425828001153
0.426407894862
0.424397355938
0.41576429472
0.403308578908
0.400583640992
0.38916086084
0.390146763754
0.388374256232
0.390329118555
0.385225108907
0.388618575221
0.374711079857
0.371530269637
0.367268716055
0.366508713048
0.366277561996
0.367641694894
0.372296864012
0.361338714107
0.369331585489
0.361244006346
0.364893159389
0.365452305628
0.367500083963
0.370448197121
0.369953300581
0.386561848347
0.374888861688
0.387138317467
0.38472461005
0.388972458257
0.39156275626
0.396410033462
0.403031664628
0.402573624356
0.416914091198
0.419951875094
0.42649265445
0.429826302027
0.434969237307
0.43708521918
0.446046989984
0.462297160621
0.464017168666
0.475042676887
0.478585837275
0.481412907214
0.485296340976
0.495183578126
0.49451723636
0.509657013505
0.514118887467
0.529512577105
0.534243801509
0.537847845762
0.54335150341
0.545212788431
0.560740356929
0.563615061707
0.578715511526
0.58015054172
0.589388437934
0.5910358372
0.593714192404
0.60538812378
0.602062231039
0.620325784024
0.619396205062
0.633843301976
0.634821399295
0.639626655289
0.64363561995
0.644373472131
0.658388594497
0.656766975929
0.670670000816
0.668980833836
0.676935242604
0.67829680015
0.677622046045
0.686613292084
0.685061740191
0.694532485503
0.696232600896
0.702991191929
0.702469045226
0.705161875459
0.709139294562
0.706277938639
0.713507491764
0.712469506352
0.71655854189
0.717845342038
0.719271734941
0.720733448057
0.717519541453
0.722183073808
0.719521632856
0.720180850866
0.722006707198
0.721800973482
0.722608883142
0.721368917865
0.722868291018
0.716538315902
0.717838672842
0.71504100212
0.711372306139
0.713281136016
0.710982536933
0.711923178362
0.705434617047
0.708124199161
0.698346130953
0.692380948309
0.693687978548
0.688514841267
0.690597288958
0.685112382938
0.685051627314
0.672244726407
0.673444490875
0.663905260845
0.659288152875
0.657813666154
0.654877493939
0.653482403817
0.643802599603
0.642596464948
0.625977922444
0.621416542702
0.617195607038
0.611712070322
0.611839230588
0.603694623737
0.601233361967
0.583844904819
0.584320695285
0.569750573305
0.56615918162
0.563791029001
0.559866323933
0.555125284097
0.542159291445
0.537156682926
0.518361332925
0.517225488907
0.510501510275
0.506638854802
0.5022175768
0.497136232203
0.48843289464
0.474975119442
0.468586471344
0.457297268899
0.452686756216
0.450872506165
0.447982352581
0.439310716162
0.426895723093
0.418011457192
0.407079026575
0.40524406441
0.401637475406
0.399366700582
0.391494107765
0.393791947551
0.377628858173
0.380286947868
0.36348448829
0.361252148543
0.359060652856
0.356585306857
0.356455106106
0.345919121215
0.346750822851
0.332173433959
0.338146300821
0.334156454714
0.334384587643
0.334083854998
0.326702210389
0.331262887711
0.320875583634
0.338108056344
0.325849073058
0.331325627322
0.331428682603
0.329688247859
0.33070988683
0.326640390271
0.332637072236
0.332109585916
0.341203130119
0.345996182658
0.346973175503
0.347708934416
0.347155670647
0.347441031184
0.355441763374
0.365919380589
0.37330233677
0.374653801107
0.379715524579
0.377976941873
0.377808848416
0.385398045847
0.384118495285
0.402347195189
0.402650896141
0.415168377896
0.415884562728
0.416467252398
0.420496680394
0.418438444654
0.43587789028
0.434719695397
0.452631855871
0.44821935983
0.455602461439
0.45559927657
0.452167247121
0.464948930949
0.462208144199
0.481333092421
0.47948513402
0.489368045821
0.489097557337
0.487701416629
0.494166567095
0.490007135963
0.505260090367
0.503202113644
0.518210828543
0.51425142849
0.516582917687
0.517711768928
0.512200588437
0.520391874147
0.521141122378
0.532956282427
0.532016980539
0.536702720923
0.535659113961
0.531893748919
0.534221279126
0.532659983092
0.538722762827
0.541585281918
0.547750717335
0.547042963273
0.542228870588
0.543987116951
0.536619572269
0.53837170374
0.539966296262
0.543300982407
0.547369163347
0.545300639916
0.544478779608
0.536733630494
0.535253460759
0.532256529517
0.531117897153
0.536702651162
0.535183651037
0.536511598205
0.52875536939
0.52952448284
0.5186299749
0.518150576149
0.517330042387
0.514667250966
0.519439249982
0.51463087464
0.512389327046
0.500050461195
0.498470177442
0.491429862766
0.488967123623
0.490036498919
0.4876847348
0.488160086251
0.479199008653
0.475864222647
0.463472860904
0.457135228798
0.456379503936
0.45238421411
0.45543771914
0.448916748558
0.445208079517
0.430440511082
0.429779949563
0.419245243206
0.417221015922
0.414648646319
0.411843515896
0.411396754113
0.403039611681
0.394599736317
0.377993851638
0.376971216033
0.371639807763
0.369426500512
0.370141016944
0.364078205277
0.356668356759
0.346191251298
0.341395388416
0.332375414104
0.32878505615
0.326856188561
0.324825554255
0.320304037108
0.316139463036
0.304522922983
0.290776812632
0.288755252507
0.286153129221
0.284240639806
0.282348662971
0.279430458543
0.270710168233
0.267035949064
0.256716083762
0.256136800772
0.249001653315
0.248677980441
0.247092746686
0.243049425361
0.23944986892
0.231954721534
0.228654307765
0.22416745034
0.225676904797
0.223609072288
0.222011027776
0.222011898072
0.216419059876
0.216514309713
0.211970796468
0.213355756836
0.212293191155
0.212518941163
0.212161173962
0.211066398226
0.210935773473
0.210784974614
0.210545892915
0.213421179329
0.212608601534
0.214900986367
0.215067148633
0.214917925567
0.217428095207
0.217125170443
0.223122481628
0.222137402749
0.227967905239
0.226002841505
0.22789715802
0.230259705272
0.229968451216
0.237086779853
0.234569374064
0.244601692897
0.241086050095
0.244637274815
0.246659939799
0.246044443229
0.250620922789
0.251562852862
0.260662807738
0.256413383388
0.264924488655
0.261853892885
0.26354364585
0.266089276672
0.26562467512
0.271252879174
0.272442144996
0.279164800342
0.277850297277
0.279064848859
0.280895648018
0.279014020184
0.282834049303
0.283314210048
0.289693029933
0.288338870683
0.294049216178
0.291965603263
0.290318826704
0.290162321771
0.290780907385
0.290184127501
0.296392034738
0.299592994069
0.299490797476
0.298741254579
0.29930831472
0.295143802771
0.292979985753
0.29880272231
0.29833621614
0.302605872667
0.304199161089
0.303406044986
0.297320383586
0.296469209788
0.296248463285
0.291611509551
0.299304926929
0.301522859146
0.303063645497
0.299105594312
0.298351199598
0.292492045558
0.287838227466
0.293928817718
0.291145995108
0.297332141174
0.29578940236
0.295951093749
0.288299644378
0.287725692244
0.285013726451
0.280780567618
0.289108931674
0.289501785257
0.290149264367
0.285360109404
0.283223976967
0.27733754375
0.274671395657
0.279327893003
0.27767186012
0.28078697037
0.279809673097
0.279845072485
0.272425601038
0.2719165036
0.270394415774
0.266442457435
0.273526308922
0.273725183798
0.273430255666
0.268436373528
0.26832362899
0.264438973276
0.264450565312
0.267174454734
0.266513184908
0.268159358588
0.267277584138
0.266683145117
0.262648331677
0.262789637039
0.262916157193
0.263802565945
0.265582372484
0.266551704858
0.265378627966
0.263500711246
0.265123218363
0.265518960077
0.265166433436
0.267457257971
0.266118603384
0.26753370147
0.266642245638
0.267969810826
0.265155773548
0.270668330412
0.27218493814
0.271338195641
0.271761786476
0.271893983015
0.27257100468
0.273144278954
0.277789503409
0.278896260907
0.279120246514
0.278564111743
0.278462377061
0.278967187726
0.279088667176
0.284088394791
0.284553739972
0.288180988073
0.289309930069
0.287791554618
0.285947618922
0.286099573382
0.291089096836
0.291036933714
0.296887720909
0.297630178835
0.298071337412
0.29335179197
0.29334829384
0.295174617212
0.2962694697
0.30282009053
0.305028650362
0.305850176553
0.305293406982
0.302287448354
0.30035789616
0.300831068243
0.307172246305
0.306294648354
0.311088427946
0.310527424398
0.308140382538
0.304589246775
0.304001695007
0.305916201238
0.307966946195
0.313451939605
0.314245029474
0.311845055071
0.311057135434
0.307489188249
0.306448096368
0.306195560584
0.311577146634
0.311380423985
0.310260762978
0.312726412693
0.306236438729
0.304546011297
0.304088845552
0.306405699077
0.306451926544
0.308953326892
0.309114302687
0.302006783604
0.303373574166
0.299130928148
0.299041210219
0.298813452543
0.302567376528
0.301895984822
0.296526285395
0.298285355954
0.291742375181
0.292447174498
0.291596479017
0.293339076362
0.29202926072
0.291860585283
0.290356529647
0.282576225067
0.284440090175
0.281031279159
0.281714732579
0.281642137846
0.283781303062
0.280231621943
0.274816335292
0.275772544148
0.269892239546
0.272337331931
0.271797019033
0.27287293222
0.269816685387
0.269932151498
0.267097271651
0.26161738729
0.262790049161
0.262014083976
0.262463429478
0.261703285768
0.263205857726
0.258505903001
0.255964456315
0.255938703827
0.252706750095
0.254784656779
0.254668413066
0.254792271021
0.252463090263
0.253102702898
0.251228819456
0.249882880957
0.250498838069
0.250570612733
0.250908237309
0.250997595453
0.250875417776
0.250060539649
0.250180326261
0.25038474831
0.249896613935
0.250676804463
0.251451046505
0.251023841434
0.252669063454
0.252360842653
0.254235256912
0.254789410218
0.254927402459
0.255120948823
0.255749696904
0.258519590491
0.257905037508
0.261950765213
0.261797864843
0.262968152233
0.26327458936
0.263656361002
0.265063985885
0.265658335703
0.270640497477
0.270846875677
0.274267452896
0.274629608345
0.274154922244
0.274852539456
0.27630480584
0.281131295202
0.281466156886
0.287192571994
0.286353606615
0.286838806698
0.286854063823
0.287436214904
0.288605995161
0.291950129828
0.296968712386
0.298643301984
0.30024469221
0.300657071013
0.299003289486
0.300369345074
0.30292937292
0.306970637574
0.308999998486
0.312472419107
0.312415959342
0.310330714415
0.310931140648
0.312170027017
0.312685098186
0.318074186765
0.322223461097
0.322278682362
0.321681020032
0.322283139719
0.320079318324
0.320893055952
0.325442289897
0.326648081318
0.329322654006
0.330343728659
0.330201003347
0.326685511271
0.327536334843
0.329696820725
0.329567156955
0.333754169942
0.335672333734
0.335153107126
0.332987230563
0.333104733234
0.332210017481
0.331697882579
0.336539754683
0.335452449028
0.336904022846
0.335904009702
0.334627644717
0.332430770141
0.333161618134
0.335139862675
0.334427501985
0.335836559581
0.336216650794
0.334334013762
0.332568602143
0.331924453187
0.332745312838
0.330454398263
0.333997744101
0.331605651931
0.329522910105
0.32963821525
0.327379719773
0.326367303743
0.327069276415
0.328513222508
0.325519666226
0.325406039437
0.324962633074
0.321574614055
0.321499233716
0.32030915652
0.321846361789
0.318522709527
0.321300783788
0.317248558043
0.312944411884
0.314365004302
0.312410630077
0.312438686702
0.311928151285
0.313247267032
0.308556318929
0.308042077113
0.30632947722
0.303271678837
0.304197921956
0.303134972595
0.304467965572
0.301011032898
0.303104930679
0.297790465027
0.295042213446
0.296286899267
0.294818254659
0.295477881833
0.293883453558
0.295324389243
0.289965311596
0.290080824152
0.288171176066
0.286020216794
0.287508772761
0.287097693295
0.287260446303
0.284256604183
0.285677571751
0.281382363015
0.280268365218
0.281543494167
0.280381884462
0.28098588302
0.279655510892
0.280178451561
0.276600629609
0.276952945219
0.276347371364
0.27542310665
0.276887108345
0.276871443858
0.276219225034
0.274334359042
0.27465283156
0.273393439166
0.272830787307
0.274330162459
0.273705439723
0.273760341273
0.273731280709
0.272895428107
0.272402079948
0.272188742207
0.273030590499
0.272645889877
0.273666236219
0.273941881689
0.272940138144
0.273046311439
0.272569251516
0.273410148997
0.273102132826
0.274386156895
0.27432708353
0.273677302774
0.27492136059
0.273734963974
0.274880488929
0.27467193894
0.275736339689
0.275391163279
0.275814344598
0.276561495313
0.275513259594
0.276895190768
0.276370556211
0.277305548529
0.277544605734
0.277759980204
0.278021137396
0.277181694985
0.278494086632
0.277991878199
0.279244529957
0.279467696789
0.279658555989
0.279880435534
0.279576965732
0.280270840807
0.279397718534
0.280654008438
0.280631927419
0.280531503266
0.281351264005
0.2808890766
0.281153056528
0.28045288155
0.281148205641
0.281121454784
0.281340497968
0.28231895195
0.281409860541
0.282287974405
0.281418646852
0.281639562707
0.280991165313
0.281518624843
0.281849348246
0.281090495406
0.28215440449
0.281861081583
0.281743016954
0.281242682184
0.281106294951
0.280709928939
0.280433010308
0.281732969016
0.280384321826
0.281190230925
0.280604369813
0.279930265882
0.279475526586
0.279301094826
0.279770832761
0.278885197655
0.280064529631
0.279987776085
0.279500913472
0.278679510855
0.278000601982
0.277660759123
0.277344811854
0.278804560879
0.277838671594
0.278043287542
0.278234522223
0.276436885617
0.276281245434
0.275588216805
0.276132169115
0.27591884176
0.276868884356
0.276921983527
0.275995823696
0.275182244973
0.274123941784
0.274427762663
0.274220472533
0.275638029012
0.275588398446
0.275114055889
0.27579606273
0.273540308983
0.273858796606
0.273089883372
0.274059313255
0.274241814216
0.275042033925
0.27518845687
0.273697796299
0.273760247312
0.272645051052
0.273154864249
0.273348645352
0.274450942192
0.274980864151
0.274198405654
0.27485326824
0.273350082676
0.273790829114
0.273478433102
0.274688644221
0.275182605897
0.275601178374
0.275785217309
0.274660995768
0.275039695895
0.27444132133
0.274725627663
0.275729626396
0.276286080576
0.276901424751
0.276432698001
0.276716196031
0.276073951495
0.276840149981
0.277083084007
0.27762940543
0.278482949894
0.278655966737
0.278779345299
0.278350172754
0.278418761186
0.278783835254
0.278729590996
0.280117037432
0.280630036942
0.2809288918
0.280880488235
0.280844765653
0.280918222669
0.280949814841
0.282039372003
0.281803644771
0.282865919425
0.283068515635
0.282975530617
0.282829045183
0.282851399882
0.283440405472
0.283414304946
0.284546124324
0.284893291664
0.285171599242
0.285296377967
0.28481170929
0.285046170385
0.285065219942
0.285955485088
0.285698688958
0.286608229817
0.286870194605
0.286311110311
0.286262875624
0.286222365171
0.286346132899
0.286656771388
0.287453714163
0.287520309468
0.287605227164
0.287904416019
0.286950154645
0.286879462984
0.287055574149
0.287502430511
0.287645997702
0.287992009748
0.288337596464
0.287445938275
0.287417690872
0.286946652316
0.287126629289
0.287254137405
0.287855957936
0.287800070713
0.287548579714
0.287577467436
0.286481486036
0.286263609128
0.286314926466
0.286492534579
0.286849827874
0.286804490946
0.287096783249
0.285962272226
0.286103885091
0.285059250616
0.285178377525
0.285396658393
0.285728902439
0.28572628226
0.285155641445
0.285281543847
0.283720542085
0.283802519969
0.28352778685
0.283559534873
0.283946276477
0.283823982941
0.28391493066
0.282637222236
0.283142375741
0.281693113383
0.281765967729
0.281846261057
0.282020799987
0.282091052884
0.281518094903
0.281564689188
0.279971714993
0.280253720842
0.279759429414
0.279916033894
0.280119832254
0.280160294734
0.280094768115
0.279196704002
0.27919254241
0.277996270631
0.278108182374
0.277938712454
0.278139032255
0.278351213772
0.278075923287
0.277848822684
0.276777286452
0.276833378752
0.276183746
0.276242356413
0.276590937794
0.276795269345
0.276647576578
0.27633655413
0.275955307755
0.274793435726
0.275015593842
0.274891607269
0.275135661085
0.275362014498
0.275662233445
0.275467380323
0.274656742831
0.27450360537
0.273792382401
0.273877918162
0.274194736162
0.275085954707
0.274693107946
0.274633408623
0.274224991218
0.272873348501
0.273422455485
0.273299816355
0.273290721123
0.273816003495
0.274384901324
0.274423637913
0.274239535965
0.273400108008
0.272827218362
0.273227948709
0.273682960299
0.274176835364
0.274398560489
0.274314658749
0.274139811925
0.272972205409
0.273534292537
0.273522357433
0.273242629915
0.274318211892
0.274458408661
0.274759007952
0.27434076174
0.274467506828
0.273478821491
0.2741710044
0.274830628114
0.274626542003
0.275371170011
0.275148385242
0.275803468795
0.274945444605
0.275136669431
0.275782790101
0.275325350861
0.276567504957
0.27636959704
0.277009740183
0.276197684578
0.277146028919
0.276341142396
0.276828393933
0.277706435066
0.276723469801
0.277834510294
0.277808682572
0.278625797871
0.278445759741
0.278411705661
0.279287535022
0.278609970525
0.280511368106
0.2791212649
0.280297955704
0.280116389563
0.281034282898
0.280766800863
0.280667959196
0.281694371646
0.280347566156
0.28146807903
0.28183449967
0.282592656691
0.282803361511
0.282867507529
0.283356871256
0.282590794002
0.284173298501
0.283350614713
0.284196072025
0.284773294573
0.285367802315
0.285545955749
0.284785701581
0.285618625987
0.284826099644
0.285285852518
0.286305873917
0.287167079986
0.287557369635
0.287433433002
0.287719351659
0.286890404439
0.287509533247
0.287804113631
0.287845234965
0.289067494744
0.289165726906
0.289405883644
0.28876242702
0.289086390688
0.289021544839
0.289133277412
0.290214634325
0.290506456194
0.291156489156
0.290919448578
0.290807975799
0.290410317283
0.29052928353
0.291150366138
0.290784099507
0.291872514551
0.291774752666
0.291759128196
0.291717465552
0.29147943773
0.291708513267
0.291681506099
0.292289277265
0.291954016035
0.292562090843
0.292462304013
0.292062086529
0.29217864015
0.292020919834
0.292270516953
0.292070043988
0.292361378814
0.29242800206
0.292115537173
0.292586826209
0.292002447944
0.291969985286
0.291836577466
0.291810042194
0.291438240002
0.291743719671
0.292005974709
0.291291160912
0.291542597177
0.291270423372
0.290636260412
0.29083515422
0.290463218901
0.290686979695
0.290362639864
0.291216083362
0.290149973865
0.289612200599
0.289856366886
0.288958651782
0.289165314218
0.289136233899
0.289740960757
0.288555924235
0.288830478386
0.288452049774
0.286914068311
0.287648857761
0.287325486951
0.287489199779
0.287188915011
0.288267612817
0.286672371571
0.285749360598
0.286429748065
0.285002176427
0.285738863744
0.285633791705
0.286132909959
0.284857504593
0.28512102371
0.284672086888
0.283172442196
0.28435047422
0.284219215774
0.284264927304
0.283811583984
0.284257694785
0.283064124663
0.282060291559
0.283281893257
0.282046953127
0.282715188989
0.28284774699
0.282715558936
0.281779797166
0.281742122063
0.281714234634
0.28076804338
0.282395025833
0.282258654672
0.281993877539
0.281283960967
0.28119270427
0.280623420979
0.280014066606
0.281780831997
0.281149241212
0.281395775225
0.281931212819
0.280920402781
0.280303847515
0.280085208656
0.280972272291
0.280238832211
0.282017581934
0.282020105649
0.281072387746
0.280726830962
0.280120927166
0.280124661629
0.28019917859
0.281806095415
0.2818534891
0.281761609524
0.282343348613
0.280773057085
0.28094096497
0.280336351693
0.281745724939
0.281401396609
0.282851468567
0.282768652369
0.281450761949
0.281517118672
0.280745056377
0.28091738857
0.28159318456
0.282855370781
0.28311074716
0.282670575231
0.28307268824
0.281418286561
0.281704045716
0.281713564359
0.282643881523
0.282914971864
0.283601844129
0.283698172613
0.282041877328
0.282283423266
0.281780205673
0.281590167596
0.282748352411
0.28362015859
0.28369793256
0.283074309945
0.283401454751
0.281972285369
0.281949379506
0.282513792548
0.282639446211
0.283292182178
0.283309918852
0.283411671133
0.282050074124
0.282246545029
0.282034358804
0.281923173096
0.282854509811
0.283133017858
0.283175532614
0.282569576807
0.282495856628
0.281715435633
0.281619256071
0.282268202012
0.281968808716
0.282534073775
0.282439279437
0.282156780368
0.281576604688
0.281443173761
0.281585916711
0.28142738889
0.282174111271
0.282058721549
0.282049615037
0.281650393135
0.281294224618
0.281247360959
0.281088441415
0.281878268167
0.281671728794
0.281870146917
0.282154991889
0.281398206699
0.281553785672
0.281202628842
0.281809738858
0.281624174818
0.282412298145
0.282262389291
0.281988575734
0.282171244
0.281577982723
0.282108897991
0.282148787942
0.28301308747
0.283166518659
0.283051416737
0.283554152098
0.282830789591
0.283347041979
0.283255380043
0.284407401727
0.284573837341
0.285279724361
0.285259365938
0.28481684852
0.285289767192
0.284932111902
0.285505082918
0.286402270859
0.287143863507
0.287745801122
0.28756272324
0.287832042751
0.287539418104
0.288191469063
0.288948296149
0.28990474535
0.290765729539
0.291193001851
0.291263553891
0.290915511359
0.291074213841
0.291742746277
0.291720945279
0.293748185658
0.294644711009
0.295151258426
0.294994657596
0.294879568366
0.29516603865
0.295297183704
0.297144887202
0.297348712619
0.298744135635
0.298925366145
0.298971900756
0.298764426004
0.298722403004
0.300099933766
0.299483853974
0.302029925362
0.302544191267
0.302774667984
0.302521921588
0.302370813696
0.302967843289
0.302786522176
0.304760487323
0.304490812895
0.30550664791
0.305510022513
0.305538709384
0.305199697356
0.305301539111
0.306489810883
0.305862985811
0.307447452263
0.30739779654
0.307349025813
0.306895474253
0.30707112791
0.307233165946
0.307388431287
0.308187654899
0.307822208077
0.307826238827
0.307698240035
0.307610473319
0.307046906256
0.307160869041
0.307231170649
0.307164530903
0.30696662766
0.306817938948
0.306438029916
0.305914594126
0.305861819101
0.305545727866
0.305602624319
0.304975590536
0.304479396349
0.30391654311
0.303618688672
0.303153720964
0.302702470394
0.302576660812
0.301191846387
0.300992447115
0.299968285276
0.299796005045
0.299067762261
0.298807585309
0.298285515041
0.297981012685
0.296730819525
0.295792458768
0.294882172669
0.294199503726
0.293710776317
0.29330139721
0.292371737798
0.291656393436
0.290446351505
0.28956417899
0.288419734843
0.288076109313
0.287496502451
0.287459970035
0.286311170727
0.286182993982
0.284184951983
0.282724876223
0.282390318923
0.282005800647
0.281514442915
0.280636850994
0.280711012331
0.278918899533
0.278537915633
0.277643977935
0.276788156757
0.276302471894
0.27666141313
0.275883529906
0.274888110035
0.274677167999
0.273383079486
0.272594022858
0.272634650358
0.272880077474
0.2723334238
0.271660221147
0.271568181173
0.270815021312
0.270688455781
0.2708043484
0.270806776956
0.270410661363
0.271088005257
0.269988692536
0.269438728858
0.269747353815
0.270216606767
0.270193484357
0.271034606834
0.271266674984
0.270441146301
0.270521123747
0.270772888549
0.270957056189
0.271467370532
0.272846058161
0.27339855414
0.273067395622
0.273346211382
0.273361050981
0.272326819677
0.274419983641
0.276112200307
0.276438483985
0.277490151332
0.277646446285
0.277370156205
0.276742490193
0.278503758703
0.278486519897
0.280552864133
0.281877037062
0.282559796159
0.282462433385
0.282196645303
0.282998149913
0.282701111777
0.285334007598
0.286584794066
0.287069211212
0.287911540302
0.287922836363
0.288072870279
0.286646623411
0.289589936164
0.28875998619
0.291292803497
0.292206653836
0.292510540465
0.291727789484
0.292097426034
0.293079942087
0.291874330333
0.294675154634
0.29482032516
0.29527318306
0.295170497382
0.295869856113
0.294887135653
0.294832993303
0.296112040879
0.295677678346
0.296611047159
0.296646756117
0.296585775572
0.295021540311
0.295929073073
0.295960827281
0.295214095742
0.295831155652
0.295659366299
0.295351860087
0.29374845662
0.295358206765
0.29287811891
0.294292142791
0.293195253907
0.29275848476
0.292079685412
0.291626676018
0.290962340522
0.288586559432
0.290652739784
0.288178467831
0.288746692927
0.286977106264
0.286563877451
0.285366838864
0.283807229916
0.284910606328
0.282227620981
0.283041856766
0.280307826797
0.28034485954
0.278307500484
0.277992929722
0.277346445279
0.275284727624
0.276387263911
0.273701429066
0.27413751106
0.271532964151
0.270984762947
0.269959676254
0.269356211484
0.268892383298
0.267757279804
0.267544118647
0.264966503527
0.265085925617
0.263461142197
0.263204814111
0.262533059867
0.262245601601
0.262268573164
0.261217534753
0.260847743152
0.259629191335
0.25950924541
0.259182367428
0.258909628263
0.259004471719
0.258264554671
0.259278936796
0.258761260396
0.259870853992
0.259243955086
0.25930723822
0.259947584485
0.260238526643
0.261288542469
0.261217595116
0.263510959248
0.263560881453
0.264593029444
0.265742824415
0.265246060307
0.26683620092
0.268206297241
0.271376957807
0.27169483386
0.274760868818
0.275802345538
0.276087772
0.278426385094
0.277799103191
0.281909877637
0.28156766925
0.287851232464
0.289612948601
0.291773738808
0.292008739322
0.293187828705
0.297057421135
0.297236262848
0.304049317108
0.303525028379
0.308849751738
0.311143615997
0.311529197951
0.312339023733
0.313557543302
0.316667389274
0.319793294346
0.326714394859
0.32809192213
0.331732919787
0.331779839253
0.332120991172
0.335315695295
0.337226937188
0.343175190102
0.343914462946
0.349884422475
0.351428678861
0.351835249505
0.350870295616
0.353783568366
0.355832607964
0.359157121186
0.365698020969
0.366102526169
0.368781319144
0.368868440149
0.369086000644
0.368785950719
0.371576722641
0.375476407832
0.37817250628
0.381507684115
0.382811588659
0.382349640904
0.380084844492
0.381582813543
0.384289580889
0.385567153317
0.39036787331
0.390554384793
0.391513507417
0.391505041319
0.388872593706
0.387354530401
0.388861690415
0.390491611803
0.393420283387
0.393582574172
0.395614285049
0.390326452116
0.391927172572
0.388207325142
0.388803388237
0.389706073875
0.392126992234
0.392690382365
0.389627115999
0.39182404315
0.383049507388
0.383961375103
0.381592700805
0.382748917315
0.384369334868
0.38270898204
0.383859977897
0.374794086909
0.376678744733
0.369418389289
0.369984548294
0.368882730553
0.369401615014
0.370339901784
0.363254505518
0.365513553263
0.354311789134
0.355140082606
0.351032942096
0.35138371928
0.352519805061
0.350324853597
0.348204824959
0.337944753065
0.338153336692
0.330055519612
0.330575036929
0.329910600067
0.329404568031
0.32864468085
0.323822915206
0.321272004175
0.314132680366
0.310588070823
0.308390250254
0.307794005884
0.308138082332
0.30780364431
0.302316444672
0.296595542423
0.292153065419
0.289687426135
0.288688784899
0.289572165005
0.28945014004
0.286505239807
0.286937125661
0.28029399924
0.28275043701
0.275680365395
0.277763152009
0.277505171391
0.278103822157
0.27895989937
0.274295676761
0.276428604311
0.271349656084
0.275737182009
0.27609881333
0.277887279804
0.278952106811
0.27785217331
0.279070520462
0.279032603633
0.287266971464
0.285814026208
0.290450162222
0.29152934508
0.293825755071
0.294336416
0.297169136031
0.298762703527
0.304556682467
0.308678075546
0.315395614071
0.317661038151
0.319664459626
0.322938005904
0.32393584663
0.334384824206
0.338437026769
0.346996531423
0.349518878973
0.352867425605
0.35705150044
0.357752016667
0.367078943443
0.36622146377
0.380650433676
0.381779574505
0.391167882646
0.39292572041
0.396809024134
0.400426157353
0.403711922324
0.417818701291
0.417662565199
0.429925544927
0.430526703565
0.435767025143
0.439059235852
0.441046617557
0.449193857299
0.451560513308
0.46420352397
0.466324793624
0.473386718217
0.474375422209
0.478389422585
0.484049628247
0.485275785689
0.4969517935
0.496471982611
0.506453611876
0.506968036426
0.511724887368
0.512034469674
0.515621561198
0.518331888623
0.524027941339
0.533433104846
0.533274236369
0.538759375059
0.538717482987
0.541563821297
0.543618455457
0.545881247301
0.551399059638
0.551933835899
0.558184562339
0.55949341749
0.56056170555
0.560866364168
0.562169533936
0.561341657395
0.564982128465
0.57009398629
0.569619852048
0.571954383672
0.572697242953
0.571937408308
0.572042727733
0.57021808821
0.572220909416
0.57201363137
0.574278320393
0.575995802685
0.572831728895
0.574379732016
0.569230075763
0.570166516233
0.566974572869
0.568949009029
0.567889398452
0.56752898583
0.56813094986
0.561436704704
0.56261545031
0.554172678382
0.555291445922
0.55259451207
0.552500369715
0.553742983038
0.548281812943
0.547388887846
0.53707547966
0.536988519348
0.529961488179
0.530693749289
0.528943114467
0.52590815984
0.524866954046
0.515286190002
0.514132030696
0.50401995259
0.502490210586
0.499258471259
0.497880788063
0.496930038364
0.493653229731
0.485542180027
0.473189734508
0.470863756463
0.464290198575
0.464127226987
0.462391746439
0.459568427599
0.453564973835
0.449780287734
0.440153601396
0.43637130192
0.428982184583
0.426816818946
0.425535834632
0.421310184616
0.421816482882
0.408431510285
0.403911882118
0.394630741693
0.394219720933
0.392387847671
0.389531913624
0.389055615917
0.379743253606
0.382736497007
0.369694449145
0.375403100683
0.365577190964
0.365125993467
0.364431794966
