0.0
0.00176193110339
0.00351150236283
0.00526118846982
0.0070096572971
0.00875626796488
0.0105006215078
0.0122420644327
0.0139803251526
0.0157147911421
0.0174449679292
0.0191703807226
0.0208905633307
0.0226050428444
0.0243133504967
0.0260150280894
0.0277096100531
0.0293966334046
0.0310756449135
0.0327461831939
0.0344077935029
0.0360600303133
0.0377024414566
0.039334579848
0.0409560079735
0.0425662876646
0.0441649835634
0.0457516639924
0.0473258995972
0.048887268906
0.05043535099
0.0519697292029
0.0534899884667
0.0549957210077
0.0564865265857
0.0579620080842
0.0594217730151
0.0608654314314
0.0622925983828
0.0637028969077
0.0650959542146
0.0664714012493
0.067828873774
0.0691680136513
0.0704884683019
0.0717898948996
0.0730719547322
0.0743343127638
0.075576641256
0.0767986191488
0.077999932735
0.0791802732734
0.0803393412577
0.0814768399803
0.0825924824726
0.0836859848662
0.0847570729809
0.0858054762044
0.0868309348975
0.0878331930174
0.0888120063144
0.0897671367079
0.0906983536632
0.091605435135
0.0924881671174
0.0933463421187
0.0941797566517
0.0949882170336
0.0957715381957
0.0965295458183
0.0972620680577
0.097968943821
0.0986500186991
0.0993051512179
0.0999342026893
0.100537047883
0.101113567517
0.101663650254
0.102187194693
0.102684113316
0.103154322912
0.103597743238
0.104014302445
0.104403940889
0.104766606028
0.105102256089
0.10541085614
0.105692383543
0.10594682503
0.106174175514
0.106374443487
0.106547642283
0.106693786916
0.106812907635
0.106905043253
0.106970241979
0.107008562839
0.107020066004
0.10700482272
0.106962915503
0.10689443474
0.106799481616
0.106678165838
0.106530609148
0.106356943583
0.106157312983
0.105931870173
0.105680771425
0.10540416823
0.105102232171
0.104775139201
0.104423077034
0.104046241041
0.103644841643
0.103219095556
0.102769231296
0.102295484073
0.10179810344
0.101277333647
0.100733431003
0.100166664213
0.0995773088021
0.098965652087
0.0983319820751
0.0976765978491
0.0969998039164
0.096301917524
0.0955832601999
0.0948441627994
0.0940849692355
0.0933060254367
0.0925076911032
0.0916903320718
0.0908543213005
0.0900000312885
0.0891278441586
0.0882381519907
0.0873313523543
0.086407848569
0.0854680549606
0.0845123912303
0.0835412841394
0.0825551664315
0.0815544780964
0.0805396670479
0.0795111881092
0.0784695017703
0.0774150759869
0.0763483862409
0.0752699082014
0.0741801206375
0.0730795077134
0.0719685582379
0.0708477640897
0.0697176251184
0.0685786620332
0.0674313928652
0.0662763401465
0.0651140343389
0.0639450105555
0.0627697997311
0.0615889370648
0.0604029645112
0.0592124235736
0.0580178568083
0.0568198215854
0.0556188791493
0.0544155859788
0.0532105020478
0.0520041872978
0.0507972168031
0.0495901788926
0.0483836562547
0.0471782381272
0.0459745167045
0.0447730832864
0.0435745144932
0.0423793920965
0.041188292951
0.0400017850025
0.0388204358554
0.0376448737501
0.0364757067948
0.035313542381
0.0341589925684
0.0330126716353
0.0318751840599
0.0307471325794
0.0296291207891
0.0285217469212
0.0274255996089
0.0263412809045
0.0252694005035
0.0242105455618
0.0231652930361
0.0221342021585
0.0211178541999
0.0201169147714
0.0191320117781
0.0181637868503
0.0172129002271
0.0162800145471
0.0153656846435
0.0144704824362
0.0135949572654
0.0127396084828
0.0119048776784
0.0110914313764
0.0102999301971
0.00953099531252
0.00878528099939
0.00806349058727
0.00736627496004
0.0066942471903
0.00604808675264
0.00542848460904
0.00483613732922
0.00427181358323
0.00373648937883
0.00323119509284
0.00275714476443
0.00231584208566
0.00190942435928
0.00154210861315
0.00122082143008
0.000957952260271
0.000774331895879
0.000693358281771
0.000711304859313
0.000790882203535
0.000891992568104
0.00098884428773
0.00106710562863
0.00112088968573
0.00114816760392
0.00114762049427
0.00111966771362
0.00106678212212
0.000993387163258
0.000906304702667
0.000821311119028
0.000766937671941
0.000783228661495
0.000900396432105
0.00111751532557
0.00141666953983
0.00178164833966
0.00220232564589
0.00267303503852
0.00319150234074
0.00375634071388
0.00436669669908
0.00502218517098
0.00572270186453
0.00646766111085
0.00725653467545
0.0080892541922
0.00896579826797
0.00988617764845
0.0108505407467
0.0118592180504
0.0129124079102
0.0140103203466
0.0151531773937
0.0163411749306
0.0175743626485
0.0188528723693
0.020176846757
0.0215464245855
0.0229617355648
0.0244228366421
0.0259297942953
0.0274826822645
0.02908156713
0.0307265080859
0.0324175938809
0.0341549185997
0.0359385581487
0.0377685870271
0.039645080021
0.0415680478763
0.0435374029948
0.0455531133134
0.0476151338987
0.0497234067131
0.0518778701609
0.0540784963069
0.0563252289385
0.0586180023325
0.060956745691
0.0633413817358
0.0657717743478
0.0682477902245
0.0707692974937
0.073336152567
0.0759482027657
0.0786052685951
0.0813071528617
0.0840536572327
0.086844569801
0.0896796694042
0.0925587291599
0.0954815249046
0.098447814254
0.10145734982
0.104509876659
0.107605122554
0.110742760715
0.113922475182
0.117143940984
0.1204068174
0.123710753067
0.127055406163
0.13044042113
0.133865430793
0.137330058867
0.140833918874
0.144376603782
0.147957687849
0.151576749787
0.155233349385
0.158927039469
0.162657360505
0.166423836981
0.170225984145
0.174063308005
0.177935300713
0.181841447572
0.185781241439
0.189754155839
0.193759657261
0.197797203557
0.201866246273
0.205966202359
0.210096485595
0.214256503568
0.218445651854
0.222663314532
0.226908882839
0.231181733426
0.235481241404
0.239806759671
0.244157648956
0.248533251457
0.252932892679
0.257355896754
0.261801582468
0.26626925491
0.270758210799
0.275267751247
0.279797150408
0.284345692971
0.288912640001
0.293497249738
0.298098794405
0.302716528895
0.307349695718
0.31199754026
0.316659296289
0.321334195555
0.326021441509
0.330720248677
0.335429818558
0.340149343583
0.344878025212
0.349615053251
0.354359620239
0.359110907867
0.363868094941
0.368630350694
0.373396850811
0.378166754638
0.38293922273
0.387713412995
0.392488482023
0.39726357553
0.402037834189
0.406810404564
0.411580418172
0.416347004295
0.421109303133
0.42586645749
0.430617594188
0.435361855137
0.440098358885
0.444826235598
0.449544607369
0.454252595451
0.458949314249
0.463633875152
0.468305403948
0.472963023359
0.477605851967
0.482233014936
0.486843629315
0.491436811682
0.496011695648
0.500567390219
0.505103027186
0.509617728312
0.514110611439
0.518580805307
0.523027451394
0.527449657653
0.531846567644
0.536217313886
0.540561021341
0.54487684752
0.549163933796
0.553421420747
0.557648469748
0.561844227006
0.566007857254
0.570138512239
0.574235358535
0.578297563507
0.582324301718
0.586314751708
0.590268098945
0.594183528491
0.598060237292
0.601897427906
0.605694300965
0.609450078751
0.613163962219
0.616835190833
0.620462977994
0.624046577369
0.627585215788
0.631078155495
0.634524651171
0.637923957936
0.64127535878
0.644578131447
0.647831559719
0.65103495105
0.654187603638
0.657288833493
0.660337960464
0.663334308725
0.666277220466
0.669166042581
0.67200012471
0.674778842549
0.677501573492
0.680167692181
0.682776604892
0.685327715566
0.687820450797
0.690254217884
0.69262846539
0.694942644144
0.697196201079
0.699388609526
0.701519358363
0.703587924927
0.705593825282
0.707536570683
0.709415677038
0.711230695243
0.712981168861
0.714666660916
0.716286744433
0.717841012631
0.719329058605
0.720750484881
0.722104927328
0.723392022195
0.724611414087
0.725762761057
0.726845744485
0.727860043405
0.728805376832
0.729681443448
0.730487978331
0.73122472114
0.731891426753
0.732487857979
0.733013809843
0.733469074417
0.733853463038
0.734166788603
0.73440889184
0.734579634059
0.734678880194
0.734706510536
0.734662416587
0.734546504983
0.73435871213
0.734098961319
0.733767218607
0.733363440649
0.732887610539
0.73233973484
0.731719815832
0.73102787545
0.730263965851
0.72942813757
0.728520444909
0.727540999694
0.726489871102
0.725367202446
0.724173093766
0.722907718907
0.721571210707
0.72016375588
0.718685538567
0.717136754934
0.715517639225
0.713828401989
0.71206930506
0.710240607799
0.708342580528
0.706375506946
0.704339710522
0.702235496998
0.700063218855
0.697823207704
0.69551582747
0.693141463423
0.690700501645
0.688193357356
0.685620444757
0.682982197324
0.68027906101
0.677511499099
0.674679997864
0.67178504099
0.668827136995
0.665806791756
0.662724551486
0.659580956747
0.656376575164
0.653111959977
0.649787715976
0.646404431531
0.642962718814
0.639463195601
0.635906520373
0.632293316679
0.628624271606
0.624900054937
0.621121349664
0.617288860911
0.613403297952
0.609465389839
0.605475866322
0.601435477533
0.597344978223
0.5932051555
0.589016772999
0.584780633359
0.580497542816
0.576168321887
0.571793793163
0.56737479068
0.562912175294
0.558406797666
0.5538595273
0.549271247099
0.544642836577
0.539975201189
0.535269241355
0.53052586229
0.525746008085
0.520930596392
0.516080591863
0.511196944482
0.506280614609
0.501332568392
0.49635378424
0.491345244895
0.486307944581
0.481242883739
0.476151061079
0.471033496143
0.465891211577
0.460725236568
0.4555366029
0.450326347138
0.445095516204
0.43984517145
0.434576366178
0.42929015981
0.42398762728
0.418669839526
0.413337872046
0.407992820058
0.402635754006
0.39726777275
0.39188997164
0.386503451849
0.381109316265
0.375708673677
0.370302631274
0.364892302702
0.35947880456
0.354063251582
0.348646764838
0.343230457586
0.337815450315
0.332402878001
0.326993859088
0.321589526048
0.316190995616
0.310799398143
0.305415862985
0.300041524482
0.294677509394
0.289324942284
0.283984948182
0.278658654493
0.2733471916
0.268051680558
0.262773235752
0.257512974137
0.252272009542
0.247051472713
0.241852473098
0.236676119469
0.231523516544
0.226395766788
0.22129398089
0.216219254734
0.211172677567
0.206155338296
0.201168314675
0.196212696972
0.191289558757
0.186399970105
0.181544993046
0.176725677023
0.171943085361
0.167198277938
0.162492299543
0.157826187997
0.153200977463
0.148617686835
0.144077335338
0.139580923818
0.135129440389
0.130723858845
0.126365154355
0.122054332984
0.117792366598
0.113580225119
0.109418869631
0.105309256163
0.101252317246
0.0972489834132
0.0933001696666
0.0894067814454
0.0855697057317
0.0817898401878
0.0780680635519
0.0744052370298
0.0708022069017
0.0672598004128
0.0637788653694
0.0603602560789
0.0570048133818
0.0537133754231
0.0504867906374
0.0473258898974
0.0442314526457
0.0412042805971
0.0382451701136
0.0353549100297
0.0325342973577
0.0297842125181
0.0271055532805
0.0244992834471
0.0219664808545
0.0195084009148
0.0171264644279
0.014822521974
0.0125992019678
0.0104605823099
0.00841377822331
0.00647302655624
0.00467234522706
0.00311329305692
0.00214989782618
0.00240520754721
0.00351800944833
0.00486006933663
0.00622690812163
0.00755842858809
0.00883245791786
0.0100389991456
0.0111725546463
0.01223003399
0.0132094834337
0.0141095669803
0.0149293166889
0.0156678879644
0.0163246340929
0.0168990553287
0.0173907498669
0.01779940248
0.018124634804
0.0183660888944
0.0185235186784
0.0185967290186
0.018585581794
0.0184899134189
0.0183094729817
0.0180441380089
0.0176938310378
0.0172585312729
0.0167382470733
0.0161328706136
0.0154424239602
0.0146670148016
0.0138068567787
0.0128622974474
0.0118335283134
0.0107209751981
0.00952544605105
0.00824836518766
0.00689247202396
0.00546317351336
0.00397453282403
0.00247863658068
0.00130903681955
0.00183717015398
0.00346916937043
0.00535126231178
0.00735950280601
0.00946768704686
0.0116671240168
0.0139539544727
0.0163258348941
0.018781466845
0.0213199542478
0.0239405980874
0.0266428050961
0.0294259950567
0.0322896476737
0.035233274502
0.0382564015843
0.0413585613551
0.0445391863363
0.0477976983009
0.051133555894
0.0545462086113
0.0580350989378
0.0615996557202
0.0652392956419
0.0689534311471
0.0727414646236
0.0766027889183
0.0805367746988
0.0845427278339
0.0886199698734
0.0927678117215
0.0969855548177
0.101272479381
0.105627851016
0.110050921416
0.114540932256
0.119097110683
0.123718674335
0.128404827197
0.133154767119
0.13796767758
0.142842728832
0.147779085214
0.152775882433
0.157832223512
0.162947214058
0.168119945754
0.173349497091
0.17863493147
0.183975323132
0.189369728705
0.194817180527
0.200316715632
0.205867349802
0.211468089581
0.217117929284
0.222815856548
0.228560846062
0.23435186064
0.240187853364
0.246067773442
0.25199054836
0.257955101683
0.263960350264
0.270005191704
0.276088539623
0.282209285431
0.288366315432
0.294558496084
0.300784699753
0.307043784614
0.313334600516
0.319655979583
0.326006764943
0.33238577465
0.338791838678
0.345223780989
0.351680415549
0.358160542191
0.364662960904
0.371186477364
0.377729878768
0.384291948802
0.390871466218
0.397467207092
0.404077945431
0.410702452442
0.417339488267
0.423987810257
0.430646175436
0.437313337612
0.443988053255
0.450669075578
0.457355153927
0.464045032832
0.470737456455
0.477431168415
0.484124914638
0.490817438493
0.497507476712
0.504193764021
0.510875050917
0.517550069594
0.524217573046
0.530876299566
0.537524984297
0.544162372837
0.550787219788
0.557398265402
0.563994271317
0.570573979037
0.577136142504
0.583679522386
0.590202872251
0.596704961573
0.603184550267
0.609640398943
0.616071293779
0.62247600453
0.628853320211
0.635202033793
0.641520937122
0.64780881526
0.654064479618
0.660286737035
0.666474405714
0.672626293123
0.678741233586
0.684818069094
0.690855615941
0.69685275342
0.702808313182
0.708721163873
0.714590171101
0.720414216701
0.726192186798
0.731922989933
0.737605501797
0.743238651018
0.748821364854
0.754352557159
0.759831189498
0.765256180959
0.770626517029
0.77594116266
0.781199092086
0.786399299336
0.791540793817
0.796622580023
0.801643684285
0.806603142118
0.811500006761
0.816333337767
0.821102198183
0.825805664528
0.830442860456
0.835012860696
0.83951480178
0.843947812035
0.848311034513
0.852603644449
0.85682480999
0.860973712986
0.865049560924
0.869051561894
0.87297895969
0.876830989265
0.880606902023
0.884305962497
0.887927474394
0.891470730272
0.894935054741
0.898319765973
0.901624226577
0.904847779327
0.907989818297
0.911049731576
0.914026935951
0.916920836012
0.919730893878
0.9224565611
0.925097311954
0.927652625128
0.930122024125
0.932505014579
0.934801151736
0.937009984796
0.939131083499
0.941164034719
0.943108452143
0.944963963307
0.946730187498
0.948406806329
0.949993483728
0.95148990887
0.952895797412
0.954210863386
0.955434882125
0.956567584599
0.957608760477
0.958558208587
0.959415746479
0.960181203041
0.96085442048
0.961435290345
0.961923681654
0.962319511986
0.9626226697
0.962833137523
0.962950844641
0.962975772536
0.9629079066
0.962747261938
0.962493876268
0.962147783826
0.961709059454
0.961177786189
0.960554040254
0.959837976298
0.959029703096
0.958129368298
0.95713717245
0.956053269199
0.954877888617
0.953611237256
0.952253565351
0.95080512272
0.949266191739
0.947637068313
0.945918058219
0.944109484283
0.942211703413
0.940225063332
0.938149961412
0.93598676477
0.933735904834
0.931397804367
0.928972907747
0.926461680417
0.923864597435
0.921182136492
0.918414838909
0.915563218201
0.91262782133
0.909609192667
0.90650791981
0.90332458344
0.900059804951
0.89671419427
0.8932883752
0.889783023699
0.886198781428
0.88253635326
0.878796418818
0.874979693856
0.87108689121
0.867118769931
0.863076067846
0.858959560504
0.854770029197
0.850508260149
0.846175064211
0.841771268659
0.837297696883
0.832755205941
0.82814464084
0.823466890215
0.818722832284
0.813913366225
0.809039404918
0.80410185608
0.799101662511
0.794039766301
0.7889171165
0.783734691821
