0.0
0.0440510023462
0.0879175783736
0.131452472175
0.174503596768
0.21692282288
0.258565600103
0.29929162101
0.338965567522
0.377457838424
0.414645140928
0.450411175642
0.484647160545
0.517252303028
0.548134395061
0.577210054684
0.604405186022
0.629655222924
0.652905468849
0.67411107017
0.693237295634
0.71025952207
0.725163204438
0.737943927398
0.748607125473
0.757168083083
0.76365158022
0.768091739876
0.770531648168
0.771023050081
0.769625999353
0.766408410161
0.761445684944
0.754820218085
0.746621005126
0.736943135786
0.725887329209
0.713559521596
0.700070304303
0.685534610549
0.670071193335
0.65380216128
0.636852700928
0.619350513653
0.601425533762
0.583209453744
0.564835316984
0.546437056174
0.528148916198
0.510104836585
0.492437589837
0.475277827994
0.458752782929
0.442984690035
0.428088873486
0.414171520903
0.401327056674
0.389635419103
0.37915920021
0.3699410706
0.362001610694
0.355338006294
0.349923760554
0.345709562259
0.342625438639
0.340583834453
0.339483557111
0.339213993249
0.339659434683
0.340703070301
0.342230391527
0.344132016661
0.346305728968
0.348657885548
0.351104269354
0.353570388997
0.355991479855
0.358312216597
0.360486174997
0.362475286145
0.364249136649
0.365784275555
0.36706355182
0.368075409411
0.368813276112
0.369274951208
0.369462069815
0.369379569968
0.369035231082
0.368439246993
0.367603840452
0.36654289791
0.365271648482
0.363806374133
0.362164161317
0.360362652191
0.358419814403
0.356353750521
0.354182552505
0.351924118083
0.349596005994
0.347215340799
0.344798675859
0.342361922951
0.339920246098
0.337487984062
0.33507862647
0.332704735047
0.330377897565
0.32810871722
0.325906789226
0.323780675195
0.321737916405
0.319785013366
0.317927469261
0.316169775839
0.314515465225
0.312967115856
0.311526405081
0.310194135767
0.308970280981
0.307854025288
0.306843821815
0.305937430965
0.305131961129
0.304423918913
0.303809265993
0.303283449617
0.302841448257
0.302477813363
0.302186697338
0.301961886079
0.301796843002
0.301684716882
0.301618381559
0.301590427188
0.301593212649
0.301618848498
0.301659207263
0.301705966681
0.301750570453
0.301784267718
0.301798081802
0.301782839849
0.30172917123
0.301627501742
0.301468069252
0.301240906073
0.300935860197
0.3005426141
0.300050688527
0.299449455598
0.298728175231
0.297875996981
0.296882021116
0.295735322181
0.294425001034
0.292940275518
0.291270513161
0.289405330188
0.287334685127
0.28504900197
0.282539323789
0.27979745746
0.276816165901
0.273589375065
0.270112457708
0.266382532345
0.262398854092
0.258163165918
0.253680238069
0.24895847386
0.244010568656
0.238854389745
0.233513889685
0.228020238004
0.222413203164
0.216742499366
0.211069586649
0.20546931534
0.200031629687
0.194863203748
0.19008809307
0.185847795462
0.18229925335
0.179610578775
0.177954209917
0.177496826869
0.17838778022
0.180747138494
0.184655849034
0.190150484794
0.19722308161
0.205826066932
0.215880454792
0.227285226153
0.239926015122
0.253682412281
0.268432904289
0.284058125189
0.300442804721
0.317476068401
0.335051790298
0.353068008281
0.371426455657
0.390031823596
0.408791254479
0.427613716478
0.446409647934
0.465090529191
0.483568711566
0.501757166318
0.519569488665
0.536919812075
0.553722929418
0.569894389231
0.585350638319
0.600009280343
0.613789302809
0.626611377642
0.638398161044
0.649074659965
0.658568595567
0.666810729696
0.673735351256
0.679280562512
0.683388803835
0.686007136754
0.687087755218
0.686588288594
0.684472306488
0.680709543949
0.675276440327
0.668156338849
0.659339964392
0.648825624165
0.636619642222
0.62273656506
0.607199589858
0.590040779214
0.57130151156
0.551032833261
0.529296054249
0.506163334985
0.481718708311
0.456059281274
0.429297332453
0.401562941555
0.373008685014
0.343816092275
0.31420690767
0.284460160621
0.254941542331
0.226150759113
0.198800521757
0.173935990065
0.153080334522
0.13827445644
0.1316647384
0.134418174618
0.145840778241
0.163879684194
0.186314746602
0.211405109673
0.237944270688
0.265118381527
0.292368744259
0.319297386327
0.345609543975
0.37107832737
0.395524165677
0.418801462479
0.440791022006
0.461394515455
0.480531566472
0.498137283485
0.514161024089
0.528565246992
0.541324920519
0.552426963777
0.561869857048
0.569663358782
0.575828209613
0.580395895224
0.583408404963
0.584917969514
0.584986861717
0.583687030787
0.581099939631
0.577316079919
0.57243481782
0.566563750888
0.559818522147
0.552321983083
0.544203794679
0.535599486178
0.52664958283
0.517498415082
0.508292697638
0.499179841557
0.490305868554
0.481813096594
0.473837348414
0.466505029552
0.459929952815
0.454210204694
0.449425205513
0.445633225213
0.442869615945
0.441145865217
0.440449797296
0.440746664098
0.441981357164
0.444081213243
0.446959531326
0.450519158353
0.454656182549
0.459263354965
0.464233105632
0.4694601215
0.47484337732
0.480287767775
0.485705124526
0.491015028738
0.496145166838
0.501031503736
0.505618200981
0.50985742842
0.513709055975
0.517140247259
0.52012505221
0.522643913647
0.524683222707
0.5262348192
0.527295541412
0.527866750312
0.527953880752
0.527566063323
0.526715635433
0.525417825761
0.523690347938
0.521553087197
0.519027719978
0.51613746736
0.512906763383
0.509360998008
0.505526288024
0.50142921556
0.497096618578
0.492555385039
0.487832277989
0.482953766568
0.477945882818
0.472834064362
0.467643047344
0.462396726605
0.457118079772
0.451829090092
0.446550634666
0.441302444073
0.436103044539
0.430969773328
0.425918668501
0.420964493741
0.416120703944
0.411399489175
0.406811762131
0.40236719506
0.398074189898
0.393939944399
0.389970566158
0.386171061178
0.382545350827
0.379096397562
0.375826249763
0.372736114741
0.369826412482
0.367096862002
0.36454654716
0.362173994278
0.359977257513
0.357953933878
0.35610127145
0.354416244322
0.352895586223
0.351535834846
0.350333376245
0.349284519515
0.348385519891
0.347632593328
0.347021953276
0.346549824351
0.346212457166
0.346006164274
0.345927281681
0.345972169148
0.346137224407
0.346418892359
0.346813601546
0.347317760634
0.347927753075
0.348639906397
0.34945046113
0.350355541127
0.351351122695
0.352433000476
0.35359676244
0.354837765833
0.356151060136
0.35753138459
0.358973159164
0.360470399858
0.36201671514
0.363605252346
0.36522871078
0.366879278775
0.368548611475
0.370227814411
0.3719074165
0.373577380905
0.375227050139
0.376845157095
0.378419803739
0.379938491991
0.381388096898
0.382754884773
0.384024503203
0.385182040368
0.386212019148
0.387098436389
0.387824802541
0.388374191963
0.388729276669
0.388872407735
0.38878568178
0.38845102114
0.387850249868
0.386965252009
0.385778017622
0.384270836845
0.382426402698
0.380227999952
0.377659689732
0.374706536657
0.371354803657
0.367592229047
0.36340836925
0.358794919129
0.353746055902
0.34825894872
0.342334249647
0.335976694758
0.329195811349
0.322006716989
0.31443112115
0.306498443936
0.298247175078
0.289726430722
0.2809978176
0.272137552014
0.263238856901
0.254414462357
0.245799187334
0.237552031791
0.229857343453
0.222924026191
0.216981682522
0.212272388462
0.20903731605
0.207498524725
0.207838118801
0.210178912713
0.2145713736
0.22099035029
0.229342115918
0.239478835097
0.251216353386
0.264350873088
0.278672526377
0.293974493267
0.310058671924
0.326738144265
0.343838057259
0.361195086144
0.378656609223
0.396079437344
0.413328794922
0.430277211515
0.446803771235
0.462793400541
0.478136448621
0.492728314665
0.506469343247
0.519264720772
0.531024550533
0.54166392133
0.551103233958
0.559268238799
0.566090554994
0.571507785714
0.575464038616
0.577910095283
0.578804021147
0.578111282467
0.575805406914
0.571868127622
0.566290014799
0.559070728537
0.550219591136
0.539755992556
0.527709997383
0.514122950173
0.499048271
0.482552409186
0.464716118475
0.44563607684
0.425427226866
0.40422568993
0.38219324486
0.359523194318
0.336448848663
0.313255233637
0.290295118456
0.268010097962
0.246955844845
0.227826197961
0.21146123487
0.198809577536
0.190806297837
0.188157467152
0.191109676158
0.199354434345
0.212142831203
0.228521040272
0.24753938695
0.268365338176
0.290315049197
0.312842036869
0.335512560888
0.357980432896
0.379965954959
0.401240452586
0.421614782125
0.440931024905
0.459056921692
0.475881630648
0.491312573097
0.505273569542
0.517703110819
0.528553187644
0.537788360475
0.545385103575
0.55133121385
0.555625324464
0.558276438083
0.559303536023
0.558735369416
0.556609940317
0.552974271399
0.547884188002
0.541403960805
0.533606085549
0.524571109094
0.514387481571
0.503151425407
0.490966860865
0.477945540765
0.464207033407
0.449878949411
0.435097333872
0.420006802155
0.404761009033
0.389522999974
0.374465248038
0.359769505431
0.345626016876
0.332231729606
0.319787131149
0.308491362934
0.298535279659
0.290092266324
0.283307662422
0.278287770051
0.275090203673
0.273717728648
0.274117147906
0.276183806488
0.279770456539
0.284699384739
0.290775601849
0.29779832445
0.305570640488
0.313906496172
0.322634923508
0.331602322113
0.340673164425
0.349729663109
0.358670711156
0.367410561724
0.375877503862
0.384012293372
0.391766800208
0.399102763801
0.40599062333
0.412408442454
0.418340993893
0.423779021986
0.428718446413
0.433159689016
0.437107172631
0.440568761925
0.443555275139
0.446080149926
0.448158997498
0.449809292723
0.451050032055
0.451901522901
0.452385079656
0.452522765305
0.452337255563
0.451851605831
0.451089052363
0.45007292543
0.448826436584
0.447372595105
0.445734066417
0.443933111035
0.441991465489
0.439930228863
0.43776987439
0.435530143328
0.433229991422
0.430887563428
0.428520163055
0.426144241844
0.423775317575
0.421428043155
0.419116193288
0.416852589863
0.414649179321
0.412517052645
0.410466400049
0.408506563605
0.406646064534
0.404892633208
0.403253195491
0.401733925465
0.400340308181
0.399077090448
0.397948377866
0.396957640236
0.396107727958
0.39540091299
0.394838915529
0.394422923254
0.3941536038
0.394031144909
0.394055258993
0.39422519198
0.394539743071
0.39499730181
0.39559579211
0.396332735434
0.397205239186
0.398209978929
0.399343207966
0.400600759538
0.401978059778
0.403470058429
0.405071289541
0.406775855804
0.408577358207
0.410468963691
0.412443357355
0.414492737611
0.416608813775
0.418782794412
0.421005402776
0.423266823327
0.425556751566
0.427864383217
0.430178392922
0.432486936973
0.434777715241
0.437037933085
0.439254307153
0.441413122151
0.443500253768
0.445501156904
0.447400912002
0.449184308688
0.45083584368
0.452339760502
0.453680127958
0.454840926365
0.455806081672
0.45655954022
0.457085403499
0.457367966088
0.457391841524
0.457142100831
0.456604376632
0.455765008601
0.454611177081
0.453131096792
0.451314178185
0.44915121143
0.446634605861
0.443758607663
0.44051952213
0.436916030607
0.432949448243
0.42862406949
0.423947466812
0.418930916739
0.413589772245
0.40794385815
0.402017970495
0.395842325778
0.389453021471
0.382892557392
0.376210291568
0.369462844819
0.362714449299
0.356037138747
0.349510787626
0.343222777528
0.337267338156
0.331744409611
0.32675793153
0.322413375755
0.318814754355
0.316060958595
0.314241603378
0.313432791359
0.313693090181
0.315060089846
0.317548015042
0.321146643247
0.325821656599
0.331516175065
0.338153472495
0.345640248179
0.353870309139
0.36272810038
0.372092018742
0.381837353775
0.391838564098
0.401971156484
0.412113191228
0.422146294273
0.431956440602
0.441434549648
0.450476849777
0.458985178666
0.466867233822
0.474036812073
0.480413884598
0.485924834051
0.490502691377
0.494087213244
0.496625108257
0.498070348086
0.49838430082
0.497535965137
0.495502237392
0.492268263406
0.487827584941
0.482182493384
0.475344372876
0.467334044161
0.458182176496
0.447929747978
0.436628609635
0.424342173553
0.411146228277
0.39712989024
0.382397011416
0.367067745272
0.351280337671
0.335193765561
0.318990500668
0.302879612862
0.287100137382
0.271923663247
0.257655128971
0.244629867575
0.233203870423
0.22373429323
0.216548525927
0.21190375438
0.209945620145
0.210679155316
0.213963052604
0.219530954726
0.227031310389
0.236071872854
0.246257185193
0.257214015061
0.268605484828
0.280135827726
0.291550039142
0.302630978267
0.313195160587
0.323088722085
0.332183895194
0.340375610759
0.347579023479
0.353727560328
0.358771110692
0.362674839179
0.365418145921
0.366993926295
0.36740804357
0.366678906484
0.364837060734
0.361925241955
0.357998303683
0.353123243858
0.347379511597
0.340859310583
0.333667985089
0.325924597628
0.317762397674
0.309329277701
0.3007880209
0.292316050351
0.284104407797
0.276355550116
0.269279404454
0.263087332798
0.257983755157
0.254155564706
0.251760223389
0.25091419376
0.251683913345
0.25408066205
0.258061080373
0.263533267316
0.270366375514
0.278402447296
0.287468183064
0.297385064818
0.30797737494
0.319077819715
0.330530871478
0.342194667147
0.353941668039
0.365658472624
0.377245197796
0.388614630766
0.399691323288
0.410410494202
0.420717163842
0.43056528836
0.439916873402
0.448741255952
0.457014497549
0.464718669405
0.471841372559
0.478375179711
0.484317254261
0.489668792613
0.494434663424
0.498623167182
0.502245499825
0.505315484032
0.507849353791
0.50986534517
0.511383476883
0.512425254858
0.513013525372
0.513172139868
0.512925723127
0.512299606504
0.511319524778
0.510011428703
0.508401405011
0.506515458121
0.504379384015
0.5020186169
0.499458194936
0.496722573899
0.493835510726
0.490820082829
0.487698540087
0.484492221891
0.481221566854
0.477906038695
0.474564095337
0.47121310153
0.467869434513
0.464548399898
0.46126419675
0.458029985993
0.454857898376
0.451759012948
0.448743382397
0.445820101325
0.442997361741
0.440282351595
0.437681454318
0.435200232734
0.432843438304
0.430615082214
0.428518514701
0.426556438251
0.424730951496
0.423043625406
0.421495537395
0.420087271017
0.418819029328
0.417690652454
0.416701628359
0.415851151652
0.415138139104
0.41456130398
0.414119113622
0.413809857603
0.413631675388
0.413582524306
0.413660241088
0.413862537661
0.414186978221
0.414631036315
0.415192050982
0.415867254982
0.416653748796
0.417548507412
0.418548385218
0.41965006774
0.420850097103
0.422144851031
0.42353051944
0.425003090108
0.426558352618
0.428191837244
0.429898831896
0.431674420675
0.433513355371
0.435410104004
0.437358798483
0.439353254271
0.441386961544
0.443453015467
0.445544161642
0.447652759862
0.449770772941
0.451889759575
0.454000859109
0.456094810066
0.458161930963
0.460192115818
0.462174854611
0.464099213364
0.46595388231
0.46772714799
0.469406938386
0.470980828802
0.472436075059
0.473759637731
0.474938205734
0.475958279362
0.476806137007
0.477467969247
0.477929870005
0.478177938048
0.47819833017
0.477977318033
0.477501432296
0.476757450278
0.475732609986
0.474414609867
0.47279180794
0.470853284546
0.468589013642
0.465989982826
0.463048346722
0.459757607534
0.456112795705
0.452110610694
0.447749694892
0.443030786167
0.437956983206
0.432534014315
0.426770403292
0.420677934416
0.414271733475
0.407570752306
0.400597987199
0.393380899802
0.385951749715
0.37834791279
0.370612295012
0.3627935664
0.354946489861
0.347132053017
0.339417525011
0.331876337742
0.324587639108
