0.0
0.0087538536872
0.0179186476445
0.0278473251186
0.0387928878988
0.0508901909039
0.064158221598
0.0785149651529
0.0937967149675
0.109777330233
0.126185527067
0.142720039695
0.159063107251
0.174892477773
0.189892183965
0.203762657652
0.216229969571
0.227054230782
0.236037542841
0.243031380213
0.247943302136
0.250743498437
0.251471300219
0.250241376088
0.247250263536
0.242782940213
0.237218539637
0.231033525271
0.224798574587
0.219163061578
0.214818975318
0.212438457046
0.212587855976
0.215637649007
0.221700426031
0.23062332908
0.242036164902
0.255430710123
0.270240475433
0.285901447001
0.301889505206
0.317738918119
0.333048570361
0.347481528471
0.360761447657
0.372667880176
0.383031342718
0.391728621906
0.398678358613
0.403836949074
0.407194716711
0.408772291399
0.408617193331
0.406800533056
0.403413939565
0.398566560028
0.392382277555
0.384997099557
0.376556678358
0.367214056519
0.357127558803
0.346458873984
0.335371311332
0.324028046155
0.312590528526
0.30121689798
0.290060236089
0.279266736055
0.268973564468
0.259306470647
0.250377122136
0.24228018842
0.23509048275
0.228860325952
0.223617597319
0.219364861075
0.216079802445
0.213717176751
0.212212123157
0.211484492857
0.211443735991
0.211993771744
0.213037449259
0.214480245581
0.216233067613
0.218214174041
0.220350285196
0.222577073618
0.224839105831
0.227089473915
0.229289261094
0.231406830204
0.233417096477
0.235300834488
0.237044018669
0.238637220197
0.240075099933
0.241355973918
0.242481483162
0.243456305086
0.244287967412
0.244986732957
0.245565528952
0.246039947643
0.246428277223
0.246751575375
0.247033783439
0.247301807776
0.247585650809
0.24791847058
0.248336635261
0.248879696352
0.249590262918
0.250513782551
0.251698172959
0.253193300195
0.255050294557
0.257320687526
0.260055389735
0.263303536299
0.267111244135
0.271520300217
0.276566889832
0.282280372103
0.288682212194
0.295785049806
0.303591991626
0.312096067801
0.321279916998
0.331115579005
0.341564466803
0.352577372085
0.364094572181
0.376045960637
0.388351155796
0.400919672139
0.413651097946
0.426435285421
0.439152597082
0.451674291137
0.463862921003
0.475572956939
0.48665156631
0.496939523245
0.50627240172
0.514482030274
0.521398106459
0.526850129386
0.530669574309
0.532692317842
0.532761280027
0.530729315103
0.526462242321
0.51984210084
0.5107705024
0.499172048025
0.484997980004
0.46822983996
0.448883397484
0.427012939161
0.402716274653
0.376141066815
0.347493743553
0.317053187436
0.285193672307
0.252425802486
0.219473270927
0.187420570529
0.157990525107
0.133976414443
0.119437377657
0.118179077989
0.130354261326
0.152200076142
0.179429176467
0.209031199976
0.239150579695
0.268630361101
0.296710370629
0.322866992056
0.346732064718
0.368050638063
0.386658608936
0.402469788522
0.41546745602
0.425697551007
0.433262342196
0.438313293708
0.441042878398
0.441674969039
0.440453836382
0.437631845927
0.433456358514
0.428156381308
0.421929905211
0.414932846264
0.40727093769
0.398995063807
0.390101330947
0.380535146746
0.370200282375
0.358970847052
0.346706338509
0.33326796527
0.318535995122
0.302427323569
0.284914401573
0.266046231985
0.245975024235
0.224994197071
0.203596544328
0.182565913811
0.163111976781
0.147016143306
0.136613245101
0.134224567602
0.140976342682
0.15609425269
0.177581602329
0.203328518752
0.231642834222
0.261286137441
0.291358391718
0.321188184886
0.350257604587
0.378156411224
0.404554056187
0.429183202541
0.451829323047
0.472324115685
0.49054084776
0.506390882158
0.519820722434
0.53080942557
0.539366042726
0.545527047048
0.54935384298
0.550930116123
0.550359288287
0.547761903796
0.543273070477
0.537039939114
0.529219341942
0.519975468348
0.509477735953
0.497898748293
0.485412511281
0.472192675917
0.458411076435
0.444236289293
0.429832438102
0.41535798216
0.400964654854
0.386796373487
0.372988236396
0.359665354033
0.34694171927
0.334918936753
0.323684943209
0.313312680208
0.303858883795
0.295363037157
0.287846732771
0.281313455054
0.275749075261
0.271122934057
0.267389711114
0.264491724432
0.262361813348
0.260926193508
0.260107483895
0.259827331836
0.260008776896
0.260578038363
0.26146593489
0.262608739708
0.263948628921
0.265433864386
0.267018605502
0.268662617856
0.270330751843
0.27199247455
0.273621212108
0.275193821085
0.276689991958
0.278091718321
0.279382814698
0.280548475204
0.281574899532
0.282448995471
0.283158109857
0.283689813814
0.284031858353
0.284172003715
0.284098179605
0.283798362622
0.2832609683
0.282474780431
0.281429517429
0.280115888522
0.278526269827
0.276655030508
0.274499139148
0.272058766344
0.269338018174
0.266345683468
0.263096107127
0.259610116056
0.255916013158
0.25205065021
0.248060519952
0.244002881193
0.239946790162
0.235974037996
0.232179726485
0.228672429133
0.225573586373
0.223015904171
0.221140482867
0.220092471855
0.220015281534
0.221043614265
0.223295985282
0.226867617862
0.231824719964
0.23820094743
0.245996376699
0.255178849473
0.265686977056
0.277434026539
0.290311823883
0.304194091782
0.318938946484
0.334390444415
0.350379361293
0.366723384732
0.383227033554
0.399681441657
0.41586440586
0.431540650646
0.446462724333
0.460372361524
0.473002475605
0.484079915814
0.493328837147
0.500474767031
0.505249302085
0.507395458645
0.506673460556
0.502867126274
0.495790696241
0.48529615844
0.471281227955
0.453698137893
0.432563984662
0.407973595661
0.38011712851
0.34930666477
0.316019985274
0.280978320231
0.245291593396
0.21073285091
0.180213700543
0.158306213868
0.150615116716
0.160237087358
0.184755837897
0.218904055955
0.258144308289
0.299438924126
0.34080463137
0.380870139253
0.418619345464
0.453258983581
0.484152669696
0.510788562044
0.532764096458
0.549779442796
0.561635252787
0.568232484741
0.569573013857
0.565760334841
0.557000339083
0.543602028787
0.525978543481
0.504648971574
0.480241632958
0.453499272743
0.425286527946
0.396598416119
0.368565341101
0.342443780068
0.319571308395
0.301256463575
0.288583601272
0.282163131232
0.281936344649
0.287163400793
0.296618344304
0.308878479431
0.322569315842
0.336504319922
0.349733588736
0.361539923943
0.371413355833
0.379021160155
0.384180225176
0.386833914543
0.387033231778
0.384921322809
0.380720493489
0.374720866809
0.367269830819
0.358761404266
0.349624604786
0.340309829884
0.331272152038
0.322950899012
0.315745629667
0.309990101281
0.305927492405
0.303691550692
0.303298333682
0.304651123265
0.307557877889
0.31175730651
0.316948030096
0.322815784895
0.329055528588
0.335386887971
0.34156366324
0.347378286163
0.352662744901
0.357287172286
0.361156965407
0.364209301717
0.366409214986
0.367745853861
0.368228658513
0.367884028429
0.366752010036
0.364883548731
0.362337731409
0.359179618368
0.355478031606
0.351303905662
0.346728583994
0.341822599409
0.336654407806
0.331289530387
0.325789726187
0.320212404677
0.31461013911
0.309030347272
0.303515101925
0.298101027861
0.292819338727
0.287695935311
0.282751616486
0.27800232055
0.273459475636
0.269130357578
0.26501850172
0.261124115611
0.257444531801
0.253974658467
0.25070739538
0.247634050978
0.244744754671
0.242028795475
0.23947498053
0.237071926591
0.234808341727
0.232673255188
0.230656235071
0.228747575076
0.226938449619
0.225221058073
0.223588721012
0.222035985061
0.220558702036
0.219154055118
0.217820602108
0.216558254225
0.215368254965
0.214253097704
0.213216429722
0.212262894948
0.211397955233
0.210627676989
0.20995847352
0.209396844747
0.20894914044
0.208621289937
0.20841869101
0.208346058397
0.20840757689
0.20860703946
0.208948393072
0.209436387072
0.210077589243
0.210881681909
0.211863001295
0.213042384575
0.214449126847
0.216122986681
0.218116148709
0.220494597748
0.223338983057
0.226744421131
0.230818827701
0.235679705514
0.24144916635
0.248247277926
0.256184122668
0.265351337619
0.275813857226
0.287602675505
0.300709335687
0.315082445332
0.330626163232
0.347200632091
0.364623630274
0.382673348164
0.401091744899
0.419588359607
0.437844454727
0.455517387317
0.47224538343
0.487652599414
0.501354648166
0.512964566307
0.522099345911
0.528386934589
0.531473769338
0.531032935458
0.526772817832
0.518446567369
0.505862402377
0.488895395388
0.467501581734
0.441736246976
0.411779839305
0.377978707346
0.340914899798
0.301535470939
0.261404288877
0.223192618872
0.191501894917
0.173406533999
0.175954092402
0.200054389732
0.240003873409
0.289259318084
0.343218344828
0.398934825869
0.45441767575
0.508194610174
0.559090331286
0.606118925177
0.648432981644
0.68530069824
0.716097259882
0.740303151526
0.757505838129
0.767402676517
0.769803852793
0.764634790782
0.75193762009
0.731871621058
0.70471293194
0.670853986626
0.630803657782
0.585189958255
0.534768839987
0.480445653659
0.423323078479
0.364805106631
0.306822547267
0.252319799751
0.20620891284
0.176419835111
0.171565553533
0.192334805617
0.230117991887
0.275962144195
0.324318902884
0.372098966966
0.417512205454
0.459449264068
0.497189052712
0.530257850889
0.558357268527
0.581324288468
0.599106941735
0.61174771817
0.619370977204
0.6221724779
0.620410034031
0.614394805391
0.6044832068
0.591069057539
0.57457634041
0.555452341928
0.534161364026
0.511179012248
0.486987013809
0.462068514544
0.436903617577
0.411964806849
0.387711659509
0.364584046872
0.342992819558
0.323307042922
0.305837334245
0.290816129343
0.278377656003
0.268542302516
0.261211060266
0.256174194072
0.253133869751
0.251736336342
0.251607185147
0.252381702306
0.253727161882
0.255356902701
0.257034692343
0.258575247414
0.259840025384
0.260732036361
0.261189469249
0.261179721133
0.260694019824
0.259742364312
0.258349360107
0.256550600551
0.254389434496
0.251914718438
0.249178459919
0.246234098526
0.243135406683
0.239934600377
0.236682277631
0.233425987934
0.230209992661
0.227074785387
0.224056623273
0.221187520557
0.218495007705
0.216002094619
0.213727438567
0.211685272087
0.20988563039
0.208334678726
0.207034627053
0.205984351404
0.205179397567
0.204612315092
0.204273048023
0.204148983287
0.204225372903
0.204485480663
0.204910776657
0.205481186818
0.206175235935
0.206970224696
0.207842431293
0.208767294718
0.209719587751
0.210673717793
0.211603922085
0.212484648384
0.213290894127
0.213998627018
0.214585324049
0.215030491103
0.215316354151
0.21542854961
0.215356916948
0.215096370787
0.214647770995
0.214018870964
0.213225216119
0.212290957435
0.2112496224
0.210144499563
0.209028845328
0.207965491962
0.20702587303
0.206288280407
0.205835186763
0.205749838398
0.206111798554
0.206992064022
0.208448044897
0.210518803688
0.213221313022
0.216548053142
0.220466381299
0.224919860724
0.229830828017
0.235104715449
0.240634854531
0.246307906913
0.252009252299
0.257628210294
0.263062857092
0.268224317868
0.273040466192
0.277458893014
0.281449054735
0.285003426996
0.288137502293
0.290888379357
0.293311819882
0.295477604607
0.297463185282
0.299345845598
0.30119373705
0.303056556006
0.304956676361
0.306881818233
0.308780249627
0.310559209343
0.31208709371
0.31319928777
0.313707500229
0.3134119344
0.312115808704
0.309641806171
0.305850161497
0.300658543518
0.294064085198
0.286168103746
0.277203939963
0.267567316544
0.257845895574
0.248838623246
0.241545541545
0.237098436832
0.236606678233
0.240931604204
0.250470664592
0.265063473505
0.284063695305
0.306514790124
0.331329251952
0.357413735604
0.383735502836
0.409349538364
0.433405917608
0.455149896975
0.473920761868
0.489151760699
0.500371597564
0.507207338967
0.509388257366
0.506750526142
0.499242644276
0.486931878782
0.470012652423
0.448818280827
0.423838783272
0.395748807989
0.365451963796
0.33414939696
0.303437637157
0.275418917858
0.252739178405
0.238334077667
0.234628051392
0.242422257253
0.260454705661
0.286135424753
0.316642936165
0.349556795729
0.38299944036
0.415563153228
0.446197812623
0.474119576028
0.498746435343
0.519655846197
0.536556226658
0.54926757705
0.557707474981
0.561880039605
0.561867336654
0.557821536202
0.54995828088
0.538550572318
0.523923406372
0.506449224578
0.486544389161
0.464666782939
0.441314864261
0.417028216413
0.392389215552
0.368025240744
0.344608970242
0.322852790306
0.303490499968
0.287237798813
0.274725302507
0.266408903232
0.262480817398
0.262820363024
0.26701298082
0.274433901143
0.284360341859
0.296071071525
0.308912319012
0.322328807351
0.335870236866
0.349183963166
0.362002251116
0.374128220433
0.385422986152
0.395794439805
0.4051879549
0.413578795802
0.4209658525
0.427366595952
0.432812870736
0.437347465574
0.441021253539
0.443890910418
0.446016830604
0.447461636681
0.448288687271
0.448561140286
0.448340867292
0.447687897404
0.446659674845
0.445310804424
0.443692529391
0.441852637889
0.439835248329
0.43768074898
0.43542579196
0.433103288894
0.430742539699
0.428369280682
0.426005848065
0.42367131889
0.421381674227
0.419149949908
0.416986455512
0.41489887786
0.412892520379
0.410970412501
0.409133495303
0.407380747885
0.405709333036
0.404114703778
0.402590732316
0.401129800497
0.399722868665
0.398359577016
0.39702829154
0.39571614848
0.394409125427
0.393092039125
0.391748607649
0.390361475653
0.388912203533
0.38738136669
0.385748519045
0.383992292384
0.382090440564
0.38001994247
0.377757142017
0.375277876936
0.372557753532
0.369572435014
0.366297991935
0.362711412545
0.358791193297
0.354518087604
0.349876003356
0.344853111094
0.339443165074
0.333647028644
0.327474546473
0.320946585823
0.314097502327
0.30697773519
0.299656704429
0.292225729737
0.284800825684
0.277524890871
0.270568745075
0.264130128402
0.258429592721
0.2537022198
0.250184291711
0.248095049519
0.247615074523
0.248864457977
0.251885027243
0.256630547586
0.262966897419
0.270681496392
0.279499017335
0.289099647119
0.299136761788
0.30925213514
0.31908821572
0.328297612844
0.336550653592
0.343541693355
0.348994899973
0.352670016207
0.354368477638
0.353940305678
0.351291915121
0.346395475026
0.339299995761
0.33014489117
0.319176520689
0.306768231677
0.293443413996
0.279898690024
0.267019015989
0.25586694605
0.247617644197
0.243411496768
0.244130293585
0.250172402307
0.261346331605
0.276944053028
0.295936155887
0.317176332736
0.339544202746
0.362018375127
0.383702322404
0.403826851577
0.421744297523
0.436921860161
0.44893673671
0.457473791265
0.462325439298
0.463393500511
0.460692658884
0.454355541349
0.44463942419
0.431934918613
0.416776580885
0.399854881359
0.382027154863
0.364321454889
0.34792111462
0.334110291274
0.324158641582
0.319139326456
0.319718128512
0.325999551319
0.337512871153
0.353345584323
0.372349315462
0.393328430679
0.415165361095
0.436882829297
0.457663326304
0.476846103901
0.493914956216
0.508483698401
0.52028230422
0.529144534313
0.534997166754
0.537850384002
0.537789218468
0.534965440144
0.529589992962
0.521925515147
0.512278965303
0.500994111576
0.488443650319
0.475020809762
0.461130066598
0.447176722423
0.433555087823
0.420635159962
0.408748196865
0.398171932145
0.389116880923
0.381715647144
0.37601722148
0.371987846824
0.36951865319
0.368439292496
0.368535513298
0.369567691386
0.371288624408
0.373458088833
0.375853976741
0.378279552837
0.380567297334
0.382580532704
0.384212563099
0.385385007274
